1425 50
1 8 0 3 44 12 31 16 26 0
1 5 14 37 40 47 27
1 20 14 37 14 37 25 37 37 0 29 26 1 1 0 20 15 43 0 26 43 0
0 5 20 39 15 43 0
1 10 14 37 14 37 14 37 0 18 17 9
1 14 0 20 15 43 0 26 43 0 26 43 0 26 43 0
0 2 6 2
1 8 25 35 24 21 19 27 7 0
1 6 14 37 40 25 39 4
1 14 0 1 0 5 45 36 22 36 22 7 33 46 14 40
0 17 40 27 15 43 0 32 43 0 26 43 0 26 43 0 26 43 0
1 12 25 7 21 19 46 35 46 35 31 21 44 12
1 7 40 29 25 21 6 6 35
1 24 25 37 37 14 37 40 42 25 47 41 35 1 24 42 1 24 21 5 48 6 25 15 43 0
0 7 28 12 6 45 24 23 9
0 22 14 37 14 37 25 39 9 6 25 44 3 34 46 42 10 39 46 42 10 37 6 4
0 2 19 44
1 32 6 40 34 46 23 6 25 7 35 24 35 1 1 24 42 1 24 21 5 17 47 6 6 36 3 4 18 47 0 1 25 47
0 6 46 1 14 46 37 4
0 2 21 14
1 11 14 37 6 42 37 3 23 40 37 23 40
1 19 25 37 37 40 47 16 26 14 41 42 24 5 25 46 15 28 0 5 8
1 10 14 37 25 39 9 40 42 38 47 27
0 46 6 47 38 19 39 9 38 19 11 49 11 26 38 38 38 19 44 23 6 25 35 1 1 1 24 5 25 7 5 25 39 45 45 9 40 29 29 39 15 43 0 26 43 26 43 0
0 15 6 7 14 26 21 44 32 48 12 3 44 12 46 14 40
0 13 19 24 21 5 16 26 39 46 35 20 6 25 46
1 35 6 48 9 10 49 44 9 35 34 23 21 9 46 9 9 46 23 6 25 37 37 0 3 27 40 3 36 22 23 45 41 46 14 40 40
0 23 5 47 17 47 47 25 39 28 40 29 29 29 25 6 6 36 39 0 29 17 21 6 35
0 3 25 44 47
0 13 25 7 37 37 0 3 34 20 40 25 20 4 5
0 6 37 21 29 25 10 12
0 3 10 37 4
1 18 40 42 11 39 29 25 3 42 10 46 47 35 39 32 35 1 25 46
1 29 40 42 25 25 3 46 25 1 18 49 49 49 49 49 49 17 10 5 45 26 17 14 10 20 25 39 40 47 27
0 17 14 37 40 39 42 25 29 39 25 9 49 3 26 17 45 45 9
1 6 14 37 6 46 5 2
1 12 40 25 1 18 17 14 9 0 20 29 47 27
0 2 0 14
0 5 25 46 1 45 28
0 8 40 25 20 31 47 26 21 1
0 20 14 23 0 1 14 37 25 2 12 6 25 15 43 0 26 43 0 26 43 0
1 13 0 1 0 29 26 3 21 38 38 35 34 13 35
1 50 0 18 49 49 17 10 18 17 9 6 36 3 6 0 20 39 29 42 25 47 31 18 49 17 10 1 25 35 1 1 24 35 1 24 5 25 35 1 1 1 24 35 1 24 21 19 31 16 26 0
0 21 38 48 19 44 9 35 39 46 9 34 15 25 37 25 46 15 14 9 40 23 47
1 6 14 37 6 46 5 2
1 11 40 42 38 47 21 7 14 35 39 12 30
0 11 42 14 37 14 37 0 20 7 39 47 27
0 10 0 18 17 20 15 42 0 26 43 0
1 16 25 39 28 25 37 37 25 2 12 0 40 3 26 49 17 45
1 18 6 7 14 9 18 5 14 37 40 15 43 0 26 43 0 26 43 0
1 12 0 40 1 14 37 40 15 43 0 26 43 0
0 2 29 15
1 17 6 3 49 44 23 38 19 10 42 39 23 38 39 6 14 9 26
0 24 40 25 21 30 6 35 6 35 6 6 6 35 35 13 6 6 35 6 6 6 35 6 35 6
1 8 6 42 1 40 49 35 40 43
0 5 39 7 6 43 43
0 10 45 40 15 43 48 26 12 43 1 32
0 5 40 8 22 27 22
0 27 0 33 18 17 45 10 29 17 20 33 15 46 15 43 0 26 43 0 26 43 0 26 43 0 26 43 0
0 10 25 39 45 28 34 5 8 3 7 20
1 10 0 20 42 11 47 35 39 12 31 35
0 4 15 0 40 9
1 7 6 14 26 31 18 49 17
0 26 40 39 39 42 11 29 39 29 15 0 26 43 0 26 43 0 26 43 0 26 43 0 1 26 43 0
0 3 5 46 32
1 12 6 25 47 35 14 35 9 41 21 19 46 43
0 22 6 34 42 37 23 40 37 23 40 43 11 1 35 40 43 45 23 40 49 35 40 43
0 6 6 14 23 49 5 4
0 10 0 18 49 17 9 2 40 15 43 0
1 6 14 37 40 25 21 6
0 4 15 43 20 0
0 2 33 33
0 3 46 23 14
0 8 40 29 29 25 21 35 30 14
1 6 25 37 37 40 39 47
1 17 0 5 47 34 26 39 32 26 17 28 14 37 0 20 42 11 47
0 3 18 14 5
0 3 2 45 45
1 37 40 25 20 23 42 44 4 26 3 42 44 23 6 40 39 42 38 42 37 15 43 0 26 43 0 26 43 0 26 43 0 26 43 0 26 43 0
0 5 40 8 22 27 22
0 2 35 28
1 6 14 37 40 25 6 4
1 8 25 39 14 14 14 45 28 4
1 37 25 7 42 24 42 24 5 14 37 14 37 25 35 1 24 42 1 1 1 24 35 1 24 35 24 5 0 1 14 37 14 37 6 44 35 40 43
1 12 14 37 0 20 25 39 40 29 29 15 43 0
0 5 0 21 34 26 0
1 7 0 29 18 47 14 37 4
0 7 14 37 1 41 11 6 36
0 2 42 47
1 37 14 37 0 40 5 2 39 45 41 31 48 25 35 24 42 1 1 24 35 24 5 40 29 39 39 42 38 39 15 43 0 26 43 0 26 43 0
1 24 25 7 5 0 1 14 37 25 35 24 42 1 1 1 24 5 6 3 37 4 17 20 39 38
1 13 40 47 16 26 33 31 21 35 29 18 21 9 46
0 3 10 37 4
1 20 25 2 12 0 1 0 40 20 29 29 42 11 29 47 41 5 0 18 17 45
1 6 40 47 35 9 35 0
1 16 25 37 37 0 3 44 12 31 17 44 35 40 43 9 9 9
1 12 40 42 37 29 42 11 15 43 0 26 43 0
0 18 40 25 20 33 16 34 10 49 10 42 15 11 37 34 10 26 6 4
0 15 40 47 16 26 33 31 41 21 27 31 5 8 46 43 0
0 19 6 7 5 31 18 49 12 17 28 14 0 18 49 49 10 20 15 43 0
0 6 40 10 10 10 43 10
1 8 6 42 1 40 49 35 40 43
0 6 40 9 6 10 10 10
1 5 40 29 47 35 20
1 17 6 42 43 11 35 40 1 40 49 35 40 43 9 9 9 9 9
1 19 40 25 1 3 26 17 45 9 40 25 6 0 5 2 20 14 48 25 46
1 10 0 5 2 39 45 41 46 14 40 40
1 6 25 35 24 21 19 30
0 9 20 39 39 42 38 15 39 25 39
1 61 14 37 25 39 45 14 45 28 40 42 25 25 20 39 38 49 44 42 39 23 4 18 42 39 23 46 25 6 40 47 17 3 39 10 34 23 34 10 49 15 34 46 13 3 26 42 44 9 19 34 10 37 47 14 37 0 3 36 22 7 0
1 14 40 47 21 23 45 41 27 27 29 18 46 15 43 0
0 13 45 14 37 14 37 6 23 6 18 24 5 6 44
1 18 14 37 6 3 37 4 18 46 29 15 43 0 26 43 0 26 43 0
0 9 0 18 17 45 22 20 15 43 0
0 4 37 13 42 37
0 2 47 24
1 12 25 7 42 24 5 0 1 6 25 15 43 0
0 6 34 6 46 18 25 41
1 34 6 23 26 17 46 40 29 49 44 34 10 49 10 38 38 38 38 19 39 42 46 9 35 26 34 10 49 44 9 38 39 14 37 4
0 2 16 38
0 15 40 47 16 26 33 31 41 21 27 31 5 8 46 43 0
0 2 0 0
1 12 25 2 12 0 5 45 7 9 21 34 26 33
0 25 40 25 6 25 37 37 14 37 6 40 44 23 47 0 5 32 16 26 39 32 34 28 20 33 30
1 6 40 29 47 48 6 46
1 23 0 40 3 26 17 28 6 36 39 25 2 12 6 47 34 10 26 6 0 29 18 47 4
1 22 14 37 6 40 15 44 23 38 38 19 44 42 10 39 10 37 34 10 26 4 18 6
0 21 40 47 41 47 24 24 24 1 48 1 24 5 40 29 39 42 11 42 42 9 10
0 30 14 28 16 37 40 46 39 42 39 29 39 42 42 25 25 21 6 35 6 6 35 6 6 46 6 6 35 35 35 6
1 8 0 5 47 27 20 29 47 27
1 7 6 7 6 35 46 43 40
1 15 40 42 11 47 41 42 24 35 24 35 1 1 24 5 4
1 11 25 37 37 0 40 29 0 23 38 18 4
1 5 0 29 26 1 40
0 21 40 25 11 3 46 15 43 0 26 43 0 26 23 46 0 26 43 0 26 39 0
1 11 40 39 25 39 0 18 17 10 5 32 27
0 4 5 37 37 47
0 7 0 20 39 29 39 15 43
0 21 38 48 19 44 9 35 39 46 9 34 15 25 37 25 46 15 14 9 40 23 47
1 18 14 37 6 3 37 4 18 46 29 15 43 0 26 43 0 26 43 0
0 9 14 37 19 6 44 35 22 43 9
0 8 6 41 25 25 21 6 40 6
0 11 37 6 24 36 24 9 10 10 10 10 10
1 5 40 47 35 9 27
1 15 0 40 29 49 44 42 11 49 11 34 9 35 37 47 4
0 19 40 47 17 40 11 39 46 23 38 39 25 2 12 25 37 37 6 23 36
0 2 22 47
0 7 6 20 31 24 26 44 47
0 12 48 25 17 46 15 28 14 37 25 2 12 4
0 9 6 35 3 26 8 40 9 9 9
1 22 6 36 3 4 18 34 46 9 19 34 10 34 9 38 19 11 39 46 13 25 42 9
1 23 40 47 16 26 20 9 21 35 40 20 39 15 43 0 26 43 0 26 43 0 26 43 0
0 1 14
0 11 43 6 12 21 3 37 46 28 46 43 0
0 21 40 25 11 3 46 15 43 0 26 43 0 26 23 46 0 26 43 0 26 39 0
1 6 25 46 15 10 40 5
1 14 40 29 42 25 39 15 43 0 26 43 0 26 43 0
1 12 0 20 29 15 43 0 26 43 0 26 43 0
0 3 49 38 4
1 9 25 35 24 35 1 1 1 24 5
1 15 6 14 26 21 26 49 17 9 0 1 40 39 15 43 0
0 18 25 35 24 35 1 24 30 5 40 25 20 8 0 42 15 11 22 16
0 3 16 11 22
0 2 48 2
1 8 14 37 6 42 37 23 40 49
1 16 6 42 43 24 40 43 11 1 35 40 37 23 40 49 35 40
0 23 40 28 25 20 45 24 26 44 37 15 43 0 26 43 0 26 0 49 43 0 26 4 0
1 23 25 35 1 1 1 24 5 25 37 37 40 29 39 25 39 25 2 12 40 29 15 43 0
1 18 0 40 40 40 5 45 35 20 39 15 43 0 26 43 0 26 43 0
1 10 25 7 21 14 26 21 26 17 14 10
1 20 14 37 14 37 25 37 37 0 29 26 1 1 0 20 15 43 0 26 43 0
1 31 25 46 15 10 40 29 49 44 4 49 44 38 19 11 37 34 10 37 34 46 23 21 39 25 39 45 45 14 10 1 4
1 4 14 37 40 47
0 12 47 48 10 29 17 21 6 6 6 35 6 6
0 2 17 48
0 8 0 20 0 46 42 11 29 47
1 16 0 3 7 39 12 27 26 49 49 49 17 10 20 15 43 0
1 7 40 42 37 39 15 43 0
1 23 25 35 1 1 1 24 5 25 37 37 40 29 39 25 39 25 2 12 40 29 15 43 0
0 3 14 11 4
0 7 2 28 29 21 15 43 0
1 25 0 1 0 18 49 49 17 14 9 14 37 0 40 29 0 4 1 14 37 0 5 32 48 6 35
1 19 6 36 1 20 15 43 0 26 43 0 26 43 0 26 43 0 26 43 0
0 25 40 15 43 0 26 0 26 43 0 26 43 0 26 43 0 45 26 43 0 26 43 0 26 43 0
1 13 40 42 25 29 15 43 0 26 43 0 26 43 0
1 5 6 46 18 17 45
0 13 14 37 0 20 42 38 15 43 0 26 29 43 0
0 14 14 37 40 29 6 25 39 9 25 35 24 21 19 30
0 20 6 3 49 34 10 39 41 22 42 46 13 36 3 42 44 23 4 26 1 29
0 11 25 37 37 6 3 15 12 46 15 43 0
1 29 6 47 34 10 49 44 23 46 39 29 39 42 38 42 11 25 39 6 47 42 39 9 39 40 29 29 25 21 6
1 11 40 29 39 42 25 25 3 42 39 13 44
0 2 42 47
0 3 27 16 35
1 25 0 1 0 18 49 49 17 14 9 14 37 0 40 29 0 4 1 14 37 0 5 32 48 6 35
1 8 6 46 3 44 12 46 26 27
1 7 40 29 29 42 11 42 9
1 19 40 47 16 26 39 32 27 20 42 11 15 43 0 26 43 0 26 43 0
1 18 40 42 37 42 11 47 21 35 29 0 31 38 49 44 46 15 43 0
1 26 0 5 45 27 40 3 34 26 33 27 23 12 27 44 12 31 31 40 1 14 37 6 3 26 47 4
1 11 40 39 25 39 0 18 17 10 5 32 27
1 9 14 37 6 47 47 14 37 25 47
0 22 6 34 42 37 23 40 37 23 40 43 11 1 35 40 43 45 23 40 49 35 40 43
0 7 32 0 40 31 17 40 45
0 12 2 40 15 43 0 26 37 43 0 26 43 0
1 7 25 2 12 6 14 26 27
0 2 36 6
0 24 0 1 0 18 40 1 40 29 15 43 0 26 43 39 26 43 0 26 43 0 1 26 43 0
1 11 6 3 37 4 18 34 10 39 46 13 44
1 3 40 47 27
0 8 40 25 20 31 47 26 21 1
1 19 6 14 18 42 24 35 24 35 1 24 5 6 36 1 40 18 17 45 10
0 8 13 14 37 14 37 43 40 25
1 48 14 37 6 3 49 39 23 46 47 41 35 1 1 24 35 24 21 6 26 31 40 29 18 38 38 9 46 23 21 39 6 25 29 15 43 0 26 43 0 26 43 0 26 43 0 26 43 0
0 2 14 21
1 24 6 14 18 5 6 3 49 11 49 44 13 7 5 17 25 42 11 29 29 42 38 15 43 0
1 16 0 20 42 25 15 43 0 26 43 0 26 43 0 26 43 0
1 28 25 39 14 14 9 0 18 49 49 17 45 10 40 5 2 39 45 41 31 31 29 49 44 46 29 15 43 0
1 12 6 23 9 26 31 29 0 0 47 0 1 4
0 4 22 6 0 11
0 22 0 29 17 6 40 29 42 11 42 37 47 48 29 2 12 40 15 43 0 26 43 0
1 4 14 37 40 25
0 14 14 37 40 29 6 25 39 9 25 35 24 21 19 30
1 15 25 7 35 1 1 1 1 24 42 1 1 24 21 5 27
1 20 25 2 12 0 1 0 40 20 29 29 42 11 29 47 41 5 0 18 17 45
1 19 40 25 1 3 26 17 45 9 40 25 6 0 5 2 20 14 48 25 46
0 7 46 37 7 19 31 16 17
1 5 14 37 40 47 27
1 5 25 39 10 20 25
1 12 25 7 42 24 5 0 1 6 25 15 43 0
0 2 0 14
0 3 14 20 48
0 5 7 39 14 9 44
1 23 6 42 37 3 3 3 23 40 37 3 23 40 37 3 3 3 3 3 3 3 23 40 49
1 31 25 46 15 10 40 29 49 44 4 49 44 38 19 11 37 34 10 37 34 46 23 21 39 25 39 45 45 14 10 1 4
0 10 0 40 1 0 48 14 27 28 6 23
0 37 13 0 40 20 5 45 44 45 14 41 31 31 5 8 29 0 23 38 49 44 21 15 19 34 46 13 23 26 16 26 33 31 48 6 35 35 40
1 35 25 46 15 28 14 37 0 40 20 39 42 11 25 1 1 6 47 38 38 9 46 42 46 42 10 37 21 9 46 23 38 39 25 39 45
1 4 14 37 6 42
1 11 6 23 9 18 5 14 37 40 25 6 4
1 15 40 42 11 47 41 42 24 35 24 35 1 1 24 5 4
0 20 6 3 49 34 10 39 41 22 42 46 13 36 3 42 44 23 4 26 1 29
1 9 25 7 42 1 24 5 0 3 36
1 11 14 37 6 46 40 1 0 5 45 7 0
1 6 14 37 25 37 37 25
0 29 0 1 11 29 18 33 39 3 35 5 2 39 12 31 41 42 1 24 42 24 35 1 24 42 24 42 24 5 4
1 6 14 37 40 25 6 0
1 14 14 37 25 39 10 1 14 37 40 39 39 15 43 0
0 11 2 12 0 3 7 20 33 27 36 22 36
1 15 14 37 6 14 26 21 34 26 39 45 41 27 34 26 0
1 21 14 37 25 2 12 0 3 36 22 7 33 27 26 49 17 28 40 42 38 47 27
1 15 0 5 2 39 45 41 46 14 40 40 40 40 40 40 40
1 12 6 25 47 35 14 35 9 41 21 19 46 43
0 5 0 5 1 19 4
1 11 6 14 26 48 40 15 43 0 26 43 0
1 8 25 39 14 14 14 45 28 4
1 3 0 3 35
0 2 22 47
0 6 40 9 6 10 10 10
1 21 14 37 40 29 42 25 15 43 0 26 43 0 26 43 0 26 43 0 26 43 0
0 2 37 4
0 16 40 39 39 42 39 25 36 25 7 47 14 26 35 6 20 33
0 37 13 0 40 20 5 45 44 45 14 41 31 31 5 8 29 0 23 38 49 44 21 15 19 34 46 13 23 26 16 26 33 31 48 6 35 35 40
1 16 0 3 7 39 12 27 26 49 49 49 17 10 20 15 43 0
1 3 6 36 1
1 10 40 47 21 34 26 33 46 14 40 40
1 4 25 46 15 14
1 65 14 37 0 5 2 14 16 26 9 48 14 37 25 46 15 9 14 37 0 29 18 4 49 44 38 35 26 42 15 10 46 42 37 25 39 0 20 39 15 43 0 26 43 0 26 43 0 26 43 0 26 43 0 26 43 0 26 43 0 26 43 0 26 43 0
0 16 14 0 37 40 29 29 39 42 25 47 14 26 20 33 14 27
0 10 18 11 26 49 49 17 9 0 48 4
0 17 14 37 0 5 32 35 9 17 46 18 49 49 49 17 14 9 5
1 15 40 29 39 25 3 46 15 43 0 26 43 0 26 43 0
1 10 0 20 42 11 47 35 39 12 31 35
1 8 0 3 26 17 45 9 6 35
1 18 6 47 4 17 1 5 45 27 3 36 22 7 9 35 39 45 41 30
1 17 14 37 6 23 18 21 5 17 40 34 46 23 47 14 37 6 36
0 2 28 37
0 16 14 37 18 25 39 18 49 17 28 6 44 35 40 43 36 9
1 25 14 37 0 5 8 29 26 20 4 3 23 32 26 17 9 40 39 39 42 37 42 37 47 35 0
1 10 0 18 17 45 14 10 29 26 21 35
0 16 14 37 18 25 39 18 49 17 28 6 44 35 40 43 36 9
1 16 6 40 11 37 4 0 45 24 26 44 4 49 44 34 10 34
0 5 6 25 10 39 29
0 3 45 25 31
1 16 25 37 37 0 3 44 12 31 17 44 35 40 43 9 9 9
1 10 25 35 24 42 1 24 5 6 23 9
0 6 14 37 39 37 37 25
1 17 14 37 6 14 9 9 9 9 9 9 18 21 6 43 40 40 40
1 6 14 37 40 25 6 4
1 28 25 39 14 14 9 0 18 49 49 17 45 10 40 5 2 39 45 41 31 31 29 49 44 46 29 15 43 0
1 15 6 14 26 21 26 49 17 9 0 1 40 39 15 43 0
0 19 14 37 40 39 25 6 25 37 37 14 0 17 45 0 20 25 3 47 4
0 25 14 37 14 37 14 37 40 29 29 42 38 18 25 20 4 29 17 1 18 17 14 9 25 37 37
1 18 0 20 25 20 39 38 18 4 0 31 24 26 44 42 34 10 39 46
0 61 6 47 34 9 35 34 42 46 42 46 9 9 46 13 40 15 39 13 0 23 9 18 5 25 2 12 6 48 10 37 46 47 48 31 47 38 9 10 49 34 46 42 46 42 10 26 4 0 0 34 10 49 39 9 39 25 2 12 25 46 15
0 14 40 47 17 46 3 7 33 41 35 24 21 19 48 30
1 9 25 37 37 6 23 18 5 14 37
1 16 25 39 10 1 0 1 0 3 27 40 3 23 32 7 39 12
0 2 48 4
0 1 14
1 16 6 3 39 10 34 23 42 39 42 10 26 4 26 1 3 36
1 9 25 2 12 14 37 40 15 43 0
1 6 0 5 47 35 1 4
1 8 6 40 34 46 9 38 39 4
1 17 6 25 29 25 39 0 1 0 18 17 10 29 17 1 18 17 9
0 15 6 7 14 26 21 44 32 48 12 3 44 12 46 14 40
1 16 25 39 28 25 37 37 25 2 12 0 40 3 26 49 17 45
1 5 40 42 25 42 9
1 17 0 5 47 34 26 39 32 26 17 28 14 37 0 20 42 11 47
1 7 6 23 26 21 23 32 7
0 5 40 15 24 4 10
0 2 32 26
0 37 6 47 21 38 9 10 39 46 13 48 9 46 13 48 9 10 39 46 23 6 25 35 11 1 24 42 1 1 1 1 1 24 21 19 31 21 36
0 3 27 40 4
1 9 0 40 20 15 43 0 26 43 0
0 35 14 37 25 37 37 0 29 49 44 47 0 5 2 39 45 41 27 35 18 49 17 28 40 40 39 39 15 43 0 26 43 0 26 43 0
1 32 40 42 25 25 3 38 9 10 49 11 49 11 26 21 9 10 39 10 37 38 38 38 9 46 13 48 39 6 25 47 17 44
1 15 0 5 32 17 25 29 39 29 42 25 29 39 25 39 4
0 21 14 37 40 47 16 26 9 31 3 36 22 26 17 10 1 20 6 44 35 40 43
0 25 38 6 3 34 13 25 47 17 7 18 9 9 18 42 24 6 1 1 24 35 24 21 32 14 9
0 4 6 35 40 18
0 13 19 24 21 5 16 26 39 46 35 20 6 25 46
1 7 40 29 25 21 6 6 35
1 15 25 35 24 42 1 1 24 35 1 24 5 25 2 12 4
0 2 48 4
0 7 25 48 28 11 25 39 14
0 10 14 37 40 39 29 15 43 0 26 43
0 10 0 26 1 43 18 47 25 2 32 4
1 14 6 47 6 40 42 37 39 39 39 42 25 25 6 0
1 11 6 47 34 46 13 23 9 18 5 14 37
1 26 0 18 49 17 45 9 14 37 14 37 14 37 0 5 47 26 17 45 45 9 14 37 40 42 9 10
0 13 25 7 37 37 0 3 34 20 40 25 20 4 5
0 25 40 15 43 0 26 0 26 43 0 26 43 0 26 43 0 45 26 43 0 26 43 0 26 43 0
1 26 14 37 25 7 42 1 24 35 24 35 24 42 24 5 0 5 2 39 32 26 17 45 14 10 1 4
0 2 18 6
0 29 14 37 40 29 42 25 47 48 25 31 37 37 0 1 40 42 25 15 43 0 26 43 0 26 43 0 26 43 0
0 10 45 40 15 43 48 26 12 43 1 32
0 15 25 37 35 37 40 25 3 6 40 42 9 10 10 10 10
0 20 14 23 0 1 14 37 25 2 12 6 25 15 43 0 26 43 0 26 43 0
1 11 25 35 1 1 1 1 1 1 24 21 14
0 3 6 41 14
1 15 25 39 14 9 25 46 15 10 18 49 17 10 3 7 33
0 13 22 46 29 17 20 48 21 19 38 9 10 26 21
1 11 6 25 15 43 0 26 43 0 26 43 0
0 5 0 5 25 32 27
1 20 0 29 49 44 46 39 47 31 29 49 44 4 17 6 6 46 3 7 20 0
1 10 6 25 42 11 25 3 46 29 47 27
1 14 14 37 25 39 10 1 14 37 40 39 39 15 43 0
1 7 14 37 6 44 35 40 43
1 3 40 47 27
0 4 14 40 29 47
1 35 25 46 15 28 14 37 0 40 20 39 42 11 25 1 1 6 47 38 38 9 46 42 46 42 10 37 21 9 46 23 38 39 25 39 45
1 24 40 47 17 25 29 25 6 0 40 3 23 45 41 46 35 31 21 23 32 34 26 9 16 26
0 2 27 12
0 12 40 29 29 15 43 0 26 43 34 26 43 0
1 14 40 42 38 25 6 40 39 29 47 17 25 25 6 4
1 20 40 25 39 40 42 38 25 20 4 20 39 29 29 25 21 6 6 35 6 6
0 21 40 29 25 9 20 47 21 34 26 33 31 21 23 45 41 27 31 16 26 9 27
1 17 14 37 6 14 9 9 9 9 9 9 18 21 6 43 40 40 40
1 4 14 37 40 25
0 2 31 32
0 19 25 37 37 30 40 42 11 15 43 0 26 43 0 26 43 0 26 43 0
0 7 25 5 39 40 15 43 0
1 15 0 1 25 7 21 14 18 5 40 47 31 20 15 43 0
1 26 0 5 45 27 40 3 34 26 33 27 23 12 27 44 12 31 31 40 1 14 37 6 3 26 47 4
1 39 14 37 14 37 6 48 19 15 34 10 49 44 13 25 25 39 6 47 4 26 6 0 18 49 49 49 49 17 10 40 18 49 49 17 9 6 36 39 4
1 23 0 29 49 44 46 42 38 47 21 36 22 36 22 27 40 40 18 17 14 14 28 6 14
1 17 0 29 49 44 38 38 38 19 15 34 10 34 13 42 49 35 40
1 11 0 1 40 42 25 47 31 20 15 43 0
0 2 27 25
0 17 0 3 44 32 34 25 3 9 16 26 14 19 14 49 37 40 4
1 7 6 23 26 21 23 32 7
0 5 14 37 6 35 40
0 10 6 35 35 40 43 47 9 9 9 9
0 37 25 37 37 40 29 39 39 29 39 29 47 41 42 24 5 6 7 6 26 48 6 47 42 10 39 10 49 10 38 39 0 5 8 5 2 20 0
0 3 5 46 32
0 8 25 35 4 24 47 25 2 4
1 21 25 37 37 25 35 24 35 24 42 1 1 24 5 25 46 15 10 20 15 43 0
1 13 0 18 49 49 49 17 14 45 9 40 15 43 0
0 18 29 0 20 42 37 15 43 0 26 43 17 26 43 0 32 26 43 0
1 4 0 5 8 5
1 12 0 40 18 49 49 17 28 6 42 37 23 40
1 11 25 35 1 1 1 1 1 1 24 21 14
0 24 40 25 21 30 6 35 6 35 6 6 6 35 35 13 6 6 35 6 6 6 35 6 35 6
1 7 6 14 26 17 44 35 40
1 7 14 37 14 37 40 47 27
0 8 6 41 25 25 21 6 40 6
0 5 5 32 37 40 40
1 23 14 37 25 35 24 21 19 46 35 27 27 40 20 39 42 11 42 11 47 21 44 45 41
1 4 0 18 17 45
1 12 14 37 25 35 1 24 35 24 21 6 35 30
1 3 40 47 27
1 7 40 47 17 46 18 17 28
1 2 25 39
1 11 6 7 5 48 6 46 20 29 15 43 0
0 2 29 15
0 3 7 14 37
1 27 6 25 29 39 42 37 25 3 21 35 34 23 38 39 25 2 12 40 47 31 29 26 20 4 3 27 1
1 7 6 14 26 17 44 35 40
0 3 32 10 18
1 8 6 36 6 40 42 37 47 27
0 10 25 39 45 28 34 5 8 3 7 20
1 24 25 37 37 14 37 40 42 25 47 41 35 1 24 42 1 24 21 5 48 6 25 15 43 0
1 12 14 37 14 37 0 29 0 4 3 34 26 33
0 4 47 35 27 4
1 14 6 23 18 35 24 5 0 29 26 21 6 35 35 35
1 12 0 40 18 49 49 17 28 6 42 37 23 40
0 4 0 47 48 4
1 10 6 46 3 26 17 9 40 47 16 26
0 8 6 4 3 26 38 38 9 7
1 5 40 47 35 9 27
1 11 40 47 41 35 24 35 1 1 24 21 19
0 4 6 35 40 18
0 4 20 41 40 4
1 10 6 46 3 26 17 9 40 47 16 26
0 12 29 25 7 42 42 33 1 35 4 31 24 11
0 2 21 14
1 21 0 20 42 38 25 3 4 0 23 38 0 23 38 17 20 4 18 49 17 28 4
1 29 40 39 47 16 26 9 41 35 1 24 35 1 1 24 5 0 1 14 37 14 37 6 23 9 9 18 21 5 31
0 10 0 26 1 43 18 47 25 2 32 4
1 37 14 37 0 40 5 2 39 45 41 31 48 25 35 24 42 1 1 24 35 24 5 40 29 39 39 42 38 39 15 43 0 26 43 0 26 43 0
1 29 40 42 25 25 3 46 25 1 18 49 49 49 49 49 49 17 10 5 45 26 17 14 10 20 25 39 40 47 27
0 8 3 47 40 16 26 14 21 7
0 27 0 33 18 17 45 10 29 17 20 33 15 46 15 43 0 26 43 0 26 43 0 26 43 0 26 43 0
1 7 40 29 29 42 11 42 9
0 2 0 0
0 21 40 29 25 9 20 47 21 34 26 33 31 21 23 45 41 27 31 16 26 9 27
1 16 0 20 42 25 39 39 29 15 43 0 26 43 0 26 43 0
1 24 40 47 17 25 29 25 6 0 40 3 23 45 41 46 35 31 21 23 32 34 26 9 16 26
1 21 25 37 37 25 35 24 35 24 42 1 1 24 5 25 46 15 10 20 15 43 0
1 5 0 3 7 20 33
0 19 40 39 42 11 39 29 47 33 36 1 40 1 0 18 49 17 9 14 37
0 27 42 2 12 14 37 33 40 25 1 29 0 39 24 42 44 34 10 37 47 40 39 16 26 20 39 45 41
0 22 15 43 0 26 43 0 21 43 0 26 8 0 26 43 0 26 6 43 0 46 26 0
1 18 0 40 40 40 5 45 35 20 39 15 43 0 26 43 0 26 43 0
0 7 25 5 39 40 15 43 0
0 22 14 37 14 37 25 39 9 6 25 44 3 34 46 42 10 39 46 42 10 37 6 4
1 12 40 42 37 29 42 11 15 43 0 26 43 0
1 5 40 25 21 35 6
0 3 7 19 44
0 3 45 25 31
0 2 15 8
0 2 31 32
1 5 6 3 34 13 44
0 3 32 10 18
0 12 25 1 18 17 28 14 37 25 37 13 6 14
1 8 6 46 3 35 1 14 37 4
0 5 0 20 6 33 46
0 41 14 37 14 37 14 37 43 23 18 35 1 24 35 1 24 42 1 32 24 42 33 1 24 42 24 35 1 1 24 21 6 43 40 40 40 40 40 40 40 40 40
0 4 15 0 40 9
1 13 6 23 9 9 26 21 44 45 41 31 41 5 4
1 9 25 7 5 40 29 25 20 23 24
1 13 6 25 42 11 42 37 39 15 43 0 26 43 0
0 15 0 29 0 4 20 11 47 16 26 14 17 27 21 6 4
0 10 0 40 1 0 48 14 27 28 6 23
1 10 25 2 12 25 37 37 40 25 39 4
0 29 14 37 6 42 37 3 3 23 40 1 40 1 40 1 40 37 23 40 1 40 3 23 40 43 34 1 35 40 49
1 7 25 2 12 25 46 15 45
1 11 0 29 26 21 35 35 6 6 35 35 6
0 37 6 47 21 38 9 10 39 46 13 48 9 46 13 48 9 10 39 46 23 6 25 35 11 1 24 42 1 1 1 1 1 24 21 19 31 21 36
0 2 22 27
1 14 6 23 18 35 24 5 0 29 26 21 6 35 35 35
1 8 14 37 0 40 3 34 26 0
0 21 25 12 42 12 40 15 43 0 26 43 0 26 43 0 26 43 0 26 5 43 0
0 4 14 37 33 4
1 6 25 39 10 1 6 23
0 10 6 40 46 39 20 47 35 39 32 36
1 19 14 37 14 37 6 7 19 27 27 18 17 9 14 37 6 23 9 26 27
1 27 0 5 32 31 1 6 3 39 10 49 15 11 37 4 17 3 34 46 42 46 13 46 20 42 9 10 10
1 6 25 46 15 10 40 5
1 29 6 47 34 10 49 44 23 46 39 29 39 42 38 42 11 25 39 6 47 42 39 9 39 40 29 29 25 21 6
1 8 25 39 10 40 29 26 6 4
0 2 16 38
1 19 40 42 38 29 15 43 0 26 43 0 26 43 0 26 43 0 26 43 0
0 6 18 49 28 7 17 14
0 4 37 26 47 27
0 7 2 28 29 21 15 43 0
1 15 6 40 11 26 46 42 38 42 11 25 1 3 23 45 41
1 16 0 1 0 20 29 42 37 15 43 0 26 43 0 26 43 0
0 17 40 27 15 43 0 32 43 0 26 43 0 26 43 0 26 43 0
1 6 14 37 6 7 19 30
0 2 22 27
0 21 40 47 41 5 48 0 1 0 1 25 39 28 14 37 6 47 38 9 46 13 9
0 6 14 37 6 29 1 27
1 15 6 25 25 20 4 29 26 6 25 46 15 9 14 37 4
0 46 14 37 25 7 35 1 1 24 35 20 1 1 1 1 1 24 42 1 1 24 0 1 1 1 24 21 14 26 17 3 26 34 10 49 34 46 23 42 15 44 9 39 12 2 12 4
1 19 6 14 18 42 24 35 24 35 1 24 5 6 36 1 40 18 17 45 10
1 10 14 37 6 46 20 39 29 15 43 0
1 12 40 25 39 6 44 35 40 43 9 9 9 9
1 12 14 37 0 1 0 3 36 22 23 32 23 12
1 8 6 46 18 49 49 17 14 10
1 10 0 5 47 27 40 29 17 1 40 29
0 8 13 14 37 14 37 43 40 25
1 12 6 36 39 0 20 42 25 42 38 15 43 0
1 4 25 39 14 28
0 7 14 37 37 37 40 47 27
0 3 25 3 47
1 6 25 39 9 14 37 25
1 11 0 1 40 42 25 47 31 20 15 43 0
1 21 6 40 44 42 10 37 42 39 23 47 0 20 15 43 0 26 43 0 26 43 0
1 5 0 1 0 1 4
0 18 29 0 20 42 37 15 43 0 26 43 17 26 43 0 32 26 43 0
1 15 6 25 25 20 4 29 26 6 25 46 15 9 14 37 4
0 6 0 44 30 22 7 14
0 3 42 46 4
1 16 6 48 35 34 42 46 9 19 39 9 19 39 9 38 19 44
1 20 14 37 6 14 26 31 18 17 45 45 10 40 20 29 39 39 29 15 43 0
0 33 40 47 41 35 1 1 24 5 6 3 49 44 42 46 42 10 34 10 37 34 46 9 19 15 10 42 39 23 10 26 28 21 39
0 5 29 0 29 3 12
0 3 2 45 45
1 26 25 39 14 9 0 1 14 37 25 35 1 1 24 42 24 21 6 35 27 35 29 18 21 39 14 37
1 8 40 29 25 1 3 44 12 30
0 18 4 40 1 6 29 36 1 29 16 40 5 8 18 17 28 0 1 0
0 10 0 10 3 23 12 31 29 0 45 24
0 11 0 8 20 39 39 15 43 0 26 43 28
1 13 6 23 9 9 26 21 44 45 41 31 41 5 4
1 8 0 5 45 26 17 28 25 47
1 16 14 37 6 3 26 6 6 7 19 27 35 18 17 45 28 4
0 3 25 17 46
1 10 25 35 24 35 24 35 1 24 5 4
1 11 6 7 5 48 6 46 20 29 15 43 0
0 11 40 13 43 0 26 43 25 0 26 43 0
0 11 0 20 47 41 42 1 24 22 21 5 27
0 18 25 7 35 24 24 35 24 42 1 1 1 24 21 6 43 40 40 40
1 16 40 39 29 29 29 25 39 6 42 37 3 23 40 49 35 40
0 16 14 9 26 31 40 5 47 44 12 31 31 20 15 43 0 43
0 22 6 40 10 18 39 23 34 7 46 42 46 23 21 39 20 32 25 2 12 14 37 4
0 6 6 36 21 39 14 37
0 3 22 30 33
1 38 40 47 17 40 15 15 39 42 46 42 46 42 46 42 10 37 46 15 43 0 26 43 0 26 43 0 26 43 0 26 43 0 26 43 0 26 43 0
0 13 40 15 43 0 26 43 17 0 26 43 0 43 36
0 2 3 41
1 17 6 25 29 25 39 0 1 0 18 17 10 29 17 1 18 17 9
0 3 31 18 10
0 8 30 6 1 40 15 43 25 19
0 12 25 1 18 17 28 14 37 25 37 13 6 14
0 15 40 42 37 42 25 25 36 31 3 34 26 39 45 41 30
0 3 23 40 31
1 9 6 40 34 46 42 46 9 9 46
1 8 14 37 0 40 3 34 26 0
0 3 0 18 4
0 6 14 37 6 29 1 27
1 4 14 37 6 42
0 3 41 47 35
1 8 14 37 6 25 25 6 0 29
1 11 40 39 42 11 25 39 25 46 15 45 28
1 35 6 48 9 10 49 44 9 35 34 23 21 9 46 9 9 46 23 6 25 37 37 0 3 27 40 3 36 22 23 45 41 46 14 40 40
1 14 0 1 0 5 45 36 22 36 22 7 33 46 14 40
1 23 0 40 3 26 17 28 6 36 39 25 2 12 6 47 34 10 26 6 0 29 18 47 4
1 6 40 47 35 9 35 0
0 29 14 37 40 29 42 25 47 48 25 31 37 37 0 1 40 42 25 15 43 0 26 43 0 26 43 0 26 43 0
1 9 14 37 25 35 1 24 5 6 42
0 10 40 39 15 43 26 43 0 35 43 0
0 3 25 17 46
1 10 25 2 12 25 37 37 40 25 39 4
1 33 14 37 6 48 38 19 34 46 42 46 9 19 10 38 39 6 48 9 46 13 46 20 25 1 20 39 42 11 47 35 20 20 0
1 6 40 29 47 16 26 0
0 2 10 20
0 33 25 37 37 0 17 45 9 6 25 15 43 0 26 43 0 12 43 0 26 43 0 26 43 0 26 43 0 26 43 0 26 43 0
0 10 18 11 26 49 49 17 9 0 48 4
0 41 14 37 14 37 14 37 43 23 18 35 1 24 35 1 24 42 1 32 24 42 33 1 24 42 24 35 1 1 24 21 6 43 40 40 40 40 40 40 40 40 40
0 28 0 18 49 49 49 17 10 20 25 20 45 24 26 44 46 44 47 48 0 3 23 32 23 45 41 46 43 40
0 4 7 1 21 4
0 16 0 1 25 46 15 10 40 3 24 20 33 27 9 39 12 30
1 13 0 18 49 49 49 17 14 45 9 40 15 43 0
0 19 6 7 14 18 35 24 1 24 42 24 42 1 1 1 24 35 24 5 4
0 7 49 42 38 47 48 25 47
1 16 14 37 6 3 26 6 6 7 19 27 35 18 17 45 28 4
1 6 25 35 24 21 19 30
0 4 0 47 48 4
1 9 40 42 37 15 43 0 26 43 0
1 12 40 29 39 47 16 26 20 20 39 32 7 0
0 11 32 37 14 23 37 6 3 45 6 6 35
1 41 6 48 19 44 23 38 38 39 40 47 41 42 1 1 1 1 1 1 24 35 24 21 6 26 41 42 24 5 14 37 25 2 12 25 35 24 35 24 21 5 27
1 24 6 48 9 10 49 34 10 26 21 39 25 35 24 21 14 26 48 40 15 43 0 26 43 0
1 10 14 37 25 39 9 40 42 38 47 27
1 12 40 25 1 18 17 14 9 0 20 29 47 27
1 8 25 35 24 21 19 27 7 0
1 16 0 1 0 20 29 42 37 15 43 0 26 43 0 26 43 0
1 6 6 23 26 21 27 5
0 4 14 37 33 4
1 11 40 25 3 46 39 39 39 39 15 43 0
1 21 25 35 1 1 1 1 1 1 24 42 24 42 1 24 35 24 35 1 24 21 19
1 20 6 47 47 14 37 0 29 49 44 46 47 41 21 6 43 40 40 40 40 40
0 9 25 2 12 6 42 46 1 40 43
0 12 14 37 25 8 39 45 9 0 20 12 11 25
1 22 14 37 40 25 6 0 18 49 49 49 49 49 49 17 14 9 0 20 47 35 33 30
0 11 40 43 39 0 5 27 23 45 41 31 27
1 15 0 40 29 49 44 42 11 49 11 34 9 35 37 47 4
1 12 0 5 32 16 26 20 33 31 31 1 0 1
1 7 40 39 29 39 39 47 27
1 6 25 37 37 40 39 47
1 6 14 37 40 25 39 4
1 6 40 29 47 48 6 46
0 33 14 15 10 37 6 3 34 42 10 49 11 26 7 19 23 4 17 20 0 38 0 4 5 45 35 39 20 15 43 0 26 43 0
1 17 6 42 43 11 35 40 1 40 49 35 40 43 9 9 9 9 9
1 26 14 37 25 7 42 1 24 35 24 35 24 42 24 5 0 5 2 39 32 26 17 45 14 10 1 4
1 21 25 37 37 40 39 39 25 6 14 37 14 37 40 29 47 31 18 49 17 9 4
1 3 25 39 28
1 11 0 40 20 39 29 47 48 0 5 32 27
0 11 0 20 47 41 42 1 24 22 21 5 27
1 13 40 47 16 26 33 31 21 35 29 18 21 9 46
1 17 40 25 3 4 0 23 38 49 44 38 35 34 42 46 9 9 46
0 5 0 21 34 26 0
1 6 14 37 6 7 19 30
0 2 43 32
1 11 6 3 37 4 18 34 10 39 46 13 44
1 19 25 46 15 10 1 6 46 18 17 14 9 40 42 37 29 39 29 25 39
1 30 25 37 37 6 40 44 42 46 23 42 15 10 34 46 42 10 37 4 18 4 49 44 38 39 25 37 37 14 37 4
0 11 40 43 39 0 5 27 23 45 41 31 27
0 4 48 36 31 46
1 22 6 40 44 13 36 39 40 25 20 23 24 26 44 38 19 10 46 47 48 6 25 25
1 17 25 39 45 14 14 28 40 47 48 40 29 39 29 29 25 21 35
0 22 14 37 6 42 1 8 1 40 37 23 40 43 45 3 3 3 23 40 49 35 40 43
0 6 6 14 23 49 5 4
0 2 32 26
1 39 0 40 40 29 17 3 34 10 37 38 39 14 37 6 3 37 46 47 21 35 3 34 26 14 41 42 24 35 24 42 1 1 24 42 24 21 5 35 0
1 28 14 37 0 5 2 14 48 25 39 10 20 25 20 0 46 42 25 29 47 21 34 26 33 46 43 40 40 40
0 18 40 15 43 0 43 0 20 43 0 26 43 0 26 43 0 26 43 0
1 7 40 39 29 39 39 47 27
0 37 25 37 37 40 29 39 39 29 39 29 47 41 42 24 5 6 7 6 26 48 6 47 42 10 39 10 49 10 38 39 0 5 8 5 2 20 0
0 23 5 47 17 47 47 25 39 28 40 29 29 29 25 6 6 36 39 0 29 17 21 6 35
1 28 0 20 47 41 21 5 35 9 35 33 31 16 26 33 31 35 20 39 32 27 20 25 3 34 10 37 47 4
1 13 6 46 40 3 35 1 0 18 49 49 49 49 17
1 15 0 5 2 39 45 41 27 7 9 16 26 39 45 41 30
1 18 14 37 14 37 25 35 1 1 1 24 5 14 37 0 18 49 17 14
0 1 14
1 19 14 37 14 37 6 7 19 27 27 18 17 9 14 37 6 23 9 26 27
1 18 40 39 47 48 25 39 10 1 25 2 12 6 25 47 48 14 37 25
1 5 6 48 38 39 4
0 5 40 15 43 22 0
1 10 14 37 14 37 14 37 0 18 17 9
1 16 14 37 25 7 21 6 26 16 26 39 12 27 34 26 14 27
0 10 6 14 27 5 40 39 15 23 43 0
1 19 0 3 44 32 23 32 35 3 35 29 18 42 10 6 6 7 5 16 26
1 22 6 36 3 4 18 34 46 9 19 34 10 34 9 38 19 11 39 46 13 25 42 9
1 4 25 46 15 14
1 17 6 3 49 44 23 38 19 10 42 39 23 38 39 6 14 9 26
1 19 40 47 16 26 39 32 27 20 42 11 15 43 0 26 43 0 26 43 0
1 3 40 47 27
1 12 40 29 39 42 37 42 25 39 42 25 47 27
1 13 25 7 42 24 5 25 7 42 1 24 21 5 27
0 2 21 31
1 4 25 7 21 14
1 15 0 5 2 39 45 41 27 7 9 16 26 39 45 41 30
1 22 6 40 44 13 36 39 40 25 20 23 24 26 44 38 19 10 46 47 48 6 25 25
0 3 27 40 4
0 14 25 7 49 34 24 35 1 1 24 21 19 28 35 30
1 5 25 39 9 25 47
0 9 0 29 18 27 39 37 38 39 25
1 12 6 48 35 49 34 10 34 13 44 35 40 43
1 9 0 29 0 4 40 1 14 37 4
0 7 14 37 2 12 22 47 27
0 5 40 15 24 4 10
1 17 40 39 42 37 39 15 43 0 26 43 0 26 43 0 26 43 0
0 3 18 14 5
1 11 40 47 41 35 24 35 1 1 24 21 19
0 3 42 18 4
1 26 40 29 42 25 39 39 47 35 14 16 26 9 41 42 24 42 24 21 6 26 35 20 20 9 16 26
0 33 40 47 41 35 1 1 24 5 6 3 49 44 42 46 42 10 34 10 37 34 46 9 19 15 10 42 39 23 10 26 28 21 39
0 10 6 40 46 39 20 47 35 39 32 36
1 25 14 37 0 29 0 31 24 26 44 42 11 49 11 37 4 49 44 4 18 47 6 36 3 47 4
1 10 14 37 0 20 39 47 17 35 35 40
1 5 25 39 14 28 4
0 11 14 37 0 18 17 9 0 47 16 26 20
0 33 14 15 10 37 6 3 34 42 10 49 11 26 7 19 23 4 17 20 0 38 0 4 5 45 35 39 20 15 43 0 26 43 0
1 17 40 25 3 4 0 23 38 49 44 38 35 34 42 46 9 9 46
0 6 18 49 28 7 17 14
1 27 25 2 12 25 39 28 6 36 39 0 3 35 40 3 7 39 32 26 49 49 17 28 40 25 3 34 46
0 21 25 12 42 12 40 15 43 0 26 43 0 26 43 0 26 43 0 26 5 43 0
1 5 40 47 35 20 14
0 28 6 7 14 9 26 31 18 17 10 40 20 47 48 6 7 14 18 42 1 24 35 1 1 36 24 21 19 46
1 20 0 29 49 44 46 39 47 31 29 49 44 4 17 6 6 46 3 7 20 0
0 7 14 37 2 12 22 47 27
1 13 40 42 25 29 15 43 0 26 43 0 26 43 0
0 4 12 0 34 40
1 10 0 3 27 3 36 22 44 32 44 12
0 2 28 37
1 29 40 39 47 16 26 9 41 35 1 24 35 1 1 24 5 0 1 14 37 14 37 6 23 9 9 18 21 5 31
1 8 25 39 9 40 42 9 10 10
1 9 0 40 20 15 43 0 26 43 0
1 9 0 3 7 33 27 35 3 7 0
1 16 14 37 0 29 49 44 4 49 44 34 46 9 9 46 13 35
0 14 25 9 14 37 0 42 29 44 4 26 9 21 31 35
0 13 0 1 3 45 23 27 45 41 46 14 40 40 40
0 16 0 1 25 46 15 10 40 3 24 20 33 27 9 39 12 30
0 3 14 43 8
1 7 14 37 25 2 12 25 47
0 3 25 29 39
1 8 6 40 34 46 9 38 39 4
0 3 26 37 42
1 15 0 3 27 1 40 39 15 43 0 26 43 0 26 43 0
0 5 22 23 26 35 0
1 10 6 3 39 10 26 4 0 0 6 4
1 18 6 47 4 17 1 5 45 27 3 36 22 7 9 35 39 45 41 30
0 23 40 28 25 20 45 24 26 44 37 15 43 0 26 43 0 26 0 49 43 0 26 4 0
0 42 0 29 0 0 42 39 19 39 13 46 1 25 37 37 40 29 29 29 42 25 12 43 0 26 43 0 26 43 0 26 43 0 33 26 43 10 26 43 0 26 43 0
1 65 14 37 0 5 2 14 16 26 9 48 14 37 25 46 15 9 14 37 0 29 18 4 49 44 38 35 26 42 15 10 46 42 37 25 39 0 20 39 15 43 0 26 43 0 26 43 0 26 43 0 26 43 0 26 43 0 26 43 0 26 43 0 26 43 0
1 20 40 39 39 47 21 27 3 35 40 5 45 44 12 27 35 1 0 18 17 14
0 42 0 29 0 0 42 39 19 39 13 46 1 25 37 37 40 29 29 29 42 25 12 43 0 26 43 0 26 43 0 26 43 0 33 26 43 10 26 43 0 26 43 0
0 4 20 41 40 4
0 15 14 37 0 29 18 6 40 42 45 6 42 38 15 43 0
0 3 14 43 8
1 5 6 3 34 13 44
0 10 0 18 49 17 9 2 40 15 43 0
0 3 23 40 31
1 11 14 37 6 46 40 1 0 5 45 7 0
0 3 30 2 4
0 18 40 25 20 33 16 34 10 49 10 42 15 11 37 34 10 26 6 4
1 7 6 7 5 21 34 26 0
1 11 25 37 37 40 29 29 39 25 20 39 38
0 25 14 37 14 37 14 5 14 37 40 42 11 29 25 36 1 20 25 21 35 6 6 6 6 6 6
1 7 40 29 42 25 29 47 48
1 15 14 37 6 14 26 21 34 26 39 45 41 27 34 26 0
0 3 25 3 47
0 21 40 47 41 47 24 24 24 1 48 1 24 5 40 29 39 42 11 42 42 9 10
0 3 42 46 4
0 5 25 15 15 1 4
0 11 13 14 37 40 39 39 42 38 47 16 26
1 7 6 7 5 21 34 26 0
1 9 14 37 6 47 47 14 37 25 47
1 12 40 29 39 15 43 0 26 43 0 26 43 0
0 18 4 40 1 6 29 36 1 29 16 40 5 8 18 17 28 0 1 0
0 4 5 37 37 47
1 14 40 29 42 25 39 15 43 0 26 43 0 26 43 0
0 19 14 37 40 39 25 6 25 37 37 14 0 17 45 0 20 25 3 47 4
0 14 40 47 17 46 3 7 33 41 35 24 21 19 48 30
0 7 40 15 43 0 26 43 25
1 26 40 39 15 43 0 26 43 0 26 43 0 26 43 0 26 43 0 26 43 0 26 43 0 26 43 0
0 2 23 4
0 2 7 39
1 33 14 37 6 48 38 19 34 46 42 46 9 19 10 38 39 6 48 9 46 13 46 20 25 1 20 39 42 11 47 35 20 20 0
0 2 7 39
0 2 11 8
1 10 6 3 39 10 26 4 0 0 6 4
1 6 0 1 40 25 39 4
0 3 29 22 4
0 5 0 5 1 19 4
0 4 15 43 20 0
0 14 0 23 49 44 4 49 20 15 9 46 13 35 35 40
1 8 14 37 14 37 14 37 25 47
0 6 40 42 42 37 42 47
1 16 0 20 42 25 39 39 29 15 43 0 26 43 0 26 43 0
0 12 48 25 17 46 15 28 14 37 25 2 12 4
1 10 40 29 29 47 17 7 14 9 26 27
1 4 25 7 21 14
1 11 6 47 34 46 13 23 9 18 5 14 37
1 8 0 1 25 37 37 0 18 17
0 2 30 4
1 12 14 37 25 35 1 24 35 24 21 6 35 30
1 43 0 20 25 6 0 29 0 33 48 38 38 19 34 10 37 21 38 9 46 9 35 34 13 46 5 8 18 49 49 49 17 45 10 18 49 17 10 5 47 36 22 44 12
1 11 6 46 18 17 14 28 25 46 15 28 4
1 22 6 40 15 44 9 38 35 26 34 46 9 35 49 39 23 34 10 26 4 26 6 4
0 3 16 11 22
1 18 0 20 29 47 41 35 24 42 1 24 42 24 35 1 24 21 19 30
1 21 25 35 1 1 1 1 1 1 24 42 24 42 1 24 35 24 35 1 24 21 19
1 43 25 37 37 6 48 38 39 0 18 49 17 28 0 3 26 17 45 9 25 35 24 21 14 18 42 24 21 5 17 3 34 23 21 39 14 37 40 39 29 29 15 43 0
0 4 12 0 34 40
0 16 14 9 26 31 40 5 47 44 12 31 31 20 15 43 0 43
0 61 6 47 34 9 35 34 42 46 42 46 9 9 46 13 40 15 39 13 0 23 9 18 5 25 2 12 6 48 10 37 46 47 48 31 47 38 9 10 49 34 46 42 46 42 10 26 4 0 0 34 10 49 39 9 39 25 2 12 25 46 15
0 2 21 31
0 4 7 1 21 4
0 3 25 29 39
0 3 25 44 47
1 24 0 29 49 44 42 44 23 42 15 10 34 10 26 6 6 35 35 40 43 9 9 9 9 9
0 7 6 44 35 40 43 5 9
1 37 40 25 20 23 42 44 4 26 3 42 44 23 6 40 39 42 38 42 37 15 43 0 26 43 0 26 43 0 26 43 0 26 43 0 26 43 0
1 6 14 37 25 37 37 25
1 17 25 39 45 14 14 28 40 47 48 40 29 39 29 29 25 21 35
1 44 6 3 26 34 46 42 46 23 47 0 40 3 26 49 17 28 40 25 21 35 6 35 35 6 35 6 35 35 35 35 35 35 6 6 35 35 6 35 6 6 6 6 6 6
0 2 7 9
1 8 6 46 3 44 45 41 46 14
0 11 2 12 0 3 7 20 33 27 36 22 36
1 6 6 25 39 29 47 27
0 7 49 42 38 47 48 25 47
0 8 6 44 35 40 9 9 22 9
0 6 46 1 14 46 37 4
1 9 6 40 34 46 42 46 9 9 46
1 13 25 35 1 1 24 35 24 35 1 24 42 24 5
1 14 6 7 14 18 35 24 35 24 5 6 46 5 32 27
1 7 14 37 6 44 35 40 43
1 9 25 7 42 1 24 5 0 3 36
0 22 14 37 6 42 1 8 1 40 37 23 40 43 45 3 3 3 23 40 49 35 40 43
0 3 6 42 1
1 14 0 18 17 14 10 20 39 39 39 25 6 14 37 4
1 51 0 40 18 49 17 10 3 23 32 26 17 9 6 36 3 38 9 10 49 34 46 9 19 39 23 4 49 44 34 46 9 19 11 39 10 26 38 38 38 9 10 49 10 42 34 10 39 46 9 39 4
1 24 6 48 9 10 49 34 10 26 21 39 25 35 24 21 14 26 48 40 15 43 0 26 43 0
1 11 40 29 39 42 25 25 3 42 39 13 44
1 11 14 37 6 42 37 3 23 40 37 23 40
1 16 6 48 35 34 42 46 9 19 39 9 19 39 9 38 19 44
0 18 25 7 35 24 24 35 24 42 1 1 1 24 21 6 43 40 40 40
1 30 25 37 37 6 40 44 42 46 23 42 15 10 34 46 42 10 37 4 18 4 49 44 38 39 25 37 37 14 37 4
0 8 0 20 0 46 42 11 29 47
1 51 0 40 18 49 17 10 3 23 32 26 17 9 6 36 3 38 9 10 49 34 46 9 19 39 23 4 49 44 34 46 9 19 11 39 10 26 38 38 38 9 10 49 10 42 34 10 39 46 9 39 4
0 6 14 6 8 37 25 25
0 2 13 41
1 6 0 5 47 7 20 0
1 13 0 1 6 42 43 11 1 1 1 1 35 40 49
0 2 27 25
0 16 25 36 37 37 6 42 37 23 40 15 34 25 35 40 1 40
1 8 0 1 0 18 49 49 17 45
1 7 25 37 37 0 18 17 28
1 59 6 46 1 6 46 29 18 42 15 34 46 42 46 9 35 39 46 13 40 39 9 35 37 42 39 13 47 21 38 39 40 29 42 37 47 41 42 24 42 1 24 35 24 42 1 24 5 0 20 39 39 47 17 25 47 21 7 33 31
0 6 40 29 42 38 2 24
0 11 25 39 28 25 46 28 0 20 25 20 23
1 16 6 40 11 37 4 0 45 24 26 44 4 49 44 34 10 34
0 3 7 19 44
1 21 6 40 44 42 10 37 42 39 23 47 0 20 15 43 0 26 43 0 26 43 0
0 27 42 2 12 14 37 33 40 25 1 29 0 39 24 42 44 34 10 37 47 40 39 16 26 20 39 45 41
1 26 6 7 19 46 26 41 42 1 1 1 1 1 1 1 24 21 6 26 17 47 34 10 34 13 7 19
1 19 25 37 37 40 47 16 26 14 41 42 24 5 25 46 15 28 0 5 8
1 21 25 37 37 40 39 39 25 6 14 37 14 37 40 29 47 31 18 49 17 9 4
1 13 6 25 42 11 42 37 39 15 43 0 26 43 0
1 36 14 37 40 39 39 29 25 20 4 40 40 20 42 25 47 17 40 15 10 42 15 44 23 4 49 44 38 38 19 39 42 46 9 19 10 6
1 8 25 39 10 40 29 26 6 4
0 5 39 7 6 43 43
0 19 6 7 5 31 18 49 12 17 28 14 0 18 49 49 10 20 15 43 0
0 3 15 10 14
0 17 25 35 1 24 42 24 21 6 26 41 41 42 24 42 1 24 5
0 6 0 20 0 21 6 6
0 5 28 6 21 40 47
0 2 25 32
1 16 25 39 10 1 0 1 0 3 27 40 3 23 32 7 39 12
1 8 14 37 6 14 9 9 26 27
0 7 41 35 11 10 25 38 47
1 12 6 48 35 49 34 10 34 13 44 35 40 43
1 17 0 20 29 25 6 14 37 0 20 25 3 34 46 13 23 26 31
0 2 10 20
1 9 25 35 24 35 1 1 1 24 5
1 32 40 42 25 25 3 38 9 10 49 11 49 11 26 21 9 10 39 10 37 38 38 38 9 46 13 48 39 6 25 47 17 44
0 9 25 2 12 6 42 46 1 40 43
1 18 40 39 47 48 25 39 10 1 25 2 12 6 25 47 48 14 37 25
0 3 29 22 4
1 28 40 47 48 40 29 47 31 20 42 38 39 42 11 25 20 4 18 49 49 17 14 14 9 25 46 15 9 4
0 2 25 32
1 6 40 42 11 29 47 27
1 27 0 5 32 31 1 6 3 39 10 49 15 11 37 4 17 3 34 46 42 46 13 46 20 42 9 10 10
1 31 14 37 0 20 47 31 18 49 49 49 49 49 49 17 9 6 46 20 39 29 25 20 4 40 29 17 6 40 15 43 0
1 14 6 7 14 18 35 24 35 24 5 6 46 5 32 27
1 9 14 37 25 35 1 24 5 6 42
0 3 42 37 25
1 12 40 39 29 25 1 3 35 3 23 45 41 30
0 30 14 28 16 37 40 46 39 42 39 29 39 42 42 25 25 21 6 35 6 6 35 6 6 46 6 6 35 35 35 6
1 10 14 37 0 20 39 47 17 35 35 40
1 7 25 35 24 21 19 46 14
0 11 40 13 43 0 26 43 25 0 26 43 0
1 17 14 37 25 7 42 24 35 1 24 42 1 1 24 42 24 5 4
1 10 40 25 3 46 15 43 0 26 43 0
1 17 14 37 6 23 18 21 5 17 40 34 46 23 47 14 37 6 36
1 7 14 37 14 37 40 47 27
0 10 40 39 15 43 26 43 0 35 43 0
0 2 29 17
1 7 6 23 26 17 48 39 4
0 22 14 37 25 39 28 6 14 18 35 24 35 1 24 21 19 27 23 45 41 21 31 29
0 5 7 39 14 9 44
1 21 0 5 2 20 33 27 26 49 49 17 28 40 42 37 25 1 3 44 32 7 0
1 6 40 29 47 16 26 0
1 20 40 39 39 47 21 27 3 35 40 5 45 44 12 27 35 1 0 18 17 14
1 19 25 46 15 10 1 6 46 18 17 14 9 40 42 37 29 39 29 25 39
1 8 0 1 0 18 49 49 17 45
0 2 15 8
0 2 43 32
0 9 6 35 3 26 8 40 9 9 9
0 3 6 42 1
1 7 40 42 37 39 15 43 0
0 8 0 42 9 10 10 10 6 27
0 9 0 23 3 36 22 46 34 26 27
1 15 0 5 2 39 45 41 46 14 40 40 40 40 40 40 40
0 24 25 46 15 45 45 45 18 0 5 45 44 32 23 32 26 49 17 28 25 37 37 40 47 27
1 8 0 1 25 37 37 0 18 17
0 17 0 3 44 32 34 25 3 9 16 26 14 19 14 49 37 40 4
0 11 43 6 12 21 3 37 46 28 46 43 0
0 13 45 14 37 14 37 6 23 6 18 24 5 6 44
0 18 25 37 40 42 25 42 25 47 48 36 1 37 5 44 41 31 8 27
0 13 6 36 6 14 15 37 40 1 29 15 0 21 0
0 3 41 16 14
0 5 28 6 21 40 47
1 24 6 14 18 5 6 3 49 11 49 44 13 7 5 17 25 42 11 29 29 42 38 15 43 0
0 18 14 37 6 36 20 39 42 15 44 4 38 48 38 39 40 3 6 25
0 7 14 37 1 41 11 6 36
1 10 40 29 29 47 17 7 14 9 26 27
0 17 25 35 1 24 42 24 21 6 26 41 41 42 24 42 1 24 5
0 7 32 0 40 31 17 40 45
1 8 0 3 44 12 31 16 26 0
0 35 14 37 25 37 37 0 29 49 44 47 0 5 2 39 45 41 27 35 18 49 17 28 40 40 39 39 15 43 0 26 43 0 26 43 0
0 8 14 37 40 42 9 10 46 10
1 11 40 42 38 47 21 7 14 35 39 12 30
1 22 0 3 23 45 41 31 21 7 33 27 35 1 6 14 9 26 35 14 35 33 31 27
1 15 25 35 24 42 1 1 24 35 1 24 5 25 2 12 4
0 5 22 23 26 35 0
1 9 0 40 18 49 17 45 14 9 25
0 2 30 34
1 17 0 29 49 44 38 38 38 19 15 34 10 34 13 42 49 35 40
0 5 1 49 0 3 34
0 9 40 29 42 37 25 27 40 18 0
1 8 14 37 6 25 25 6 0 29
0 9 0 23 3 36 22 46 34 26 27
0 17 0 29 17 3 46 15 43 0 26 43 0 26 43 0 4 43 0
1 8 40 39 39 39 42 9 10 10
0 10 33 37 21 6 47 25 42 47 36 30
1 11 0 40 40 1 25 37 37 25 37 37 4
1 5 40 47 35 20 14
1 15 6 40 11 26 46 42 38 42 11 25 1 3 23 45 41
0 13 22 46 29 17 20 48 21 19 38 9 10 26 21
1 6 40 42 37 47 41 5
0 2 29 17
0 5 40 15 15 43 1
1 14 14 37 0 18 49 49 49 49 49 17 9 40 25 39
1 11 40 42 11 29 29 15 43 0 26 43 0
1 5 14 37 0 3 36
0 7 25 23 35 24 38 5 4
1 13 0 1 6 42 43 11 1 1 1 1 35 40 49
1 13 25 35 1 1 24 35 24 35 1 24 42 24 5
1 61 14 37 25 39 45 14 45 28 40 42 25 25 20 39 38 49 44 42 39 23 4 18 42 39 23 46 25 6 40 47 17 3 39 10 34 23 34 10 49 15 34 46 13 3 26 42 44 9 19 34 10 37 47 14 37 0 3 36 22 7 0
0 8 42 46 11 47 35 9 45 0
1 12 25 2 12 0 5 45 7 9 21 34 26 33
0 23 40 39 47 31 29 0 4 3 26 49 17 0 0 18 17 28 25 39 9 40 29 47 35
1 6 40 42 37 47 41 5
0 14 25 9 14 37 0 42 29 44 4 26 9 21 31 35
1 6 0 5 47 35 1 4
0 22 6 40 10 18 39 23 34 7 46 42 46 23 21 39 20 32 25 2 12 14 37 4
0 5 6 25 10 39 29
1 4 0 18 17 45
0 8 43 47 17 48 47 39 13 44
1 38 40 47 17 40 15 15 39 42 46 42 46 42 46 42 10 37 46 15 43 0 26 43 0 26 43 0 26 43 0 26 43 0 26 43 0 26 43 0
0 9 40 35 11 39 39 25 39 37 47
0 12 29 25 7 42 42 33 1 35 4 31 24 11
1 8 14 37 40 39 25 20 39 24
1 23 0 29 49 44 46 42 38 47 21 36 22 36 22 27 40 40 18 17 14 14 28 6 14
0 4 19 15 43 0
1 2 25 39
0 3 15 43 0
0 3 6 28 42
0 10 0 18 17 20 15 42 0 26 43 0
0 2 19 44
0 28 14 37 40 25 20 23 12 38 28 26 3 34 10 8 34 29 49 10 42 11 34 13 25 6 6 7 19 30
0 3 25 44 22
1 11 40 25 3 46 39 39 39 39 15 43 0
1 11 6 3 37 42 34 10 26 47 0 1 4
1 5 0 3 7 20 33
0 3 15 43 0
1 21 0 20 42 38 25 3 4 0 23 38 0 23 38 17 20 4 18 49 17 28 4
0 19 6 7 14 18 35 24 1 24 42 24 42 1 1 1 24 35 24 5 4
0 12 47 48 10 29 17 21 6 6 6 35 6 6
1 12 40 29 39 47 16 26 20 20 39 32 7 0
0 19 40 47 17 40 11 39 46 23 38 39 25 2 12 25 37 37 6 23 36
0 8 40 29 29 25 21 35 30 14
0 2 30 34
0 7 9 40 42 2 37 33 9
1 6 25 39 9 14 37 25
1 27 14 37 14 37 25 39 45 9 25 2 12 25 7 21 6 26 31 40 40 1 0 40 1 0 1 25 47
1 8 40 39 25 3 46 15 43 0
1 11 40 42 11 29 29 15 43 0 26 43 0
1 6 6 47 4 18 34 46
1 31 14 37 25 46 15 45 45 10 29 18 38 35 37 6 0 29 0 31 38 17 3 21 38 9 46 13 36 21 6 6 35
0 8 6 40 14 34 46 7 14 9
1 15 0 1 25 7 21 14 18 5 40 47 31 20 15 43 0
0 23 0 5 47 7 9 48 36 14 9 18 42 1 24 35 24 5 6 25 47 35 33 27 36
1 14 6 40 39 23 21 38 9 10 26 6 0 5 32 27
0 9 0 18 17 45 22 20 15 43 0
1 36 14 37 40 39 39 29 25 20 4 40 40 20 42 25 47 17 40 15 10 42 15 44 23 4 49 44 38 38 19 39 42 46 9 19 10 6
1 19 40 42 38 29 15 43 0 26 43 0 26 43 0 26 43 0 26 43 0
0 3 42 18 4
0 2 40 6
0 2 35 28
0 24 25 46 15 45 45 45 18 0 5 45 44 32 23 32 26 49 17 28 25 37 37 40 47 27
1 7 40 29 42 25 29 47 48
0 7 9 40 42 2 37 33 9
1 8 14 37 6 42 37 23 40 49
1 59 6 46 1 6 46 29 18 42 15 34 46 42 46 9 35 39 46 13 40 39 9 35 37 42 39 13 47 21 38 39 40 29 42 37 47 41 42 24 42 1 24 35 24 42 1 24 5 0 20 39 39 47 17 25 47 21 7 33 31
0 2 48 2
0 12 2 40 15 43 0 26 37 43 0 26 43 0
0 5 10 25 11 12 47
0 22 15 43 0 26 43 0 21 43 0 26 8 0 26 43 0 26 6 43 0 46 26 0
1 8 6 46 3 44 45 41 46 14
1 26 0 1 40 47 21 23 32 26 49 17 45 10 3 26 49 17 14 9 14 37 25 39 45 9 6 35
1 40 0 40 20 42 37 39 29 39 42 25 47 17 36 3 47 6 46 20 47 21 34 26 39 32 26 17 28 25 37 37 25 35 1 1 24 35 24 21 14 9
1 8 25 39 9 40 42 9 10 10
1 12 14 37 0 20 25 39 40 29 29 15 43 0
0 25 40 25 6 25 37 37 14 37 6 40 44 23 47 0 5 32 16 26 39 32 34 28 20 33 30
0 15 40 42 37 42 25 25 36 31 3 34 26 39 45 41 30
1 27 25 2 12 25 39 28 6 36 39 0 3 35 40 3 7 39 32 26 49 49 17 28 40 25 3 34 46
1 14 6 40 39 23 21 38 9 10 26 6 0 5 32 27
1 11 14 37 0 18 49 49 49 49 17 9 4
0 46 14 37 25 7 35 1 1 24 35 20 1 1 1 1 1 24 42 1 1 24 0 1 1 1 24 21 14 26 17 3 26 34 10 49 34 46 23 42 15 44 9 39 12 2 12 4
0 9 0 40 5 5 8 18 17 9 4
1 8 40 29 25 1 3 44 12 30
1 15 0 3 27 1 40 39 15 43 0 26 43 0 26 43 0
0 2 3 41
0 21 40 47 41 5 48 0 1 0 1 25 39 28 14 37 6 47 38 9 46 13 9
1 22 14 37 40 25 6 0 18 49 49 49 49 49 49 17 14 9 0 20 47 35 33 30
1 12 6 23 9 26 31 29 0 0 47 0 1 4
0 2 33 33
1 44 6 3 26 34 46 42 46 23 47 0 40 3 26 49 17 28 40 25 21 35 6 35 35 6 35 6 35 35 35 35 35 35 6 6 35 35 6 35 6 6 6 6 6 6
0 2 37 4
1 7 6 7 6 35 46 43 40
1 7 40 47 17 46 18 17 28
0 5 20 39 15 43 0
0 3 32 28 6
1 10 25 7 21 14 26 21 26 17 14 10
1 4 14 37 40 47
1 11 0 40 20 39 29 47 48 0 5 32 27
1 27 14 37 25 46 15 14 45 10 18 17 14 45 28 6 23 26 48 0 29 49 44 4 49 44 46 47 27
1 10 0 18 17 10 5 45 23 45 41 30
1 8 25 39 28 25 2 12 25 47
0 11 14 37 0 18 17 9 0 47 16 26 20
0 2 25 12
0 11 37 6 24 36 24 9 10 10 10 10 10
1 8 6 46 18 49 49 17 14 10
0 8 25 7 5 14 36 37 14 19
1 12 6 36 39 0 20 42 25 42 38 15 43 0
1 8 0 20 42 37 25 6 25 47
0 5 5 32 37 40 40
0 3 38 22 47
0 13 6 36 6 14 15 37 40 1 29 15 0 21 0
0 23 40 39 47 31 29 0 4 3 26 49 17 0 0 18 17 28 25 39 9 40 29 47 35
1 11 0 29 49 44 6 0 1 40 29 47 27
1 18 0 20 29 47 41 35 24 42 1 24 42 24 35 1 24 21 19 30
0 10 0 10 3 23 12 31 29 0 45 24
0 4 19 15 43 0
1 5 6 48 38 39 4
0 6 0 1 33 37 37 25
0 1 14
1 13 25 7 42 24 5 25 7 42 1 24 21 5 27
1 50 0 18 49 49 17 10 18 17 9 6 36 3 6 0 20 39 29 42 25 47 31 18 49 17 10 1 25 35 1 1 24 35 1 24 5 25 35 1 1 1 24 35 1 24 21 19 31 16 26 0
1 14 0 20 42 38 29 47 31 3 26 49 49 17 9 25
1 13 6 36 20 45 38 18 21 9 46 23 21 39 4
1 20 40 29 47 17 7 19 27 26 17 14 28 0 40 40 40 1 0 40 20 25
0 7 0 20 39 29 39 15 43
1 11 40 47 16 26 14 48 6 35 35 40 43
1 26 6 7 19 46 26 41 42 1 1 1 1 1 1 1 24 21 6 26 17 47 34 10 34 13 7 19
1 28 0 20 47 41 21 5 35 9 35 33 31 16 26 33 31 35 20 39 32 27 20 25 3 34 10 37 47 4
1 21 0 5 2 20 33 27 26 49 49 17 28 40 42 37 25 1 3 44 32 7 0
0 8 6 22 14 40 25 15 43 0
1 11 0 40 40 1 25 37 37 25 37 37 4
0 11 25 37 37 6 3 15 12 46 15 43 0
1 28 40 47 48 40 29 47 31 20 42 38 39 42 11 25 20 4 18 49 49 17 14 14 9 25 46 15 9 4
1 12 40 29 39 15 43 0 26 43 0 26 43 0
1 3 40 47 27
1 8 40 39 25 3 46 15 43 0
1 7 6 14 26 31 18 49 17
0 8 6 44 35 40 9 9 22 9
1 48 14 37 6 3 49 39 23 46 47 41 35 1 1 24 35 24 21 6 26 31 40 29 18 38 38 9 46 23 21 39 6 25 29 15 43 0 26 43 0 26 43 0 26 43 0 26 43 0
0 3 25 44 22
1 11 6 25 15 43 0 26 43 0 26 43 0
0 9 36 2 12 5 42 37 9 10 42
0 13 0 1 3 45 23 27 45 41 46 14 40 40 40
1 19 6 36 1 20 15 43 0 26 43 0 26 43 0 26 43 0 26 43 0
1 11 40 47 16 26 14 48 6 35 35 40 43
0 6 0 44 30 22 7 14
1 26 25 39 14 9 0 1 14 37 25 35 1 1 24 42 24 21 6 35 27 35 29 18 21 39 14 37
0 3 38 22 47
0 16 0 5 32 41 35 38 12 1 24 7 36 14 26 5 45 36
1 12 0 20 29 15 43 0 26 43 0 26 43 0
1 11 0 29 26 21 35 35 6 6 35 35 6
1 3 25 39 28
0 25 40 29 29 42 38 47 16 14 21 34 26 9 17 48 35 49 34 46 9 38 35 26 34 3 46
0 22 14 37 25 39 28 6 14 18 35 24 35 1 24 21 19 27 23 45 41 21 31 29
1 25 14 37 0 29 0 31 24 26 44 42 11 49 11 37 4 49 44 4 18 47 6 36 3 47 4
0 21 14 37 40 47 16 26 9 31 3 36 22 26 17 10 1 20 6 44 35 40 43
0 3 49 48 14
0 3 49 38 4
1 9 25 37 37 6 23 18 5 14 37
0 13 42 1 39 29 47 17 44 35 40 43 34 9 9
1 14 0 20 42 38 29 47 31 3 26 49 49 17 9 25
1 7 0 18 49 17 10 1 4
0 3 6 41 14
1 26 40 29 42 25 39 39 47 35 14 16 26 9 41 42 24 42 24 21 6 26 35 20 20 9 16 26
0 10 6 35 35 40 43 47 9 9 9 9
0 2 36 6
1 27 14 37 14 37 25 39 45 9 25 2 12 25 7 21 6 26 31 40 40 1 0 40 1 0 1 25 47
0 8 0 42 9 10 10 10 6 27
1 10 14 37 6 46 20 39 29 15 43 0
1 12 40 39 29 25 1 3 35 3 23 45 41 30
1 14 40 42 38 25 6 40 39 29 47 17 25 25 6 4
0 10 6 14 27 5 40 39 15 23 43 0
1 2 25 39
1 17 14 37 0 5 47 27 18 17 10 20 42 25 42 25 15 43 0
1 20 40 25 39 40 42 38 25 20 4 20 39 29 29 25 21 6 6 35 6 6
1 43 25 37 37 6 48 38 39 0 18 49 17 28 0 3 26 17 45 9 25 35 24 21 14 18 42 24 21 5 17 3 34 23 21 39 14 37 40 39 29 29 15 43 0
0 18 14 37 6 36 20 39 42 15 44 4 38 48 38 39 40 3 6 25
0 17 14 37 40 39 42 25 29 39 25 9 49 3 26 17 45 45 9
0 29 14 37 0 20 47 16 26 14 16 26 9 48 40 15 43 26 0 26 43 0 26 43 0 26 43 0 26 43 0
1 9 6 36 3 6 25 2 12 6 44
1 14 40 47 21 23 45 41 27 27 29 18 46 15 43 0
0 11 32 37 14 23 37 6 3 45 6 6 35
0 25 14 37 14 37 14 37 40 29 29 42 38 18 25 20 4 29 17 1 18 17 14 9 25 37 37
0 6 14 37 39 37 37 25
1 42 14 37 40 47 21 36 22 23 45 41 31 21 26 17 10 18 17 9 40 29 39 47 48 0 29 49 44 6 0 5 32 48 25 35 1 24 21 6 26 35 9 27
0 11 25 39 28 25 46 28 0 20 25 20 23
1 11 0 29 49 44 6 0 1 40 29 47 27
0 14 25 7 49 34 24 35 1 1 24 21 19 28 35 30
0 5 25 46 1 45 28
0 14 0 23 49 44 4 49 20 15 9 46 13 35 35 40
0 29 0 1 11 29 18 33 39 3 35 5 2 39 12 31 41 42 1 24 42 24 35 1 24 42 24 42 24 5 4
1 10 6 42 37 23 40 49 35 40 43 9
0 15 14 37 0 29 18 6 40 42 45 6 42 38 15 43 0
0 8 25 35 4 24 47 25 2 4
0 7 6 20 31 24 26 44 47
1 11 14 37 40 42 37 25 21 6 6 35 35
0 9 0 40 5 5 8 18 17 9 4
0 2 18 41
1 12 0 29 26 21 35 6 6 6 35 35 6 6
1 16 6 42 43 24 40 43 11 1 35 40 37 23 40 49 35 40
0 4 37 26 47 27
1 6 6 25 39 29 47 27
1 11 6 23 9 18 5 14 37 40 25 6 4
1 40 0 40 20 42 37 39 29 39 42 25 47 17 36 3 47 6 46 20 47 21 34 26 39 32 26 17 28 25 37 37 25 35 1 1 24 35 24 21 14 9
0 3 14 20 48
0 9 0 29 18 27 39 37 38 39 25
0 2 23 4
1 7 40 42 37 47 35 33 30
0 3 22 30 33
1 4 25 39 14 28
1 5 14 37 0 3 36
1 31 14 37 0 20 47 31 18 49 49 49 49 49 49 17 9 6 46 20 39 29 25 20 4 40 29 17 6 40 15 43 0
1 24 25 7 5 0 1 14 37 25 35 24 42 1 1 1 24 5 6 3 37 4 17 20 39 38
0 28 14 37 40 25 20 23 12 38 28 26 3 34 10 8 34 29 49 10 42 11 34 13 25 6 6 7 19 30
1 18 14 37 14 37 25 35 1 1 1 24 5 14 37 0 18 49 17 14
1 12 0 20 25 1 1 0 20 42 38 29 47 48
0 6 24 38 20 39 25 21
0 4 14 40 29 47
0 3 30 2 4
1 11 14 37 40 42 37 25 21 6 6 35 35
0 3 7 14 37
1 10 0 18 17 45 14 10 29 26 21 35
0 33 25 37 37 0 17 45 9 6 25 15 43 0 26 43 0 12 43 0 26 43 0 26 43 0 26 43 0 26 43 0 26 43 0
0 5 1 49 0 3 34
1 39 0 40 40 29 17 3 34 10 37 38 39 14 37 6 3 37 46 47 21 35 3 34 26 14 41 42 24 35 24 42 1 1 24 42 24 21 5 35 0
1 9 40 42 37 15 43 0 26 43 0
0 3 46 23 14
1 10 6 25 42 11 25 3 46 29 47 27
1 16 14 37 25 7 21 6 26 16 26 39 12 27 34 26 14 27
0 8 6 40 14 34 46 7 14 9
1 34 0 20 42 25 25 20 33 48 6 0 1 40 42 25 39 29 15 43 0 26 43 0 26 43 0 26 43 0 26 43 0 26 43 0
1 18 40 42 11 39 29 25 3 42 10 46 47 35 39 32 35 1 25 46
1 13 6 46 40 3 35 1 0 18 49 49 49 49 17
1 6 6 3 34 13 42 49
1 6 0 1 40 25 39 4
1 42 14 37 40 47 21 36 22 23 45 41 31 21 26 17 10 18 17 9 40 29 39 47 48 0 29 49 44 6 0 5 32 48 25 35 1 24 21 6 26 35 9 27
0 7 25 23 35 24 38 5 4
0 4 37 13 42 37
0 16 25 36 37 37 6 42 37 23 40 15 34 25 35 40 1 40
1 16 14 37 0 29 49 44 4 49 44 34 46 9 9 46 13 35
1 31 14 37 25 46 15 45 45 10 29 18 38 35 37 6 0 29 0 31 38 17 3 21 38 9 46 13 36 21 6 6 35
1 12 14 37 0 1 0 3 36 22 23 32 23 12
1 27 14 37 25 46 15 14 45 10 18 17 14 45 28 6 23 26 48 0 29 49 44 4 49 44 46 47 27
1 39 14 37 14 37 6 48 19 15 34 10 49 44 13 25 25 39 6 47 4 26 6 0 18 49 49 49 49 17 10 40 18 49 49 17 9 6 36 39 4
1 9 0 40 18 49 17 45 14 9 25
1 11 6 3 37 42 34 10 26 47 0 1 4
1 11 40 39 42 11 25 39 25 46 15 45 28
1 9 0 3 26 17 10 40 18 49 17
1 9 25 7 5 40 29 25 20 23 24
1 25 14 37 0 5 8 29 26 20 4 3 23 32 26 17 9 40 39 39 42 37 42 37 47 35 0
0 2 11 8
0 26 40 39 39 42 11 29 39 29 15 0 26 43 0 26 43 0 26 43 0 26 43 0 1 26 43 0
1 23 0 29 26 1 20 25 20 4 18 49 17 28 40 25 39 6 47 46 39 29 15 43 0
1 16 6 3 39 10 34 23 42 39 42 10 26 4 26 1 3 36
1 23 14 37 25 35 24 21 19 46 35 27 27 40 20 39 42 11 42 11 47 21 44 45 41
0 6 14 6 8 37 25 25
1 6 40 42 11 29 47 27
0 10 6 47 6 0 18 49 18 17 11 9
1 27 6 25 29 39 42 37 25 3 21 35 34 23 38 39 25 2 12 40 47 31 29 26 20 4 3 27 1
1 4 0 5 8 5
0 6 40 29 42 38 2 24
1 19 0 3 44 32 23 32 35 3 35 29 18 42 10 6 6 7 5 16 26
0 3 0 18 4
0 6 0 20 0 21 6 6
0 11 0 8 20 39 39 15 43 0 26 43 28
1 28 14 37 0 5 2 14 48 25 39 10 20 25 20 0 46 42 25 29 47 21 34 26 33 46 43 40 40 40
0 5 40 15 43 22 0
1 11 14 37 25 35 24 42 24 35 24 21 14
0 5 0 5 25 32 27
1 8 25 39 28 25 2 12 25 47
1 6 14 37 40 25 21 6
0 7 25 48 28 11 25 39 14
1 32 6 40 34 46 23 6 25 7 35 24 35 1 1 24 42 1 24 21 5 17 47 6 6 36 3 4 18 47 0 1 25 47
0 5 29 0 29 3 12
1 11 40 29 25 20 0 47 6 25 15 43 0
1 11 40 29 25 20 0 47 6 25 15 43 0
0 4 22 6 0 11
0 8 42 46 11 47 35 9 45 0
1 7 6 23 26 17 48 39 4
1 47 6 14 18 42 1 24 42 1 24 42 1 1 24 5 40 29 29 25 20 4 29 0 33 48 34 46 13 42 37 23 40 1 40 37 3 3 3 23 40 43 45 23 40 43 45 23 40
1 8 14 37 14 37 14 37 25 47
1 10 0 5 47 27 40 29 17 1 40 29
1 6 0 29 17 39 25 47
1 10 25 35 24 42 1 24 5 6 23 9
0 7 28 12 6 45 24 23 9
1 18 40 42 37 42 11 47 21 35 29 0 31 38 49 44 46 15 43 0
1 9 0 29 0 4 40 1 14 37 4
1 10 6 42 37 23 40 49 35 40 43 9
0 9 20 39 39 42 38 15 39 25 39
0 17 14 37 0 5 32 35 9 17 46 18 49 49 49 17 14 9 5
1 41 6 48 19 44 23 38 38 39 40 47 41 42 1 1 1 1 1 1 24 35 24 21 6 26 41 42 24 5 14 37 25 2 12 25 35 24 35 24 21 5 27
1 12 0 5 32 16 26 20 33 31 31 1 0 1
0 22 0 29 17 6 40 29 42 11 42 37 47 48 29 2 12 40 15 43 0 26 43 0
1 14 0 18 17 14 10 20 39 39 39 25 6 14 37 4
1 14 14 37 0 18 49 49 49 49 49 17 9 40 25 39
0 6 6 47 16 23 45 33
0 6 6 36 21 39 14 37
0 11 14 37 40 15 43 0 26 43 10 44 0
0 5 25 15 15 1 4
1 18 6 3 49 11 39 10 26 34 10 26 21 19 10 42 15 10 6 4
0 4 48 36 31 46
1 10 0 29 49 44 47 6 25 42 9 10
1 23 6 42 37 3 3 3 23 40 37 3 23 40 37 3 3 3 3 3 3 3 23 40 49
0 25 40 29 29 42 38 47 16 14 21 34 26 9 17 48 35 49 34 46 9 38 35 26 34 3 46
1 13 6 36 20 45 38 18 21 9 46 23 21 39 4
0 10 33 37 21 6 47 25 42 47 36 30
0 11 42 14 37 14 37 0 20 7 39 47 27
1 37 25 37 37 6 48 38 38 9 46 42 10 49 15 39 23 46 39 47 31 29 0 0 34 10 37 42 15 39 13 7 6 43 40 40 40 40 40
0 8 43 47 17 48 47 39 13 44
0 18 25 37 40 42 25 42 25 47 48 36 1 37 5 44 41 31 8 27
0 2 47 24
0 16 0 5 32 41 35 38 12 1 24 7 36 14 26 5 45 36
0 5 0 20 6 33 46
0 6 0 1 33 37 37 25
0 6 6 47 16 23 45 33
1 7 0 18 49 17 10 1 4
1 8 6 46 3 35 1 14 37 4
0 7 14 37 37 37 40 47 27
0 6 24 38 20 39 25 21
1 6 0 29 17 39 25 47
0 3 26 37 42
1 5 40 25 21 35 6
0 4 40 25 21 38
1 4 40 25 21 6
1 26 0 1 40 47 21 23 32 26 49 17 45 10 3 26 49 17 14 9 14 37 25 39 45 9 6 35
1 17 0 20 29 25 6 14 37 0 20 25 3 34 46 13 23 26 31
1 10 40 47 21 34 26 33 46 14 40 40
1 18 25 39 45 28 0 40 40 1 40 29 42 11 15 43 0 26 43 0
1 20 14 37 6 14 26 31 18 17 45 45 10 40 20 29 39 39 29 15 43 0
0 9 40 29 42 37 25 27 40 18 0
1 11 6 47 21 9 46 13 36 39 6 7 14
0 24 0 1 0 18 40 1 40 29 15 43 0 26 43 39 26 43 0 26 43 0 1 26 43 0
1 10 25 35 24 35 24 35 1 24 5 4
0 9 40 35 11 39 39 25 39 37 47
1 7 25 37 37 25 39 9 4
1 8 0 5 45 26 17 28 25 47
1 12 40 29 39 42 37 42 25 39 42 25 47 27
1 5 25 39 10 20 25
0 2 37 4
0 6 37 21 29 25 10 12
0 12 40 29 29 15 43 0 26 43 34 26 43 0
1 11 14 37 25 35 24 42 24 35 24 21 14
1 14 0 20 15 43 0 26 43 0 26 43 0 26 43 0
0 2 30 4
1 37 25 7 42 24 42 24 5 14 37 14 37 25 35 1 24 42 1 1 1 24 35 1 24 35 24 5 0 1 14 37 14 37 6 44 35 40 43
0 16 14 0 37 40 29 29 39 42 25 47 14 26 20 33 14 27
0 7 0 19 26 18 49 12 18
0 28 0 18 49 49 49 17 10 20 25 20 45 24 26 44 46 44 47 48 0 3 23 32 23 45 41 46 43 40
1 8 40 39 39 39 42 9 10 10
0 13 0 3 23 22 35 18 1 14 37 37 40 47 27
0 4 36 25 46 47
0 11 13 14 37 40 39 39 42 38 47 16 26
0 7 6 44 35 40 43 5 9
1 16 0 20 42 25 15 43 0 26 43 0 26 43 0 26 43 0
0 2 14 14
1 23 40 47 16 26 20 9 21 35 40 20 39 15 43 0 26 43 0 26 43 0 26 43 0
0 9 14 37 19 6 44 35 22 43 9
0 16 40 39 39 42 39 25 36 25 7 47 14 26 35 6 20 33
1 26 40 39 15 43 0 26 43 0 26 43 0 26 43 0 26 43 0 26 43 0 26 43 0 26 43 0
0 2 18 6
1 8 25 35 24 5 40 25 21 35
0 10 14 37 40 39 29 15 43 0 26 43
1 11 25 37 37 0 40 29 0 23 38 18 4
1 7 25 37 37 0 18 17 28
1 8 25 35 24 5 40 25 21 35
1 11 6 14 26 48 40 15 43 0 26 43 0
0 8 14 37 40 42 9 10 46 10
0 20 14 37 40 42 42 11 25 3 21 38 10 26 4 26 20 23 38 6 25 47
0 7 0 19 26 18 49 12 18
1 10 0 5 2 39 45 41 46 14 40 40
1 17 40 39 42 37 39 15 43 0 26 43 0 26 43 0 26 43 0
1 6 6 3 34 13 42 49
1 20 40 29 47 17 7 19 27 26 17 14 28 0 40 40 40 1 0 40 20 25
0 46 6 47 38 19 39 9 38 19 11 49 11 26 38 38 38 19 44 23 6 25 35 1 1 1 24 5 25 7 5 25 39 45 45 9 40 29 29 39 15 43 0 26 43 26 43 0
1 7 0 29 18 47 14 37 4
1 10 0 29 49 44 47 6 25 42 9 10
0 8 30 6 1 40 15 43 25 19
0 3 27 16 35
1 8 0 20 42 37 25 6 25 47
1 17 14 37 0 5 47 27 18 17 10 20 42 25 42 25 15 43 0
0 2 14 14
1 9 0 3 26 17 10 40 18 49 17
0 2 47 27
0 28 6 7 14 9 26 31 18 17 10 40 20 47 48 6 7 14 18 42 1 24 35 1 1 36 24 21 19 46
1 5 0 1 0 1 4
1 15 40 29 39 25 3 46 15 43 0 26 43 0 26 43 0
0 10 6 47 6 0 18 49 18 17 11 9
1 31 6 48 38 39 14 37 25 2 12 6 3 34 42 10 37 6 0 29 18 4 17 3 6 0 20 29 25 3 46 25 6
0 2 17 48
0 6 40 10 10 10 43 10
1 48 0 40 1 25 46 15 10 5 8 20 39 42 25 25 1 1 14 37 14 37 40 29 42 38 25 1 40 29 18 6 6 25 29 42 25 29 15 43 0 26 43 0 26 43 0 26 43 0
0 23 0 5 47 7 9 48 36 14 9 18 42 1 24 35 24 5 6 25 47 35 33 27 36
1 22 0 3 23 45 41 31 21 7 33 27 35 1 6 14 9 26 35 14 35 33 31 27
0 3 31 18 10
1 7 25 35 24 21 19 46 14
1 10 0 18 17 10 5 45 23 45 41 30
1 4 40 25 21 6
0 19 40 39 42 11 39 29 47 33 36 1 40 1 0 18 49 17 9 14 37
0 17 0 29 17 3 46 15 43 0 26 43 0 26 43 0 4 43 0
1 5 0 29 26 1 40
0 2 18 41
1 8 14 37 6 14 9 9 26 27
1 3 40 47 27
1 3 6 36 1
1 12 14 37 14 37 0 29 0 4 3 34 26 33
0 8 6 4 3 26 38 38 9 7
0 4 40 25 21 38
0 3 15 10 14
0 3 14 11 4
1 15 0 5 32 17 25 29 39 29 42 25 29 39 25 39 4
0 8 6 22 14 40 25 15 43 0
0 2 25 12
1 5 40 42 25 42 9
1 21 14 37 25 2 12 0 3 36 22 7 33 27 26 49 17 28 40 42 38 47 27
0 5 40 15 15 43 1
1 9 6 36 3 6 25 2 12 6 44
1 6 6 23 26 21 27 5
1 10 0 3 27 3 36 22 44 32 44 12
1 7 40 42 37 47 35 33 30
1 15 25 39 14 9 25 46 15 10 18 49 17 10 3 7 33
0 4 36 25 46 47
0 2 47 27
1 9 0 3 7 33 27 35 3 7 0
0 9 36 2 12 5 42 37 9 10 42
0 20 14 37 40 42 42 11 25 3 21 38 10 26 4 26 20 23 38 6 25 47
1 11 6 46 18 17 14 28 25 46 15 28 4
1 8 6 36 6 40 42 37 47 27
1 14 6 47 6 40 42 37 39 39 39 42 25 25 6 0
1 6 25 39 10 1 6 23
0 4 47 35 27 4
1 13 0 1 0 29 26 3 21 38 38 35 34 13 35
1 12 0 20 25 1 1 0 20 42 38 29 47 48
1 9 25 2 12 14 37 40 15 43 0
0 12 0 3 27 29 17 8 46 15 0 13 43 0
0 12 14 37 25 8 39 45 9 0 20 12 11 25
0 19 25 37 37 30 40 42 11 15 43 0 26 43 0 26 43 0 26 43 0
0 3 6 28 42
0 2 6 2
1 17 14 37 25 7 42 24 35 1 24 42 1 1 24 42 24 5 4
0 4 31 14 31 4
1 6 0 5 47 7 20 0
0 18 25 35 24 35 1 24 30 5 40 25 20 8 0 42 15 11 22 16
1 34 6 23 26 17 46 40 29 49 44 34 10 49 10 38 38 38 38 19 39 42 46 9 35 26 34 10 49 44 9 38 39 14 37 4
1 16 40 39 29 29 29 25 39 6 42 37 3 23 40 49 35 40
1 8 6 46 3 44 12 46 26 27
0 7 40 15 43 0 26 43 25
0 6 34 6 46 18 25 41
1 18 0 20 25 20 39 38 18 4 0 31 24 26 44 42 34 10 39 46
1 11 25 37 37 40 29 29 39 25 20 39 38
0 15 0 29 0 4 20 11 47 16 26 14 17 27 21 6 4
0 13 42 1 39 29 47 17 44 35 40 43 34 9 9
1 3 0 3 35
1 18 6 3 49 11 39 10 26 34 10 26 21 19 10 42 15 10 6 4
1 2 25 39
1 7 14 37 25 2 12 25 47
0 3 41 47 35
1 5 40 29 47 35 20
0 7 46 37 7 19 31 16 17
1 11 14 37 0 18 49 49 49 49 17 9 4
0 25 38 6 3 34 13 25 47 17 7 18 9 9 18 42 24 6 1 1 24 35 24 21 32 14 9
1 47 6 14 18 42 1 24 42 1 24 42 1 1 24 5 40 29 29 25 20 4 29 0 33 48 34 46 13 42 37 23 40 1 40 37 3 3 3 23 40 43 45 23 40 43 45 23 40
1 10 14 37 25 35 1 1 24 21 6 43
1 5 25 39 9 25 47
0 7 41 35 11 10 25 38 47
0 13 14 37 0 20 42 38 15 43 0 26 29 43 0
0 2 14 21
1 6 6 47 4 18 34 46
0 5 14 37 6 35 40
0 6 40 42 42 37 42 47
0 18 40 15 43 0 43 0 20 43 0 26 43 0 26 43 0 26 43 0
1 18 6 7 14 9 18 5 14 37 40 15 43 0 26 43 0 26 43 0
1 15 25 7 35 1 1 1 1 24 42 1 1 24 21 5 27
1 31 6 48 38 39 14 37 25 2 12 6 3 34 42 10 37 6 0 29 18 4 17 3 6 0 20 29 25 3 46 25 6
1 8 14 37 40 39 25 20 39 24
1 7 25 37 37 25 39 9 4
0 2 13 41
0 11 14 37 40 15 43 0 26 43 10 44 0
0 29 14 37 6 42 37 3 3 23 40 1 40 1 40 1 40 37 23 40 1 40 3 23 40 43 34 1 35 40 49
1 6 14 37 40 25 6 0
1 37 25 37 37 6 48 38 38 9 46 42 10 49 15 39 23 46 39 47 31 29 0 0 34 10 37 42 15 39 13 7 6 43 40 40 40 40 40
1 10 14 37 25 35 1 1 24 21 6 43
1 22 14 37 6 40 15 44 23 38 38 19 44 42 10 39 10 37 34 10 26 4 18 6
0 13 40 15 43 0 26 43 17 0 26 43 0 43 36
1 20 6 47 47 14 37 0 29 49 44 46 47 41 21 6 43 40 40 40 40 40
0 15 25 37 35 37 40 25 3 6 40 42 9 10 10 10 10
1 24 0 29 49 44 42 44 23 42 15 10 34 10 26 6 6 35 35 40 43 9 9 9 9 9
1 34 0 20 42 25 25 20 33 48 6 0 1 40 42 25 39 29 15 43 0 26 43 0 26 43 0 26 43 0 26 43 0 26 43 0
0 2 27 12
0 8 3 47 40 16 26 14 21 7
1 7 25 2 12 25 46 15 45
0 25 14 37 14 37 14 5 14 37 40 42 11 29 25 36 1 20 25 21 35 6 6 6 6 6 6
0 3 42 37 25
1 23 0 29 26 1 20 25 20 4 18 49 17 28 40 25 39 6 47 46 39 29 15 43 0
1 18 25 39 45 28 0 40 40 1 40 29 42 11 15 43 0 26 43 0
0 29 14 37 0 20 47 16 26 14 16 26 9 48 40 15 43 26 0 26 43 0 26 43 0 26 43 0 26 43 0
0 3 49 48 14
0 4 31 14 31 4
1 12 40 25 39 6 44 35 40 43 9 9 9 9
1 12 25 7 21 19 46 35 46 35 31 21 44 12
1 8 0 3 26 17 45 9 6 35
0 3 32 28 6
1 26 0 18 49 17 45 9 14 37 14 37 14 37 0 5 47 26 17 45 45 9 14 37 40 42 9 10
1 22 6 40 15 44 9 38 35 26 34 46 9 35 49 39 23 34 10 26 4 26 6 4
0 2 40 6
1 7 25 2 12 6 14 26 27
0 5 10 25 11 12 47
0 3 41 16 14
1 11 6 47 21 9 46 13 36 39 6 7 14
1 8 0 5 47 27 20 29 47 27
0 13 0 3 23 22 35 18 1 14 37 37 40 47 27
1 5 6 46 18 17 45
1 12 0 29 26 21 35 6 6 6 35 35 6 6
0 8 25 7 5 14 36 37 14 19
1 21 14 37 40 29 42 25 15 43 0 26 43 0 26 43 0 26 43 0 26 43 0
1 48 0 40 1 25 46 15 10 5 8 20 39 42 25 25 1 1 14 37 14 37 40 29 42 38 25 1 40 29 18 6 6 25 29 42 25 29 15 43 0 26 43 0 26 43 0 26 43 0
1 12 0 40 1 14 37 40 15 43 0 26 43 0
0 2 7 9
1 10 40 25 3 46 15 43 0 26 43 0
1 5 25 39 14 28 4
1 43 0 20 25 6 0 29 0 33 48 38 38 19 34 10 37 21 38 9 46 9 35 34 13 46 5 8 18 49 49 49 17 45 10 18 49 17 10 5 47 36 22 44 12
0 12 0 3 27 29 17 8 46 15 0 13 43 0
