3137 5
0 4 1 1 2 4
1 2 0 4
0 14 3 4 4 3 4 1 3 0 3 4 2 2 3 3
1 2 0 4
0 5 1 1 0 3 1
0 7 0 2 2 3 2 0 2
0 9 1 1 0 4 0 2 3 0 2
0 12 1 3 2 1 2 4 0 0 0 1 2 4
0 5 0 2 4 0 1
0 3 1 2 0
0 9 0 3 3 1 1 2 3 1 2
1 2 0 4
1 4 1 1 0 0
0 14 3 0 3 4 3 3 4 1 3 3 4 2 3 4
1 4 0 3 2 0
1 13 3 2 0 3 3 1 0 4 4 2 2 0 2
1 6 0 1 0 3 2 3
0 8 1 3 1 4 1 4 3 3
0 6 1 0 1 3 0 2
0 5 3 0 2 1 2
1 11 1 1 0 0 3 3 2 0 3 4 1
1 7 3 2 3 4 2 2 4
1 6 1 2 1 2 1 4
0 19 0 1 0 1 3 0 1 4 4 2 4 2 2 4 3 3 2 3 3
1 5 0 2 1 2 0
0 9 0 3 1 2 2 2 2 2 0
0 5 3 4 2 4 1
1 8 1 3 2 2 1 2 4 1
0 4 1 3 3 4
0 7 2 1 0 2 4 4 2
1 8 0 3 2 1 0 1 0 0
0 4 4 3 4 4
1 12 3 3 1 4 4 0 3 1 0 4 0 2
0 7 1 2 3 2 0 3 2
0 3 1 3 2
0 4 1 1 0 2
1 2 0 4
0 3 2 0 1
0 4 4 1 4 0
1 3 3 0 1
1 19 1 1 4 3 3 2 0 0 2 0 2 0 1 4 3 3 3 2 4
0 4 4 3 4 3
0 3 1 3 4
1 7 2 0 2 0 2 1 3
0 4 3 1 0 4
1 9 3 4 3 2 4 0 4 0 4
1 4 3 4 2 1
0 9 0 1 0 2 4 2 0 0 0
0 5 0 3 4 0 3
1 10 0 2 1 2 3 2 3 2 4 1
0 9 0 3 3 1 1 2 3 1 2
1 10 0 1 0 1 0 1 0 3 4 1
1 24 1 1 4 3 3 3 2 0 3 1 4 2 0 0 2 4 2 0 2 0 1 0 1 4
0 18 1 2 1 2 0 1 0 2 4 3 2 4 2 4 2 2 4 3
1 3 0 2 3
1 9 3 3 1 4 4 0 3 0 2
1 2 3 2
1 12 1 1 0 2 0 0 2 0 2 4 2 4
0 6 3 0 1 2 2 1
0 8 2 2 2 3 1 4 0 2
0 2 4 1
1 2 1 2
1 5 3 4 2 3 0
0 4 4 0 2 1
0 3 1 1 2
0 5 1 1 4 3 2
1 5 0 2 1 2 0
0 5 2 4 3 1 2
0 6 2 4 3 2 3 2
0 10 0 3 2 3 0 2 1 2 0 0
1 2 0 4
1 4 3 4 2 1
0 5 3 3 3 1 4
0 7 0 4 2 1 2 3 2
1 10 3 4 4 0 3 1 4 1 4 1
0 3 4 2 3
0 4 0 4 3 4
1 3 0 2 3
1 5 0 2 1 2 0
1 5 0 2 1 2 2
1 5 3 2 3 0 2
1 7 3 2 2 4 3 0 2
0 4 2 2 3 4
1 8 2 0 2 4 0 2 4 2
0 5 4 2 1 1 3
0 6 0 0 4 3 3 3
1 3 2 1 3
0 6 4 0 3 2 1 2
0 3 1 1 2
0 11 1 3 2 1 0 3 2 3 2 4 1
1 3 3 0 1
1 11 1 1 4 3 2 0 3 1 4 2 4
1 2 1 2
1 5 3 3 1 4 4
0 16 2 2 1 2 1 4 2 0 4 3 3 2 0 1 3 0
1 5 3 4 4 0 1
0 8 0 2 3 0 0 1 3 1
1 5 3 4 2 3 0
1 5 3 4 4 0 1
1 3 0 2 3
0 14 1 1 4 2 0 3 2 3 0 0 3 3 3 3
0 7 3 2 2 2 2 1 0
1 4 0 3 2 0
1 9 2 0 2 0 2 0 2 4 3
0 8 2 4 0 2 0 2 3 4
0 4 1 0 4 2
1 5 3 2 1 4 3
1 12 1 3 2 3 2 1 0 3 3 2 2 3
1 8 2 0 2 0 2 4 3 2
0 4 0 2 4 3
0 6 2 2 3 3 2 1
0 14 1 3 2 4 1 2 3 2 3 2 1 0 3 4
0 9 1 0 2 2 1 3 3 4 1
0 7 2 4 2 1 0 4 4
1 6 3 2 0 1 0 0
1 7 3 4 2 2 0 2 1
0 7 2 4 1 0 0 1 0
1 7 1 1 0 1 0 3 2
1 8 3 0 0 1 2 1 4 1
1 7 3 1 2 2 2 2 2
0 5 4 0 2 1 3
1 26 3 4 3 4 3 3 4 1 2 3 0 4 2 4 2 0 1 2 4 1 2 0 1 1 4 4
1 16 1 1 0 0 3 3 3 2 4 2 4 3 3 3 2 4
0 10 1 2 3 3 1 2 4 3 2 3
1 4 0 3 2 0
0 7 2 0 2 0 2 0 3
0 8 0 1 3 3 3 3 2 4
0 7 3 2 3 2 0 0 1
0 4 3 1 3 2
1 7 2 0 2 1 0 0 3
0 7 1 3 3 1 2 1 3
0 3 2 0 1
0 4 1 0 4 2
0 11 1 3 3 0 3 2 4 4 3 2 4
1 3 3 0 1
1 2 0 4
0 6 0 3 3 1 3 3
0 5 3 0 1 4 2
0 11 0 3 3 2 3 2 1 2 3 4 1
0 5 4 4 2 1 3
0 9 1 3 2 2 4 1 2 4 1
1 4 3 1 2 2
0 8 0 3 3 2 2 1 2 0
1 11 1 1 0 1 0 3 1 0 0 3 3
0 25 1 1 4 2 1 2 0 1 4 1 4 3 2 4 1 2 4 3 2 4 2 0 0 4 4
0 5 2 2 3 3 2
1 7 3 3 1 0 2 3 0
1 2 0 4
0 4 1 3 3 3
1 7 3 1 2 2 2 2 2
0 5 3 3 3 1 4
1 8 2 0 2 0 2 4 3 2
1 2 1 2
1 6 3 2 0 1 1 1
0 5 3 4 4 2 1
1 11 1 1 0 2 4 2 0 3 3 2 4
1 8 3 2 3 2 4 0 4 4
0 3 4 0 2
0 6 3 1 3 3 3 0
0 6 0 4 2 1 4 0
0 11 1 1 4 0 3 3 2 4 2 4 3
0 5 4 2 4 1 3
1 4 0 3 2 0
0 20 0 2 4 2 1 2 2 4 1 4 2 4 3 2 4 3 2 0 3 2
0 4 3 0 0 1
1 42 1 3 2 2 1 2 1 0 2 4 2 4 2 4 2 4 2 0 0 2 0 3 1 4 3 2 4 2 4 2 4 2 0 3 3 2 3 2 3 2 4 1
0 5 3 4 0 0 2
0 7 3 2 3 2 0 0 1
0 5 3 1 2 4 2
1 8 3 4 2 4 4 0 0 0
0 2 1 1
0 25 1 0 3 1 4 2 3 0 2 4 2 0 0 2 4 3 2 0 0 2 4 3 3 2 3
0 5 3 2 4 0 2
1 3 0 2 3
0 5 3 2 0 0 1
0 3 2 3 1
1 5 3 2 1 4 3
1 7 0 1 4 3 2 0 0
0 5 0 3 4 0 1
1 3 2 1 3
1 4 0 3 2 0
0 4 1 3 3 4
0 7 0 2 4 1 4 4 1
0 2 1 1
1 7 1 1 0 0 2 4 3
0 9 0 1 4 3 1 4 0 3 3
1 6 2 4 4 4 3 2
1 5 3 3 1 2 3
0 6 2 2 0 4 3 4
1 7 2 0 2 4 0 2 2
0 4 3 0 0 0
0 8 0 1 4 2 0 3 4 3
1 3 3 0 1
1 9 3 0 0 1 2 2 3 3 1
0 5 3 2 1 3 0
1 3 3 0 1
0 7 3 3 2 4 4 0 2
1 4 1 1 0 0
0 6 3 1 2 0 2 3
1 13 0 1 4 2 4 3 3 2 0 0 3 3 3
0 5 4 3 2 4 1
1 3 3 2 0
0 26 1 1 2 3 2 1 4 3 2 0 0 2 4 2 0 2 4 2 0 1 0 3 2 0 3 4
1 7 3 1 2 2 2 2 2
1 26 1 1 4 2 4 3 2 0 2 0 2 4 3 3 3 3 2 4 3 3 3 2 0 3 4 1
0 8 3 0 2 2 3 2 4 3
0 5 2 0 3 4 4
0 8 2 2 4 1 4 4 4 4
1 13 0 3 2 1 0 1 4 3 3 2 0 3 4
1 10 3 2 0 1 0 2 0 0 0 4
1 3 2 1 3
1 17 0 1 4 2 4 2 0 1 4 2 4 3 2 0 1 0 0
1 4 0 3 2 0
0 7 3 3 1 3 4 2 0
0 8 0 2 0 2 1 0 4 4
0 4 0 2 4 3
1 5 2 4 1 0 3
0 20 3 0 0 1 3 1 1 2 3 1 2 4 0 1 2 2 2 2 2 2
1 5 3 3 1 2 3
0 5 0 1 1 0 0
0 4 0 0 2 1
0 5 0 1 4 0 0
0 8 0 2 4 4 1 2 0 3
0 2 1 1
1 8 3 2 3 2 4 0 4 4
1 10 0 1 0 3 3 2 2 1 2 0
1 12 0 2 1 2 3 2 3 2 2 1 2 0
0 31 1 2 1 2 3 2 1 4 4 2 4 3 2 4 2 0 2 4 3 2 4 2 4 3 2 4 3 3 3 2 4
0 5 2 2 2 1 4
0 9 0 0 0 0 2 0 3 4 1
0 9 1 3 2 2 4 1 2 4 1
0 3 4 0 1
0 6 1 2 1 3 1 3
0 4 0 3 0 1
0 8 3 3 1 3 2 2 2 4
1 4 0 3 2 0
1 3 2 1 3
1 2 0 4
1 7 0 3 2 3 2 4 1
1 3 3 0 1
1 3 2 1 3
1 10 0 1 0 1 0 3 2 1 2 0
1 10 3 3 1 2 3 1 2 3 1 2
1 4 0 3 2 0
0 4 2 2 0 4
0 3 2 3 0
1 7 2 0 2 4 4 4 3
1 10 1 2 1 2 3 2 1 4 2 4
1 7 1 1 0 0 2 4 3
0 6 4 0 3 2 1 2
0 5 3 3 0 2 2
0 3 1 1 2
1 15 0 1 0 0 3 2 4 3 2 4 3 3 3 3 3
0 3 2 2 4
1 8 1 3 2 2 1 2 4 1
1 3 0 2 3
0 7 0 2 1 1 4 3 4
1 11 0 1 0 3 2 1 2 2 1 2 0
1 7 0 3 2 3 2 4 1
1 3 2 1 3
0 7 1 2 2 1 1 4 2
0 4 2 4 4 0
1 3 2 1 3
1 11 3 3 1 0 0 0 1 1 2 2 2
0 6 3 0 1 1 2 4
1 5 1 2 1 2 2
0 6 2 1 0 4 1 1
1 4 3 1 2 2
1 12 1 1 4 2 0 2 4 2 4 2 4 3
1 5 2 4 4 1 3
0 4 4 2 1 0
0 8 2 1 1 3 4 2 1 0
1 2 0 4
1 5 0 2 1 2 2
1 10 0 3 2 1 0 1 4 3 3 3
0 6 3 3 2 3 1 2
1 12 3 0 0 1 0 0 1 0 0 1 0 1
1 8 1 1 0 2 0 3 4 1
0 3 2 0 1
0 3 1 3 4
0 9 0 1 0 2 4 2 0 0 0
0 5 1 0 2 3 4
1 3 2 1 3
0 3 2 0 1
0 9 4 3 2 2 0 2 0 2 2
0 4 0 1 2 4
0 4 2 0 3 1
0 2 1 1
1 8 1 3 2 3 2 3 2 0
0 8 2 0 2 0 2 4 4 4
0 11 0 1 0 0 2 1 2 0 3 4 1
1 8 0 2 1 2 2 1 2 0
1 8 0 2 1 2 1 0 2 4
0 5 2 2 1 4 2
1 3 0 2 3
0 9 3 2 2 0 3 3 1 2 3
0 8 1 1 0 2 0 2 2 4
1 3 0 1 4
1 9 3 2 4 3 3 1 0 3 2
1 11 0 1 0 0 3 2 4 2 4 2 4
0 7 1 2 4 4 0 2 2
0 4 4 0 4 1
1 16 1 1 0 3 1 0 2 4 2 4 2 4 2 0 2 4
0 6 2 1 3 1 3 2
1 3 2 1 3
1 5 3 2 2 1 1
1 3 0 1 4
1 6 1 3 2 3 2 4
0 6 2 4 1 2 3 0
0 7 2 0 3 4 0 3 2
0 5 3 1 0 1 2
1 3 3 0 1
0 6 2 3 0 2 2 2
0 6 1 2 1 4 2 0
0 25 1 3 2 3 2 2 1 2 3 4 2 1 0 2 0 0 2 0 0 3 2 4 2 4 3
1 7 1 3 2 2 1 2 4
1 5 3 3 1 2 3
0 31 1 2 1 2 3 2 1 4 4 2 4 3 2 4 2 0 2 4 3 2 4 2 4 3 2 4 3 3 3 2 4
0 3 0 4 0
1 9 0 3 2 3 2 1 0 0 3
1 6 3 4 2 4 4 4
0 7 1 2 3 2 0 3 2
1 15 0 1 4 2 0 2 4 2 0 0 3 3 3 2 4
1 14 3 2 2 0 0 4 3 3 1 1 2 4 4 4
1 20 0 1 4 2 0 1 4 3 2 0 0 3 2 0 3 1 4 3 3 3
1 4 3 1 2 2
0 4 0 1 1 3
0 4 2 1 1 0
0 17 1 1 4 3 3 3 3 2 4 3 3 2 3 2 4 2 4
1 3 3 0 1
0 12 1 3 2 1 0 2 1 2 2 1 2 0
0 18 0 1 4 0 1 2 0 1 4 3 3 1 2 0 1 4 2 4
1 3 0 2 3
0 5 0 1 3 3 0
0 20 0 2 4 2 1 2 2 4 1 4 2 4 3 2 4 3 2 0 3 2
1 3 2 1 3
0 5 3 0 0 2 2
1 2 0 4
0 9 1 3 2 2 1 4 2 4 3
0 6 2 0 4 0 4 1
1 3 0 2 3
1 11 1 3 2 1 4 2 0 0 3 2 4
1 2 1 2
1 3 2 1 3
1 17 0 1 4 2 4 3 2 4 3 2 4 2 0 2 4 3 3
0 7 3 2 1 2 3 4 0
1 5 3 3 1 4 4
0 9 3 2 2 1 4 3 3 3 1
1 12 0 2 1 2 1 0 2 4 2 4 2 4
1 14 3 2 2 0 0 4 3 3 1 1 2 4 4 4
1 12 0 2 1 2 1 0 2 4 2 4 2 4
0 9 3 1 2 2 2 2 2 0 2
1 13 0 1 4 2 4 3 3 2 0 0 3 3 3
1 2 1 2
0 5 0 0 3 2 1
1 12 1 2 1 2 3 2 1 0 3 3 2 0
0 8 1 1 4 2 0 2 2 4
1 4 0 3 2 0
1 3 0 1 4
0 10 3 1 3 1 2 2 2 2 2 2
1 7 0 3 2 3 2 4 1
0 3 2 2 4
1 11 1 2 1 2 1 0 3 3 2 4 1
0 3 3 3 4
1 5 3 2 1 4 1
0 7 0 2 1 1 4 3 4
0 7 1 2 2 1 1 4 2
0 4 1 1 4 2
0 9 3 0 1 0 0 3 4 3 3
0 5 3 3 2 2 0
0 7 3 2 2 2 2 1 0
1 13 1 2 1 2 2 1 2 1 0 1 0 0 3
0 7 1 1 1 0 3 2 3
1 5 1 2 1 2 2
1 11 1 2 1 2 1 0 3 3 2 4 1
0 8 2 1 2 1 3 2 3 0
1 3 0 2 3
1 4 3 1 2 2
0 11 1 4 3 2 0 1 0 0 2 1 0
1 6 3 2 2 1 1 1
0 4 2 1 2 1
1 3 3 0 1
1 7 0 3 2 3 2 4 1
0 14 1 1 4 2 0 3 2 3 0 0 3 3 3 3
1 3 2 1 3
1 2 2 1
1 3 0 2 3
0 8 3 4 3 2 2 2 0 1
0 7 3 2 3 2 2 3 0
0 8 0 1 0 3 4 2 4 3
1 8 2 0 2 4 0 2 4 2
0 5 1 4 2 4 1
0 4 4 2 3 2
1 13 1 1 4 3 3 2 0 1 0 2 0 1 4
0 13 3 2 2 1 0 2 0 0 0 3 1 2 2
0 12 1 3 2 1 4 2 0 0 1 0 3 0
0 5 0 3 4 4 1
0 4 4 0 4 1
1 10 3 0 0 1 3 1 2 3 0 2
0 4 3 3 0 4
0 5 0 0 2 3 2
0 7 3 0 0 4 3 1 2
0 6 2 0 1 4 3 1
1 8 1 1 4 2 0 3 2 3
0 16 3 0 0 1 2 0 0 0 2 4 0 0 2 4 0 1
0 2 1 1
0 4 3 4 4 0
0 3 2 4 4
1 20 1 1 4 3 2 4 3 2 0 1 0 0 2 0 3 3 2 3 2 0
1 7 0 1 4 2 4 2 4
1 4 0 3 2 0
1 3 2 1 3
1 9 1 1 0 1 4 2 0 3 0
0 11 3 2 2 4 4 2 4 2 4 4 0
0 11 0 3 3 2 3 2 1 2 3 4 1
1 2 2 1
0 7 1 4 1 2 0 0 0
0 5 2 3 0 1 2
1 3 0 2 3
0 6 3 0 3 3 2 0
0 6 2 0 2 2 1 3
0 5 2 0 3 4 4
1 11 1 1 0 0 3 3 2 0 3 4 1
0 4 4 0 3 2
0 9 0 3 2 2 1 2 3 2 1
0 5 0 2 4 0 1
0 9 0 3 2 1 0 3 4 4 1
0 9 2 2 1 3 4 2 2 3 4
0 2 4 1
1 2 2 1
1 11 1 3 2 1 0 1 4 2 0 1 4
0 6 4 3 4 2 4 1
0 8 1 0 3 2 3 2 1 1
1 6 3 4 2 2 3 1
0 5 2 1 2 1 2
0 6 0 4 3 4 4 2
1 9 2 1 4 4 4 4 4 4 4
1 3 0 2 3
1 9 0 3 2 3 2 1 0 0 3
0 6 4 0 1 4 3 1
1 6 3 0 0 1 4 4
0 3 2 3 1
0 6 3 2 1 2 2 2
0 4 0 2 0 3
1 3 2 1 3
1 2 0 4
1 5 2 0 2 4 3
0 5 3 3 1 2 2
0 8 3 3 0 3 2 4 2 4
1 16 1 1 4 3 3 3 3 2 0 3 3 2 3 2 4 1
0 4 4 0 3 2
0 7 4 4 0 4 2 3 2
0 4 2 2 0 3
0 7 3 1 3 1 2 2 3
1 7 2 0 2 0 2 1 3
1 2 0 4
0 7 2 0 2 1 3 0 1
0 6 4 0 2 1 2 3
1 4 3 1 2 2
0 11 1 3 2 1 0 3 1 2 0 3 0
0 2 1 1
1 3 3 0 1
1 3 2 1 3
0 5 0 3 4 4 1
1 8 3 2 2 3 1 2 2 2
1 14 2 0 2 4 0 2 0 2 1 4 4 4 4 4
0 5 1 4 3 0 2
1 2 0 4
1 3 3 0 1
1 13 1 3 2 1 0 1 0 0 3 3 2 4 3
0 10 4 4 0 2 0 2 2 4 4 2
0 2 4 1
1 9 0 1 4 2 4 3 3 2 4
1 6 1 2 1 2 1 4
1 2 2 1
0 5 4 1 3 0 1
1 23 1 3 2 1 0 1 4 2 0 2 0 3 1 0 0 3 3 3 2 4 3 3 3
1 4 3 1 2 2
1 12 2 4 4 4 1 0 4 4 4 4 4 4
0 6 3 1 2 0 2 3
0 11 1 1 0 2 4 3 2 1 2 4 3
0 6 2 4 0 2 2 1
0 9 3 1 2 2 2 2 2 0 2
0 10 3 3 2 3 4 2 1 2 0 1
0 7 1 1 4 4 2 4 4
1 17 1 3 2 2 1 2 2 1 2 3 2 1 0 2 0 3 4
0 4 4 2 3 2
0 4 4 4 2 2
1 2 0 4
0 5 2 3 0 1 2
0 4 2 4 4 0
0 5 1 3 4 2 3
1 9 0 3 2 1 4 2 0 1 4
1 8 1 1 0 2 0 3 4 1
1 6 2 4 4 0 2 2
0 8 3 1 2 3 2 1 0 1
0 5 4 2 3 0 2
0 4 0 4 0 2
0 5 4 2 1 1 3
1 5 3 4 2 3 0
1 2 1 2
1 2 1 2
1 9 3 4 3 2 4 0 4 0 4
1 4 3 1 2 2
0 17 1 1 4 2 3 3 3 2 4 2 4 2 0 2 4 2 4
0 3 3 4 2
1 6 1 3 2 3 2 4
1 7 3 4 4 2 2 2 1
1 2 0 4
1 9 3 2 2 3 2 2 4 3 1
0 3 4 2 3
1 11 3 2 0 3 0 0 1 1 2 2 2
0 2 1 1
1 13 3 4 4 0 3 1 4 1 3 3 2 3 0
0 8 1 4 0 0 2 1 1 3
0 5 2 1 3 2 0
1 7 1 1 4 3 3 2 4
0 9 2 0 1 0 4 0 1 2 4
0 4 4 2 0 3
1 9 0 1 0 0 3 3 2 4 3
1 5 2 0 2 1 4
1 7 3 4 2 2 0 2 1
1 7 2 0 2 0 2 1 3
1 17 1 1 0 1 0 0 2 4 2 0 3 1 4 2 4 3 3
0 2 1 1
1 5 3 4 2 3 0
0 6 0 1 3 2 4 0
1 9 2 0 2 0 2 0 2 4 3
1 6 3 3 1 4 0 3
1 3 0 2 3
0 6 0 0 3 3 2 4
0 4 0 2 2 1
1 33 0 3 2 3 2 1 0 1 4 2 4 3 3 2 4 2 4 2 4 3 3 2 4 3 3 2 0 1 0 1 4 2 4
0 6 0 2 2 3 1 3
0 9 1 2 0 0 1 0 0 3 0
0 20 3 4 3 4 1 0 4 1 0 2 0 2 1 3 3 4 3 1 4 2
1 8 2 0 2 4 4 0 2 1
0 6 1 2 4 0 4 1
0 5 0 0 2 1 3
0 6 3 0 3 3 2 0
1 2 1 2
0 7 1 4 3 2 0 1 3
0 5 2 4 0 0 2
1 10 0 1 0 2 0 0 2 0 3 0
0 4 2 4 0 2
1 6 0 1 0 1 4 3
0 5 3 1 0 2 1
1 9 2 1 4 4 4 4 4 4 4
0 5 0 2 0 2 1
1 2 1 2
0 5 0 4 3 0 2
1 4 0 3 2 4
0 9 2 1 2 1 2 1 4 3 3
1 2 2 1
0 11 0 2 1 2 1 0 2 0 4 3 3
1 11 3 2 2 0 0 0 3 4 3 2 1
1 3 0 1 4
0 11 1 3 2 2 3 3 0 2 3 4 1
0 10 2 0 0 4 4 4 4 4 4 4
0 5 2 1 3 2 0
1 2 1 2
1 4 0 3 2 0
0 5 2 2 4 2 3
0 3 3 3 4
1 9 3 4 3 4 4 2 0 4 3
0 2 4 1
0 8 4 0 2 1 2 3 2 4
1 20 0 3 2 1 0 1 0 1 4 3 3 2 4 3 3 2 0 3 2 3
0 7 4 2 0 2 4 3 2
1 11 1 1 0 1 0 2 4 3 2 0 0
0 5 2 0 4 1 0
1 5 3 0 0 1 0
1 21 1 1 0 0 2 4 3 2 4 3 2 0 1 4 2 0 3 1 0 3 0
1 3 2 1 3
0 4 3 4 2 3
1 22 1 3 2 3 2 3 2 1 4 3 3 2 4 2 0 1 0 3 3 2 2 3
1 9 3 2 4 3 3 1 1 4 3
1 8 0 3 2 3 2 1 4 3
1 4 0 3 2 0
1 11 3 2 0 3 0 0 1 1 2 2 2
0 5 3 1 3 2 0
0 14 1 2 2 2 2 1 2 1 0 2 0 3 2 3
0 7 2 2 4 4 1 4 1
1 6 3 3 1 0 0 2
1 8 3 2 0 3 4 3 1 3
1 2 1 2
0 4 0 2 1 3
0 6 1 2 2 1 2 0
0 6 2 3 0 2 2 2
0 47 1 1 4 3 3 2 4 3 3 3 2 0 0 3 2 0 1 4 3 2 3 0 1 0 0 2 4 3 2 0 2 4 3 3 2 0 0 2 4 2 0 2 4 2 0 3 0
1 11 1 3 2 1 0 1 4 2 0 1 4
0 5 4 1 2 4 0
0 8 0 2 4 4 1 2 0 3
0 14 1 1 0 0 2 4 2 4 2 4 3 0 3 0
1 5 0 2 1 2 0
1 5 2 4 0 2 3
0 5 0 4 3 0 2
1 10 2 0 2 4 0 2 0 2 4 3
0 6 4 3 3 2 0 4
1 3 0 1 4
1 3 0 2 3
1 5 3 2 3 3 4
0 10 3 4 2 1 2 2 4 4 1 4
0 11 3 2 4 0 0 0 1 1 2 2 2
0 7 3 4 4 2 0 0 2
1 12 0 1 0 2 4 3 2 0 2 4 2 4
1 3 3 0 1
1 5 2 4 0 2 3
1 8 0 3 2 3 2 1 4 3
1 4 3 4 2 1
0 9 4 2 0 1 2 0 3 3 2
0 7 2 2 2 0 1 4 4
1 11 1 2 1 2 1 0 3 3 2 1 4
1 10 1 1 0 0 2 0 0 3 3 3
1 15 0 1 4 3 3 2 4 2 0 3 1 0 3 2 3
0 6 2 1 3 0 4 3
0 4 0 1 4 2
1 3 0 2 3
0 5 4 0 3 0 0
0 17 0 1 1 4 2 0 1 0 2 2 4 0 0 2 0 0 3
0 6 3 3 3 2 0 4
0 9 1 1 0 4 0 2 3 0 2
0 4 0 3 3 2
0 11 0 1 0 2 3 4 3 2 0 2 4
1 13 1 1 0 1 4 2 0 1 0 2 4 2 4
1 16 1 1 0 3 1 0 1 0 3 3 2 2 1 2 2 3
1 26 1 1 4 3 3 3 2 0 0 2 0 2 4 2 4 2 0 0 2 0 2 0 1 0 2 4
1 6 3 4 3 2 3 0
1 3 0 1 4
1 8 2 1 0 0 4 4 4 4
0 4 2 2 0 2
0 3 0 3 4
1 16 0 1 4 2 0 3 1 0 2 4 2 4 2 0 1 4
0 13 2 1 2 4 0 2 4 3 2 0 3 2 3
1 4 1 1 0 0
0 5 4 3 2 4 4
1 11 0 3 2 1 4 2 4 2 4 3 3
1 5 2 0 2 1 4
0 3 4 0 2
0 3 3 0 3
1 2 3 2
0 4 1 2 0 1
1 14 0 1 4 3 2 4 2 0 3 1 4 2 0 0
0 5 3 2 0 0 1
0 17 1 1 0 2 0 0 2 4 3 1 2 0 2 0 3 4 1
1 8 1 1 4 2 0 3 2 3
0 9 0 3 2 1 4 1 4 2 4
0 3 1 3 2
1 4 3 1 2 2
1 8 1 1 4 2 4 2 4 3
0 3 1 2 0
1 9 2 4 1 0 0 0 4 4 4
1 2 0 4
0 5 2 0 2 2 3
0 12 0 2 4 1 1 2 3 1 0 1 3 0
0 5 3 0 1 0 2
1 7 3 1 2 2 2 2 2
1 26 1 1 0 0 2 0 0 3 2 4 3 2 0 0 2 0 1 4 3 2 4 2 0 0 2 4
0 13 0 1 4 2 1 4 3 2 2 2 4 3 3
1 10 0 1 0 3 1 0 0 2 4 3
1 2 1 2
1 24 1 1 4 3 3 2 4 2 4 3 2 0 0 2 4 2 0 1 0 2 0 3 2 3
0 9 2 0 2 1 0 4 4 3 4
1 16 1 1 0 0 3 3 3 2 4 2 4 3 3 3 2 4
1 12 2 0 2 0 2 4 1 4 4 4 4 4
0 6 1 2 4 0 4 1
1 3 0 2 3
1 14 0 1 4 3 2 4 2 0 3 1 4 2 0 0
0 6 0 2 2 0 2 2
1 2 0 4
0 5 0 1 0 0 4
1 4 3 1 2 2
0 9 0 3 2 1 0 3 4 4 1
0 5 1 1 4 4 2
0 7 0 4 2 0 2 0 1
1 20 0 1 4 2 0 1 4 3 2 0 0 3 2 0 3 1 4 3 3 3
1 4 0 3 2 0
1 10 0 1 0 3 3 2 2 1 2 0
0 8 0 1 4 2 0 3 4 3
0 5 2 2 1 4 2
1 10 3 4 4 0 3 1 4 1 4 1
1 7 1 3 2 2 1 2 0
1 2 3 2
0 7 3 2 0 1 0 2 3
1 3 0 2 3
0 5 1 1 0 2 3
0 4 2 1 2 3
0 5 0 0 2 2 0
0 7 2 0 1 4 0 1 3
1 5 3 4 4 0 1
1 4 0 3 2 0
1 3 3 0 1
1 12 3 2 0 3 3 1 4 2 3 1 0 0
1 6 3 0 0 1 4 4
1 4 0 3 2 4
0 7 1 2 1 2 2 2 2
0 7 2 1 3 1 3 4 4
1 9 1 1 0 1 0 1 4 3 3
1 5 3 2 1 4 3
1 33 0 3 2 3 2 1 0 1 4 2 4 3 3 2 4 2 4 2 4 3 3 2 4 3 3 2 0 1 0 1 4 2 4
1 16 0 1 4 2 0 3 1 0 2 4 2 4 2 0 1 4
0 8 0 1 4 3 0 3 3 3
0 9 1 0 3 3 4 2 0 3 0
1 13 0 3 2 3 2 1 4 3 2 0 3 4 1
1 7 1 1 0 2 0 2 4
1 3 0 2 3
0 6 2 3 2 0 4 1
1 3 0 2 3
0 7 2 3 0 0 3 0 2
1 8 2 4 4 4 4 0 2 2
1 5 1 1 0 1 4
1 10 0 1 0 1 0 3 2 1 2 0
1 3 2 1 3
0 2 1 1
0 7 0 1 2 2 2 2 2
1 3 0 2 3
0 13 0 1 4 2 1 4 3 2 2 2 4 3 3
1 4 0 3 2 0
1 5 3 2 1 4 1
1 15 3 3 1 0 2 2 4 2 0 1 0 2 3 0 2
1 3 2 1 3
1 4 3 1 2 2
0 4 0 3 4 1
0 3 1 0 0
0 6 1 3 0 3 2 3
1 8 3 4 2 4 4 0 0 0
0 3 3 4 2
1 3 3 0 1
0 4 0 4 2 2
0 5 0 2 0 2 4
0 5 3 4 1 2 3
0 19 0 1 0 1 3 0 1 4 4 2 4 2 2 4 3 3 2 3 3
0 12 0 4 3 3 0 2 4 2 0 2 0 3
0 8 3 3 0 3 2 4 2 4
0 4 3 1 3 1
0 8 0 3 3 2 2 1 2 0
1 2 0 4
0 4 0 3 4 2
1 4 3 1 2 2
0 7 3 2 4 0 3 1 1
1 4 3 1 2 2
0 19 0 1 4 3 2 4 3 3 2 4 2 1 4 2 0 0 3 2 4
1 6 2 4 4 4 3 2
0 6 2 0 0 1 1 2
0 3 1 2 0
0 14 3 4 1 2 2 2 2 2 2 2 2 2 3 2
1 14 0 1 4 2 0 2 4 2 0 0 3 2 4 3
1 6 0 1 0 3 4 1
1 2 0 4
0 6 0 2 1 2 2 2
1 7 3 2 2 0 0 4 4
0 3 4 3 4
1 10 1 1 4 3 2 0 0 3 3 3
0 4 3 0 2 4
0 5 1 2 4 3 2
1 3 0 2 3
0 8 3 4 3 1 2 3 3 1
0 5 2 2 3 3 2
1 3 0 2 3
1 2 2 1
1 8 3 2 2 1 0 2 4 4
0 15 0 3 0 1 0 0 1 0 2 4 2 4 3 3 3
1 5 3 3 1 0 2
1 12 1 2 1 2 3 2 1 0 3 3 2 0
1 12 0 3 2 1 0 2 0 3 2 1 2 4
1 3 0 2 3
1 10 0 1 4 3 3 3 3 2 0 0
1 5 0 2 1 2 0
1 6 3 4 3 0 4 4
0 4 2 2 0 4
0 2 1 1
0 4 2 1 2 3
0 4 2 2 0 2
1 24 1 1 4 3 3 2 4 2 4 3 2 0 0 2 4 2 0 1 0 2 0 3 2 3
1 7 3 3 1 4 0 0 2
0 5 0 1 1 1 4
0 5 2 3 0 3 0
1 22 3 0 0 1 2 4 3 3 3 3 3 1 2 0 0 2 0 0 1 0 0 0
1 3 3 0 1
1 23 1 3 2 1 0 1 4 2 0 2 0 3 1 0 0 3 3 3 2 4 3 3 3
0 9 3 0 0 1 4 1 4 0 1
0 4 4 2 1 0
0 9 1 0 3 3 4 2 0 3 0
0 10 1 0 4 2 0 3 3 2 0 0
1 4 0 3 2 4
0 8 0 4 1 0 2 0 2 3
0 4 3 0 4 2
1 5 2 0 2 1 4
1 2 0 4
1 4 3 4 2 1
0 7 1 1 2 2 1 3 3
0 8 2 3 0 1 1 2 2 2
0 6 4 3 4 2 4 1
1 10 3 2 0 0 0 4 3 3 1 0
0 3 3 0 0
1 3 0 2 3
1 15 1 2 1 2 3 2 3 2 2 1 2 3 2 2 3
1 2 0 4
0 4 0 0 3 0
0 5 1 4 1 0 2
0 7 2 0 1 4 0 1 3
0 8 3 1 2 3 2 1 0 1
1 8 3 3 1 0 4 2 3 0
0 3 3 3 4
1 4 1 1 0 0
0 4 4 1 2 4
1 2 0 4
0 3 1 2 0
1 4 0 3 2 0
1 10 3 2 0 0 0 3 4 0 3 3
0 11 2 0 2 2 4 0 2 2 0 0 3
0 10 1 0 4 2 0 3 3 2 0 0
0 4 0 0 3 0
1 5 3 3 1 4 4
1 5 2 0 2 4 3
0 6 3 2 1 2 2 2
0 3 1 3 4
1 3 0 2 3
0 7 1 3 1 0 0 3 2
0 5 0 1 1 1 3
1 2 0 4
1 13 1 1 0 3 1 0 0 2 0 3 3 2 2
0 24 0 1 4 3 2 0 3 1 0 0 3 2 3 4 2 0 1 0 3 3 2 1 2 0
1 3 0 1 4
1 14 0 3 2 3 2 3 2 2 1 2 3 2 2 3
1 11 0 1 0 0 3 2 4 2 4 2 4
0 5 3 3 2 2 2
0 4 2 1 1 0
1 18 0 1 0 0 3 3 2 4 3 2 0 0 3 3 2 0 3 4
0 4 3 3 2 2
1 9 0 1 4 3 2 4 3 2 4
1 3 0 1 4
0 5 0 2 1 3 4
0 13 1 1 3 1 0 2 4 3 2 4 2 0 0
0 4 0 2 1 3
1 6 3 3 1 4 2 3
1 5 3 3 1 2 3
0 6 0 0 1 4 1 2
1 2 0 4
1 2 2 1
1 4 0 1 4 3
0 7 2 4 3 2 4 4 4
1 3 2 1 3
1 4 3 1 2 2
0 9 0 3 2 1 0 0 2 0 3
1 9 3 0 0 1 1 2 2 2 2
1 2 3 2
1 12 1 1 4 2 4 3 3 3 2 0 3 2
1 4 0 3 2 0
0 14 1 1 0 0 2 4 2 4 2 4 3 0 3 0
0 6 3 1 2 0 2 2
1 10 1 1 0 0 3 3 2 4 2 4
0 25 1 1 4 2 1 2 0 1 4 1 4 3 2 4 1 2 4 3 2 4 2 0 0 4 4
1 3 2 1 3
0 3 2 0 1
0 5 4 1 3 0 1
0 5 2 1 2 4 3
0 11 3 2 2 1 3 3 1 1 0 0 0
1 6 3 3 1 4 0 3
0 3 3 0 0
1 19 0 1 0 1 0 0 3 2 0 1 4 2 0 0 3 3 2 0 0
0 5 0 0 2 2 0
0 10 3 3 3 0 3 0 2 2 3 0
0 11 1 1 0 0 0 3 2 1 0 2 3
1 5 0 2 1 2 0
1 4 3 1 2 2
0 6 4 0 1 3 0 2
0 5 3 3 0 2 2
1 3 3 0 1
1 2 0 4
0 3 1 2 0
1 3 3 0 1
0 5 2 4 2 2 4
0 15 1 1 1 2 0 2 3 2 1 2 3 3 0 2 3
0 3 2 4 4
0 7 3 2 0 2 0 0 0
0 5 1 2 1 4 4
1 7 3 2 2 4 1 2 2
0 10 2 4 2 0 2 1 2 4 3 3
0 6 3 4 1 2 1 2
1 4 3 1 2 2
0 28 3 2 3 2 3 0 3 2 3 2 1 4 3 3 2 4 2 4 2 4 3 2 4 2 0 2 0 4
0 6 3 2 3 1 1 1
1 8 1 1 4 2 4 2 4 3
0 11 0 1 1 0 3 3 2 0 0 0 4
1 13 0 1 4 3 3 2 4 2 4 3 2 0 0
0 6 3 0 3 4 2 4
1 22 1 3 2 3 2 3 2 1 4 3 3 2 4 2 0 1 0 3 3 2 2 3
0 9 1 3 0 1 4 2 4 3 3
1 3 2 1 3
1 3 2 1 3
1 10 0 1 4 3 2 0 3 3 2 0
1 12 2 4 4 4 1 0 4 4 4 4 4 4
0 10 0 2 1 1 1 0 2 4 4 3
1 10 1 1 4 3 2 0 0 3 3 3
0 5 2 1 3 2 4
0 15 2 4 0 2 4 1 0 4 4 4 4 4 4 4 1
0 3 2 3 0
0 5 3 0 1 0 4
1 3 2 1 3
0 4 4 3 0 2
1 26 1 1 4 2 4 3 2 0 2 0 2 4 3 3 3 3 2 4 3 3 3 2 0 3 4 1
0 16 0 3 2 2 1 2 2 1 3 2 3 2 2 2 0 3
1 12 1 1 4 2 4 3 3 3 2 0 3 2
1 3 3 0 1
0 5 4 1 3 4 3
0 3 1 0 0
1 6 0 1 4 3 2 4
1 7 3 1 2 2 2 2 2
0 5 1 2 3 1 1
1 8 2 0 2 0 2 0 2 1
1 4 3 1 2 2
0 4 3 1 0 0
0 9 4 4 0 2 0 2 2 2 3
1 13 3 4 2 4 0 4 0 4 0 0 4 0 4
1 4 0 3 2 4
0 6 2 0 1 3 2 3
1 6 3 2 3 2 3 0
0 5 0 0 2 3 2
1 3 0 2 3
0 5 3 3 4 4 2
0 7 4 2 1 1 2 3 2
0 6 2 3 0 4 2 2
1 12 2 0 2 0 2 4 0 2 0 2 4 1
0 3 1 3 4
1 2 1 2
0 6 2 1 2 4 4 4
0 4 3 0 0 1
1 12 1 1 0 2 0 0 2 0 2 4 2 4
1 11 3 0 0 1 1 2 2 2 2 2 2
1 7 3 2 2 4 3 0 2
0 4 3 4 4 0
1 10 2 0 2 0 2 0 2 4 4 2
0 6 3 1 2 4 0 2
1 3 3 4 4
0 7 3 0 1 1 4 0 2
1 7 3 1 2 2 2 2 2
1 3 2 1 3
0 7 1 1 1 0 3 2 3
0 6 1 3 0 2 3 0
1 3 3 2 0
0 8 1 4 1 3 2 0 2 3
1 10 3 0 0 1 3 1 4 2 3 1
1 2 2 1
0 3 4 2 3
0 5 1 3 1 1 2
1 5 1 1 4 3 3
1 4 3 1 2 2
1 6 3 4 2 4 4 4
1 10 3 0 0 1 3 1 2 3 0 2
1 7 0 1 0 1 0 0 3
1 11 3 3 1 4 4 4 4 0 4 2 1
0 7 1 3 2 2 4 2 4
0 7 3 1 2 3 3 2 4
1 2 1 2
0 7 3 2 0 1 2 2 3
1 13 3 2 2 1 0 3 1 4 0 3 1 2 3
1 7 1 1 4 3 3 3 3
1 11 1 3 2 1 4 2 0 0 3 2 4
0 3 3 0 0
1 3 0 2 3
1 2 1 2
1 8 3 4 4 0 4 0 4 2
0 5 3 2 0 2 2
1 6 3 2 0 3 2 0
1 5 0 2 1 2 0
1 3 3 0 1
1 9 3 4 3 0 1 4 1 1 2
1 17 1 1 0 2 4 3 3 3 2 0 1 0 3 3 2 2 3
1 14 0 1 0 1 0 1 0 1 0 1 0 1 0 0
0 13 1 1 0 2 0 2 3 0 1 0 0 3 3
1 10 1 1 0 0 2 0 0 3 3 3
0 7 3 1 2 1 2 2 2
0 7 2 1 1 2 1 3 4
1 4 0 3 2 0
0 7 1 3 3 1 2 1 3
0 7 0 2 4 1 4 4 1
0 8 3 2 3 3 2 0 4 0
1 10 2 0 2 0 2 0 2 4 4 2
0 5 1 0 0 0 0
0 12 1 0 0 2 3 3 3 1 0 0 2 4
1 10 0 1 0 1 4 3 3 2 4 3
0 3 1 3 2
0 6 0 2 1 2 2 2
1 13 3 4 2 4 0 4 0 4 0 0 4 0 4
1 3 3 0 1
0 5 1 1 0 3 1
1 4 3 1 2 2
0 19 0 2 1 0 0 0 3 2 0 0 3 3 2 2 4 4 2 0 0
1 12 0 3 2 1 0 1 0 0 2 0 2 4
0 5 3 0 3 3 3
1 2 1 2
0 7 3 1 2 3 3 2 4
1 4 0 1 4 3
1 10 3 2 2 3 0 0 1 2 4 4
0 4 1 0 2 1
0 5 4 2 1 0 3
0 4 4 2 1 2
0 4 0 3 4 1
0 6 2 1 2 4 4 1
1 17 3 2 1 2 4 3 2 4 0 0 0 4 0 0 4 4 4
0 25 1 3 2 3 2 2 1 2 3 4 2 1 0 2 0 0 2 0 0 3 2 4 2 4 3
0 6 2 3 1 4 4 3
1 15 0 1 0 0 2 0 0 2 0 0 2 0 1 0 0
0 10 3 3 3 0 3 0 2 2 3 0
1 3 3 0 1
1 11 2 0 2 4 4 1 0 4 4 4 4
1 3 2 1 3
1 10 1 1 4 2 4 2 0 0 3 3
0 6 1 4 2 0 3 1
0 5 2 3 0 0 2
1 10 3 4 2 4 0 0 4 4 0 0
1 17 1 3 2 2 1 2 2 1 2 3 2 1 0 2 0 3 4
1 5 3 2 3 3 1
0 9 2 0 2 0 0 1 0 2 1
1 12 0 3 2 1 0 2 0 3 2 1 2 4
0 6 3 1 4 3 0 2
0 10 1 1 4 0 3 2 0 4 4 3
1 4 3 1 2 2
1 11 3 3 1 2 3 1 4 0 1 2 2
1 4 0 3 2 0
0 12 1 3 2 1 2 4 0 0 0 1 2 4
1 7 2 0 2 4 0 2 2
1 8 3 2 2 4 4 3 2 1
0 7 3 2 3 2 2 3 0
0 5 3 1 0 0 2
0 15 2 2 3 2 2 1 3 1 4 0 1 2 2 2 2
0 8 0 0 3 3 2 2 1 3
1 12 0 3 2 1 0 1 0 0 2 0 2 4
0 14 1 3 2 1 4 2 0 0 0 2 4 2 0 0
1 8 3 2 0 4 4 2 4 4
0 6 2 0 0 1 1 2
0 7 0 2 4 4 0 2 2
0 8 0 1 4 3 0 3 3 3
0 4 1 2 1 2
0 9 2 0 2 0 0 1 0 2 1
0 4 1 3 3 3
1 15 3 4 4 2 2 4 0 3 1 3 3 4 0 4 2
1 8 2 0 2 0 2 0 2 3
1 2 2 1
1 17 1 1 0 2 4 3 3 3 2 0 1 0 3 3 2 2 3
0 3 1 3 2
0 9 1 3 0 1 4 2 4 3 3
0 8 1 2 1 3 2 0 2 3
0 6 0 0 2 2 1 0
0 5 2 0 2 2 3
0 5 2 2 1 0 3
0 5 2 1 1 4 4
0 7 0 1 4 0 3 2 4
0 6 1 1 4 2 4 4
0 3 2 3 0
0 2 4 1
0 4 0 1 1 4
0 5 0 2 0 2 2
0 5 0 2 1 3 4
0 22 0 4 1 4 3 2 2 4 3 3 2 4 2 4 3 2 4 3 2 0 3 2
0 8 0 3 2 1 2 2 2 3
0 4 4 3 2 1
1 6 0 1 4 3 2 4
1 3 2 1 3
0 14 3 4 1 2 2 2 2 2 2 2 2 2 3 2
1 2 2 1
0 5 1 3 4 2 2
1 11 3 3 1 4 4 0 2 0 1 1 1
1 7 3 3 1 4 0 0 2
0 7 1 4 3 2 0 1 3
0 6 3 0 0 3 3 4
0 9 0 0 0 0 2 0 3 4 1
1 10 0 1 0 3 1 0 0 2 4 3
0 7 1 4 1 4 3 2 4
0 6 0 1 3 2 3 0
1 2 3 2
0 7 1 1 4 4 2 4 4
0 5 2 1 2 3 1
0 7 2 3 0 2 2 3 2
1 4 3 1 2 2
1 4 3 4 2 1
0 7 0 4 2 1 2 3 2
1 8 2 0 2 4 0 2 4 3
1 7 3 2 1 3 4 2 4
1 8 1 1 4 3 3 2 4 3
0 5 0 3 0 2 3
0 3 4 1 2
1 4 0 3 2 0
1 8 3 2 0 3 4 3 1 3
0 6 2 0 2 2 1 3
0 8 3 4 3 3 1 4 0 2
1 35 0 1 0 2 4 3 2 0 1 4 2 4 3 3 3 2 4 3 3 3 2 0 0 2 4 3 2 0 0 2 4 2 0 3 0
1 4 1 1 0 0
1 2 3 2
1 8 1 3 2 1 0 3 1 4
0 17 1 1 0 0 3 2 4 4 2 4 3 0 0 1 4 3 3
1 7 3 4 4 0 2 3 0
1 6 3 4 3 0 4 4
1 3 0 2 3
0 2 4 1
0 9 1 4 2 2 1 2 3 2 2
1 5 3 3 1 0 2
0 13 3 2 4 0 1 4 0 4 4 0 0 4 2
0 3 3 3 4
1 3 0 2 3
1 5 2 4 4 1 3
0 5 1 1 3 0 1
0 13 1 1 1 4 3 2 4 4 0 0 4 2 4
0 10 3 2 3 1 2 2 2 4 2 2
0 3 1 0 0
0 5 1 0 2 3 4
1 2 1 2
0 5 1 3 4 2 3
0 47 1 1 4 3 3 2 4 3 3 3 2 0 0 3 2 0 1 4 3 2 3 0 1 0 0 2 4 3 2 0 2 4 3 3 2 0 0 2 4 2 0 2 4 2 0 3 0
0 4 4 0 4 2
1 3 0 2 3
0 6 1 2 4 4 4 2
1 17 0 1 0 0 2 0 0 3 2 0 1 4 3 2 0 3 0
0 4 0 4 3 2
0 4 0 0 4 0
0 6 0 2 0 1 2 4
1 16 0 1 0 0 3 3 2 4 2 4 2 0 0 2 0 0
1 3 0 2 3
0 3 4 4 4
1 10 1 1 4 2 0 1 0 3 2 3
0 6 4 1 3 4 4 4
1 3 0 2 3
1 2 0 4
1 9 1 3 2 1 4 3 2 4 3
1 8 0 1 4 2 0 2 4 3
1 12 0 3 2 1 4 2 0 1 4 2 4 3
0 2 4 1
1 2 0 4
1 2 3 2
0 10 1 3 3 3 2 2 0 2 2 4
0 5 1 3 4 2 2
0 5 1 3 3 0 2
0 9 3 1 3 2 2 3 2 4 2
0 7 2 0 4 0 2 1 3
1 16 1 1 4 3 3 3 3 2 0 3 3 2 3 2 4 1
0 3 1 2 0
1 7 3 4 4 2 2 0 2
0 4 0 0 2 3
1 27 3 4 2 4 0 0 0 4 4 0 0 4 4 0 0 0 4 4 0 0 0 4 0 0 4 0 0
0 12 0 3 2 2 1 2 3 2 1 0 4 0
0 8 4 1 4 3 1 2 3 3
0 6 1 2 0 4 2 0
0 20 3 4 3 4 1 0 4 1 0 2 0 2 1 3 3 4 3 1 4 2
1 2 1 2
0 4 3 0 0 0
1 13 0 1 4 3 3 3 2 0 1 0 0 2 4
0 6 0 1 4 2 3 3
0 16 3 0 0 1 2 0 0 0 2 4 0 0 2 4 0 1
0 10 3 3 3 1 1 3 0 3 4 0
1 10 0 1 0 2 4 3 2 0 3 4
0 6 2 4 0 2 2 1
1 13 0 3 2 1 0 1 4 3 3 2 0 3 4
1 4 3 1 2 2
1 18 0 3 2 2 1 2 3 2 3 2 3 2 3 2 3 2 4 1
0 3 4 0 2
1 7 2 0 2 1 0 0 3
1 5 3 2 3 4 2
1 5 3 2 1 4 3
0 5 0 2 0 2 1
0 9 2 1 4 4 3 0 4 0 1
0 10 3 2 0 4 2 3 4 2 0 2
1 12 2 0 2 0 2 1 0 4 4 4 4 4
1 19 2 4 4 4 0 2 0 2 0 2 0 2 4 4 0 2 1 4 4
0 8 2 4 0 2 0 2 3 4
0 15 0 0 3 2 1 2 1 2 1 2 3 2 1 0 0
0 7 1 3 2 2 4 2 4
1 2 3 2
0 13 4 0 1 0 0 3 3 3 0 0 2 4 3
0 5 2 2 2 1 4
0 5 2 3 0 3 0
0 7 1 0 4 2 4 3 3
1 7 0 3 2 3 2 4 1
1 17 3 2 1 2 4 3 2 4 0 0 0 4 0 0 4 4 4
0 4 0 0 1 1
0 4 2 2 0 2
0 5 4 1 2 3 2
0 3 1 2 0
0 4 3 4 2 3
0 6 1 3 4 0 3 4
0 3 1 1 2
0 5 1 1 4 0 3
0 9 2 0 2 1 0 4 4 3 4
1 4 0 3 2 0
0 6 0 4 3 4 4 2
1 7 3 4 4 2 2 0 2
0 7 2 0 0 2 3 3 4
1 4 3 1 2 2
1 24 0 3 2 1 0 0 3 3 3 2 4 3 2 4 2 0 2 0 3 2 1 2 2 3
1 19 2 0 2 0 2 0 2 1 0 4 4 4 4 4 4 4 4 4 4
0 4 0 3 4 0
0 6 3 3 2 3 1 2
1 5 3 0 0 1 0
0 8 0 1 3 3 3 3 2 4
1 10 0 1 0 1 4 3 3 2 4 3
1 12 0 1 0 0 3 2 0 3 3 2 1 4
0 5 0 2 2 2 1
0 5 3 1 0 0 2
1 3 0 2 3
0 6 1 2 2 3 2 1
0 6 2 0 2 1 3 2
0 5 3 3 0 2 2
1 7 3 1 2 2 2 2 2
0 5 3 0 2 1 2
0 8 4 3 3 1 2 3 0 2
0 8 2 0 2 4 0 4 4 3
0 8 3 4 4 4 3 2 3 0
0 10 3 2 3 1 2 2 2 4 2 2
0 7 3 4 3 1 3 1 3
1 5 2 0 2 1 4
1 2 1 2
0 8 0 0 3 3 2 2 1 3
0 11 0 3 4 2 0 4 0 0 3 2 4
1 8 3 2 2 3 1 2 2 2
1 6 2 1 0 4 4 4
0 8 3 4 3 1 2 3 3 1
0 6 3 3 2 3 0 3
1 3 2 1 3
1 12 3 2 2 4 1 2 2 2 2 2 2 2
0 6 1 3 3 1 3 1
0 32 1 1 0 0 2 0 2 4 2 4 2 4 2 0 0 3 2 0 2 0 1 0 2 1 0 0 3 2 4 0 0 3
1 6 3 3 1 0 0 2
1 4 0 3 2 0
0 8 0 3 2 1 2 2 2 3
1 8 2 0 2 0 2 1 0 3
0 3 2 4 4
0 10 4 4 0 2 0 2 2 4 4 2
1 3 0 2 3
0 10 3 3 3 1 1 3 0 3 4 0
1 6 3 2 0 1 1 4
0 10 3 1 2 2 2 0 2 2 2 2
1 24 0 3 2 1 0 0 3 3 3 2 4 3 2 4 2 0 2 0 3 2 1 2 2 3
1 4 0 3 2 0
1 12 3 4 4 2 2 2 2 0 4 2 2 1
0 6 3 2 0 2 3 2
1 15 1 2 1 2 3 2 3 2 2 1 2 3 2 2 3
1 5 3 4 4 0 1
1 2 2 1
0 19 0 1 4 3 2 4 3 3 2 4 2 1 4 2 0 0 3 2 4
1 13 2 4 4 1 4 4 4 4 4 4 4 4 4
1 12 0 3 2 3 2 3 2 1 0 3 2 3
0 10 1 1 4 2 0 0 2 2 0 0
0 12 2 0 3 1 2 2 4 2 0 4 4 0
1 4 0 1 4 3
0 6 0 0 3 3 2 4
1 12 3 2 0 3 3 1 4 2 3 1 0 0
1 6 1 1 4 2 4 3
1 9 1 2 1 2 3 2 3 2 4
0 3 0 3 4
1 5 3 4 3 2 1
0 4 0 3 4 0
1 3 3 0 1
0 5 0 4 0 3 0
1 12 1 3 2 3 2 1 0 3 3 2 2 3
1 3 3 0 1
0 5 3 0 0 4 1
1 2 0 4
1 6 1 1 4 2 4 3
0 10 3 1 2 2 2 0 2 2 2 2
1 7 3 1 2 2 2 2 2
1 14 0 1 4 2 0 2 4 2 0 0 3 2 4 3
0 8 0 2 0 2 1 0 4 4
0 20 0 1 0 0 2 2 4 3 3 3 3 2 4 3 2 0 3 2 1 2
0 5 2 1 4 3 4
0 15 2 4 3 4 0 1 0 1 1 0 3 3 1 4 2
1 4 3 4 2 1
1 6 0 1 0 3 2 3
1 14 1 2 1 2 1 0 0 2 4 2 4 3 3 3
1 12 1 2 1 2 3 2 1 0 2 4 2 4
0 4 0 3 4 1
0 8 0 3 4 4 0 1 2 2
0 2 1 1
1 16 0 1 0 3 1 0 1 4 2 0 1 4 3 3 2 4
0 4 2 3 1 4
0 8 0 1 2 3 2 2 3 0
0 14 3 2 0 2 2 1 4 4 4 4 4 4 4 0
0 4 4 3 4 4
0 27 2 2 1 4 3 3 3 2 4 3 3 2 4 3 3 2 1 3 2 2 4 3 3 2 4 3 3
1 5 2 4 4 1 3
0 4 0 1 2 4
0 4 3 1 3 1
1 4 0 3 2 0
0 3 1 3 2
0 5 3 1 3 1 2
0 4 0 1 4 2
0 6 1 2 4 4 0 4
1 2 2 1
1 12 1 3 2 1 4 2 4 3 3 2 4 3
0 5 3 2 4 0 1
0 7 2 4 1 0 0 1 0
1 7 3 4 4 2 2 0 2
1 8 0 1 4 2 4 3 2 4
0 4 2 3 1 0
0 14 3 2 0 0 1 0 2 1 0 2 4 2 4 1
1 6 3 4 2 2 3 1
0 4 2 3 4 2
0 7 2 3 0 0 3 0 2
1 5 0 2 1 2 0
1 15 0 1 0 0 2 0 0 2 0 0 2 0 1 0 0
1 3 3 0 1
0 5 2 0 2 2 3
0 6 0 2 0 1 2 3
0 4 0 0 3 1
1 3 3 0 1
1 10 0 1 4 2 0 2 0 3 4 1
0 6 3 0 3 4 2 4
1 12 3 2 2 1 1 3 3 1 0 3 1 2
0 7 1 2 4 4 0 4 2
0 4 0 4 4 4
0 4 0 4 3 2
0 7 3 2 0 2 0 0 0
0 5 2 3 1 3 2
1 3 3 0 1
0 15 0 0 3 2 1 2 1 2 1 2 3 2 1 0 0
1 3 2 1 3
0 3 1 0 0
0 5 0 4 0 3 0
1 4 3 1 2 2
1 8 1 3 2 2 1 2 1 4
1 3 0 2 3
0 6 3 1 3 3 3 0
1 11 0 3 2 3 2 1 4 2 0 3 2
0 4 1 0 3 4
0 7 1 0 4 2 4 3 3
0 3 4 2 3
1 3 3 0 1
1 18 0 1 0 0 3 3 3 2 0 2 4 2 4 2 0 0 2 4
1 2 2 1
1 2 3 2
0 4 0 1 2 4
0 5 3 1 0 2 1
1 13 1 3 2 1 4 3 2 0 3 3 2 4 1
1 3 3 0 1
1 2 0 4
0 4 0 2 1 3
1 5 3 2 1 4 3
1 19 0 3 2 1 4 3 3 2 4 3 2 4 3 2 4 2 0 1 4
0 4 0 3 4 2
1 3 0 1 4
0 20 3 0 0 1 3 1 1 2 3 1 2 4 0 1 2 2 2 2 2 2
0 4 0 0 2 1
0 6 2 1 3 0 4 3
1 2 0 4
0 6 4 3 3 2 0 4
1 5 1 1 0 1 4
1 7 0 1 0 1 0 3 0
1 2 0 4
1 7 3 3 1 0 1 2 2
0 5 4 0 4 1 4
1 7 1 1 0 2 0 2 4
0 20 1 4 3 1 0 1 4 2 0 4 4 3 3 2 0 3 3 2 2 3
1 2 0 4
0 2 4 1
0 4 4 4 0 0
0 5 1 4 2 4 0
0 14 3 0 3 4 3 3 4 1 3 3 4 2 3 4
0 4 0 2 3 2
1 3 0 2 3
0 5 0 1 1 2 4
0 4 0 4 3 4
0 5 3 2 4 1 1
0 13 1 1 1 4 3 2 4 4 0 0 4 2 4
0 13 1 1 3 1 0 2 4 3 2 4 2 0 0
0 7 2 4 2 4 1 0 2
1 5 2 4 1 0 3
1 8 0 1 4 2 0 2 4 3
0 6 1 3 2 1 2 3
1 3 0 1 4
0 11 4 1 0 1 4 0 2 0 4 3 3
0 5 1 4 1 0 2
1 2 1 2
1 2 2 1
0 9 0 1 4 3 1 4 0 3 3
0 5 2 1 3 2 4
0 7 2 2 4 4 1 4 1
1 4 3 1 2 2
1 6 3 2 0 1 1 1
0 20 0 3 2 1 0 2 1 0 0 2 4 3 3 0 1 0 0 3 3 3
1 5 3 3 1 4 2
1 7 3 2 1 3 4 2 4
0 6 1 0 3 3 4 0
1 9 2 4 1 0 0 0 4 4 4
1 6 1 2 1 2 1 4
0 5 3 1 0 3 1
1 2 1 2
0 7 0 1 1 1 3 2 4
0 7 0 3 0 1 2 4 2
0 4 0 1 3 3
1 4 3 1 2 2
1 2 0 4
1 5 3 4 4 0 1
0 10 1 2 3 3 1 2 4 3 2 3
1 2 0 4
0 17 1 1 4 2 3 3 3 2 4 2 4 2 0 2 4 2 4
0 4 4 4 1 4
0 7 3 3 2 4 4 0 2
1 11 1 3 2 3 2 1 0 0 3 3 3
0 4 0 2 2 2
1 9 0 3 2 1 0 0 3 2 4
0 4 2 4 0 3
0 2 4 1
1 7 0 1 4 2 4 2 4
1 21 1 3 2 2 1 2 3 2 1 4 3 3 3 2 0 0 2 0 3 2 3
0 5 4 4 0 2 2
0 9 1 0 2 2 1 3 3 4 1
0 6 2 1 2 4 4 4
1 4 3 4 2 1
0 4 3 1 3 4
0 5 2 3 3 3 3
0 2 4 1
0 5 3 3 1 2 2
1 5 0 2 1 2 0
1 11 3 2 0 3 0 0 1 2 1 0 0
1 9 3 0 0 1 1 2 2 2 2
0 5 2 3 3 2 1
0 3 2 3 1
1 15 1 3 2 1 0 1 0 0 2 0 3 3 2 4 1
1 4 3 1 2 2
1 8 0 1 0 3 1 4 2 4
0 14 3 4 4 3 4 1 3 0 3 4 2 2 3 3
1 6 2 0 2 4 4 3
0 5 2 4 1 2 2
0 10 0 2 1 1 1 0 2 4 4 3
1 4 3 1 2 2
1 8 1 3 2 3 2 3 2 0
1 5 0 2 1 2 0
1 5 3 2 3 2 1
0 6 4 1 3 4 4 4
0 8 2 0 0 0 0 3 0 2
1 3 2 1 3
0 6 3 0 1 3 2 1
0 3 3 4 2
1 8 0 2 1 2 1 4 2 4
0 7 3 2 1 1 2 3 2
0 9 3 2 2 1 4 3 3 3 1
1 5 3 4 2 3 0
1 2 0 4
1 3 0 1 4
0 7 2 0 0 2 3 3 4
0 4 4 0 1 1
0 5 2 3 4 0 1
0 7 0 1 1 1 3 2 4
1 3 3 0 1
1 2 2 1
1 3 0 2 3
0 6 2 0 1 3 2 3
0 5 0 1 3 3 0
0 4 1 1 4 2
0 7 2 1 1 2 1 3 4
1 2 0 4
0 7 4 4 0 4 2 3 2
1 9 0 1 4 3 2 4 3 2 4
1 13 3 2 2 0 0 2 1 1 3 3 1 4 4
0 5 1 1 0 2 3
1 6 1 3 2 3 2 4
0 11 1 1 0 2 4 3 2 1 2 4 3
0 5 0 4 0 0 0
1 6 3 4 3 2 3 0
1 15 0 3 2 1 0 2 4 2 4 3 2 0 1 4 3
0 8 2 0 2 4 0 4 4 3
1 7 2 0 2 0 2 1 3
0 12 3 3 1 3 2 2 2 2 2 2 2 2
0 5 3 0 1 0 2
1 9 0 1 0 0 3 2 0 3 0
0 2 4 1
1 5 3 2 3 2 1
0 10 2 3 2 0 1 0 3 1 4 2
0 3 3 0 3
0 5 1 0 1 4 3
0 5 3 3 2 2 2
1 13 0 3 2 3 2 3 2 1 0 2 0 3 4
1 8 2 4 4 4 4 0 2 2
1 3 2 1 3
0 6 2 2 3 3 2 1
1 4 3 1 2 2
1 3 2 1 3
1 8 1 3 2 2 1 2 1 4
1 5 2 0 2 1 4
0 11 1 1 4 0 3 3 2 4 2 4 3
1 9 0 1 0 0 3 3 2 4 3
1 18 1 1 0 0 2 4 2 0 2 0 0 3 2 0 1 0 3 0
1 3 2 1 3
0 10 3 3 2 3 4 2 1 2 0 1
1 9 2 1 4 4 4 4 4 4 4
0 3 4 1 2
0 4 0 1 1 3
0 9 3 0 0 1 4 1 4 0 1
1 15 0 1 0 3 3 2 3 2 3 2 2 1 2 4 1
1 4 0 3 2 0
1 10 0 1 4 2 4 3 2 0 2 4
0 4 1 4 2 1
0 12 2 0 2 1 2 3 0 1 0 0 2 4
0 4 1 1 1 2
0 7 0 2 2 3 2 0 2
1 3 0 1 4
1 7 3 0 0 1 2 3 1
0 4 0 1 1 0
1 8 0 2 1 2 1 0 2 4
0 7 2 0 3 4 0 3 2
0 17 1 3 2 1 0 1 4 2 4 2 0 2 0 0 3 4 2
1 4 0 3 2 0
0 6 3 0 0 1 3 2
1 10 3 0 0 1 3 1 4 2 3 1
1 35 0 1 0 2 4 3 2 0 1 4 2 4 3 3 3 2 4 3 3 3 2 0 0 2 4 3 2 0 0 2 4 2 0 3 0
0 5 0 4 0 0 0
0 12 1 1 0 0 2 0 0 0 2 0 3 2
1 11 3 3 1 4 4 4 4 0 4 2 1
1 6 3 2 0 1 1 4
1 4 0 3 2 0
0 18 1 2 1 2 0 1 0 2 4 3 2 4 2 4 2 2 4 3
1 3 3 0 1
0 4 2 2 0 2
0 4 4 0 0 1
1 4 3 4 2 1
1 3 3 0 1
0 8 3 2 3 3 2 0 4 0
0 6 4 0 1 3 0 2
0 6 3 0 1 1 0 1
0 7 2 3 0 2 2 3 2
1 3 3 0 1
0 6 1 3 4 4 3 1
1 8 3 2 0 0 0 1 0 0
0 10 0 3 2 3 0 2 1 2 0 0
1 20 1 3 2 1 0 3 1 4 3 3 3 2 4 3 3 2 0 1 0 0
1 11 1 3 2 3 2 1 0 0 3 3 3
1 10 3 2 2 0 0 1 3 1 1 1
0 5 0 1 0 0 4
0 2 4 1
1 6 0 3 2 3 2 4
1 9 3 4 3 0 1 4 1 1 2
0 2 4 1
0 10 1 1 4 0 3 2 0 4 4 3
0 5 3 2 4 0 1
0 14 1 3 2 4 1 2 3 2 3 2 1 0 3 4
0 7 1 1 2 2 1 3 3
1 3 0 2 3
0 5 2 2 4 2 3
0 13 0 1 0 3 2 4 2 3 2 2 1 2 0
0 14 3 2 0 2 2 1 4 4 4 4 4 4 4 0
0 7 0 0 1 0 4 1 2
1 15 0 1 4 2 0 2 4 2 0 0 3 3 3 2 4
1 21 1 3 2 1 0 2 0 0 3 3 3 3 2 0 2 4 2 0 3 4 1
1 19 2 0 2 0 2 0 2 1 0 4 4 4 4 4 4 4 4 4 4
0 6 1 3 3 3 0 1
1 4 0 3 2 0
1 11 2 4 4 1 4 4 4 4 4 4 4
1 9 0 1 0 1 0 3 3 2 0
0 4 3 2 2 2
1 7 2 0 2 0 2 1 0
0 8 3 3 1 1 0 2 0 2
1 12 2 4 0 2 0 2 4 4 0 2 3 2
0 2 1 1
0 7 0 1 2 2 2 2 2
0 4 1 4 1 3
0 7 1 3 1 0 0 3 2
1 6 3 4 3 2 3 0
1 3 3 0 1
0 9 3 2 2 0 4 0 2 4 3
0 8 0 3 2 2 0 3 2 1
0 6 2 1 4 2 0 0
0 3 2 4 4
1 3 0 2 3
1 3 0 1 4
1 12 2 0 2 0 2 1 0 4 4 4 4 4
0 3 2 3 1
0 16 0 3 2 2 1 2 2 1 3 2 3 2 2 2 0 3
1 10 2 4 4 4 0 2 0 2 4 1
0 11 1 1 0 0 0 3 2 1 0 2 3
1 4 3 4 2 1
1 9 2 4 4 1 4 4 4 4 4
1 18 1 3 2 3 2 3 2 3 2 3 2 3 2 3 2 3 2 4
1 6 3 4 4 0 3 3
1 11 1 2 1 2 3 2 2 1 2 4 1
0 6 0 3 3 1 3 3
0 6 0 2 2 3 1 3
1 13 0 1 0 3 1 4 3 2 4 2 0 0 3
1 9 1 1 4 2 4 3 3 3 3
1 5 1 1 0 0 3
1 5 3 2 3 2 1
1 7 1 1 4 3 3 2 4
0 5 2 0 3 2 2
0 5 1 1 4 0 3
0 5 0 3 3 2 4
1 7 3 1 2 2 2 2 2
0 10 2 4 1 4 4 4 4 4 3 4
1 7 0 1 0 3 1 0 0
1 4 3 1 2 2
1 2 1 2
0 4 1 1 1 0
1 6 3 2 0 1 1 4
1 9 1 1 4 2 4 3 3 3 3
1 19 0 1 0 1 0 0 3 2 0 1 4 2 0 0 3 3 2 0 0
1 3 0 2 3
1 4 1 1 0 0
0 5 3 3 4 4 2
1 3 0 2 3
0 4 0 0 3 3
0 6 2 4 3 1 2 2
0 4 3 0 0 1
0 4 1 0 2 1
0 8 1 3 1 4 1 4 3 3
0 8 3 4 3 3 1 4 0 2
0 5 3 0 4 0 1
0 4 1 1 1 2
1 6 2 4 4 0 2 2
1 3 2 1 3
1 3 2 1 3
0 5 1 2 1 4 4
0 7 1 2 1 2 2 2 2
0 5 3 4 1 2 0
0 6 2 1 2 1 3 2
0 9 0 4 1 1 4 1 0 3 0
0 16 3 1 2 2 2 2 2 2 2 2 1 2 2 2 2 2
0 5 1 0 0 0 0
0 6 0 2 0 4 1 3
0 12 0 2 4 1 1 2 3 1 0 1 3 0
0 6 4 2 0 2 1 3
0 9 3 2 2 0 4 0 2 4 3
1 2 2 1
1 7 1 3 2 2 1 2 4
0 3 2 3 1
1 4 3 1 2 2
1 7 3 1 2 2 2 2 2
0 6 3 3 3 2 0 4
1 7 3 1 2 2 2 2 2
0 5 0 4 0 0 4
1 5 2 4 4 1 3
1 48 1 1 4 2 4 2 4 2 0 2 0 2 0 2 4 2 4 3 3 2 4 2 4 2 0 1 4 2 4 3 2 4 3 2 4 2 4 3 3 3 3 3 2 4 2 4 2 4
0 6 2 3 1 4 4 3
1 16 1 1 0 3 1 0 2 4 2 4 2 4 2 0 2 4
1 3 0 2 3
0 12 3 3 2 2 0 0 2 4 0 1 2 2
0 8 0 4 2 3 2 3 2 0
0 5 1 1 4 3 2
0 7 3 1 3 1 2 2 3
0 23 1 3 2 3 3 2 3 2 3 2 1 0 2 4 3 2 4 2 4 3 2 4 3
1 9 1 3 2 3 2 1 4 2 4
1 19 1 1 4 3 3 2 0 0 2 0 2 0 1 4 3 3 3 2 4
0 4 4 4 1 4
0 3 1 0 0
1 17 0 1 4 2 4 3 2 4 3 2 4 2 0 2 4 3 3
0 3 4 4 4
0 9 4 2 1 2 1 4 4 4 4
0 7 4 2 0 2 4 3 2
0 6 3 1 2 4 0 2
0 4 0 3 0 1
1 7 3 0 0 1 2 3 1
0 4 0 0 4 0
1 2 0 4
1 7 1 3 2 2 1 2 0
0 5 4 1 2 3 2
0 8 0 2 1 0 3 2 4 0
1 4 0 3 2 0
1 2 0 4
1 3 0 2 3
0 10 2 4 2 0 2 1 2 4 3 3
0 4 3 1 3 1
0 14 3 4 1 2 0 3 0 0 1 1 0 2 2 2
1 4 0 3 2 4
1 3 3 0 1
1 3 3 4 4
0 5 3 3 2 1 2
1 7 1 1 4 3 3 3 3
0 6 0 3 3 0 1 2
0 2 1 1
0 6 4 3 3 3 1 4
1 3 0 2 3
1 12 1 3 2 3 2 3 2 1 0 3 2 3
1 13 0 3 2 3 2 1 4 3 2 0 3 4 1
0 7 1 3 4 1 2 2 4
1 10 1 1 4 2 4 2 0 3 4 1
1 7 2 0 2 0 2 1 0
1 2 1 2
0 4 1 3 3 4
1 18 1 3 2 3 2 3 2 3 2 3 2 3 2 3 2 3 2 4
1 13 1 1 0 3 1 0 0 2 0 3 3 2 2
1 21 1 1 0 0 2 4 3 2 4 3 2 0 1 4 2 0 3 1 0 3 0
0 10 3 2 0 4 2 3 4 2 0 2
0 5 0 3 0 2 3
0 5 2 3 0 4 3
0 5 2 2 1 4 2
1 15 0 3 2 1 0 2 4 2 4 3 2 0 1 4 3
0 9 4 0 2 4 2 2 3 3 3
1 9 0 3 2 1 4 2 0 1 4
0 7 3 2 4 0 3 1 1
0 7 0 2 4 4 0 2 2
0 7 2 4 0 2 3 1 4
0 7 3 2 1 2 3 4 0
1 7 3 3 1 4 0 0 2
0 5 3 4 1 2 0
0 4 3 2 1 0
1 10 0 1 4 3 3 3 3 2 0 0
0 6 0 2 0 1 2 3
0 5 0 2 0 2 4
1 2 3 2
1 4 1 1 0 0
1 2 0 4
1 12 1 3 2 1 4 2 4 3 3 2 4 3
1 2 0 4
1 20 1 3 2 1 4 2 0 3 1 4 3 2 0 0 2 4 2 4 2 4
1 2 3 2
1 5 0 2 1 2 2
0 27 2 2 1 4 3 3 3 2 4 3 3 2 4 3 3 2 1 3 2 2 4 3 3 2 4 3 3
0 2 4 1
1 3 2 1 3
0 11 1 3 2 1 0 3 2 3 2 4 1
1 3 2 1 3
0 17 1 1 0 2 0 0 2 4 3 1 2 0 2 0 3 4 1
0 7 2 0 4 0 2 1 3
1 6 3 2 2 1 1 1
1 7 3 0 0 1 2 3 0
0 2 1 1
0 3 1 2 0
0 6 0 1 4 2 3 3
0 4 2 4 1 1
0 6 1 1 4 2 4 4
1 8 1 3 2 1 0 3 1 4
1 8 2 0 2 4 4 0 2 2
1 2 2 1
0 6 0 2 0 1 2 4
0 6 1 1 4 1 0 0
0 11 1 3 3 0 3 2 4 4 3 2 4
1 4 3 1 2 2
0 4 2 2 0 3
1 4 0 3 2 0
0 4 1 2 0 1
0 2 1 1
0 10 0 1 4 1 2 0 3 2 3 4
1 12 1 1 0 1 4 3 3 2 0 2 4 3
1 7 3 4 4 2 2 0 2
0 4 0 4 2 2
1 8 3 2 2 4 4 3 2 1
1 2 0 4
0 6 0 0 1 0 1 1
0 15 2 4 3 4 0 1 0 1 1 0 3 3 1 4 2
1 2 0 4
0 16 1 1 0 2 4 3 2 4 0 4 0 3 2 1 2 4
1 22 0 3 2 1 4 3 3 3 2 0 1 0 1 4 3 3 3 2 0 0 2 4
0 6 1 3 0 2 3 0
0 4 2 3 3 2
1 5 3 2 3 0 2
0 6 1 3 3 3 0 1
1 6 0 1 4 3 2 4
0 13 0 1 0 3 2 4 2 3 2 2 1 2 0
0 16 1 1 4 2 0 2 0 0 3 3 2 2 0 2 4 1
1 10 3 0 0 1 2 0 3 1 2 2
1 7 2 4 0 2 4 4 2
1 6 0 1 0 1 4 3
1 3 3 0 1
0 2 1 1
0 4 0 1 1 0
0 5 3 0 1 4 2
1 13 1 2 1 2 2 1 2 1 0 1 0 0 3
0 18 0 1 0 0 2 0 2 4 2 4 4 3 3 2 0 2 4 0
1 2 3 2
0 14 0 1 0 1 0 0 2 0 4 0 0 2 4 4
0 4 2 3 3 2
0 5 1 1 3 0 1
0 11 0 2 1 2 1 0 2 0 4 3 3
0 4 0 0 4 0
1 10 1 1 4 2 0 1 0 3 2 3
0 4 2 4 1 1
1 12 3 4 4 2 2 2 2 0 4 2 2 1
0 10 4 4 4 1 4 4 4 0 4 4
0 2 4 1
0 14 0 1 0 1 0 0 2 0 4 0 0 2 4 4
1 3 0 2 3
0 6 2 2 3 4 1 2
1 5 2 0 2 4 3
0 8 3 2 0 2 4 0 2 2
0 5 4 3 1 3 2
0 6 3 1 2 1 2 2
0 4 2 3 4 2
0 6 3 0 2 2 4 2
0 10 1 0 3 2 2 3 2 3 2 4
0 4 1 2 3 3
1 8 1 3 2 3 2 3 2 2
0 5 3 0 1 0 4
0 22 0 1 4 3 2 3 1 4 3 2 4 2 0 0 3 2 2 0 2 1 2 0
1 3 2 1 3
0 22 0 1 4 2 0 0 2 0 2 0 0 0 2 0 1 0 2 2 4 3 2 4
0 5 0 3 4 0 1
0 3 2 0 1
0 4 4 3 4 3
0 12 2 0 2 0 2 0 0 2 0 0 2 1
1 10 3 4 2 4 0 0 0 4 0 4
0 8 1 2 4 1 0 4 1 4
1 6 0 1 0 3 2 3
0 2 4 1
0 9 0 2 2 1 3 3 3 1 2
1 11 3 2 1 2 4 3 2 4 4 4 0
1 2 1 2
1 3 3 0 1
1 4 0 3 2 0
0 7 2 0 2 0 2 0 3
1 2 1 2
1 10 0 1 4 2 0 2 0 3 4 1
1 7 3 2 2 0 0 4 4
0 4 1 2 1 1
0 5 1 2 4 3 2
1 5 0 2 1 2 0
1 3 2 1 3
0 5 2 0 2 2 3
0 5 2 1 1 4 4
0 4 3 3 0 1
0 6 1 1 2 2 4 4
0 11 1 3 2 1 0 3 1 2 0 3 0
1 3 0 1 4
1 10 3 2 2 0 0 3 4 0 4 2
0 5 1 4 3 4 1
1 13 3 2 4 3 3 3 3 3 1 4 3 3 3
1 8 1 1 4 2 0 3 4 1
1 15 0 1 0 3 3 2 3 2 3 2 2 1 2 4 1
1 7 2 0 2 4 4 4 3
0 9 4 0 2 4 2 2 3 3 3
0 3 3 3 4
1 2 2 1
1 3 0 1 4
1 3 0 1 4
0 4 0 1 3 3
0 6 1 2 1 4 2 0
0 7 3 3 2 1 3 0 1
1 10 2 1 0 0 0 4 4 4 4 4
1 2 0 4
0 8 2 2 2 3 1 4 0 2
1 4 0 3 2 0
0 10 2 1 2 4 0 0 2 4 0 2
1 5 2 4 0 2 3
0 5 4 1 2 4 0
1 6 2 1 0 4 4 4
0 6 4 3 3 3 1 4
0 5 3 3 4 2 2
1 5 3 4 3 2 1
0 4 1 4 0 2
0 4 1 1 4 2
0 13 3 2 2 1 0 2 0 0 0 3 1 2 2
0 8 3 2 3 4 4 2 2 1
0 10 1 2 3 2 3 4 2 2 4 1
0 10 1 3 2 1 3 3 3 2 4 3
1 2 0 4
0 6 0 2 0 0 3 2
1 4 0 3 2 4
1 8 1 1 4 2 0 3 4 1
0 7 2 4 2 4 1 0 2
0 7 1 4 1 4 3 2 4
1 3 0 1 4
0 5 4 1 1 2 4
1 4 0 3 2 0
0 10 0 1 4 1 2 0 3 2 3 4
1 2 1 2
1 12 1 2 1 2 3 2 1 0 2 4 2 4
0 5 1 1 2 1 3
1 4 3 1 2 2
0 4 3 0 0 1
1 9 1 3 2 3 2 1 0 0 3
1 2 3 2
1 3 0 2 3
1 17 0 3 2 1 0 0 2 4 2 4 2 4 3 2 4 2 4
0 15 1 1 0 0 2 0 2 2 4 1 4 2 0 4 3
0 6 0 3 3 0 1 2
0 9 1 2 0 0 1 0 0 3 0
0 15 1 2 1 2 2 0 2 4 3 0 2 1 0 3 0
0 12 2 0 2 1 2 3 0 1 0 0 2 4
0 5 4 3 4 1 4
0 2 1 1
0 4 3 1 0 0
0 17 1 1 4 3 3 3 3 2 4 3 3 2 3 2 4 2 4
0 4 2 4 3 1
1 9 0 1 4 3 2 0 3 2 3
0 9 3 0 0 0 1 2 3 0 2
0 5 0 2 0 2 2
1 5 1 1 4 3 3
0 3 4 1 2
1 3 2 1 3
1 8 0 1 4 2 4 3 2 4
1 11 3 2 1 3 1 1 3 1 1 0 0
1 3 0 2 3
1 5 3 3 1 2 3
1 17 1 1 0 1 0 2 4 2 0 3 2 1 2 2 1 2 2
0 5 3 2 3 2 0
1 12 1 1 0 0 3 2 4 2 4 3 3 3
0 5 0 3 0 4 1
0 5 0 0 3 2 1
1 13 3 4 4 0 3 1 4 1 3 3 2 3 0
0 6 2 3 2 0 4 1
0 19 3 2 0 1 0 0 3 2 4 4 0 4 4 0 4 0 0 0 4
0 8 0 2 3 0 0 1 3 1
0 3 2 4 4
0 5 0 1 1 2 4
1 7 0 1 4 2 0 1 4
0 11 0 0 2 1 3 4 3 2 4 2 3
1 3 2 1 3
1 5 3 2 1 4 1
1 9 1 1 0 1 4 2 0 3 0
1 6 0 3 2 3 2 4
1 11 3 2 1 2 4 3 2 4 4 4 0
1 17 0 1 4 2 4 3 2 0 1 4 2 0 3 3 2 4 1
1 3 0 1 4
1 7 3 2 0 3 1 2 2
1 6 3 2 0 1 1 4
0 7 0 1 1 4 3 2 4
0 8 1 1 4 2 0 2 2 4
1 4 0 3 2 0
0 4 0 3 1 4
1 9 0 3 2 3 2 3 2 4 1
1 5 3 3 1 4 4
1 8 3 0 0 1 4 2 4 0
1 2 0 4
0 11 2 0 2 0 2 4 0 2 0 3 2
1 3 3 4 4
0 6 0 1 3 2 3 0
0 4 0 3 1 4
0 6 2 3 0 4 2 2
0 5 4 0 3 0 0
0 6 0 0 1 4 1 2
1 9 3 4 3 4 4 2 0 4 3
1 11 3 2 0 3 0 0 1 2 1 0 0
0 6 2 0 2 1 3 2
1 9 3 3 1 4 4 0 3 0 2
1 3 2 1 3
0 7 2 2 2 0 1 4 4
1 3 0 1 4
0 5 0 2 2 2 1
0 11 3 1 1 3 0 1 0 3 4 2 4
0 19 0 2 1 0 0 0 3 2 0 0 3 3 2 2 4 4 2 0 0
1 8 1 1 4 3 3 2 4 3
1 3 0 2 3
0 5 3 2 3 2 0
1 4 3 1 2 2
1 6 0 1 0 3 2 3
1 17 0 3 2 1 0 0 2 4 2 4 2 4 3 2 4 2 4
0 4 1 1 2 4
1 4 0 3 2 4
0 5 4 4 2 1 3
1 7 1 1 0 2 0 3 0
0 8 2 2 4 4 2 4 4 4
0 5 1 1 2 1 3
0 6 3 0 1 1 0 1
0 11 2 0 2 0 2 4 0 2 0 3 2
1 11 2 4 4 1 4 4 4 4 4 4 4
0 8 1 1 0 2 0 2 2 4
1 8 3 2 2 0 0 3 0 2
0 4 0 1 1 0
0 22 3 2 2 0 3 4 2 4 2 0 3 3 2 4 4 4 0 4 0 4 0 0
1 12 3 2 1 2 4 3 2 2 3 2 3 4
1 3 0 2 3
0 4 1 1 1 0
0 9 1 1 3 0 1 0 3 3 2
0 5 3 1 0 3 3
1 4 3 1 2 2
0 7 0 3 0 1 2 4 2
1 7 3 1 2 2 2 2 2
1 4 0 1 4 3
1 12 0 1 0 0 3 2 0 3 3 2 1 4
0 10 0 4 1 2 3 3 0 2 4 1
0 16 1 3 2 3 2 3 2 1 0 1 4 4 3 3 2 4
1 3 3 0 1
0 7 2 0 0 2 4 4 2
1 5 2 4 4 1 3
1 7 0 3 2 3 2 4 1
1 2 2 1
0 8 1 0 2 1 2 3 2 2
0 4 1 2 1 2
0 3 4 2 3
1 3 3 0 1
0 5 0 0 4 3 2
1 6 2 4 4 4 3 2
1 27 3 4 2 4 0 0 0 4 4 0 0 4 4 0 0 0 4 4 0 0 0 4 0 0 4 0 0
1 3 3 0 1
1 23 1 1 4 2 4 2 4 3 2 0 1 4 2 0 2 0 2 0 3 2 1 2 4
0 5 3 4 0 0 2
0 2 1 1
0 16 1 3 2 3 2 3 2 1 0 1 4 4 3 3 2 4
1 3 2 1 3
0 5 3 4 0 0 0
0 2 4 1
1 7 1 3 2 2 1 2 0
1 6 2 4 4 4 3 2
1 5 0 2 1 2 0
0 9 2 0 2 0 2 1 4 1 3
0 4 2 4 0 2
1 7 0 1 0 1 0 0 3
1 6 3 4 3 2 3 0
0 10 1 0 3 2 2 3 2 3 2 4
1 16 0 1 0 1 0 1 4 2 4 2 4 2 0 0 2 4
1 7 2 4 0 2 4 4 2
1 5 3 2 1 4 3
1 5 0 2 1 2 0
0 4 3 1 0 4
1 2 0 4
0 4 0 4 0 2
1 22 0 1 4 3 2 0 3 3 2 1 4 3 3 2 4 2 0 2 0 3 2 3
0 11 1 1 0 3 1 2 0 0 2 2 2
1 26 1 1 0 0 2 0 0 3 2 4 3 2 0 0 2 0 1 4 3 2 4 2 0 0 2 4
1 7 0 1 0 3 1 0 0
0 39 1 3 2 1 0 4 4 2 0 0 2 4 2 2 4 2 0 2 1 4 2 4 2 4 3 2 0 0 2 1 0 1 0 3 2 1 2 4 1
0 8 3 3 1 2 4 1 4 1
1 3 3 0 1
0 7 0 1 1 4 3 2 4
0 9 1 1 3 0 1 0 3 3 2
0 8 2 0 2 0 2 4 4 4
0 5 4 3 3 0 2
0 5 3 3 2 1 2
0 7 3 3 1 2 2 2 2
1 3 0 2 3
1 3 0 2 3
0 6 1 2 1 3 1 3
0 4 2 3 0 2
1 10 3 4 2 4 0 0 0 4 0 4
1 11 0 2 1 2 1 4 3 2 4 2 4
0 6 1 1 3 2 4 1
0 4 0 0 3 1
1 2 0 4
0 9 1 0 3 3 2 3 2 4 1
1 4 3 1 2 2
0 5 3 4 2 0 3
1 14 0 3 2 3 2 3 2 2 1 2 3 2 2 3
1 2 0 4
0 12 0 2 0 4 3 3 2 0 0 3 0 3
0 4 3 4 3 2
1 13 3 2 0 3 3 1 0 4 4 2 2 0 2
0 4 0 0 3 1
0 14 1 3 2 1 4 2 0 0 0 2 4 2 0 0
1 6 3 2 2 3 0 1
0 3 1 3 2
0 10 3 4 4 2 2 2 0 3 3 2
1 3 0 2 3
1 5 3 2 1 4 1
1 15 0 1 0 0 3 2 4 3 2 4 3 3 3 3 3
1 3 0 2 3
1 3 3 0 1
1 13 3 2 2 0 0 2 1 1 3 3 1 4 4
1 3 3 4 4
0 6 1 0 3 3 4 0
0 8 0 4 1 0 2 0 2 3
1 16 0 3 2 1 4 2 4 3 3 2 0 1 4 2 4 3
0 3 2 2 4
0 6 2 1 4 2 0 0
1 16 0 1 0 0 3 3 2 4 2 4 2 0 0 2 0 0
0 3 3 3 4
0 5 4 3 2 4 4
0 3 1 0 0
1 10 0 3 2 1 0 1 4 3 3 3
0 5 3 4 2 4 1
0 17 1 1 0 0 3 2 4 4 2 4 3 0 0 1 4 3 3
0 10 3 0 2 0 3 1 4 3 3 2
1 4 0 3 2 0
1 3 3 0 1
1 10 0 3 2 3 2 3 2 3 2 0
0 8 0 2 1 0 3 2 4 0
1 14 2 0 2 4 0 2 0 2 1 4 4 4 4 4
0 5 1 4 3 0 2
0 8 0 3 2 2 0 3 2 1
0 4 0 3 4 2
0 6 2 1 2 4 4 1
0 11 0 1 4 2 0 0 3 3 0 4 3
1 2 2 1
0 5 4 1 2 2 4
1 8 2 0 2 0 2 0 2 1
1 13 0 3 2 3 2 3 2 1 0 2 0 3 4
0 4 4 3 0 2
1 7 1 3 2 2 1 2 0
1 12 2 4 0 2 0 2 4 4 0 2 3 2
0 15 0 2 1 2 1 0 2 0 0 0 1 4 3 3 3
1 3 2 1 3
1 12 3 3 1 4 4 4 2 3 1 0 0 1
0 4 2 2 3 4
0 32 1 1 0 0 2 0 2 4 2 4 2 4 2 0 0 3 2 0 2 0 1 0 2 1 0 0 3 2 4 0 0 3
0 9 2 1 4 4 3 0 4 0 1
1 5 3 4 2 3 0
1 9 0 1 0 1 0 1 0 1 4
1 16 0 1 0 3 1 0 1 4 2 0 1 4 3 3 2 4
0 2 1 1
0 5 2 3 4 0 1
1 7 1 1 0 0 2 4 3
0 2 1 1
0 3 3 4 2
0 5 3 0 3 3 3
1 2 1 2
0 3 0 4 0
1 9 3 2 2 0 0 2 3 1 2
0 4 3 1 0 4
0 6 2 1 4 3 4 1
1 4 0 3 2 0
0 3 4 0 1
0 4 1 1 2 1
0 5 2 3 3 3 3
1 7 3 0 0 1 2 3 0
0 7 0 3 2 3 2 1 1
0 8 1 4 1 3 2 0 2 3
0 8 3 0 2 2 3 2 4 3
1 8 1 3 2 3 2 3 2 0
1 8 3 2 2 0 0 3 0 2
0 4 0 2 4 3
1 10 3 2 0 0 0 3 4 0 3 3
0 4 3 3 4 2
0 9 4 2 1 2 1 4 4 4 4
0 5 4 4 3 3 3
0 7 3 3 2 0 3 0 2
1 3 0 2 3
0 7 3 4 3 3 3 2 3
1 6 3 3 1 4 2 3
1 8 1 3 2 3 2 3 2 2
1 2 0 4
1 3 0 1 4
0 5 1 4 3 3 0
1 4 0 3 2 4
1 20 1 3 2 1 0 3 1 4 3 3 3 2 4 3 3 2 0 1 0 0
0 5 3 2 0 2 2
1 2 3 2
0 10 1 1 4 2 0 0 2 2 0 0
0 7 3 3 2 0 3 0 2
1 2 0 4
1 6 3 2 0 3 2 0
1 5 2 4 0 2 3
0 10 3 0 3 1 2 1 0 0 1 1
1 5 1 1 4 3 3
0 10 2 1 2 4 0 0 2 4 0 2
1 3 0 1 4
1 2 0 4
0 11 3 1 1 3 0 1 0 3 4 2 4
1 6 0 3 2 3 2 4
0 4 2 1 1 0
0 8 2 1 2 1 3 2 3 0
1 3 3 4 4
1 3 2 1 3
0 5 4 0 0 1 3
0 6 1 3 3 1 3 1
0 4 4 0 3 4
1 13 0 1 4 3 3 2 4 2 4 3 2 0 0
0 15 0 3 0 1 0 0 1 0 2 4 2 4 3 3 3
1 2 0 4
1 2 0 4
0 9 3 2 2 0 3 3 1 2 3
0 6 1 2 4 4 0 4
1 3 0 2 3
0 2 4 1
0 4 3 4 3 2
0 9 3 0 0 0 1 2 3 0 2
0 8 3 2 1 2 4 4 0 2
1 13 1 1 0 3 3 2 3 2 1 0 3 4 1
0 6 1 2 0 4 2 0
0 5 4 1 1 2 4
1 3 0 2 3
0 3 2 3 1
0 2 1 1
1 4 3 1 2 2
0 5 2 0 2 1 1
1 2 2 1
0 4 4 0 4 1
1 2 0 4
1 5 2 4 0 2 3
1 4 0 3 2 0
1 11 2 0 2 4 4 1 0 4 4 4 4
1 2 1 2
1 5 2 4 1 0 3
1 3 0 2 3
0 9 4 4 0 2 0 2 2 2 3
0 10 1 3 3 3 2 2 0 2 2 4
1 10 3 0 0 1 2 0 3 1 2 2
1 10 2 4 4 0 2 0 2 4 1 4
1 4 0 3 2 0
0 5 3 3 4 2 2
0 12 0 2 0 4 3 3 2 0 0 3 0 3
0 9 4 3 2 2 0 2 0 2 2
0 3 4 3 4
1 11 3 3 1 2 3 1 4 0 1 2 2
0 3 0 3 4
0 2 4 1
1 3 2 1 3
0 12 1 3 2 1 0 2 1 2 2 1 2 0
0 4 1 1 2 1
1 9 3 2 2 3 2 2 4 3 1
0 4 4 0 2 1
1 8 2 0 2 0 2 1 0 3
1 9 3 2 3 4 0 3 4 3 4
0 5 2 2 1 0 3
0 5 4 0 4 0 2
0 8 2 2 4 4 2 4 4 4
1 5 1 1 4 3 3
1 9 1 3 2 1 4 3 2 4 3
1 10 3 4 2 4 0 0 4 4 0 0
1 13 1 1 0 3 3 2 3 2 1 0 3 4 1
0 3 4 0 1
0 16 1 1 4 2 0 2 0 0 3 3 2 2 0 2 4 1
0 9 1 2 1 2 1 4 0 2 4
1 7 3 2 3 4 2 2 1
0 6 3 0 2 2 4 2
0 3 3 0 3
0 4 2 3 1 0
0 4 4 3 2 1
1 13 3 2 2 1 0 3 1 4 0 3 1 2 3
1 2 0 4
0 6 1 3 4 4 3 1
0 5 3 3 2 2 0
0 6 1 3 2 1 2 3
0 8 1 2 1 3 2 0 2 3
1 3 3 0 1
0 4 1 4 2 1
1 11 3 0 0 1 1 2 2 2 2 2 2
1 2 1 2
1 23 3 2 0 1 1 3 3 1 4 3 3 1 3 2 4 0 4 4 0 4 0 0 0
0 13 1 1 0 2 0 2 3 0 1 0 0 3 3
0 10 2 0 0 4 4 4 4 4 4 4
0 5 4 0 2 1 3
0 11 0 3 4 2 0 4 0 0 3 2 4
0 4 4 4 2 2
0 9 1 3 2 2 1 4 2 4 3
1 3 0 2 3
1 3 3 0 1
0 4 0 3 4 1
1 9 0 1 0 1 0 3 3 2 0
0 8 3 3 1 1 0 2 0 2
0 22 0 1 4 3 2 3 1 4 3 2 4 2 0 0 3 2 2 0 2 1 2 0
1 4 3 1 2 2
0 8 4 0 2 1 2 3 2 4
1 3 2 1 3
0 3 4 0 2
1 4 0 1 4 3
0 5 0 1 1 0 0
1 3 2 1 3
1 18 1 1 0 0 3 2 4 3 2 0 2 0 1 4 3 2 0 0
0 5 2 3 0 4 3
0 12 2 0 3 1 2 2 4 2 0 4 4 0
1 2 0 4
0 8 0 4 2 3 2 3 2 0
0 4 4 0 1 1
1 7 1 1 0 2 0 3 0
1 4 0 3 2 0
1 2 2 1
1 12 3 3 1 4 4 4 2 3 1 0 0 1
1 12 1 1 0 0 3 2 4 2 4 3 3 3
0 8 1 2 1 2 3 2 4 0
1 3 3 0 1
0 9 2 1 2 1 2 1 4 3 3
0 6 2 0 2 0 4 3
1 15 1 3 2 1 0 1 0 0 2 0 3 3 2 4 1
0 4 2 3 1 4
1 3 3 0 1
1 11 3 2 1 3 1 1 3 1 1 0 0
1 3 2 1 3
1 11 3 3 1 4 4 0 2 0 1 1 1
1 16 0 1 0 1 0 1 4 2 4 2 4 2 0 0 2 4
0 5 0 4 0 0 4
1 17 1 2 1 2 1 0 3 1 4 2 0 3 3 2 1 0 0
1 5 3 2 3 0 2
1 7 3 3 1 0 1 2 2
0 8 2 2 4 1 4 4 4 4
0 4 4 4 0 0
0 4 0 3 0 1
0 6 1 2 1 2 3 0
0 3 0 4 0
0 4 2 4 3 1
0 6 1 1 2 2 4 4
0 5 1 4 2 4 0
0 6 1 2 1 2 3 0
0 6 1 2 2 3 2 1
0 4 3 3 2 2
1 7 3 1 2 2 2 2 2
0 6 0 2 0 4 1 3
1 3 0 1 4
1 11 1 2 1 2 3 2 2 1 2 4 1
0 4 2 0 3 1
0 6 0 0 2 2 1 0
1 2 3 2
1 6 2 4 4 0 2 2
0 11 4 1 0 1 4 0 2 0 4 3 3
1 15 2 4 1 4 4 4 4 4 4 4 4 4 4 4 4
1 2 1 2
0 6 2 0 4 0 4 1
0 3 1 3 2
0 6 0 2 0 0 3 2
0 25 1 0 3 1 4 2 3 0 2 4 2 0 0 2 4 3 2 0 0 2 4 3 3 2 3
0 4 0 2 4 3
1 7 3 4 4 2 2 2 1
1 4 0 3 2 4
1 8 2 0 2 0 2 0 2 3
1 3 3 0 1
0 2 4 1
1 2 3 2
0 39 1 3 2 1 0 4 4 2 0 0 2 4 2 2 4 2 0 2 1 4 2 4 2 4 3 2 0 0 2 1 0 1 0 3 2 1 2 4 1
1 3 0 1 4
1 7 0 1 0 2 0 1 4
0 3 1 0 0
1 2 1 2
1 18 0 1 0 0 3 3 2 4 3 2 0 0 3 3 2 0 3 4
0 6 2 1 0 4 1 1
1 2 0 4
1 10 2 4 4 0 2 0 2 4 1 4
0 4 2 3 1 0
1 19 1 3 2 3 2 1 0 2 0 1 0 0 2 4 2 0 3 4 1
1 9 3 2 0 0 0 1 0 0 0
1 13 3 2 4 3 3 3 3 3 1 4 3 3 3
0 17 1 3 2 1 0 1 4 2 4 2 0 2 0 0 3 4 2
0 7 4 2 1 0 2 3 3
1 9 3 0 0 1 2 2 3 3 1
1 5 2 0 2 1 4
1 8 3 3 1 0 4 2 3 0
1 22 0 1 4 3 2 0 3 3 2 1 4 3 3 2 4 2 0 2 0 3 2 3
1 7 1 3 2 2 1 2 0
0 5 4 0 4 1 4
1 10 0 3 2 3 2 3 2 3 2 0
0 19 3 2 0 1 0 0 3 2 4 4 0 4 4 0 4 0 0 0 4
0 54 0 1 4 3 2 0 1 3 2 0 0 3 2 0 0 2 1 4 3 3 2 0 2 0 0 1 4 2 4 2 0 3 1 0 1 2 0 3 2 0 1 0 1 2 0 0 2 4 3 3 2 0 1 4
0 3 3 0 0
0 6 3 0 0 1 3 2
0 5 2 3 2 4 2
0 7 2 4 2 1 0 4 4
1 5 3 2 3 0 2
0 3 3 0 0
0 4 3 3 0 1
1 7 3 2 2 4 1 2 2
0 4 1 1 1 0
0 9 1 0 3 3 2 3 2 4 1
1 16 0 3 2 1 4 2 4 3 3 2 0 1 4 2 4 3
1 11 1 1 0 2 4 2 0 3 3 2 4
0 3 3 4 2
0 7 2 0 0 2 4 4 2
0 15 2 4 0 2 4 1 0 4 4 4 4 4 4 4 1
1 13 1 1 0 2 4 3 2 0 0 2 4 3 3
0 5 0 0 4 0 2
0 4 3 1 3 2
1 4 3 1 2 2
1 12 3 0 0 1 0 0 1 0 0 1 0 1
1 15 0 1 4 3 3 2 4 2 0 3 1 0 3 2 3
1 13 1 1 0 1 4 2 0 1 0 2 4 2 4
0 8 0 1 2 3 2 2 3 0
0 3 3 4 2
0 3 0 4 0
1 3 3 0 1
1 3 2 1 3
1 5 3 2 3 3 1
0 7 4 2 1 0 2 3 3
1 12 2 0 2 0 2 4 0 2 0 2 4 1
1 3 2 1 3
1 10 1 2 1 2 3 2 1 4 2 4
0 9 0 3 2 1 0 0 2 0 3
1 4 0 1 4 3
1 19 2 4 4 4 0 2 0 2 0 2 0 2 4 4 0 2 1 4 4
1 3 2 1 3
0 8 3 4 3 2 2 2 0 1
0 4 1 1 0 2
0 6 2 2 0 2 3 2
0 5 3 2 4 1 1
1 5 3 0 0 1 0
0 4 0 1 1 4
0 5 4 1 2 2 4
0 6 2 1 2 1 3 2
0 4 1 4 1 3
1 3 0 2 3
0 3 2 0 1
1 10 0 1 4 3 2 0 3 3 2 0
1 3 3 0 1
0 4 2 3 3 2
0 5 3 2 4 0 2
1 11 1 1 0 1 0 3 1 0 0 3 3
0 5 3 1 2 4 2
0 22 0 1 4 3 3 2 4 2 0 0 0 3 2 0 1 0 3 4 0 1 1 4
1 6 0 1 0 3 4 1
0 2 4 1
0 7 0 4 2 0 2 0 1
1 6 0 1 4 3 2 4
1 2 0 4
0 7 4 2 1 1 2 3 2
1 4 3 1 2 2
0 7 1 3 2 3 4 4 1
1 10 2 4 0 2 1 0 4 4 4 4
0 4 4 2 0 3
0 10 3 0 2 0 3 1 4 3 3 2
0 15 1 2 1 2 2 0 2 4 3 0 2 1 0 3 0
0 3 2 3 0
1 9 1 1 0 1 0 1 4 3 3
1 12 3 2 2 1 1 3 3 1 0 3 1 2
0 3 4 1 2
0 2 1 1
1 3 2 1 3
0 3 1 1 2
0 12 0 4 3 3 0 2 4 2 0 2 0 3
0 20 0 1 0 0 2 2 4 3 3 3 3 2 4 3 2 0 3 2 1 2
1 7 3 1 2 2 2 2 2
1 9 1 3 2 3 2 1 4 2 4
0 4 4 0 3 4
0 5 3 0 0 4 1
1 4 3 4 2 1
0 6 0 4 2 1 4 0
0 18 0 1 4 0 1 2 0 1 4 3 3 1 2 0 1 4 2 4
1 4 3 1 2 2
1 2 0 4
1 4 3 1 2 2
1 7 3 2 2 0 0 4 1
0 29 3 2 1 2 4 2 4 0 3 2 4 0 4 4 0 0 0 4 0 4 0 0 0 0 4 4 4 4 4
1 8 3 4 4 0 4 0 4 2
1 2 1 2
1 5 3 3 1 4 4
0 4 2 3 0 2
1 10 3 2 0 1 0 2 0 0 0 4
0 6 3 4 1 2 1 2
1 10 0 3 2 3 2 2 1 2 4 1
1 3 0 2 3
1 15 3 3 1 0 2 2 4 2 0 1 0 2 3 0 2
0 3 4 2 3
0 20 1 4 3 1 0 1 4 2 0 4 4 3 3 2 0 3 3 2 2 3
1 9 0 1 0 0 3 2 0 3 0
0 7 3 4 3 1 3 1 3
0 8 1 4 0 0 2 1 1 3
0 5 0 0 4 3 2
0 4 1 4 0 2
0 7 0 1 4 0 3 2 4
1 5 3 4 3 2 1
1 2 3 2
0 9 3 1 2 4 3 1 3 3 3
1 3 0 2 3
1 6 0 1 0 0 2 4
0 5 1 1 4 4 2
0 5 2 3 0 0 2
0 5 3 1 3 2 0
0 10 4 4 4 1 4 4 4 0 4 4
1 6 1 3 2 3 2 4
1 7 3 3 1 0 2 3 0
0 23 0 2 2 1 2 3 2 0 1 4 2 1 0 0 3 2 0 1 0 2 0 0 3
0 5 3 1 3 1 2
0 5 4 2 4 1 3
1 3 0 2 3
0 5 3 0 4 0 1
0 8 4 3 3 1 2 3 0 2
0 17 0 1 1 4 2 0 1 0 2 2 4 0 0 2 0 0 3
1 8 0 3 2 1 0 1 0 0
0 9 2 4 3 0 2 0 2 1 3
1 6 3 2 2 3 0 1
1 22 3 0 0 1 2 4 3 3 3 3 3 1 2 0 0 2 0 0 1 0 0 0
1 12 0 3 2 1 4 2 0 1 4 2 4 3
0 3 2 3 1
0 2 1 1
0 10 3 4 2 1 2 2 4 4 1 4
0 5 0 0 4 0 2
0 7 0 2 2 3 0 2 2
1 2 0 4
0 4 0 0 1 1
0 5 4 0 0 1 3
0 5 1 4 3 4 1
1 3 3 4 4
0 4 4 2 1 2
0 4 0 2 2 1
1 20 0 3 2 1 0 1 0 1 4 3 3 2 4 3 3 2 0 3 2 3
0 22 0 4 1 4 3 2 2 4 3 3 2 4 2 4 3 2 4 3 2 0 3 2
0 6 3 2 3 1 4 4
0 9 1 2 1 2 1 4 0 2 4
0 3 2 3 0
1 2 2 1
1 8 3 2 0 0 0 1 0 0
0 3 2 3 0
1 42 1 3 2 2 1 2 1 0 2 4 2 4 2 4 2 4 2 0 0 2 0 3 1 4 3 2 4 2 4 2 4 2 0 3 3 2 3 2 3 2 4 1
1 4 3 4 2 1
1 20 1 3 2 1 4 2 0 3 1 4 3 2 0 0 2 4 2 4 2 4
1 18 3 2 3 4 0 4 2 2 3 0 4 4 4 1 2 4 4 2
1 4 0 3 2 4
1 5 3 2 3 3 4
1 9 1 1 4 2 4 3 3 2 4
0 5 1 3 1 1 2
0 7 3 0 1 1 4 0 2
0 13 2 1 2 4 0 2 4 3 2 0 3 2 3
0 7 1 4 1 2 0 0 0
0 5 1 2 3 1 1
1 10 3 0 0 1 1 2 2 2 2 2
0 6 3 0 1 1 2 4
0 6 3 2 0 2 3 2
1 9 1 3 2 3 2 1 0 0 3
1 6 2 4 4 4 3 2
0 7 3 3 1 3 4 2 0
1 2 0 4
0 5 1 3 3 0 2
1 7 0 1 4 3 2 0 0
0 5 0 3 4 0 3
1 4 3 1 2 2
0 2 1 1
0 4 0 1 2 4
0 12 3 3 1 3 2 2 2 2 2 2 2 2
0 11 0 0 1 4 2 1 4 3 3 3 0
1 5 3 4 3 2 1
1 7 1 1 0 1 0 3 2
1 3 2 1 3
1 8 3 0 0 1 2 1 4 1
0 6 3 3 2 3 0 3
0 6 0 1 3 2 4 0
0 3 4 1 2
0 3 4 2 3
0 7 3 4 4 2 0 0 2
0 5 1 4 2 4 1
0 3 2 2 4
0 10 1 2 3 2 3 4 2 2 4 1
0 3 1 3 2
0 29 3 2 1 2 4 2 4 0 3 2 4 0 4 4 0 0 0 4 0 4 0 0 0 0 4 4 4 4 4
1 9 3 2 4 3 3 1 1 4 3
0 3 3 0 0
0 9 0 4 1 1 4 1 0 3 0
1 12 2 0 2 0 2 4 1 4 4 4 4 4
1 7 0 1 0 2 0 1 4
1 6 0 1 0 3 4 1
1 3 0 1 4
0 4 2 4 3 1
0 5 3 2 1 3 0
0 12 1 0 0 2 3 3 3 1 0 0 2 4
0 5 2 3 3 2 1
0 12 3 3 2 2 0 0 2 4 0 1 2 2
1 8 0 2 1 2 2 1 2 0
0 9 2 4 3 0 2 0 2 1 3
0 5 3 4 4 2 1
1 4 3 1 2 2
1 2 2 1
1 4 0 3 2 0
0 15 1 1 1 2 0 2 3 2 1 2 3 3 0 2 3
0 4 1 3 1 2
0 5 2 4 3 1 2
0 6 4 4 0 2 3 2
1 14 1 1 0 1 4 2 0 1 0 3 3 2 4 1
1 9 0 3 2 1 0 0 3 2 4
0 8 3 2 3 4 4 2 2 1
0 4 0 0 3 3
0 5 4 1 1 0 0
1 3 0 2 3
1 8 2 0 2 4 4 0 2 2
0 3 2 3 1
0 23 1 3 2 3 3 2 3 2 3 2 1 0 2 4 3 2 4 2 4 3 2 4 3
0 3 1 1 2
0 5 1 2 4 3 2
0 6 2 2 0 2 3 2
1 5 3 2 3 0 2
0 4 3 4 3 2
0 4 4 1 4 0
0 5 1 4 3 3 0
1 7 0 1 4 2 0 1 4
0 8 3 2 0 2 4 0 2 2
0 8 4 1 4 3 1 2 3 3
0 6 3 0 1 2 2 1
0 4 3 2 2 2
0 10 3 4 4 2 2 2 0 3 3 2
0 9 3 0 1 0 0 3 4 3 3
0 4 0 1 3 3
1 11 3 3 1 0 0 0 1 1 2 2 2
0 5 2 4 3 3 3
1 18 0 3 2 2 1 2 3 2 3 2 3 2 3 2 3 2 4 1
0 9 3 2 1 2 4 4 0 2 1
0 7 2 1 0 2 4 4 2
1 8 2 0 2 4 4 0 2 1
0 10 0 1 0 3 1 0 4 1 2 4
1 21 1 1 4 2 0 2 0 1 4 3 2 0 2 0 3 1 0 1 0 3 0
0 5 2 1 2 3 1
0 4 3 3 4 2
0 13 3 2 4 0 1 4 0 4 4 0 0 4 2
1 16 1 1 0 3 1 0 1 0 3 3 2 2 1 2 2 3
1 4 3 1 2 2
1 5 3 2 3 0 2
0 7 2 0 2 1 3 0 1
1 3 0 2 3
1 14 1 1 0 1 4 2 0 1 0 3 3 2 4 1
0 5 2 3 1 3 2
0 7 3 3 1 2 2 2 2
0 9 0 3 2 2 1 2 3 2 1
0 11 2 2 0 2 3 0 2 4 4 4 2
1 10 0 3 2 1 0 3 2 1 2 4
1 11 0 1 0 3 2 1 2 2 1 2 0
1 7 3 2 3 4 2 2 1
1 6 2 1 0 4 4 4
0 6 4 2 0 2 1 3
0 5 4 4 3 3 3
0 22 3 2 2 0 3 4 2 4 2 0 3 3 2 4 4 4 0 4 0 4 0 0
1 2 0 4
0 7 0 4 2 1 2 1 0
0 6 1 3 4 0 3 4
1 7 3 4 4 0 2 3 0
0 4 0 2 0 3
0 6 1 1 4 1 0 0
1 17 1 2 1 2 1 0 3 1 4 2 0 3 3 2 1 0 0
1 5 1 1 4 3 3
0 8 0 1 0 3 4 2 4 3
0 4 0 2 3 2
1 9 1 1 4 2 4 3 3 2 4
1 4 3 1 2 2
1 3 3 0 1
0 11 0 0 2 1 3 4 3 2 4 2 3
0 3 1 3 2
1 5 3 3 1 4 2
0 24 0 1 4 3 2 0 3 1 0 0 3 2 3 4 2 0 1 0 3 3 2 1 2 0
0 6 1 1 2 4 1 1
0 7 3 4 1 2 2 2 4
1 3 0 2 3
1 7 1 3 2 2 1 2 4
0 5 2 3 2 4 2
1 14 1 2 1 2 1 0 0 2 4 2 4 3 3 3
1 4 3 1 2 2
1 11 0 2 1 2 1 4 3 2 4 2 4
1 8 2 0 2 4 0 2 4 3
1 7 2 0 2 0 2 1 3
1 10 0 1 4 2 4 3 2 0 2 4
0 5 0 3 0 4 1
1 3 3 0 1
1 6 3 2 0 1 0 0
1 3 0 2 3
1 19 0 3 2 1 4 3 3 2 4 3 2 4 3 2 4 2 0 1 4
0 5 0 0 0 1 2
1 17 0 1 0 1 0 2 0 1 0 2 4 3 2 0 3 4 1
1 4 0 3 2 0
0 9 0 2 2 1 3 3 3 1 2
0 7 0 3 2 3 2 1 1
0 11 1 1 0 3 1 2 0 0 2 2 2
0 10 0 4 1 2 3 3 0 2 4 1
0 11 3 2 4 0 0 0 1 1 2 2 2
1 13 1 1 4 3 3 2 0 1 0 2 0 1 4
0 10 3 1 3 1 2 2 2 2 2 2
1 2 1 2
1 5 3 2 2 1 1
1 3 2 1 3
1 17 0 1 0 1 0 2 0 1 0 2 4 3 2 0 3 4 1
0 21 0 1 0 1 0 1 0 1 0 1 4 3 2 4 3 3 3 2 4 2 1
1 5 2 4 0 2 3
0 4 1 0 1 4
0 7 2 4 0 2 3 1 4
0 26 1 1 2 3 2 1 4 3 2 0 0 2 4 2 0 2 4 2 0 1 0 3 2 0 3 4
1 8 0 2 1 2 1 4 2 4
0 8 2 1 1 3 4 2 1 0
1 2 0 4
0 15 1 1 0 0 2 0 2 2 4 1 4 2 0 4 3
1 3 2 1 3
0 3 3 3 4
0 3 4 3 4
1 2 2 1
0 4 4 0 3 3
0 11 0 1 4 2 0 0 3 3 0 4 3
0 4 0 0 2 3
1 18 1 1 0 0 2 4 2 0 2 0 0 3 2 0 1 0 3 0
0 5 4 3 2 4 1
0 5 3 0 1 0 2
0 6 1 1 0 2 1 3
1 3 3 0 1
0 14 3 4 1 2 0 3 0 0 1 1 0 2 2 2
1 10 3 2 2 0 0 3 4 0 4 2
0 11 2 2 0 2 3 0 2 4 4 4 2
1 9 0 1 4 2 4 3 3 2 4
1 2 2 1
1 11 2 0 2 1 0 4 4 4 4 4 4
0 4 3 0 0 4
0 15 2 2 3 2 2 1 3 1 4 0 1 2 2 2 2
0 6 3 0 1 3 2 1
1 5 2 0 2 4 3
1 17 0 1 4 3 2 4 2 0 1 0 1 4 3 2 4 2 4
0 4 3 3 2 2
0 7 3 1 2 1 2 2 2
1 6 3 3 1 0 0 2
1 2 3 2
0 6 1 3 0 3 2 3
0 23 0 2 2 1 2 3 2 0 1 4 2 1 0 0 3 2 0 1 0 2 0 0 3
1 4 3 1 2 2
0 5 4 2 3 0 2
0 8 1 2 1 2 3 2 4 0
0 6 2 1 3 4 4 4
1 2 0 4
1 4 3 1 2 2
0 4 2 4 0 3
0 8 0 1 2 0 0 2 2 4
0 22 0 1 4 2 0 0 2 0 2 0 0 0 2 0 1 0 2 2 4 3 2 4
1 9 2 4 4 1 4 4 4 4 4
1 6 1 1 4 2 4 3
1 3 2 1 3
0 6 3 1 4 3 0 2
1 3 3 2 0
1 11 2 1 0 4 4 4 4 4 4 4 4
1 21 1 1 4 2 0 2 0 1 4 3 2 0 2 0 3 1 0 1 0 3 0
1 4 0 3 2 0
0 2 4 1
0 4 0 2 0 3
1 9 3 2 2 0 0 2 3 1 2
1 17 0 1 4 2 4 3 2 0 1 4 2 0 3 3 2 4 1
1 3 3 0 1
0 8 3 4 4 4 3 2 3 0
1 5 1 1 0 0 3
1 3 3 0 1
1 3 0 2 3
1 4 3 1 2 2
0 10 2 4 1 4 4 4 4 4 3 4
1 10 0 2 1 2 3 2 3 2 4 1
1 3 3 0 1
0 12 2 0 2 0 2 0 0 2 0 0 2 1
0 10 2 3 2 0 1 0 3 1 4 2
1 7 2 0 2 4 0 2 2
0 3 1 0 0
0 3 1 2 0
1 48 1 1 4 2 4 2 4 2 0 2 0 2 0 2 4 2 4 3 3 2 4 2 4 2 0 1 4 2 4 3 2 4 3 2 4 2 4 3 3 3 3 3 2 4 2 4 2 4
0 2 4 1
0 4 3 3 0 4
1 5 1 2 1 2 2
1 19 1 1 0 2 0 0 3 2 4 3 3 3 2 0 1 4 2 4 3
1 10 1 1 4 2 4 2 0 3 4 1
1 10 3 0 0 1 1 2 2 2 2 2
0 3 1 3 2
1 18 1 3 2 3 2 3 2 2 1 2 3 2 3 2 3 2 1 4
1 9 0 1 4 3 2 0 3 2 3
1 7 3 1 2 2 2 2 2
1 17 1 1 0 1 0 2 4 2 0 3 2 1 2 2 1 2 2
1 10 0 1 0 2 0 0 2 0 3 0
0 4 2 1 2 1
1 21 1 3 2 1 0 2 0 0 3 3 3 3 2 0 2 4 2 0 3 4 1
1 11 2 1 0 4 4 4 4 4 4 4 4
0 12 1 4 4 3 0 2 0 2 2 0 2 1
0 5 0 1 1 1 3
1 9 3 2 4 3 3 1 0 3 2
1 6 3 4 4 0 3 3
1 5 0 2 1 2 0
1 9 1 2 1 2 3 2 3 2 4
1 7 0 1 0 1 0 3 0
1 13 1 3 2 1 4 3 2 0 3 3 2 4 1
0 5 3 4 2 0 3
0 3 4 4 4
1 6 3 2 3 2 3 0
1 3 2 1 3
1 3 0 1 4
0 6 1 4 2 0 3 1
1 38 1 1 4 3 3 3 2 0 0 3 3 2 4 2 0 0 2 0 0 3 2 4 3 2 4 2 0 1 0 1 0 1 0 2 0 1 4 3
0 4 0 4 4 4
0 4 3 1 0 4
0 4 3 2 2 2
1 2 1 2
0 3 4 3 4
1 19 1 1 0 2 0 0 3 2 4 3 3 3 2 0 1 4 2 4 3
1 3 0 2 3
1 4 3 1 2 2
1 10 0 2 1 2 1 0 1 4 3 3
0 17 2 0 4 4 4 0 2 0 2 0 1 2 1 0 2 0 0
0 2 1 1
0 4 1 2 1 1
0 7 0 2 1 1 1 4 3
1 10 3 3 1 2 3 1 2 3 1 2
0 7 3 3 2 1 3 0 1
1 3 3 0 1
1 3 0 2 3
0 15 3 0 0 1 2 0 0 1 0 2 2 0 0 4 4
0 6 3 1 2 1 2 2
0 7 3 3 1 4 2 3 0
1 22 0 3 2 1 4 3 3 3 2 0 1 0 1 4 3 3 3 2 0 0 2 4
1 4 0 3 2 4
1 5 3 2 1 4 1
0 7 0 2 2 3 0 2 2
0 14 1 2 2 2 2 1 2 1 0 2 0 3 2 3
0 3 0 3 4
1 10 2 4 0 2 1 0 4 4 4 4
0 3 2 2 4
1 3 0 2 3
1 6 3 4 2 2 3 1
0 6 3 2 3 1 4 4
1 6 0 1 0 3 4 1
0 5 4 3 3 0 2
0 8 2 0 0 0 0 3 0 2
0 5 2 4 4 3 1
1 3 0 2 3
1 15 2 4 1 4 4 4 4 4 4 4 4 4 4 4 4
1 6 0 1 4 3 2 4
0 21 0 1 0 1 0 1 0 1 0 1 4 3 2 4 3 3 3 2 4 2 1
0 4 1 3 1 2
1 3 2 1 3
1 6 0 1 0 0 2 4
0 11 0 1 1 0 3 3 2 0 0 0 4
1 10 0 1 0 2 4 3 2 0 3 4
1 4 0 3 2 4
1 10 1 1 0 0 3 3 2 4 2 4
0 7 2 1 3 1 3 4 4
0 4 4 1 2 4
1 5 0 2 1 2 0
1 9 0 1 0 1 0 1 0 1 4
0 6 1 1 2 4 1 1
0 3 4 4 4
1 9 2 1 4 4 4 4 4 4 4
1 3 2 1 3
1 6 0 1 0 3 2 3
0 4 1 0 1 4
0 8 0 3 4 4 0 1 2 2
1 2 2 1
0 4 0 0 2 3
1 3 3 0 1
0 5 2 0 4 1 0
1 6 2 0 2 4 4 3
1 18 0 3 2 1 0 1 4 2 0 0 3 3 2 0 3 1 0 0
1 12 3 3 1 4 4 0 3 1 0 4 0 2
0 11 0 1 0 2 3 4 3 2 0 2 4
1 7 3 1 2 2 2 2 2
0 5 3 2 0 1 4
1 3 3 0 1
0 3 1 3 4
0 13 4 0 1 0 0 3 3 3 0 0 2 4 3
0 3 4 0 2
0 9 0 3 2 1 4 1 4 2 4
0 7 1 3 4 1 2 2 4
1 8 3 2 0 4 4 2 4 4
1 2 2 1
1 12 0 2 1 2 3 2 3 2 2 1 2 0
0 4 2 3 0 2
1 14 0 1 0 1 0 1 0 1 0 1 0 1 0 0
0 11 2 0 2 2 4 0 2 2 0 0 3
1 10 2 0 2 4 0 2 0 2 4 3
0 9 3 4 4 0 2 2 3 0 1
1 3 2 1 3
0 11 1 3 2 2 3 3 0 2 3 4 1
0 5 1 0 1 4 3
1 7 3 2 2 0 0 4 1
1 7 3 1 2 2 2 2 2
0 6 2 0 2 0 4 3
0 3 1 3 4
1 2 1 2
0 5 4 1 3 4 3
0 9 4 2 0 1 2 0 3 3 2
0 8 2 3 0 1 1 2 2 2
1 10 3 2 0 0 0 4 3 3 1 0
0 7 1 2 4 4 0 2 2
1 3 3 4 4
0 5 2 4 3 3 3
1 2 0 4
0 12 0 3 2 2 1 2 3 2 1 0 4 0
0 3 2 4 4
0 4 3 0 2 4
0 4 3 0 0 4
0 5 0 1 4 0 0
1 11 1 1 0 1 0 2 4 3 2 0 0
0 13 2 1 4 4 4 4 4 2 2 4 4 4 4
0 6 2 4 3 2 3 2
1 2 3 2
1 6 0 1 0 3 4 1
0 3 4 4 4
1 4 3 4 2 1
1 13 0 1 4 3 3 3 2 0 1 0 0 2 4
0 16 2 2 1 2 1 4 2 0 4 3 3 2 0 1 3 0
1 6 0 1 4 3 2 4
1 2 1 2
0 3 1 3 4
1 17 0 1 0 0 2 0 0 3 2 0 1 4 3 2 0 3 0
0 4 4 3 0 2
1 2 2 1
1 5 0 2 1 2 0
0 6 1 0 1 3 0 2
1 3 2 1 3
1 8 2 1 0 0 4 4 4 4
1 10 1 1 4 2 0 1 0 2 4 3
0 11 3 2 2 1 3 3 1 1 0 0 0
1 4 0 3 2 0
0 5 3 1 0 3 3
0 9 3 1 2 4 3 1 3 3 3
0 2 1 1
1 11 2 0 2 1 0 4 4 4 4 4 4
0 5 4 1 1 0 0
1 3 0 2 3
0 6 4 4 0 2 3 2
0 3 4 3 4
0 11 3 2 0 0 3 0 0 0 4 2 0
0 3 1 3 2
0 7 1 3 4 1 1 3 0
1 4 0 3 2 0
1 5 0 2 1 2 0
1 7 1 1 4 3 3 3 3
1 11 0 3 2 1 4 2 4 2 4 3 3
1 5 2 4 1 0 3
0 3 3 4 2
0 7 0 0 1 0 4 1 2
0 5 2 1 2 1 2
1 11 0 3 2 3 2 1 4 2 0 3 2
1 10 3 4 3 4 4 2 2 0 4 2
0 6 3 2 3 1 1 1
1 21 1 3 2 2 1 2 3 2 1 4 3 3 3 2 0 0 2 0 3 2 3
1 5 0 2 1 2 0
0 20 0 3 2 1 0 2 1 0 0 2 4 3 3 0 1 0 0 3 3 3
0 4 3 3 0 1
0 5 4 2 1 0 3
0 4 0 2 2 4
1 12 0 1 0 2 4 3 2 0 2 4 2 4
1 10 0 1 0 1 0 1 0 3 4 1
0 7 0 4 2 1 2 1 0
1 3 2 1 3
1 3 0 2 3
0 6 1 2 4 4 4 2
0 9 1 4 2 2 1 2 3 2 2
1 8 0 1 0 3 1 4 2 4
0 17 2 0 4 4 4 0 2 0 2 0 1 2 1 0 2 0 0
0 7 3 3 1 4 2 3 0
1 6 0 1 0 0 2 4
1 3 2 1 3
0 11 3 2 2 4 4 2 4 2 4 4 0
1 24 1 1 4 3 3 3 2 0 3 1 4 2 0 0 2 4 2 0 2 0 1 0 1 4
1 3 3 2 0
0 5 3 0 0 2 2
0 5 2 0 3 2 2
1 7 3 2 2 4 1 2 2
1 13 2 4 4 1 4 4 4 4 4 4 4 4 4
0 6 1 2 2 1 2 0
1 8 0 2 1 2 2 1 2 0
0 4 2 3 0 2
1 4 0 3 2 0
1 10 0 3 2 1 0 3 2 1 2 4
0 7 3 2 1 1 2 3 2
1 13 1 3 2 1 0 1 0 0 3 3 2 4 3
0 11 0 0 1 4 2 1 4 3 3 3 0
0 7 2 4 3 2 4 4 4
0 9 0 3 1 2 2 2 2 2 0
0 2 4 1
0 16 1 1 0 2 4 3 2 4 0 4 0 3 2 1 2 4
0 3 1 2 0
0 37 0 1 4 3 2 0 2 4 2 0 1 0 0 2 4 2 4 2 0 2 4 2 4 3 2 4 0 3 2 3 4 2 0 0 2 0 0
0 4 2 1 2 3
0 8 0 1 2 0 0 2 2 4
0 4 4 3 0 2
0 13 2 1 4 4 4 4 4 2 2 4 4 4 4
1 4 0 3 2 0
0 14 3 2 0 0 1 0 2 1 0 2 4 2 4 1
0 7 3 0 0 4 3 1 2
0 4 0 0 3 2
1 18 0 3 2 1 0 1 4 2 0 0 3 3 2 0 3 1 0 0
1 4 0 3 2 4
1 17 0 1 4 3 2 4 2 0 1 0 1 4 3 2 4 2 4
1 15 3 4 4 2 2 4 0 3 1 3 3 4 0 4 2
1 10 1 1 4 2 0 1 0 2 4 3
1 7 3 1 2 2 2 2 2
0 16 3 1 2 2 2 2 2 2 2 2 1 2 2 2 2 2
0 4 0 2 2 2
1 10 0 2 1 2 1 0 1 4 3 3
1 7 2 0 2 1 0 0 3
0 5 0 3 3 2 4
1 3 0 2 3
1 5 3 3 1 2 3
0 5 4 3 4 1 4
1 7 3 2 0 3 1 2 2
1 3 2 1 3
0 6 2 1 3 1 3 2
0 7 3 4 3 3 3 2 3
1 10 0 3 2 3 2 2 1 2 4 1
0 15 3 0 0 1 2 0 0 1 0 2 2 0 0 4 4
1 17 1 1 0 1 0 0 2 4 2 0 3 1 4 2 4 3 3
0 6 0 2 2 0 2 2
1 2 2 1
0 6 1 1 0 2 1 3
0 5 3 1 0 1 2
0 5 2 4 4 3 1
0 5 2 0 2 1 1
1 12 3 2 2 4 1 2 2 2 2 2 2 2
0 6 3 0 0 3 3 4
0 6 3 1 2 0 2 2
1 2 0 4
0 7 0 2 1 1 1 4 3
0 6 2 2 3 4 1 2
1 5 3 2 3 4 2
1 12 1 3 2 3 2 3 2 1 0 3 2 3
1 8 2 0 2 0 2 4 3 2
0 5 2 1 2 4 3
1 10 3 2 2 3 0 0 1 2 4 4
0 2 4 1
1 8 1 3 2 2 1 2 4 1
0 5 0 3 2 0 4
0 25 0 2 1 4 1 0 1 0 2 0 2 4 2 0 2 0 3 3 2 1 0 3 2 3 3
0 4 1 2 3 3
1 5 3 4 4 0 1
1 4 0 3 2 0
1 3 3 0 1
0 4 2 3 0 2
0 8 3 3 1 3 2 2 2 4
0 6 2 1 3 4 4 4
0 9 3 4 4 0 2 2 3 0 1
0 5 0 1 1 1 4
0 4 3 0 4 2
1 20 1 1 4 3 2 4 3 2 0 1 0 0 2 0 3 3 2 3 2 0
1 2 0 4
1 4 0 3 2 0
1 13 1 1 0 2 4 3 2 0 0 2 4 3 3
1 4 3 1 2 2
1 3 3 0 1
1 4 0 3 2 0
0 4 2 4 0 2
0 6 4 0 1 4 3 1
0 4 0 3 3 2
1 10 2 1 0 0 0 4 4 4 4 4
1 2 3 2
1 5 2 4 1 0 3
0 9 2 0 1 0 4 0 1 2 4
0 4 4 2 3 2
0 5 0 0 0 1 2
0 7 1 3 4 1 1 3 0
0 6 2 4 3 1 2 2
0 3 4 0 2
1 3 2 1 3
1 18 0 1 0 0 3 3 3 2 0 2 4 2 4 2 0 0 2 4
0 8 1 2 4 1 0 4 1 4
0 5 2 4 0 0 2
0 7 1 2 4 4 0 4 2
0 5 2 4 1 2 2
0 3 0 4 0
1 3 0 2 3
1 10 3 2 2 0 0 1 3 1 1 1
0 8 3 2 1 2 4 4 0 2
0 18 0 1 0 0 2 0 2 4 2 4 4 3 3 2 0 2 4 0
1 13 0 1 0 3 1 4 3 2 4 2 0 0 3
1 9 3 2 0 0 0 1 0 0 0
1 4 3 1 2 2
0 4 1 3 3 4
0 12 1 3 2 1 4 2 0 0 1 0 3 0
0 25 0 2 1 4 1 0 1 0 2 0 2 4 2 0 2 0 3 3 2 1 0 3 2 3 3
0 4 4 0 0 1
0 15 0 2 1 2 1 0 2 0 0 0 1 4 3 3 3
0 5 3 2 0 1 4
0 6 2 1 4 3 4 1
1 3 0 2 3
1 5 2 0 2 1 4
0 4 0 2 2 4
0 12 1 4 4 3 0 2 0 2 2 0 2 1
1 4 0 3 2 4
0 5 2 4 2 2 4
1 18 1 3 2 3 2 3 2 2 1 2 3 2 3 2 3 2 1 4
1 10 1 1 4 2 4 2 0 0 3 3
1 4 0 3 2 4
0 12 1 1 0 0 2 0 0 0 2 0 3 2
0 5 4 3 1 3 2
0 4 4 0 3 3
1 8 3 0 0 1 4 2 4 0
0 8 1 0 3 2 3 2 1 1
1 6 3 2 2 1 1 1
0 4 3 2 2 2
0 5 3 1 0 3 1
0 5 4 4 0 2 2
1 18 3 2 3 4 0 4 2 2 3 0 4 4 4 1 2 4 4 2
0 5 2 1 4 3 4
1 9 3 2 3 4 0 3 4 3 4
1 12 3 2 1 2 4 3 2 2 3 2 3 4
0 10 3 0 3 1 2 1 0 0 1 1
1 4 3 1 2 2
0 3 4 1 2
0 6 2 0 1 4 3 1
1 12 3 2 2 4 1 2 2 2 2 2 2 2
1 8 3 2 2 1 0 2 4 4
0 9 2 0 2 0 2 1 4 1 3
0 3 3 0 0
0 10 0 1 0 3 1 0 4 1 2 4
1 10 3 4 3 4 4 2 2 0 4 2
0 7 3 2 0 1 2 2 3
0 10 1 3 2 1 3 3 3 2 4 3
1 6 3 3 1 4 2 3
1 2 2 1
1 3 3 4 4
1 2 2 1
1 3 0 2 3
1 4 3 1 2 2
0 4 2 1 2 3
1 7 2 4 4 0 2 1 3
0 4 0 0 3 2
1 3 2 1 3
0 3 4 0 1
1 6 0 1 4 3 2 4
0 37 0 1 4 3 2 0 2 4 2 0 1 0 0 2 4 2 4 2 0 2 4 2 4 3 2 4 0 3 2 3 4 2 0 0 2 0 0
0 4 2 4 1 1
1 23 1 1 4 2 4 2 4 3 2 0 1 4 2 0 2 0 2 0 3 2 1 2 4
1 3 3 0 1
0 3 4 4 4
1 9 0 3 2 3 2 3 2 4 1
1 12 1 1 0 1 4 3 3 2 0 2 4 3
1 4 0 3 2 0
0 4 4 0 4 2
0 6 0 0 1 0 1 1
1 3 3 0 1
1 5 3 4 2 3 0
0 6 4 0 2 1 2 3
1 2 0 4
1 3 0 2 3
1 9 3 0 0 1 1 2 2 2 2
0 6 2 4 1 2 3 0
1 5 3 4 2 3 0
0 28 3 2 3 2 3 0 3 2 3 2 1 4 3 3 2 4 2 4 2 4 3 2 4 2 0 2 0 4
0 4 4 4 2 2
1 2 0 4
1 11 3 2 2 0 0 0 3 4 3 2 1
0 4 2 4 0 3
1 12 1 1 4 2 0 2 4 2 4 2 4 3
1 38 1 1 4 3 3 3 2 0 0 3 3 2 4 2 0 0 2 0 0 3 2 4 3 2 4 2 0 1 0 1 0 1 0 2 0 1 4 3
1 26 1 1 4 3 3 3 2 0 0 2 0 2 4 2 4 2 0 0 2 0 2 0 1 0 2 4
1 23 3 2 0 1 1 3 3 1 4 3 3 1 3 2 4 0 4 4 0 4 0 0 0
0 6 0 0 4 3 3 3
1 12 0 3 2 3 2 3 2 1 0 3 2 3
1 2 2 1
1 26 3 4 3 4 3 3 4 1 2 3 0 4 2 4 2 0 1 2 4 1 2 0 1 1 4 4
0 6 1 1 3 2 4 1
1 3 0 2 3
1 2 1 2
0 8 3 3 1 2 4 1 4 1
1 3 0 2 3
0 4 3 2 1 0
0 5 0 0 2 1 3
1 11 1 1 4 3 2 0 3 1 4 2 4
0 6 2 2 0 4 3 4
1 3 2 1 3
1 3 0 2 3
0 4 3 1 3 4
0 9 2 2 1 3 4 2 2 3 4
0 11 1 4 3 2 0 1 0 0 2 1 0
0 22 0 1 4 3 3 2 4 2 0 0 0 3 2 0 1 0 3 4 0 1 1 4
0 9 3 2 1 2 4 4 0 2 1
1 5 3 4 2 3 0
1 3 0 2 3
1 11 1 2 1 2 1 0 3 3 2 1 4
1 18 1 1 0 0 3 2 4 3 2 0 2 0 1 4 3 2 0 0
1 3 2 1 3
0 11 3 2 0 0 3 0 0 0 4 2 0
1 3 2 1 3
0 7 3 4 1 2 2 2 4
1 4 0 3 2 0
0 5 0 3 2 0 4
0 11 0 1 0 0 2 1 2 0 3 4 1
0 5 3 4 0 0 0
1 7 3 2 3 4 2 2 4
0 3 1 3 2
1 3 0 2 3
1 17 0 1 4 2 4 2 0 1 4 2 4 3 2 0 1 0 0
0 8 1 0 2 1 2 3 2 2
0 5 4 0 4 0 2
0 2 4 1
0 4 1 1 2 4
0 4 4 0 0 1
0 4 1 0 3 4
1 6 2 1 0 4 4 4
0 2 4 1
0 5 3 4 1 2 3
0 7 3 2 0 1 0 2 3
1 7 2 4 4 0 2 1 3
1 5 0 2 1 2 0
1 8 1 1 4 2 0 3 2 3
1 3 2 1 3
1 3 3 0 1
0 9 3 1 3 2 2 3 2 4 2
1 10 2 4 4 4 0 2 0 2 4 1
1 2 3 2
1 3 0 1 4
0 7 1 3 2 3 4 4 1
0 4 0 2 4 3
1 5 2 0 2 1 4
1 4 3 1 2 2
0 54 0 1 4 3 2 0 1 3 2 0 0 3 2 0 0 2 1 4 3 3 2 0 2 0 0 1 4 2 4 2 0 3 1 0 1 2 0 3 2 0 1 0 1 2 0 0 2 4 3 3 2 0 1 4
1 19 1 3 2 3 2 1 0 2 0 1 0 0 2 4 2 0 3 4 1
0 4 2 4 0 2
