2760 5
0 7 3 2 4 4 0 1 3
1 18 0 4 2 0 3 4 2 0 2 3 1 1 0 4 2 4 2 4
1 15 3 0 2 0 3 3 2 0 3 0 1 2 3 2 3
1 6 3 1 2 0 2 4
1 13 3 2 4 0 3 1 3 4 4 2 3 2 0
1 8 3 2 4 3 2 4 3 2
1 8 0 2 0 1 1 0 3 0
1 13 0 4 0 1 0 4 0 4 4 1 0 4 3
0 30 0 0 2 1 0 4 2 1 3 1 1 0 4 1 3 3 1 4 2 1 2 2 1 0 4 0 4 4 3 0
0 8 0 4 1 0 4 2 0 3
0 7 2 3 3 2 1 2 0
0 5 4 1 3 2 4
0 8 1 2 4 4 4 2 3 4
1 14 0 4 2 3 0 3 0 2 3 2 3 0 2 2
1 10 3 4 0 3 0 3 1 2 3 4
0 8 0 2 3 3 1 3 1 0
1 8 0 3 2 3 0 4 2 3
0 6 3 0 4 0 2 3
0 6 0 1 1 0 4 0
0 5 4 2 4 3 2
1 5 0 3 4 3 1
1 8 0 0 2 3 2 3 3 0
0 10 3 3 3 3 2 1 0 4 1 4
0 6 4 3 3 2 3 0
1 15 0 3 3 3 4 1 4 4 0 1 4 2 1 3 3
0 8 1 0 4 3 0 3 3 0
1 6 3 3 0 1 3 3
1 9 0 4 3 2 0 3 4 0 2
1 19 0 1 4 3 4 4 1 4 0 1 2 3 2 1 1 4 4 3 0
0 1 4
1 10 0 2 3 4 1 1 4 3 0 0
1 7 3 1 1 0 2 4 4
1 18 0 3 2 0 4 2 3 3 3 0 2 1 1 2 3 0 3 4
0 7 0 3 4 3 3 1 2
1 13 3 0 0 0 4 4 4 2 4 0 2 3 4
1 9 3 1 3 1 1 1 1 1 1
0 5 1 3 3 2 2
1 14 0 4 0 3 3 1 0 4 2 3 1 2 3 3
1 12 0 4 2 0 2 0 3 1 4 0 2 1
1 16 0 3 4 3 4 1 2 3 1 2 2 2 2 0 2 2
0 9 0 0 2 2 1 3 1 2 0
1 9 3 3 3 3 3 4 3 4 3
0 5 0 3 0 3 4
0 16 0 0 4 2 3 3 1 1 2 1 0 2 0 4 2 3
0 16 0 2 0 4 2 0 1 3 3 1 2 0 3 2 0 2
1 2 0 3
0 11 0 1 1 4 0 2 4 1 2 2 3
1 38 0 4 1 4 3 1 2 3 1 0 1 1 2 2 4 0 0 1 2 3 0 4 3 3 3 1 2 1 2 3 2 1 4 1 2 3 3 0
1 8 3 0 0 0 0 4 4 4
0 10 2 0 4 0 0 1 1 2 1 1
1 11 0 2 0 2 3 4 3 4 1 4 1
0 8 3 1 4 3 4 4 4 3
0 12 3 1 3 2 2 3 4 3 4 3 3 2
1 6 0 4 4 4 0 2
1 13 0 4 1 2 0 2 0 4 3 1 2 3 3
0 22 3 1 3 2 4 4 4 1 2 0 1 1 2 1 4 1 2 4 1 3 3 3
0 16 3 3 0 0 2 1 3 3 3 3 3 3 1 2 3 0
1 7 3 0 0 1 4 2 0
1 6 0 4 3 3 2 0
1 10 0 2 3 1 3 1 1 1 2 3
1 10 0 2 0 1 2 0 0 3 3 3
0 12 3 0 0 4 2 4 3 0 4 0 4 1
1 11 0 2 0 2 3 4 3 4 1 4 1
0 20 0 0 4 0 4 3 2 3 1 1 0 4 4 3 1 3 3 3 3 0
1 4 0 2 0 0
1 6 0 2 3 4 1 0
0 3 3 0 0
0 13 3 3 0 1 0 1 3 0 1 0 1 3 0
1 6 3 3 1 2 1 1
1 10 3 3 0 1 4 4 0 2 3 4
0 4 3 4 2 3
0 4 0 2 2 0
0 8 0 4 2 1 1 1 3 0
1 10 3 4 4 1 4 1 2 4 0 4
1 10 0 2 3 1 3 1 1 1 2 3
0 5 3 3 3 2 3
0 5 4 4 0 2 0
1 4 0 0 2 1
0 7 2 0 3 0 4 3 0
1 6 0 3 4 4 0 4
1 11 0 4 3 0 2 1 1 0 4 0 4
0 18 0 1 4 4 2 0 0 3 3 1 0 4 4 3 3 4 1 3
1 7 3 1 3 1 1 1 2
0 10 3 2 3 3 2 1 3 1 4 1
1 22 0 1 1 3 4 4 4 2 3 3 3 2 0 4 0 2 2 1 0 3 3 2
1 8 3 1 4 1 2 4 2 3
0 6 3 1 1 0 4 0
1 10 0 3 2 0 2 3 2 4 3 3
1 7 3 1 2 4 2 4 2
1 8 3 4 3 4 3 3 1 1
1 16 0 4 4 0 3 3 1 0 4 0 4 2 1 1 3 0
0 9 3 3 0 4 1 3 2 4 0
0 10 0 2 2 3 3 4 0 4 4 4
1 12 3 3 0 1 0 0 0 0 0 3 0 2
1 24 0 1 1 1 2 0 1 1 3 0 1 1 4 1 2 3 1 0 4 2 3 0 4 3
0 9 3 3 2 3 1 0 3 1 1
1 6 0 4 1 2 3 4
1 11 0 3 4 4 3 3 0 0 4 3 0
1 16 0 1 2 3 1 0 1 2 4 2 4 0 4 0 0 4
0 11 3 1 4 3 0 0 4 0 4 3 0
1 24 0 4 1 4 2 0 0 2 3 0 4 2 3 2 3 2 3 1 1 0 4 3 3 3
1 5 3 0 3 1 1
1 10 3 0 0 3 1 0 2 4 1 4
1 3 3 3 0
1 21 3 1 2 3 2 3 0 2 3 0 3 1 0 4 2 3 3 1 3 1 2
0 5 3 1 0 3 4
1 8 3 4 3 4 3 3 1 1
1 6 0 4 2 0 3 1
0 8 1 2 4 4 4 2 3 4
1 3 3 3 0
0 6 4 3 4 3 4 1
0 4 1 4 2 0
0 5 2 4 3 2 0
0 6 1 0 3 3 0 4
1 10 0 2 0 3 0 4 1 1 0 4
1 14 3 2 4 3 4 1 3 2 0 2 3 0 3 4
0 14 0 0 2 1 3 0 4 0 2 1 4 3 2 0
1 7 3 1 1 0 0 3 3
1 12 0 3 1 3 4 1 2 3 0 0 0 3
0 13 2 0 2 0 4 4 2 3 1 0 2 2 0
0 1 1
0 10 0 1 2 2 0 3 1 2 0 3
1 8 3 0 2 4 4 4 1 1
0 8 4 1 1 4 4 3 0 2
1 6 3 3 1 1 1 1
0 5 3 3 4 2 0
1 10 0 2 0 2 3 2 4 0 3 1
1 10 0 4 3 0 4 0 4 2 1 3
1 12 0 0 2 1 2 1 2 1 2 1 4 2
0 3 1 0 2
0 20 0 2 0 0 1 1 0 1 1 4 1 2 3 0 3 4 0 1 4 3
1 9 0 2 3 3 0 1 1 3 3
0 6 0 0 1 0 1 4
1 21 3 2 4 0 2 0 2 0 1 1 1 2 0 4 0 4 4 0 4 3 0
1 13 3 3 1 2 3 4 3 4 3 3 2 1 4
0 11 3 2 4 3 3 2 1 4 4 3 3
1 8 0 1 4 1 2 3 2 0
1 10 0 1 4 4 2 0 0 0 4 4
1 13 3 4 3 4 3 3 3 1 2 3 3 3 0
1 5 0 4 2 0 0
1 20 3 1 2 2 2 0 1 2 3 3 0 2 4 1 1 0 4 3 4 0
1 8 3 4 4 3 0 3 4 4
0 8 3 0 3 4 3 4 1 3
0 22 3 2 0 4 3 3 4 3 4 3 0 2 2 2 1 0 2 2 1 1 1 2
1 7 3 3 0 1 3 3 2
1 27 0 3 1 0 0 4 0 4 0 4 1 2 3 0 4 1 1 3 3 1 1 2 1 4 2 3 2
0 10 2 4 2 4 4 3 3 3 1 2
0 10 0 4 3 3 3 3 3 2 1 3
0 1 4
0 26 0 3 1 0 0 4 1 0 4 0 4 4 2 3 4 0 4 1 0 4 2 3 3 1 0 4
1 18 0 3 2 0 4 2 3 3 3 0 2 1 1 2 3 0 3 4
1 10 0 0 4 0 4 2 1 0 4 4
0 5 3 2 0 1 1
1 6 0 2 0 4 0 2
1 14 3 3 0 3 0 3 2 4 0 2 1 1 2 0
0 14 3 3 0 0 3 1 2 4 1 4 2 2 4 0
0 11 3 2 1 0 0 1 2 0 0 4 3
1 5 0 4 1 4 4
0 9 3 0 2 1 4 3 4 2 3
1 2 3 3
0 7 3 1 4 0 2 3 2
1 13 0 3 1 4 2 3 0 0 1 0 2 4 0
0 6 3 3 4 4 0 0
1 7 3 0 2 2 1 1 1
1 15 3 3 0 2 2 1 1 2 3 1 4 0 3 0 2
0 13 3 0 4 0 0 4 0 4 1 3 1 2 1
1 14 0 0 4 1 0 4 2 3 1 4 2 3 3 3
0 9 0 0 4 0 2 2 1 3 0
1 10 3 1 2 1 0 3 3 0 3 3
0 8 0 1 3 2 4 1 0 1
0 2 4 0
0 12 0 1 2 0 4 3 3 3 3 2 1 1
0 9 3 1 0 0 4 3 0 2 4
0 12 3 0 2 1 1 2 0 0 2 2 0 3
1 5 0 3 4 3 1
1 14 0 1 4 4 1 3 3 2 3 2 4 3 2 0
1 7 0 0 0 4 4 4 3
1 6 0 2 3 3 0 4
1 18 3 2 4 3 4 1 1 0 4 2 4 0 3 3 3 3 4 0
0 11 0 0 2 2 3 4 1 1 1 1 3
1 11 3 3 4 4 1 3 1 2 0 3 1
1 8 3 1 2 2 1 0 4 2
0 5 4 4 0 3 3
0 13 0 1 1 0 3 3 0 4 1 1 1 0 3
1 16 0 0 3 3 1 1 2 3 3 3 3 4 3 3 1 2
1 11 3 1 0 2 4 3 4 3 4 1 4
1 11 0 3 2 3 0 0 1 3 1 3 4
0 4 2 0 4 1
1 6 3 3 1 4 2 4
0 33 3 0 1 2 0 1 2 1 3 4 2 3 3 4 0 3 3 3 4 0 3 4 2 0 4 2 4 0 3 4 3 1 3
0 7 4 3 1 0 3 4 1
0 8 1 3 3 0 3 2 1 2
0 5 2 1 4 3 0
0 7 0 2 2 3 1 0 4
1 9 0 4 0 0 4 0 4 0 4
1 17 0 0 2 1 0 4 1 0 4 0 4 1 2 3 1 3 0
0 26 3 1 4 2 4 3 1 3 0 0 0 1 0 3 3 1 1 3 1 3 3 1 0 4 2 0
0 5 3 2 0 4 1
0 4 4 2 3 4
0 10 0 4 3 1 0 0 0 4 2 1
1 7 0 4 0 0 4 3 0
1 4 0 4 3 3
0 5 3 3 2 2 3
1 18 0 4 1 3 4 1 4 2 3 3 1 2 0 1 2 1 0 1
0 10 3 1 3 2 1 4 4 4 2 3
0 13 3 4 2 1 0 2 1 4 1 1 0 3 3
1 10 0 2 3 1 3 2 0 4 2 3
1 2 3 3
0 3 2 0 3
1 18 0 3 3 1 0 1 3 3 1 2 1 4 3 3 1 4 1 3
0 1 4
0 1 1
0 15 1 3 4 4 3 0 3 2 4 0 3 0 0 4 1
1 14 0 1 1 1 2 3 0 0 4 4 1 3 1 2
0 10 0 4 4 4 0 3 4 2 3 0
0 1 1
1 12 0 4 0 4 4 3 3 1 2 1 0 4
1 10 3 4 0 2 1 3 1 3 0 0
0 8 3 1 2 1 0 2 4 0
0 14 2 4 3 3 0 0 0 2 0 4 1 0 0 2
1 7 0 0 1 3 3 1 3
1 2 0 3
1 8 0 4 2 3 3 3 1 1
1 12 0 4 0 2 3 2 1 4 0 4 3 0
0 1 1
0 6 4 0 2 0 4 4
1 7 0 1 1 2 0 2 3
0 6 3 1 1 3 1 3
0 12 2 0 3 1 2 0 1 1 3 3 1 3
1 2 0 3
0 1 1
1 9 0 4 3 1 1 0 4 3 0
0 5 1 4 0 3 0
0 8 0 4 0 1 0 1 0 1
0 7 0 1 1 3 2 0 2
1 5 3 1 2 4 3
0 7 3 3 4 4 1 3 3
1 10 3 3 3 3 1 2 0 4 0 0
0 8 0 1 3 2 3 2 0 2
1 13 0 3 1 0 1 4 0 4 2 3 3 3 1
0 5 0 0 1 2 4
0 5 3 2 3 3 1
1 4 3 3 1 4
0 8 3 1 4 3 4 4 4 3
1 13 0 4 0 4 3 3 1 1 4 1 4 1 3
1 14 3 3 0 3 0 3 2 4 0 2 1 1 2 0
1 8 0 4 3 3 1 2 3 0
0 10 3 1 2 4 0 3 1 2 4 2
1 8 3 3 0 1 0 2 3 2
1 8 0 2 3 4 4 0 4 3
0 2 4 0
1 33 0 2 0 2 0 4 3 1 2 0 2 3 0 2 4 3 1 2 3 1 1 1 0 3 0 0 1 1 2 0 2 3 4
1 17 0 4 1 3 2 0 3 2 0 3 4 2 0 1 0 0 4
0 9 3 1 4 2 2 0 2 3 2
0 8 2 2 0 4 3 0 4 3
1 16 3 2 4 3 0 0 1 4 0 2 0 1 2 1 3 3
0 1 4
1 6 0 0 0 4 1 3
1 9 3 1 4 4 2 4 2 4 0
1 5 0 3 1 1 0
0 5 3 2 2 4 0
0 4 0 2 1 0
1 8 0 2 0 2 3 2 4 0
1 12 3 0 2 2 0 2 3 4 0 0 3 4
0 5 1 2 3 1 1
1 6 3 3 1 1 1 1
0 12 3 0 0 2 1 0 1 0 3 3 3 4
1 6 3 1 1 0 1 2
0 21 3 3 1 0 3 1 4 2 3 0 3 1 3 1 3 4 0 0 4 3 3
1 11 0 4 3 3 4 2 0 1 0 1 2
1 7 3 0 0 0 4 4 2
1 2 0 3
0 1 4
0 15 3 1 0 2 1 4 1 4 4 4 0 4 0 3 3
1 8 3 3 0 1 4 1 0 4
0 6 4 0 2 3 4 3
0 25 3 4 2 4 0 1 4 1 0 3 0 0 4 0 1 1 0 4 1 3 1 3 1 2 0
1 11 3 1 1 3 2 4 4 4 4 4 4
1 7 0 0 3 3 3 3 0
0 5 4 4 0 1 4
1 4 0 0 4 2
1 2 0 3
1 24 0 1 2 0 1 1 2 0 4 0 1 4 4 0 4 0 4 3 3 1 4 1 3 0
1 14 0 3 3 4 3 0 1 0 4 4 2 1 3 0
1 9 0 4 3 3 2 3 4 2 0
1 14 0 3 3 4 3 0 1 0 4 4 2 1 3 0
1 21 3 1 0 2 0 3 3 3 3 0 0 2 4 1 1 0 1 2 1 1 1
1 7 0 3 3 4 3 4 1
0 9 3 4 2 4 3 3 1 0 0
1 7 3 4 1 0 2 3 2
1 3 3 3 0
1 16 0 2 0 1 2 3 4 0 3 2 1 4 1 4 0 3
0 3 2 0 3
0 7 4 3 1 0 3 4 1
1 6 3 4 1 4 0 3
0 15 1 4 2 3 3 0 4 3 1 2 1 0 1 0 3
0 19 4 0 4 2 0 2 3 3 4 0 1 0 2 0 3 0 1 1 0
1 8 0 3 2 3 0 2 1 2
0 4 2 2 3 2
1 10 3 3 4 1 3 2 0 2 4 1
1 9 3 4 0 0 0 0 4 4 4
0 5 2 2 0 3 3
1 7 0 1 1 4 1 0 2
0 5 3 3 3 4 3
1 8 0 1 2 0 3 1 3 4
1 6 0 1 0 1 3 0
1 18 0 1 1 4 3 4 4 3 4 2 3 3 0 2 1 0 4 2
1 6 3 1 3 2 4 3
1 13 3 1 0 2 1 3 2 1 4 1 2 4 0
1 5 0 1 3 3 0
1 10 3 3 4 2 3 0 1 4 1 1
0 7 0 0 1 2 0 3 4
1 11 0 4 0 2 1 0 4 2 3 3 0
1 11 0 4 4 2 3 0 3 0 3 4 3
1 6 3 1 2 3 2 0
1 8 3 2 4 0 3 0 0 4
0 14 3 4 1 4 4 3 3 3 3 3 4 0 4 0
1 7 3 3 4 0 0 0 2
1 13 3 2 4 0 3 1 3 4 4 2 3 2 0
1 21 0 1 4 2 3 0 2 0 3 0 4 1 2 3 1 3 3 3 3 1 0
0 9 3 1 1 3 3 3 2 3 2
0 7 2 0 2 1 3 4 2
1 10 0 1 2 3 1 3 2 3 0 4
1 15 0 0 4 4 1 4 1 4 4 1 2 3 3 3 1
1 9 3 0 3 3 1 3 0 0 4
0 5 1 2 3 1 4
1 10 3 1 3 1 2 2 4 3 0 4
0 17 3 0 1 0 3 3 1 3 0 2 3 3 4 0 4 1 3
0 4 1 3 4 4
1 4 0 4 2 3
0 22 1 3 3 1 3 3 2 0 2 3 4 4 1 1 2 3 1 2 4 0 3 3
1 7 3 2 4 0 0 0 4
0 10 2 4 2 4 3 2 3 0 1 2
1 27 0 3 1 0 0 4 0 4 0 4 1 2 3 0 4 1 1 3 3 1 1 2 1 4 2 3 2
0 1 1
0 2 4 0
0 22 2 1 1 3 3 1 2 0 2 1 1 0 1 1 2 3 0 4 4 1 1 3
1 6 3 1 1 4 3 3
0 4 4 3 0 4
1 11 0 4 0 0 4 2 3 2 1 0 4
0 1 1
0 9 3 1 0 1 1 1 4 2 2
0 27 0 4 3 1 3 0 2 3 1 0 4 2 3 1 3 1 0 4 4 3 4 1 0 4 4 4 2
1 8 3 1 1 0 0 3 0 2
1 14 0 4 2 3 0 3 0 2 3 2 3 0 2 2
0 26 0 3 1 0 0 4 1 0 4 0 4 4 2 3 4 0 4 1 0 4 2 3 3 1 0 4
1 12 0 4 0 0 4 0 4 4 4 0 4 2
0 6 3 1 3 0 3 3
0 4 3 3 2 1
1 9 3 4 3 0 0 3 1 2 3
1 21 0 3 0 0 4 2 3 4 2 3 4 2 1 0 4 3 3 3 4 4 3
1 12 3 2 4 3 2 4 0 1 4 0 3 0
1 16 3 3 1 2 2 1 3 0 0 4 0 3 4 1 2 1
0 9 3 0 0 2 3 1 2 2 1
0 7 3 2 4 4 0 4 0
1 6 3 1 2 3 2 0
1 11 0 3 2 3 0 3 4 1 4 0 3
0 5 1 0 1 2 1
0 11 0 0 1 1 1 1 0 1 1 2 4
1 10 3 2 4 3 3 3 2 1 3 2
1 8 0 3 2 3 0 0 4 4
0 6 0 0 0 2 0 4
1 14 3 0 2 4 3 4 2 0 1 1 4 3 4 2
1 14 0 4 0 1 0 4 3 3 1 4 2 1 3 0
0 25 0 2 3 4 1 0 2 1 1 4 0 2 3 4 0 3 3 3 3 3 4 2 3 4 2
0 1 1
1 8 3 1 4 1 2 4 2 3
1 9 3 4 1 0 1 1 2 4 4
0 25 0 1 4 0 0 4 1 0 4 1 2 4 0 4 4 3 3 1 4 0 4 2 1 3 3
0 6 0 2 2 3 1 3
1 10 3 1 2 3 1 1 2 0 4 0
1 10 3 2 4 0 4 2 3 4 3 4
1 7 0 0 3 3 3 3 0
0 10 1 2 4 1 2 4 0 4 0 3
0 7 0 2 1 0 1 2 0
0 6 3 3 1 1 0 4
1 8 0 0 2 3 2 3 3 0
0 19 4 0 4 2 0 2 3 3 4 0 1 0 2 0 3 0 1 1 0
1 23 3 1 3 1 1 2 4 2 4 0 3 0 0 4 1 0 4 4 4 0 4 1 4
0 5 1 2 3 1 1
0 7 3 2 2 2 0 1 4
0 6 2 0 2 4 0 2
1 4 0 2 0 3
0 5 0 3 0 4 0
0 10 4 0 2 0 2 0 2 1 2 4
0 20 0 2 3 1 3 3 4 1 2 4 2 3 1 2 4 3 3 0 3 3
0 8 4 2 2 1 3 2 3 3
1 6 3 3 1 2 1 1
0 3 3 0 0
0 4 1 4 0 4
1 16 0 4 0 4 2 1 2 3 4 2 1 2 3 0 4 2
0 6 4 0 0 2 0 3
1 13 3 4 3 1 0 3 4 4 0 3 4 4 1
0 13 2 2 0 0 0 4 4 4 1 0 4 2 3
0 4 4 3 1 1
0 23 3 2 4 0 4 1 3 3 1 0 4 0 4 0 4 0 2 3 3 3 0 3 2
0 6 3 1 1 0 1 0
0 6 3 4 2 0 4 2
0 6 3 0 2 3 1 1
0 15 0 1 3 1 2 3 3 3 4 1 2 1 1 0 4
1 7 0 4 1 1 4 0 2
1 11 0 2 0 3 3 0 2 1 1 3 0
1 6 3 0 2 1 1 3
0 1 4
0 9 4 3 4 4 1 2 3 2 0
1 26 3 4 1 0 1 1 2 3 4 1 0 1 3 1 3 1 0 4 1 3 2 2 4 0 1 4
1 22 0 3 3 4 4 4 1 4 4 1 3 3 3 1 1 1 4 2 3 1 2 0
0 11 0 1 1 3 4 4 0 0 3 4 0
0 9 0 1 0 1 4 0 1 4 1
0 5 3 4 1 3 4
1 8 0 3 0 0 4 4 3 0
1 9 3 0 0 3 1 4 1 3 2
1 17 3 3 1 4 0 3 4 1 3 0 3 1 0 4 1 2 0
1 10 0 3 3 3 4 2 3 1 0 1
1 13 0 3 1 3 2 0 2 0 0 2 3 0 4
0 8 0 2 4 0 0 4 2 3
1 16 3 0 0 1 3 3 3 1 1 1 0 2 3 1 2 4
0 8 0 4 0 1 0 1 0 1
1 9 3 3 1 2 4 1 3 0 0
1 7 0 3 4 0 4 3 0
0 8 3 3 2 0 3 1 0 2
0 19 0 3 3 1 1 0 1 3 1 1 2 2 0 1 1 2 3 3 4
1 9 3 0 0 3 1 4 1 3 2
0 17 0 4 3 3 4 1 3 2 0 3 2 3 4 0 4 0 0
0 4 4 3 4 1
1 13 3 2 4 3 4 0 2 4 4 3 0 0 3
1 8 3 3 1 0 1 3 1 2
0 10 2 3 4 4 1 4 2 0 3 3
0 5 3 4 1 3 4
1 4 3 2 4 0
1 7 0 2 0 4 3 0 2
1 8 3 3 0 2 1 3 0 1
0 9 3 3 2 3 1 0 3 1 1
1 15 3 1 0 1 1 1 1 2 2 4 3 1 4 0 3
0 10 3 4 3 4 3 3 2 2 1 1
0 9 0 1 0 2 4 3 0 3 3
1 9 3 4 2 4 0 2 3 2 0
1 6 0 4 4 4 0 2
0 8 2 4 0 4 4 2 1 2
0 5 2 0 0 3 4
1 3 3 3 0
0 4 3 0 4 4
0 9 0 3 2 0 0 3 1 3 0
0 7 3 3 2 3 4 0 3
0 17 0 0 2 1 1 4 1 1 2 4 3 4 2 1 0 4 1
1 9 3 3 1 2 4 1 3 0 0
1 11 3 4 2 4 3 0 0 0 0 3 4
0 9 3 0 1 1 0 3 2 4 2
1 13 3 1 0 2 4 1 1 3 4 2 4 0 4
1 13 0 3 4 1 3 1 2 3 1 1 0 3 0
0 11 3 2 0 4 1 3 2 3 4 4 3
0 15 3 4 3 3 2 4 0 0 0 2 1 1 1 4 3
1 7 3 1 2 4 2 4 4
1 9 0 4 4 2 0 2 0 0 2
1 5 3 3 0 0 2
1 7 0 4 2 3 4 3 2
1 12 0 4 3 0 4 4 3 3 3 1 3 0
0 29 3 0 2 4 0 3 2 3 0 1 2 1 1 2 2 1 3 0 3 1 2 1 0 4 1 3 1 3 0
0 10 0 2 2 0 4 0 2 0 3 1
0 10 3 1 4 3 3 4 3 2 0 4
1 7 3 2 4 3 4 1 0
1 10 0 0 2 3 1 2 3 2 3 2
1 7 3 1 0 2 0 2 2
0 1 4
0 8 3 1 3 3 2 4 3 3
1 10 3 1 3 2 4 0 2 1 1 0
1 24 0 3 2 3 2 4 0 3 2 0 2 0 3 4 3 4 2 3 1 1 3 2 4 2
1 12 3 1 3 2 1 4 3 0 1 2 4 0
0 13 0 3 0 4 0 4 2 3 2 3 3 3 0
0 8 3 4 0 2 3 3 1 4
1 9 3 4 4 1 2 2 2 3 2
0 11 0 0 1 2 1 4 3 1 4 3 0
1 26 3 4 1 0 1 1 2 3 4 1 0 1 3 1 3 1 0 4 1 3 2 2 4 0 1 4
0 8 4 4 3 3 1 3 2 1
0 10 2 0 4 0 0 1 1 2 1 1
0 14 4 4 0 0 2 4 2 2 3 0 4 1 3 0
0 12 3 3 1 2 2 0 1 2 1 1 4 1
0 10 0 0 0 0 4 2 1 1 4 1
1 10 0 1 1 4 3 3 0 0 4 1
0 5 4 1 3 1 0
1 6 3 1 1 4 3 3
0 6 3 1 1 0 1 0
0 11 0 0 1 3 3 2 3 1 3 2 1
1 7 0 3 1 0 1 3 3
1 4 3 3 1 3
0 5 0 3 2 4 3
1 7 3 3 4 2 3 1 0
1 2 0 3
1 9 3 3 1 0 3 4 0 3 4
1 16 0 1 2 3 1 0 1 2 4 2 4 0 4 0 0 4
0 5 2 0 4 4 2
0 8 3 3 1 1 0 4 1 2
0 8 4 4 1 4 1 2 2 0
0 10 2 0 1 0 1 4 3 2 3 4
0 14 1 4 3 1 3 1 1 1 0 1 2 4 2 0
1 9 3 0 0 1 1 1 4 3 2
0 10 0 4 0 3 0 4 3 0 4 3
1 9 0 4 3 1 1 0 4 3 0
1 12 0 1 4 2 3 4 1 4 4 2 4 2
1 14 0 3 1 3 0 0 4 1 4 1 1 0 4 2
1 10 0 3 0 1 0 4 0 4 3 0
1 12 0 0 1 2 3 3 3 3 4 4 4 1
1 7 0 2 0 2 0 4 1
1 13 0 1 0 4 1 1 3 3 1 3 3 3 4
0 14 3 2 4 0 2 3 0 4 0 1 4 2 3 4
0 5 3 1 1 2 0
1 17 0 0 4 1 0 4 2 1 0 4 0 4 3 3 3 1 2
1 7 0 2 3 3 4 4 2
1 11 3 4 1 3 1 2 2 4 3 1 0
1 14 0 2 3 3 0 2 1 2 3 0 0 4 1 0
1 5 0 2 0 0 4
1 10 3 3 3 0 0 1 2 3 4 4
1 7 3 3 4 3 4 4 0
1 10 3 3 0 2 1 3 1 4 1 1
0 8 2 4 0 2 3 0 2 4
0 8 0 4 2 1 1 1 3 0
1 8 3 3 4 2 3 2 0 0
0 9 1 2 0 3 0 4 1 0 1
1 7 3 0 0 0 2 3 3
1 9 0 4 2 3 1 0 2 2 0
0 22 3 2 0 4 3 3 4 3 4 3 0 2 2 2 1 0 2 2 1 1 1 2
0 4 4 3 2 3
1 11 0 2 3 4 0 0 1 0 2 4 3
0 5 1 3 1 4 0
1 8 0 2 0 2 3 2 4 0
1 2 3 3
1 8 3 1 1 0 3 0 0 3
1 15 3 4 3 3 4 4 0 2 1 4 1 1 0 2 4
1 40 0 3 0 0 4 2 3 3 3 1 0 4 1 1 0 4 2 3 2 1 1 0 4 1 0 4 2 3 4 2 3 2 3 4 4 0 4 4 4 3
1 8 3 3 0 3 0 3 1 2
1 9 0 4 0 4 4 0 4 4 1
1 8 0 1 2 0 3 0 1 4
0 14 0 3 1 3 2 0 1 2 3 0 3 4 2 0
0 5 1 3 1 4 0
1 8 3 1 1 0 0 3 0 2
1 8 3 4 3 4 2 4 4 0
0 6 4 3 4 3 3 3
1 4 0 0 4 2
0 4 1 3 0 2
1 6 3 0 2 4 3 0
0 6 0 3 0 4 1 0
1 7 0 1 3 4 2 3 3
1 8 0 3 0 0 4 4 3 0
1 5 3 3 1 1 3
0 10 1 1 4 1 0 0 4 1 4 0
1 18 0 4 1 0 2 3 0 4 0 4 0 4 4 2 3 0 4 1
1 7 0 0 4 0 4 1 3
1 10 0 4 1 2 0 2 0 2 0 0
0 9 1 0 4 4 2 3 1 4 2
0 4 0 1 0 0
0 11 0 3 0 0 0 4 4 1 3 3 3
1 11 0 3 2 0 3 2 0 2 0 4 1
0 3 2 3 3
1 7 0 0 4 0 4 1 3
1 10 0 1 2 3 1 3 2 3 0 4
1 6 3 1 2 4 4 2
1 5 0 2 3 4 2
0 4 1 4 0 4
1 7 3 3 1 4 3 0 2
1 10 3 4 0 0 4 4 3 3 1 1
0 8 0 2 4 0 0 4 2 3
0 11 3 0 2 4 1 2 0 3 3 3 1
1 12 3 3 0 2 1 1 1 2 1 2 3 0
1 11 0 0 4 1 3 3 3 0 4 2 1
1 17 0 1 1 2 0 0 0 4 4 0 4 0 4 1 4 1 1
1 25 3 4 4 0 0 3 4 4 3 1 2 1 0 0 1 4 4 0 4 4 1 3 3 1 0
0 10 1 2 4 1 2 4 0 4 0 3
1 22 0 0 2 1 2 3 3 3 3 0 4 3 3 3 4 0 4 0 4 3 3 3
0 6 2 0 1 4 1 3
1 4 3 2 4 0
1 9 3 4 3 1 0 1 2 0 4
0 23 0 2 0 1 3 4 4 4 3 2 3 4 1 4 1 1 1 3 2 3 1 1 0
1 7 3 1 2 1 4 3 3
1 15 3 0 3 2 1 3 0 3 3 4 2 3 3 3 2
0 13 3 1 0 0 1 4 1 4 4 4 0 1 1
1 9 3 1 0 1 2 0 3 1 0
0 8 0 2 4 0 1 0 3 0
0 7 3 0 1 3 1 2 4
0 1 4
1 6 0 0 4 2 3 3
1 3 0 3 1
1 5 0 4 2 0 0
1 6 0 2 3 4 1 0
0 15 0 3 3 1 2 3 0 1 4 0 3 1 3 1 3
0 5 4 4 4 4 0
0 14 3 1 4 4 2 4 0 2 0 2 0 3 2 3
1 7 3 3 0 1 3 3 2
0 5 1 2 3 0 1
1 11 0 2 3 2 4 3 2 4 3 3 3
0 12 3 0 1 0 4 2 1 1 2 3 3 0
1 9 0 2 0 4 0 0 4 3 0
0 5 1 1 1 1 0
1 4 0 3 4 1
0 1 4
0 5 2 0 4 3 1
0 14 4 3 0 3 3 1 3 3 3 1 4 3 3 0
1 8 0 3 2 3 0 2 1 2
1 8 3 4 4 3 0 3 4 4
1 22 0 0 0 4 4 2 3 2 3 0 4 3 3 1 2 3 3 3 1 0 4 2
0 27 0 4 3 1 3 0 2 3 1 0 4 2 3 1 3 1 0 4 4 3 4 1 0 4 4 4 2
0 33 3 0 1 2 0 1 2 1 3 4 2 3 3 4 0 3 3 3 4 0 3 4 2 0 4 2 4 0 3 4 3 1 3
0 11 0 0 1 2 1 4 0 4 0 1 4
0 5 0 0 0 4 0
0 1 4
1 12 3 2 4 0 3 0 1 1 2 3 3 0
0 14 3 4 1 2 1 2 3 0 1 0 4 2 3 4
0 4 2 3 2 4
1 6 3 0 2 4 3 0
1 9 0 4 0 0 4 0 4 0 4
0 1 1
0 8 4 1 2 4 3 3 0 0
1 12 0 1 4 2 0 0 4 3 3 3 0 4
0 1 4
0 6 4 3 2 4 0 2
1 18 3 2 4 3 4 1 1 0 4 2 4 0 3 3 3 3 4 0
1 13 3 3 1 2 3 4 3 4 3 3 2 1 4
0 1 4
1 8 0 1 1 1 0 2 1 1
1 9 0 2 3 1 1 4 3 0 2
0 26 0 1 2 3 1 3 2 3 0 4 1 3 0 1 0 4 4 0 3 0 4 1 2 1 1 3
0 9 3 2 0 1 4 4 2 4 4
1 5 0 2 0 0 4
0 2 4 0
0 13 0 4 3 0 2 1 1 3 1 1 4 4 4
0 5 0 0 4 2 4
1 14 3 4 0 2 4 3 1 0 0 1 2 1 2 3
1 10 3 1 3 1 2 1 4 4 2 3
0 13 0 3 1 2 4 1 4 4 0 2 3 4 2
1 8 0 4 0 4 2 3 0 4
1 10 3 3 1 3 4 3 1 3 1 2
1 16 0 3 4 3 4 1 2 3 1 2 2 2 2 0 2 2
1 9 3 4 4 1 2 2 2 3 2
0 10 0 4 3 3 3 3 3 2 1 3
0 14 0 2 0 2 3 1 3 1 3 3 4 3 0 0
1 21 3 0 2 1 0 3 3 3 0 4 1 2 1 3 3 3 3 3 3 1 0
0 11 3 2 0 4 1 3 2 3 4 4 3
0 6 1 3 3 0 2 1
0 4 0 2 2 3
1 19 0 0 0 4 0 4 1 4 4 1 4 4 4 2 1 0 4 3 0
1 12 0 1 4 4 4 0 3 3 1 4 4 3
1 2 3 3
1 16 0 4 4 0 3 3 1 0 4 0 4 2 1 1 3 0
1 13 0 3 4 1 3 1 2 3 1 1 0 3 0
0 11 3 3 1 2 3 0 0 0 0 4 2
1 16 0 4 0 0 4 4 1 1 0 4 2 1 0 4 3 0
1 6 0 2 3 4 2 0
0 19 0 3 3 1 1 0 1 3 1 1 2 2 0 1 1 2 3 3 4
1 16 3 0 0 1 3 3 3 1 1 1 0 2 3 1 2 4
1 6 0 1 0 1 4 1
0 6 3 1 2 2 3 4
0 1 4
0 13 0 4 0 4 0 4 1 3 1 2 1 4 0
1 4 0 0 2 1
0 20 0 2 3 1 3 3 4 1 2 4 2 3 1 2 4 3 3 0 3 3
1 17 3 1 0 1 2 2 4 0 4 2 0 2 0 3 4 3 4
1 11 0 2 3 4 2 4 0 0 1 3 0
0 19 0 3 4 1 1 3 1 2 3 3 4 0 3 4 2 3 3 3 3
1 12 3 1 3 2 4 4 3 0 3 4 2 0
0 5 2 4 0 3 0
1 5 3 1 3 2 2
1 3 0 0 1
1 12 0 1 2 0 2 3 3 1 0 3 3 2
1 6 0 2 3 1 0 1
1 4 0 0 1 4
1 24 0 3 4 4 0 1 1 1 2 1 4 4 4 4 0 4 4 0 4 4 1 3 3 3
1 8 3 0 3 0 1 1 1 4
1 7 0 0 1 3 3 1 3
0 7 3 1 0 3 4 4 3
0 19 0 3 3 3 3 3 0 2 3 3 0 4 3 3 2 1 4 4 2
1 7 3 4 1 0 2 3 2
0 4 3 4 2 3
1 10 3 1 4 4 2 4 0 3 4 0
1 3 0 3 1
0 8 3 2 4 3 3 2 3 4
1 21 3 2 4 0 0 4 1 4 0 4 0 4 0 4 1 3 3 3 1 0 4
1 7 0 3 0 0 4 3 3
0 17 0 1 0 0 4 2 3 1 0 4 1 4 1 4 3 1 4
1 8 0 1 4 3 2 3 0 4
0 4 2 3 3 1
1 6 0 0 2 3 3 0
0 7 3 1 4 2 4 3 2
0 6 3 1 3 4 2 3
1 6 3 0 3 0 0 3
0 14 3 4 1 2 1 2 3 0 1 0 4 2 3 4
0 8 3 0 1 4 4 4 3 0
0 7 3 3 2 3 4 0 3
1 12 0 4 0 2 3 2 1 4 0 4 3 0
0 11 0 4 0 4 2 0 0 0 4 4 2
0 32 0 2 3 3 3 0 2 4 1 1 0 0 0 1 0 0 2 2 4 2 3 0 1 0 3 0 4 3 1 2 3 1
1 6 3 3 0 3 3 4
0 13 3 3 0 1 0 1 3 0 1 0 1 3 0
1 9 3 4 4 1 4 4 2 4 0
0 7 3 0 0 4 2 1 0
0 8 4 2 0 3 3 3 3 3
0 5 0 4 3 0 0
0 6 3 3 4 4 0 0
0 6 2 3 4 2 2 0
1 6 0 4 1 1 3 4
1 8 3 0 3 0 1 1 1 4
1 13 3 0 0 4 0 0 3 3 4 4 4 2 0
1 3 3 4 1
0 8 2 4 0 4 4 2 1 2
1 15 3 4 3 3 4 4 0 2 1 4 1 1 0 2 4
1 10 3 2 4 3 3 3 4 4 2 4
0 15 2 0 2 0 2 3 0 3 2 4 3 0 4 2 3
1 2 3 3
0 11 3 1 3 2 0 4 2 0 4 4 0
0 4 0 2 2 3
0 8 0 0 3 1 3 1 1 4
1 8 0 3 2 3 0 0 4 4
0 5 2 2 0 3 3
0 17 3 1 3 2 4 3 0 2 2 0 3 1 2 1 2 0 0
1 9 0 2 3 3 0 1 1 3 3
0 18 3 4 0 4 0 2 2 3 2 4 3 4 1 3 1 4 3 3
1 2 0 3
0 14 0 2 0 2 3 1 3 1 3 3 4 3 0 0
0 8 3 1 4 2 2 2 2 2
0 5 4 1 3 1 0
0 12 2 3 1 4 2 3 3 0 1 1 2 4
1 8 0 4 3 2 0 4 0 3
0 16 0 3 0 1 2 0 4 1 4 1 2 3 0 4 4 2
0 4 3 2 2 0
1 7 3 1 3 1 1 1 2
0 9 3 3 0 3 0 1 0 4 1
1 18 0 1 1 4 3 4 4 3 4 2 3 3 0 2 1 0 4 2
1 9 3 1 4 4 2 3 3 3 4
0 14 0 4 0 1 4 2 1 3 2 3 0 4 4 2
1 18 0 4 1 3 4 1 4 2 3 3 1 2 0 1 2 1 0 1
1 17 0 0 2 1 2 1 4 4 4 3 3 3 0 4 0 4 2
0 5 1 0 4 2 3
1 2 0 3
1 19 3 0 2 2 1 0 1 3 1 2 3 1 2 4 1 3 0 1 1
1 5 3 4 4 1 4
1 7 0 4 0 0 4 3 0
1 10 0 1 0 0 4 1 4 4 3 0
1 16 0 0 3 3 1 1 2 3 3 3 3 4 3 3 1 2
1 14 0 3 1 3 1 3 3 3 4 4 1 1 2 3
0 4 3 2 2 0
1 12 3 1 3 1 2 0 0 4 0 3 1 0
0 15 0 4 1 3 2 3 2 4 3 0 3 1 2 3 0
1 6 3 0 2 3 2 3
1 26 0 2 3 3 0 2 2 4 3 0 0 1 0 0 2 0 2 0 3 4 3 4 0 1 4 2
0 5 4 2 4 3 2
0 6 3 1 0 3 2 2
0 5 0 2 4 2 0
1 5 3 0 4 2 3
0 9 1 0 0 1 1 4 1 3 2
0 6 1 0 4 0 3 4
1 14 0 1 1 1 2 3 0 0 4 4 1 3 1 2
0 15 3 4 3 3 2 4 0 0 0 2 1 1 1 4 3
0 17 3 1 0 3 2 1 3 1 2 4 1 0 1 2 4 3 0
0 6 0 0 0 2 0 4
0 15 0 1 2 1 3 2 4 0 2 0 2 0 2 0 3
1 8 3 0 3 3 1 2 0 4
1 12 3 1 3 1 2 0 0 4 0 3 1 0
0 7 2 4 3 0 1 1 1
1 14 3 3 3 0 2 4 4 3 1 2 0 4 0 3
0 6 4 3 0 0 4 2
0 8 0 2 4 3 4 2 2 2
0 11 0 1 2 4 0 2 1 2 1 4 2
0 11 0 2 0 1 0 0 0 2 3 3 0
1 14 0 4 3 1 4 0 4 1 0 4 2 3 3 0
0 1 1
1 8 3 4 1 0 2 0 4 3
0 5 1 0 4 3 3
1 4 3 1 0 1
1 10 0 2 0 1 2 0 0 3 3 3
0 5 2 1 4 3 0
1 14 0 0 0 4 0 4 0 4 2 1 2 3 3 0
1 12 0 4 0 4 4 3 3 1 2 1 0 4
0 13 0 2 2 3 4 2 4 3 4 0 4 2 3
1 15 0 1 3 3 2 3 0 0 4 4 0 0 3 0 3
0 12 0 0 2 4 3 2 0 2 3 1 2 1
1 6 0 2 3 1 0 1
1 6 3 3 0 3 3 4
0 15 0 1 3 1 1 2 0 2 0 0 3 4 0 3 0
0 19 3 4 0 2 4 2 4 0 2 4 2 2 3 4 1 2 3 3 1
1 9 3 2 4 0 2 0 0 2 3
0 13 3 0 4 0 0 4 0 4 1 3 1 2 1
1 18 3 4 0 3 0 0 0 0 2 0 3 2 3 2 2 2 3 1
0 7 2 0 1 3 0 3 1
1 2 3 3
1 7 0 1 2 3 3 4 2
1 13 0 4 0 4 3 3 1 1 4 1 4 1 3
0 1 1
1 11 0 2 3 2 4 3 2 4 3 3 3
1 6 0 3 0 0 4 1
0 8 3 4 0 2 3 3 1 4
0 5 2 2 3 1 1
0 6 4 0 2 3 4 3
1 7 0 4 1 4 2 3 2
0 5 0 4 4 2 2
1 13 0 0 4 4 3 3 3 4 1 0 4 3 0
1 12 0 4 0 0 4 0 4 4 4 0 4 2
0 5 4 0 2 4 0
1 8 0 2 0 4 2 0 4 1
0 8 1 3 0 0 4 1 0 1
0 8 4 0 4 1 1 0 4 2
0 11 4 3 3 2 1 1 0 2 0 1 2
0 4 4 0 0 1
0 9 1 0 0 1 1 4 1 3 2
0 5 4 1 3 2 4
0 10 2 4 2 4 4 3 3 3 1 2
0 5 0 0 0 0 1
0 6 4 0 0 2 3 2
0 5 1 2 3 1 4
0 5 0 1 3 4 2
1 7 3 4 2 4 3 1 0
1 12 0 4 2 3 4 3 4 4 4 0 4 0
1 8 3 1 1 3 0 3 0 2
1 8 3 0 3 3 1 2 0 4
1 10 0 4 3 0 2 3 4 4 3 0
0 7 0 1 0 4 0 1 0
0 8 0 0 4 0 1 0 3 0
0 5 3 3 2 4 0
1 24 0 3 1 1 0 3 3 1 0 4 4 4 1 2 3 1 3 3 3 3 3 1 2 3
0 6 3 0 0 0 2 0
0 7 3 1 1 4 2 2 0
0 11 1 3 3 3 1 4 3 2 3 4 3
0 5 0 0 0 0 1
1 10 3 1 3 1 2 2 4 3 0 4
1 6 3 0 2 3 2 3
1 6 0 2 3 4 3 2
1 7 0 4 3 1 1 0 4
0 8 0 4 2 2 2 4 3 0
0 15 0 1 3 1 1 2 0 2 0 0 3 4 0 3 0
1 17 0 3 1 3 2 3 2 4 0 3 0 0 4 4 0 4 3
1 7 3 0 3 2 1 2 0
1 8 0 2 3 0 2 3 4 2
0 4 4 3 4 1
0 11 3 1 1 0 3 3 0 2 4 0 4
0 27 3 2 4 3 2 4 3 2 4 3 3 4 0 4 3 2 0 2 3 1 1 0 3 4 3 0 0
0 14 3 4 1 4 4 3 3 3 3 3 4 0 4 0
1 7 3 1 1 0 0 3 3
1 9 0 1 2 0 0 0 4 2 3
0 6 0 2 3 0 4 4
1 5 3 0 4 2 3
0 6 3 0 2 3 1 1
0 11 4 3 3 2 1 1 0 2 0 1 2
0 11 3 2 4 3 3 2 4 2 2 4 2
0 9 0 3 2 3 3 4 1 4 4
0 1 4
0 8 3 3 3 2 4 3 1 0
0 4 2 3 3 4
0 11 0 4 0 4 2 0 0 0 4 4 2
0 8 0 4 1 0 4 1 0 0
1 8 0 4 3 3 1 2 3 2
1 6 0 2 3 4 2 0
0 22 0 2 0 3 0 4 2 1 3 4 1 0 4 4 1 3 3 3 4 1 4 1
1 12 0 3 3 1 2 0 1 2 0 0 3 0
1 16 3 4 0 3 3 3 4 1 2 1 4 0 3 3 4 2
0 10 0 0 0 0 4 2 1 1 4 1
0 9 3 1 1 3 3 3 2 3 2
0 1 1
1 14 0 3 0 1 3 3 1 4 2 3 2 1 4 2
1 11 0 4 4 2 3 0 3 0 3 4 3
0 7 0 2 4 2 0 3 2
1 10 3 3 0 2 0 2 0 3 0 4
1 14 0 4 3 1 4 0 4 1 0 4 2 3 3 0
1 5 0 4 1 4 4
0 10 3 1 2 2 2 1 4 3 2 2
1 9 3 1 0 1 2 0 3 1 0
0 14 2 0 2 1 2 2 1 0 4 3 3 1 2 1
0 11 0 1 1 3 4 4 0 0 3 4 0
1 13 3 1 0 2 1 3 2 1 4 1 2 4 0
1 6 3 0 3 0 0 3
1 12 0 3 3 1 4 4 3 3 3 0 3 0
0 9 3 0 1 1 0 3 2 4 2
0 5 4 3 4 2 0
1 7 3 4 2 4 3 1 0
1 12 0 4 2 3 1 3 2 1 3 1 1 1
1 4 3 2 4 0
1 7 0 4 2 3 4 3 2
0 1 4
1 6 0 2 0 4 0 2
0 12 3 2 4 0 0 0 4 0 4 3 1 1
1 10 3 2 4 3 3 3 2 1 3 2
0 8 3 1 2 1 2 2 1 1
1 9 0 2 0 4 0 0 4 3 0
1 15 0 3 1 2 0 4 4 3 1 4 4 0 1 3 0
0 10 1 2 3 4 2 3 0 1 1 3
1 5 3 1 4 0 3
0 11 0 0 2 3 0 4 0 1 4 4 0
0 6 1 4 3 3 2 0
0 10 2 4 2 4 3 2 3 0 1 2
0 3 3 0 0
1 9 0 4 4 0 0 4 4 3 0
1 10 0 4 1 3 1 2 0 4 0 4
0 7 3 0 2 1 1 1 3
0 1 1
0 7 0 2 3 1 1 1 0
1 13 0 4 3 3 3 2 0 1 4 4 0 1 2
1 8 3 3 1 3 4 4 3 2
1 6 0 3 4 4 0 4
1 9 3 4 3 1 2 0 3 0 1
1 12 0 2 0 2 0 0 4 4 4 1 3 3
0 8 4 4 2 0 4 3 3 1
0 6 3 3 3 1 3 0
0 4 4 4 3 1
1 6 0 4 2 0 3 1
0 7 3 3 3 3 2 1 0
0 1 4
0 5 4 4 0 1 4
0 8 0 2 4 4 4 1 2 2
1 8 0 3 3 4 2 3 3 3
1 9 3 0 2 2 3 1 2 4 3
0 7 0 3 0 3 2 3 3
1 16 0 3 3 4 4 1 1 3 0 0 4 0 4 3 3 1
1 6 3 1 1 4 3 3
0 5 1 3 3 0 0
1 39 0 4 3 0 2 3 3 3 3 0 4 2 3 4 4 3 3 1 4 4 2 1 2 1 4 1 3 3 1 0 4 3 3 1 0 4 1 3 0
0 9 0 3 2 0 0 3 1 3 0
0 5 3 1 0 3 4
0 1 4
0 4 0 1 2 2
1 12 0 4 2 3 1 3 2 1 3 1 1 1
0 1 4
0 5 1 3 2 2 1
0 13 2 2 0 0 0 4 4 4 1 0 4 2 3
0 4 0 1 4 2
1 7 3 4 4 1 4 0 3
0 19 3 4 0 2 4 2 4 0 2 4 2 2 3 4 1 2 3 3 1
0 3 2 0 3
1 15 0 4 3 0 0 4 4 2 3 2 3 3 3 3 2
0 12 3 3 1 2 2 0 1 2 1 1 4 1
1 6 3 3 3 2 4 3
1 9 3 4 2 4 0 2 3 2 0
0 5 0 3 0 3 4
0 11 1 0 3 3 0 3 4 4 1 3 4
0 9 0 1 1 4 2 3 4 0 1
1 17 0 0 0 4 0 4 1 0 4 0 4 1 0 4 4 3 0
1 10 3 1 4 4 2 4 0 3 4 0
0 14 0 0 1 2 1 3 2 0 3 3 3 4 4 4
1 7 3 1 2 1 4 3 3
1 12 0 1 4 4 4 0 3 3 1 4 4 3
1 5 3 0 2 3 2
0 6 0 3 4 2 1 1
1 9 3 0 3 2 1 4 3 3 3
0 5 4 4 1 3 3
1 15 3 4 0 2 2 3 4 1 4 3 3 4 2 3 4
0 7 3 0 1 3 1 2 4
1 9 3 1 0 2 3 3 2 3 4
0 10 0 4 0 2 4 1 0 4 4 2
1 5 0 4 3 2 0
1 4 3 3 1 4
1 6 0 2 3 0 4 3
0 14 0 0 2 0 4 0 4 4 4 1 2 1 3 3
1 13 0 1 1 0 4 0 4 0 4 4 4 4 2
0 16 3 1 0 1 2 0 4 1 2 3 1 1 2 4 4 2
0 7 3 2 4 4 0 4 0
1 15 3 3 1 4 1 1 1 1 2 3 1 3 3 4 0
1 6 3 2 4 0 0 3
0 7 0 0 4 0 1 4 2
1 2 0 3
1 7 3 0 3 2 0 0 2
0 5 4 3 1 3 0
1 26 0 4 3 4 4 4 3 3 4 1 3 0 2 3 4 0 4 4 3 3 3 2 1 2 3 2
0 7 3 0 0 4 2 1 0
1 12 0 2 0 2 0 0 4 4 4 1 3 3
1 15 0 3 2 0 3 0 0 4 0 4 4 4 2 1 3
1 7 0 2 0 2 0 0 1
0 11 4 1 2 3 3 3 3 3 3 4 0
1 4 0 2 0 3
1 8 3 4 1 1 4 3 0 0
1 23 0 3 4 4 2 3 4 0 3 0 3 4 1 3 1 2 0 4 1 3 0 3 1
1 15 0 0 4 4 1 4 1 4 4 1 2 3 3 3 1
1 4 0 0 2 3
1 13 0 4 4 0 1 0 4 0 4 1 0 4 2
0 6 3 2 2 0 3 2
1 18 0 3 3 1 0 1 3 3 1 2 1 4 3 3 1 4 1 3
0 10 2 0 2 0 1 4 2 3 3 2
1 14 3 3 1 3 0 4 0 2 1 0 2 2 4 3
1 6 3 0 3 4 0 1
1 12 0 3 1 3 4 1 2 3 0 0 0 3
0 5 2 3 4 2 0
1 17 3 3 3 3 3 4 3 3 4 0 3 1 3 1 2 1 0
1 10 0 4 0 0 4 4 0 4 1 1
1 24 0 3 2 3 2 4 0 3 2 0 2 0 3 4 3 4 2 3 1 1 3 2 4 2
0 12 0 0 1 4 3 1 2 3 4 0 1 1
0 6 2 0 2 4 0 2
0 10 3 3 0 2 3 3 3 4 0 4
1 24 0 3 4 4 0 1 1 1 2 1 4 4 4 4 0 4 4 0 4 4 1 3 3 3
0 18 0 3 4 0 1 3 1 2 1 1 3 0 1 4 1 4 4 3
1 7 0 3 4 0 4 3 0
1 17 0 3 2 0 2 3 4 4 0 3 4 4 0 2 4 2 4
0 18 0 4 1 1 3 3 3 3 2 0 3 0 2 4 1 0 4 4
0 12 0 0 2 4 3 2 0 2 3 1 2 1
0 4 4 0 2 2
0 22 0 1 0 4 3 3 3 0 4 4 4 4 1 0 4 1 2 1 3 1 0 4
1 7 3 1 1 0 0 3 3
0 1 4
1 17 0 4 3 0 4 0 4 4 0 4 4 2 3 2 1 3 0
1 13 3 3 4 4 4 3 0 0 0 4 0 3 4
0 4 2 3 2 4
0 11 0 1 2 4 0 2 1 2 1 4 2
0 6 3 1 1 3 1 3
0 7 2 0 2 1 3 4 2
0 11 1 0 0 4 1 4 4 2 1 3 0
1 24 0 1 2 0 1 1 2 0 4 0 1 4 4 0 4 0 4 3 3 1 4 1 3 0
1 8 0 3 2 3 0 3 1 1
0 6 4 3 4 3 4 1
0 1 1
0 8 3 1 3 3 2 4 3 3
0 7 0 2 1 0 1 2 0
0 9 0 1 4 0 4 4 3 0 1
0 8 3 3 3 2 4 3 1 0
1 22 0 1 1 3 4 4 4 2 3 3 3 2 0 4 0 2 2 1 0 3 3 2
1 9 3 4 3 1 0 1 2 0 4
0 4 3 0 1 0
1 13 3 2 4 0 3 2 0 1 3 3 1 4 1
0 26 0 4 4 3 3 0 2 0 0 0 4 0 4 1 0 4 3 3 1 4 2 3 2 3 4 2
0 7 3 2 2 2 0 1 4
1 14 0 0 4 3 3 1 2 1 0 4 1 1 3 0
1 7 3 4 1 2 1 3 3
1 19 0 0 0 4 0 4 1 4 4 1 4 4 4 2 1 0 4 3 0
1 12 0 4 2 3 4 3 4 4 4 0 4 0
0 1 1
1 9 3 4 0 0 3 3 0 2 3
1 21 3 0 2 1 0 3 3 3 0 4 1 2 1 3 3 3 3 3 3 1 0
1 6 0 4 4 0 2 1
0 13 0 0 1 2 1 4 0 4 4 0 4 2 4
0 15 3 1 0 2 1 4 1 4 4 4 0 4 0 3 3
0 3 1 0 2
1 9 0 2 3 0 2 2 2 2 3
1 8 0 1 0 0 4 0 4 4
1 7 3 0 2 2 3 1 3
0 5 2 2 3 1 1
0 5 3 3 4 2 0
1 17 0 0 2 1 0 4 1 0 4 0 4 1 2 3 1 3 0
1 14 0 4 0 1 4 0 4 1 1 2 1 2 1 4
1 18 3 3 0 4 3 1 0 1 2 3 1 1 0 4 1 2 0 4
0 25 0 1 4 0 0 4 1 0 4 1 2 4 0 4 4 3 3 1 4 0 4 2 1 3 3
1 2 0 3
0 5 2 0 4 3 1
1 9 3 2 4 0 2 0 0 2 3
1 8 0 4 1 4 1 0 3 0
1 13 0 2 0 1 1 1 2 3 3 1 2 2 3
0 9 3 0 1 4 4 4 2 4 3
0 2 4 0
1 19 3 0 3 0 1 2 1 3 1 3 0 1 3 0 4 1 2 1 0
0 7 3 0 1 4 2 1 3
1 15 3 3 1 4 1 1 1 1 2 3 1 3 3 4 0
0 8 3 4 4 2 3 1 3 2
0 7 0 0 1 2 3 0 3
1 5 3 3 3 1 2
1 8 0 3 2 3 0 4 2 3
1 11 3 1 2 4 2 4 4 4 4 4 2
0 16 0 2 0 3 4 0 4 1 0 4 2 1 4 0 3 0
0 10 0 1 0 4 0 2 1 3 3 0
1 13 0 1 1 0 4 0 4 0 4 4 4 4 2
1 13 0 2 0 4 0 1 3 3 3 2 1 3 0
0 3 0 0 0
0 12 0 3 2 0 0 3 3 1 1 0 2 4
0 5 4 0 2 4 0
0 1 1
1 5 0 1 2 3 4
1 6 3 0 2 3 4 3
0 15 0 2 0 2 4 3 4 2 0 0 0 4 4 4 2
1 2 0 3
0 10 2 0 1 0 1 4 3 2 3 4
1 10 0 4 0 0 4 4 0 4 1 1
1 15 0 4 3 2 0 3 1 0 1 4 4 1 1 2 3
1 27 3 1 3 2 2 4 0 2 0 4 0 2 3 1 4 4 0 4 0 4 3 3 3 1 4 3 0
0 12 0 2 0 3 0 1 2 2 4 2 4 2
1 10 3 3 4 2 3 0 1 4 1 1
1 8 3 1 4 4 2 3 4 2
0 10 3 1 0 4 2 0 3 3 3 3
0 5 1 2 3 0 1
1 4 0 0 2 3
1 26 0 2 3 3 0 2 2 4 3 0 0 1 0 0 2 0 2 0 3 4 3 4 0 1 4 2
1 5 0 1 3 3 0
0 10 0 2 2 0 4 0 2 0 3 1
1 8 3 4 1 1 4 3 0 0
1 3 3 4 1
1 10 0 1 3 4 1 3 0 2 1 2
1 11 0 3 1 1 2 0 2 3 0 4 3
0 10 4 0 3 2 3 4 0 3 1 3
0 8 4 3 1 2 1 0 2 4
0 9 3 4 3 4 3 0 3 0 3
0 24 3 3 1 3 4 2 2 4 0 4 2 0 1 0 1 1 1 4 3 3 4 2 3 3
1 23 3 0 3 4 1 3 4 3 3 0 1 3 1 3 0 0 4 3 0 3 2 3 4
1 10 0 0 1 2 3 1 2 3 0 4
1 7 3 2 4 3 3 3 2
0 5 1 3 1 4 2
1 6 0 2 0 1 3 1
0 12 3 0 0 4 2 4 3 0 4 0 4 1
0 3 4 4 2
1 7 3 4 1 2 1 3 3
0 8 0 2 4 3 4 2 2 2
0 4 2 3 3 0
0 20 3 4 0 0 3 4 3 3 0 2 2 2 3 0 4 3 4 4 4 1
0 4 4 4 4 4
1 8 0 3 2 0 1 0 1 1
1 7 3 3 3 0 1 0 2
1 21 0 1 4 2 3 0 2 0 3 0 4 1 2 3 1 3 3 3 3 1 0
0 7 0 2 2 3 2 3 1
0 9 4 1 3 1 2 1 4 3 1
0 5 3 0 4 2 2
0 7 1 0 0 1 1 0 3
0 5 3 2 4 4 0
0 5 0 1 0 1 0
1 7 0 2 3 3 4 4 2
0 10 0 3 3 3 3 2 3 4 2 3
0 13 0 0 1 2 1 4 0 4 4 0 4 2 4
1 14 0 0 0 4 0 4 0 4 2 1 2 3 3 0
1 17 3 4 0 0 1 3 3 0 4 2 4 3 3 1 1 1 0
0 5 4 3 1 3 0
1 10 0 4 2 3 1 2 0 2 3 3
1 11 0 1 4 1 2 3 2 4 3 3 2
0 17 3 0 1 0 3 3 1 3 0 2 3 3 4 0 4 1 3
0 6 2 0 1 4 1 3
0 5 3 4 4 2 1
0 9 3 0 0 2 3 1 2 2 1
1 10 3 3 0 1 4 4 0 2 3 4
1 8 3 4 0 0 0 3 4 2
1 8 3 4 3 4 4 4 3 2
0 14 0 2 3 0 2 3 3 3 3 3 1 3 3 4
0 6 0 2 4 3 2 0
1 5 3 0 0 1 4
0 1 4
0 3 2 3 3
1 10 0 2 3 1 3 1 1 2 0 3
0 6 4 0 4 1 2 3
1 7 3 3 4 2 3 1 0
0 4 2 4 0 3
1 13 3 1 0 1 1 2 4 1 1 3 4 2 4
0 6 4 0 3 3 2 3
1 7 3 1 2 4 2 4 2
1 7 3 0 0 0 4 4 2
1 7 0 1 3 4 2 3 3
0 4 0 1 4 2
0 9 4 1 3 1 2 1 4 3 1
1 10 3 3 3 0 0 1 2 3 4 4
1 11 3 1 4 3 0 3 3 0 3 0 2
1 9 0 1 2 0 0 0 4 2 3
1 5 3 0 3 1 0
1 14 3 2 4 3 4 1 3 2 0 2 3 0 3 4
1 6 3 1 1 0 1 2
0 1 1
0 9 3 3 0 3 0 1 0 4 1
1 12 0 0 2 1 2 1 2 1 2 1 4 2
1 9 3 0 2 2 3 1 2 4 3
1 6 0 3 4 4 0 1
0 20 3 4 0 0 3 4 3 3 0 2 2 2 3 0 4 3 4 4 4 1
1 6 0 2 0 1 3 1
0 8 0 2 4 4 4 1 2 2
1 19 3 0 2 2 1 0 1 3 1 2 3 1 2 4 1 3 0 1 1
1 22 0 3 3 4 4 4 1 4 4 1 3 3 3 1 1 1 4 2 3 1 2 0
0 1 1
0 1 1
1 27 3 4 2 4 0 2 0 1 1 4 1 2 3 0 0 1 1 3 3 4 1 2 4 4 2 4 0
1 15 0 0 4 3 3 3 1 0 4 0 4 0 4 3 0
0 5 0 1 0 1 0
1 7 0 4 0 0 4 3 0
0 4 4 0 3 3
0 10 3 3 3 3 2 1 0 4 1 4
1 14 0 1 4 3 4 1 1 3 1 3 3 1 2 0
1 6 0 2 0 4 3 4
1 2 3 3
1 11 3 0 2 0 1 2 3 3 1 0 4
1 19 0 1 4 3 4 4 1 4 0 1 2 3 2 1 1 4 4 3 0
0 10 2 2 3 1 4 3 0 1 4 1
0 9 0 1 1 1 0 4 0 0 0
0 7 2 4 0 1 4 3 4
1 11 0 3 2 3 0 3 4 1 4 0 3
1 7 3 3 1 4 4 1 3
0 6 1 0 0 1 4 2
1 10 3 0 0 3 1 3 0 2 3 1
1 12 0 3 3 1 4 4 3 3 3 0 3 0
1 15 0 2 3 0 2 3 3 3 4 1 4 0 4 2 3
1 15 3 3 4 4 0 3 3 1 2 0 4 0 3 0 4
0 11 3 2 4 3 3 2 1 4 4 3 3
0 8 0 4 1 0 4 2 0 3
0 1 1
0 4 0 1 0 0
1 9 3 2 4 0 0 1 1 3 3
0 8 3 1 0 0 1 1 1 1
0 11 0 0 1 3 3 2 3 1 3 2 1
0 8 3 4 4 2 3 1 3 2
1 11 0 3 4 3 4 2 3 3 0 1 3
0 6 2 3 0 4 2 0
0 5 3 3 3 2 2
0 12 3 0 2 1 1 2 0 0 2 2 0 3
0 6 0 4 4 2 1 3
0 6 1 2 0 2 3 1
1 15 3 4 3 3 4 0 1 1 4 2 4 1 2 0 4
1 5 3 0 2 3 1
1 7 3 3 3 2 0 1 1
1 16 0 4 1 4 1 2 3 4 0 2 4 0 3 3 3 2
0 4 1 1 3 2
1 6 3 3 4 0 0 3
1 6 0 3 1 4 1 0
0 6 3 1 2 2 3 4
0 5 0 2 4 4 1
1 6 3 4 1 0 1 1
1 4 3 2 4 0
0 8 0 0 0 0 0 0 4 1
0 1 1
1 10 0 1 4 4 0 4 2 3 3 0
0 9 4 3 4 4 1 2 3 2 0
1 8 0 4 0 2 1 4 3 0
0 5 2 1 1 1 1
0 12 3 4 2 4 3 3 4 2 4 1 0 4
1 12 3 1 3 2 4 4 3 0 3 4 2 0
1 10 0 3 2 0 0 2 3 1 2 3
0 5 1 3 3 1 1
0 9 4 3 3 3 0 0 4 3 4
1 19 0 4 3 4 1 2 3 0 0 1 4 4 0 3 3 1 2 3 1
0 12 0 0 3 4 4 0 0 4 1 1 0 4
1 15 3 0 3 2 1 3 0 3 3 4 2 3 3 3 2
1 9 0 1 3 3 4 2 0 0 3
1 8 3 4 3 1 2 4 3 0
1 8 0 3 2 0 1 0 1 1
1 14 0 4 0 3 3 1 0 4 2 3 1 2 3 3
1 6 0 4 2 0 0 1
1 6 0 4 3 3 2 0
1 6 0 1 0 1 4 1
0 4 4 3 4 2
0 7 0 3 4 3 3 1 2
1 7 3 3 0 4 3 3 3
1 9 0 0 2 1 0 4 2 3 3
0 7 3 2 4 4 0 1 3
1 10 0 4 2 3 1 2 0 2 3 3
1 11 3 2 4 3 0 2 4 2 2 3 4
1 15 0 2 0 4 2 0 0 2 1 2 1 1 1 3 3
0 16 0 0 4 0 4 4 1 2 3 2 3 3 3 4 3 0
0 11 4 3 1 0 2 2 1 3 3 2 0
1 6 3 3 4 3 4 3
1 18 3 3 0 3 4 4 0 0 0 0 1 4 4 0 3 4 3 4
1 14 0 2 3 2 4 3 1 2 2 0 1 2 2 0
0 5 3 2 0 1 1
0 23 3 4 2 2 4 0 2 0 0 3 1 0 4 0 4 2 0 4 3 3 1 3 0
1 9 3 3 1 3 3 3 4 1 2
0 15 0 1 1 0 4 0 4 0 4 0 4 4 4 3 1
1 13 0 0 0 4 3 3 3 2 3 1 1 3 0
0 5 4 3 0 1 2
1 8 3 0 2 4 4 4 1 1
0 16 3 3 0 0 2 1 3 3 3 3 3 3 1 2 3 0
0 18 3 4 0 4 0 2 2 3 2 4 3 4 1 3 1 4 3 3
1 6 0 3 4 3 4 4
0 8 0 0 3 3 1 0 2 3
1 16 0 3 4 1 4 3 1 1 0 1 0 4 2 1 3 0
0 10 2 3 2 2 0 2 1 0 4 3
0 9 0 1 1 4 2 3 4 0 1
0 13 3 4 3 0 1 1 3 4 0 0 2 2 0
1 8 3 2 4 3 2 4 3 2
0 8 4 1 1 4 4 3 0 2
0 17 3 3 4 1 3 3 3 3 4 0 4 2 3 3 4 4 0
1 5 3 0 3 1 2
1 6 3 3 4 0 0 3
0 5 4 4 1 3 3
1 10 0 1 0 0 4 1 4 4 3 0
1 9 3 4 4 1 4 4 2 4 0
0 8 3 3 1 1 0 4 1 2
1 5 3 0 0 0 4
0 6 1 3 1 0 2 1
1 7 3 4 1 3 2 3 2
0 12 2 0 2 0 0 1 4 1 1 4 3 4
1 8 0 2 0 4 2 0 4 1
0 4 2 3 4 2
1 6 0 0 4 4 1 3
1 5 3 1 3 2 2
1 20 3 1 2 2 2 0 1 2 3 3 0 2 4 1 1 0 4 3 4 0
0 8 0 2 4 0 1 0 3 0
1 6 0 3 1 4 1 0
1 7 3 0 3 3 3 1 2
1 12 3 1 4 1 2 3 3 3 3 3 4 2
0 6 0 2 3 0 4 4
1 6 0 1 0 1 3 0
1 4 0 4 2 3
0 10 3 4 3 4 3 3 2 2 1 1
0 5 3 3 0 4 0
1 11 0 2 0 1 2 3 0 2 1 1 1
0 4 1 3 0 2
1 2 3 3
1 9 3 2 4 0 3 2 0 1 4
0 8 0 0 3 3 1 0 2 3
1 10 3 2 4 3 1 0 1 2 2 0
1 2 0 3
0 17 0 0 2 1 1 4 1 1 2 4 3 4 2 1 0 4 1
1 9 0 1 2 3 1 2 1 4 3
1 6 0 4 1 1 3 4
1 11 0 4 0 0 4 2 3 2 1 0 4
1 4 0 3 0 1
1 10 0 0 1 4 1 3 3 3 3 0
0 12 0 2 0 3 0 1 2 2 4 2 4 2
0 12 0 1 1 4 1 2 0 1 3 0 2 0
1 6 0 3 1 4 3 0
0 14 4 3 0 1 0 4 0 4 1 4 1 0 4 3
1 13 3 1 3 1 2 1 3 1 2 1 4 0 3
1 8 3 0 3 0 3 1 1 1
1 15 0 4 3 0 0 4 4 2 3 2 3 3 3 3 2
1 23 0 4 1 1 2 0 2 0 2 0 4 2 0 2 3 0 0 3 3 4 0 4 0
0 8 0 2 3 2 4 4 0 0
0 5 1 4 3 0 1
1 7 0 2 0 2 0 3 4
1 15 0 3 3 3 4 1 4 4 0 1 4 2 1 3 3
1 2 0 3
0 1 1
1 16 3 2 4 0 4 3 2 0 4 4 0 2 3 0 4 2
0 7 0 4 3 0 3 2 4
0 17 0 1 1 2 3 1 3 1 2 3 1 3 2 1 0 4 3
1 17 0 0 2 1 2 1 4 4 4 3 3 3 0 4 0 4 2
1 2 0 3
0 18 0 3 4 0 1 3 1 2 1 1 3 0 1 4 1 4 4 3
0 15 0 1 0 0 4 2 1 4 4 4 2 4 3 3 0
0 7 0 2 2 4 4 1 4
1 8 3 1 4 3 0 2 4 2
0 9 3 2 1 3 4 3 1 1 1
0 5 3 4 4 2 2
0 9 0 1 1 0 4 3 3 1 0
0 7 2 0 3 1 0 2 0
0 16 0 3 3 0 3 1 3 3 4 4 4 1 0 4 3 3
0 16 0 2 3 0 3 2 1 2 1 2 3 4 4 2 3 1
1 8 3 1 2 2 1 0 4 2
1 15 3 4 0 2 2 3 4 1 4 3 3 4 2 3 4
1 11 0 4 0 2 1 0 4 2 3 3 0
0 5 0 3 2 4 4
0 22 2 1 1 3 3 1 2 0 2 1 1 0 1 1 2 3 0 4 4 1 1 3
1 18 0 4 3 2 3 0 2 4 0 3 1 0 2 1 1 3 0 1
0 9 3 0 0 0 2 3 3 1 0
1 16 3 2 4 3 0 0 1 4 0 2 0 1 2 1 3 3
0 5 0 1 0 3 1
1 7 0 3 1 1 4 2 0
0 33 3 4 3 1 2 2 2 2 3 2 4 3 1 0 4 4 4 1 2 3 1 2 2 2 3 3 4 3 4 2 0 4 2
1 10 3 2 4 3 3 3 4 4 2 4
1 17 0 4 3 0 4 0 4 4 0 4 4 2 3 2 1 3 0
0 13 1 0 1 4 1 2 3 1 0 1 1 2 2
1 6 3 3 4 3 4 3
1 18 0 4 2 0 3 4 2 0 2 3 1 1 0 4 2 4 2 4
1 21 0 3 0 0 4 2 3 4 2 3 4 2 1 0 4 3 3 3 4 4 3
1 6 0 0 2 3 1 4
1 7 0 4 1 4 2 3 2
1 9 0 4 3 3 2 3 4 2 0
0 13 0 3 3 4 2 4 3 3 4 1 1 0 4
1 7 0 2 0 2 0 3 4
1 9 3 3 4 0 1 4 0 4 1
1 6 3 1 2 4 4 2
1 7 3 2 4 0 0 0 4
0 27 0 3 1 4 0 0 4 4 2 4 1 2 3 2 3 2 2 3 4 0 4 1 4 0 4 1 4
0 14 1 4 3 1 3 1 1 1 0 1 2 4 2 0
1 15 3 1 0 1 1 1 1 2 2 4 3 1 4 0 3
0 11 0 3 0 0 0 4 4 1 3 3 3
1 14 0 1 4 3 4 1 1 3 1 3 3 1 2 0
1 2 3 3
0 5 1 4 3 0 1
1 14 0 4 2 3 4 0 3 0 3 0 2 3 4 3
1 10 0 3 2 0 2 3 2 4 3 3
0 8 4 2 1 1 4 3 2 0
0 1 1
1 14 0 3 1 3 0 0 4 1 4 1 1 0 4 2
0 20 0 3 0 4 4 4 0 0 4 3 3 4 4 0 4 1 1 1 3 0
0 10 0 1 2 2 0 3 1 2 0 3
1 11 0 2 3 4 0 0 1 0 2 4 3
1 4 0 3 0 1
0 1 1
1 13 0 4 4 3 1 2 3 2 4 3 4 3 2
0 18 3 1 1 3 2 0 0 1 4 2 2 4 3 0 3 2 3 4
1 11 0 2 0 3 3 0 2 1 1 3 0
0 6 3 4 0 4 3 2
1 5 3 3 1 1 3
0 14 0 0 2 1 3 0 4 0 2 1 4 3 2 0
1 4 3 1 0 1
1 26 0 4 3 4 4 4 3 3 4 1 3 0 2 3 4 0 4 4 3 3 3 2 1 2 3 2
1 12 0 3 1 4 4 4 3 0 0 4 3 0
1 5 3 0 2 3 1
0 10 4 3 2 1 4 2 1 1 2 2
1 14 3 4 2 4 3 0 2 4 2 4 1 2 3 3
1 2 3 3
1 21 0 2 3 3 1 4 1 1 1 2 3 3 1 0 4 3 3 0 2 2 3
0 6 3 0 4 0 3 2
0 2 4 0
1 7 3 4 1 1 4 3 3
1 9 3 3 3 3 3 4 3 4 3
1 7 0 0 4 0 4 3 0
1 16 0 2 3 4 1 2 2 3 2 0 0 4 4 2 4 3
0 7 4 0 3 3 1 2 4
1 9 3 1 1 3 3 0 1 2 3
0 6 4 3 2 4 0 2
1 16 3 3 3 0 2 0 3 0 2 1 2 0 4 0 0 4
0 20 0 3 0 4 4 4 0 0 4 3 3 4 4 0 4 1 1 1 3 0
1 16 3 4 0 3 3 3 4 1 2 1 4 0 3 3 4 2
0 13 0 3 3 1 2 3 1 0 2 4 2 4 2
0 5 4 4 0 3 3
0 5 2 2 0 2 0
1 5 3 1 4 3 0
0 9 3 4 4 3 3 0 4 3 2
0 14 4 2 4 0 2 0 1 0 2 1 4 0 4 1
1 12 0 1 4 4 2 3 4 4 2 4 3 3
1 8 0 1 0 0 4 0 4 4
1 6 0 0 2 3 1 4
1 15 0 0 4 3 3 3 1 0 4 0 4 0 4 3 0
0 4 4 0 3 3
0 10 2 0 0 4 0 4 2 4 3 3
1 7 3 3 1 3 4 2 0
1 12 0 2 0 3 3 4 1 3 1 0 0 4
1 12 0 1 4 2 0 0 4 3 3 3 0 4
0 11 0 2 2 3 1 1 4 3 0 1 0
1 14 0 0 4 1 0 4 2 3 1 4 2 3 3 3
0 6 0 2 2 3 1 3
1 7 3 0 0 0 2 3 3
1 10 0 2 3 1 3 2 0 4 2 3
1 6 0 2 0 4 3 4
0 16 0 3 3 0 3 1 3 3 4 4 4 1 0 4 3 3
1 11 3 4 1 3 2 1 1 4 3 0 2
0 8 1 0 4 3 0 3 3 0
1 10 3 4 0 0 4 4 3 3 1 1
0 5 3 4 1 4 0
1 10 3 2 4 3 1 0 1 2 2 0
0 6 3 2 2 0 3 2
1 17 0 0 4 1 0 4 2 1 0 4 0 4 3 3 3 1 2
1 13 0 1 3 4 1 2 3 1 3 1 1 1 1
0 1 4
0 5 0 0 4 2 4
1 9 0 3 4 1 0 0 4 0 4
0 9 3 0 0 0 2 3 3 1 0
0 15 0 1 2 1 3 2 4 0 2 0 2 0 2 0 3
0 3 1 0 2
0 2 4 0
0 4 3 2 2 3
0 10 2 2 3 1 4 3 0 1 4 1
0 1 4
0 6 2 0 1 1 2 3
1 4 0 0 4 2
0 16 0 1 3 0 0 1 4 3 3 1 4 2 3 4 4 3
0 19 0 3 3 3 3 3 0 2 3 3 0 4 3 3 2 1 4 4 2
1 7 3 0 2 2 1 1 1
1 34 0 3 2 3 1 3 1 2 2 4 3 4 1 2 4 4 2 4 2 3 3 3 4 2 4 2 3 3 3 4 2 4 2 3
1 14 0 3 0 1 3 3 1 4 2 3 2 1 4 2
1 12 3 4 0 3 2 1 0 3 1 3 3 4
1 8 3 4 1 4 4 2 4 2
1 6 3 1 2 0 2 4
0 7 0 1 0 4 0 1 0
1 10 0 2 3 4 1 1 0 0 3 3
0 9 0 4 2 4 3 0 0 3 3
0 10 0 4 2 0 4 0 3 2 3 3
1 17 0 0 0 4 0 4 1 0 4 0 4 1 0 4 4 3 0
0 8 3 1 2 1 0 2 4 0
0 12 1 2 3 1 0 1 3 4 1 4 4 2
0 11 4 4 2 4 2 4 4 2 4 0 4
1 5 3 1 4 3 0
0 5 4 3 1 3 1
0 6 0 3 0 0 3 1
0 11 3 0 2 4 1 2 0 3 3 3 1
0 5 4 3 1 3 1
1 10 3 0 0 3 1 3 0 2 3 1
0 8 0 0 4 2 3 1 2 0
1 9 0 4 2 3 1 0 2 2 0
1 7 3 0 3 2 0 0 2
1 24 0 4 1 4 2 0 0 2 3 0 4 2 3 2 3 2 3 1 1 0 4 3 3 3
0 8 0 2 4 2 1 3 2 1
0 12 2 3 1 4 2 3 3 0 1 1 2 4
0 13 0 4 0 2 0 3 1 3 3 1 0 4 0
0 6 2 3 0 1 1 1
0 12 4 2 3 4 0 3 1 1 1 0 3 3
1 7 3 0 2 2 3 1 3
1 6 0 3 4 4 0 1
1 5 3 0 2 3 2
0 5 2 4 0 3 0
1 8 3 3 3 3 3 0 0 2
0 16 0 2 0 3 3 2 1 4 0 2 1 1 0 0 3 2
0 7 3 0 0 4 3 2 0
0 8 2 0 2 2 3 4 4 2
0 6 3 1 3 0 3 3
1 6 0 0 4 2 3 3
0 7 3 3 2 1 4 3 3
0 5 4 2 0 0 2
0 1 4
1 6 0 4 4 0 1 4
1 10 0 4 3 0 4 0 4 2 1 3
1 10 0 4 0 1 0 4 0 4 1 4
0 9 0 1 0 2 4 3 0 3 3
0 16 0 2 3 0 3 2 1 2 1 2 3 4 4 2 3 1
1 35 3 3 3 0 1 0 0 4 3 3 0 1 0 1 0 3 1 4 3 0 4 1 2 1 2 1 3 3 4 1 4 1 3 2 0
0 7 1 3 3 4 2 3 0
1 17 0 1 0 1 1 2 1 2 1 0 4 0 4 0 4 3 3
0 8 3 4 4 2 1 2 0 2
0 11 0 0 4 0 0 4 4 0 4 3 0
1 6 0 2 3 4 2 0
1 8 0 4 3 2 0 4 0 3
1 15 0 2 0 4 4 0 4 4 3 3 1 0 4 4 3
0 6 1 3 1 0 2 1
0 9 0 1 1 1 0 4 0 0 0
0 16 0 3 0 1 2 0 4 1 4 1 2 3 0 4 4 2
0 21 0 0 1 1 0 4 4 0 2 4 4 3 3 3 4 4 0 4 4 3 0
0 5 3 0 4 2 2
1 7 0 3 0 3 3 3 3
1 16 3 3 1 2 2 1 3 0 0 4 0 3 4 1 2 1
1 12 3 1 4 1 2 3 3 3 3 3 4 2
0 8 0 0 0 0 0 1 1 3
0 8 0 0 3 1 3 1 1 4
0 10 0 2 0 0 3 4 2 2 3 3
0 11 1 0 3 3 0 3 4 4 1 3 4
0 8 2 4 0 2 3 0 2 4
0 16 0 2 0 3 4 0 4 1 0 4 2 1 4 0 3 0
1 8 3 1 1 0 3 0 0 3
1 11 0 2 0 3 4 2 0 4 1 2 0
1 7 3 1 1 0 2 4 4
1 9 3 1 4 3 3 3 3 2 2
1 12 3 1 3 2 1 4 3 0 1 2 4 0
1 5 3 0 3 1 0
0 4 3 0 4 4
1 13 0 3 1 0 1 4 0 4 2 3 3 3 1
0 13 3 2 4 4 3 0 3 3 1 2 4 2 1
1 8 3 1 3 1 1 1 2 2
0 21 3 3 1 0 3 1 4 2 3 0 3 1 3 1 3 4 0 0 4 3 3
1 7 3 1 3 1 2 3 2
0 8 4 3 2 0 1 0 4 3
1 8 0 4 1 0 1 0 4 2
1 21 3 4 4 2 4 0 3 0 4 2 3 0 4 2 1 4 1 2 1 3 0
1 15 3 0 2 0 3 3 2 0 3 0 1 2 3 2 3
1 7 0 3 1 1 4 2 0
0 5 3 2 4 4 0
0 13 3 0 1 2 3 0 4 1 3 2 1 2 3
1 13 0 3 3 2 0 3 4 4 2 3 2 4 3
1 9 3 3 0 1 0 1 3 0 1
0 1 4
1 10 0 3 2 0 0 2 3 1 2 3
0 9 3 0 1 3 3 3 3 3 0
0 10 0 4 0 1 3 2 4 1 1 0
1 24 0 1 1 1 2 0 1 1 3 0 1 1 4 1 2 3 1 0 4 2 3 0 4 3
1 10 0 1 4 4 2 0 0 0 4 4
1 16 0 4 0 4 2 1 2 3 4 2 1 2 3 0 4 2
1 9 3 3 1 0 3 4 0 3 4
1 11 3 1 3 2 4 1 4 3 4 3 3
0 15 0 1 1 0 4 0 4 0 4 0 4 4 4 3 1
0 14 0 3 1 3 2 0 1 2 3 0 3 4 2 0
1 12 0 4 3 0 4 4 3 3 3 1 3 0
1 17 3 3 3 0 1 1 0 1 1 1 4 0 3 0 3 0 1
0 8 0 2 3 2 4 4 0 0
1 2 3 3
1 4 0 2 0 0
0 7 3 1 4 0 2 3 2
1 10 0 2 0 3 0 4 1 1 0 4
1 13 3 3 3 3 1 2 1 0 4 0 1 1 0
0 4 2 3 4 2
0 8 0 0 4 2 3 1 2 0
0 6 2 2 0 3 1 1
0 12 3 4 0 0 3 4 3 2 3 4 1 0
1 10 0 1 4 4 0 4 2 3 3 0
0 8 1 3 1 4 0 0 3 2
0 8 0 2 3 1 3 4 4 3
0 10 0 4 2 3 2 0 1 3 0 0
1 5 3 0 3 1 0
1 12 0 3 1 4 4 4 3 0 0 4 3 0
0 10 4 0 0 0 4 4 1 4 3 0
0 17 0 1 1 2 3 1 3 1 2 3 1 3 2 1 0 4 3
1 3 0 0 1
0 5 3 4 2 3 0
0 8 1 4 3 4 2 0 4 2
1 5 3 0 4 2 3
0 1 1
1 7 0 4 0 2 1 3 3
1 23 3 4 2 4 3 3 3 0 0 0 0 0 0 1 3 1 1 0 0 1 2 1 2
0 8 0 2 3 3 1 3 1 0
1 12 0 1 4 4 2 3 4 4 2 4 3 3
0 15 0 0 1 4 2 3 4 4 4 3 0 0 0 0 1
1 14 3 1 3 1 2 0 0 0 1 3 2 4 4 4
1 23 0 4 1 1 2 0 2 0 2 0 4 2 0 2 3 0 0 3 3 4 0 4 0
1 2 0 3
1 4 0 4 2 3
0 9 3 0 2 1 4 3 4 2 3
0 31 0 2 0 2 0 4 3 3 1 1 2 4 1 2 2 1 1 2 3 1 3 0 1 3 2 0 0 4 1 2 2
0 10 0 0 3 4 1 4 0 0 4 4
0 1 1
0 7 0 0 1 2 3 0 3
0 1 4
1 10 3 3 4 2 3 2 0 3 3 2
1 9 0 3 3 3 1 4 2 0 0
1 5 0 2 0 0 4
0 5 2 3 0 1 1
0 4 2 2 3 2
1 12 3 3 0 2 1 1 1 2 1 2 3 0
0 8 4 4 3 3 1 3 2 1
0 10 0 2 3 0 0 3 3 1 3 2
0 11 0 1 3 3 0 0 4 3 2 3 2
0 22 0 4 3 3 1 3 0 0 4 4 2 1 4 4 0 4 3 0 4 1 3 0
0 6 0 2 3 0 0 3
1 13 0 1 0 4 1 1 3 3 1 3 3 3 4
0 7 0 0 1 2 0 3 4
1 9 0 2 3 1 1 4 3 0 2
1 7 0 4 0 2 1 3 3
1 2 3 3
1 6 0 2 3 4 3 2
0 16 0 2 0 4 2 0 1 3 3 1 2 0 3 2 0 2
1 2 3 3
0 7 1 2 4 4 0 1 2
0 11 3 2 1 0 0 1 2 0 0 4 3
1 11 3 2 4 3 0 2 4 2 2 3 4
1 13 0 2 0 4 0 1 3 3 3 2 1 3 0
1 15 3 0 2 0 1 2 1 0 4 1 3 0 1 3 1
0 33 3 1 3 1 1 1 2 2 0 2 0 1 2 1 0 4 0 3 1 3 1 0 4 1 3 1 3 1 3 1 3 0 0
0 4 3 1 3 0
0 10 0 2 0 0 3 4 2 2 3 3
1 7 0 1 2 3 3 4 2
1 6 3 0 3 4 4 1
1 8 0 1 4 1 2 3 2 0
1 11 0 3 1 3 0 0 4 2 3 1 3
1 6 3 3 0 4 1 2
1 5 3 0 0 0 4
0 8 4 4 1 4 1 2 2 0
1 4 3 3 1 3
0 10 2 3 4 4 1 4 2 0 3 3
1 17 3 4 0 0 1 3 3 0 4 2 4 3 3 1 1 1 0
0 13 4 0 4 3 0 1 3 3 4 1 4 4 4
0 12 0 0 3 4 4 0 0 4 1 1 0 4
0 7 0 2 3 1 1 1 0
1 13 0 4 2 3 3 0 1 0 3 1 2 3 4
1 9 0 0 4 3 3 3 2 1 2
0 10 0 4 3 1 0 0 0 4 2 1
0 5 0 3 2 4 3
1 10 0 2 0 0 0 4 1 3 3 1
1 15 3 3 1 0 3 0 4 1 2 3 0 4 0 1 0
1 10 3 1 1 3 1 2 3 3 4 0
1 6 3 1 3 2 4 3
0 11 0 0 2 2 3 4 1 1 1 1 3
1 10 3 3 0 2 0 2 0 3 0 4
1 2 3 3
1 15 0 4 4 4 2 3 4 1 3 2 1 1 4 3 3
1 6 3 3 1 4 2 4
0 7 0 0 3 1 4 3 3
0 5 3 3 3 2 2
0 12 3 2 4 0 0 0 4 0 4 3 1 1
1 13 0 2 3 4 0 0 0 3 3 3 3 0 0
1 34 0 3 2 3 1 3 1 2 2 4 3 4 1 2 4 4 2 4 2 3 3 3 4 2 4 2 3 3 3 4 2 4 2 3
1 9 3 0 3 3 3 3 2 3 4
0 9 3 1 0 1 1 1 4 2 2
0 6 4 0 3 3 2 3
1 6 0 1 0 4 2 3
1 13 3 3 1 4 2 0 1 2 2 1 3 1 3
0 9 1 2 0 3 0 4 1 0 1
0 18 3 1 1 3 2 0 0 1 4 2 2 4 3 0 3 2 3 4
1 25 3 4 4 0 0 3 4 4 3 1 2 1 0 0 1 4 4 0 4 4 1 3 3 1 0
0 8 3 1 0 4 1 3 0 3
0 10 0 2 3 2 4 1 4 3 1 3
1 35 3 1 0 2 1 2 2 3 1 2 1 3 2 4 1 3 1 2 0 3 4 1 0 3 0 3 2 2 0 3 0 4 1 2 4
0 15 0 0 2 4 3 4 2 1 3 2 2 3 0 3 3
1 7 3 3 0 4 3 3 3
0 11 0 2 2 3 1 1 4 3 0 1 0
1 8 0 4 3 3 1 2 3 2
1 40 0 3 0 0 4 2 3 3 3 1 0 4 1 1 0 4 2 3 2 1 1 0 4 1 0 4 2 3 4 2 3 2 3 4 4 0 4 4 4 3
0 8 3 1 0 0 1 1 1 1
1 4 0 0 2 3
0 3 2 0 3
1 15 3 0 2 0 1 2 1 0 4 1 3 0 1 3 1
1 3 3 3 0
1 5 0 3 3 2 3
1 10 3 1 3 2 4 3 4 0 3 4
0 11 0 0 2 3 2 1 1 0 4 0 3
0 9 0 2 3 1 3 3 3 0 4
0 10 3 3 2 1 1 0 2 4 4 3
0 12 3 4 0 0 3 4 3 2 3 4 1 0
0 10 3 1 4 3 3 4 3 2 0 4
1 13 0 0 4 4 3 3 3 4 1 0 4 3 0
0 5 0 2 1 0 0
1 2 0 3
0 17 0 1 0 0 4 2 3 1 0 4 1 4 1 4 3 1 4
1 5 0 1 2 3 4
1 14 0 0 4 3 3 1 2 1 0 4 1 1 3 0
0 1 4
1 9 3 4 3 1 2 0 3 0 1
0 11 4 1 2 3 3 3 3 3 3 4 0
0 6 2 2 3 3 4 2
0 13 0 4 1 1 4 0 1 3 0 4 1 1 0
0 4 3 1 4 0
1 12 0 1 2 0 2 0 3 0 1 4 1 4
1 14 0 0 0 4 4 2 3 4 0 4 3 3 3 3
1 17 3 3 3 0 0 0 3 0 1 2 0 3 4 1 3 0 0
1 14 3 0 2 4 3 4 2 0 1 1 4 3 4 2
1 12 0 2 3 4 0 2 3 3 3 1 2 4
0 1 4
0 13 0 3 0 4 0 4 2 3 2 3 3 3 0
1 12 0 2 0 3 3 4 1 3 1 0 0 4
1 14 0 1 4 4 1 3 3 2 3 2 4 3 2 0
1 11 0 3 2 3 0 0 1 3 1 3 4
1 6 0 4 2 0 0 1
1 13 0 2 0 2 0 1 1 3 2 0 0 3 3
0 5 3 2 2 4 0
0 8 1 3 1 3 1 2 3 2
1 7 3 0 0 1 4 2 0
0 13 4 0 4 3 0 1 3 3 4 1 4 4 4
1 11 0 4 3 3 4 2 0 1 0 1 2
1 5 3 1 4 0 3
0 4 4 2 3 4
1 8 3 0 3 0 3 1 1 1
0 9 0 1 1 0 4 3 3 1 0
1 17 0 0 2 3 4 1 2 1 3 3 1 2 1 2 3 3 3
0 7 2 3 3 2 1 2 0
0 7 1 2 1 4 2 3 2
0 19 0 3 4 1 1 3 1 2 3 3 4 0 3 4 2 3 3 3 3
0 6 0 1 0 3 2 0
1 10 0 4 0 1 0 4 0 4 1 4
1 23 3 0 3 4 1 3 4 3 3 0 1 3 1 3 0 0 4 3 0 3 2 3 4
1 6 0 4 4 0 1 4
0 11 3 3 4 0 1 2 3 3 4 0 3
0 19 0 3 1 0 4 3 1 4 0 4 4 2 1 2 1 4 3 3 4
0 7 0 4 3 0 3 2 4
0 30 0 0 2 1 0 4 2 1 3 1 1 0 4 1 3 3 1 4 2 1 2 2 1 0 4 0 4 4 3 0
0 33 3 4 3 1 2 2 2 2 3 2 4 3 1 0 4 4 4 1 2 3 1 2 2 2 3 3 4 3 4 2 0 4 2
1 6 0 3 1 4 3 0
0 5 0 3 0 4 0
0 10 4 0 4 3 2 2 3 3 3 1
0 16 0 2 0 3 3 2 1 4 0 2 1 1 0 0 3 2
1 3 0 3 1
0 23 0 2 0 1 3 4 4 4 3 2 3 4 1 4 1 1 1 3 2 3 1 1 0
1 6 0 4 4 0 2 1
1 10 3 0 3 2 0 1 1 4 3 3
0 15 0 2 2 0 2 3 4 1 1 3 3 0 2 0 2
1 11 0 0 0 4 1 3 3 3 4 2 1
0 15 0 0 1 4 2 3 4 4 4 3 0 0 0 0 1
0 1 1
0 8 4 3 1 2 1 0 2 4
0 4 4 4 3 1
0 1 4
1 8 0 4 3 3 1 2 3 0
1 8 0 2 3 4 4 0 4 3
0 7 0 3 0 3 2 3 3
1 13 3 4 3 1 0 3 4 4 0 3 4 4 1
1 2 3 3
0 9 0 0 4 0 2 2 1 3 0
1 10 3 4 4 1 4 1 2 4 0 4
0 9 3 0 1 4 4 4 2 4 3
0 16 0 2 2 1 2 0 3 3 3 4 0 4 0 4 1 1
1 11 0 3 4 1 4 2 0 4 4 4 3
1 25 0 1 0 0 4 2 3 2 1 1 2 3 3 3 1 0 4 4 4 2 3 2 3 0 4
1 9 0 4 2 0 2 3 3 3 4
0 14 0 1 2 3 0 0 1 3 2 3 4 3 3 4
0 7 1 2 0 2 2 0 3
1 11 3 1 0 2 4 3 4 3 4 1 4
0 10 3 2 3 3 2 1 3 1 4 1
1 33 0 2 0 2 0 4 3 1 2 0 2 3 0 2 4 3 1 2 3 1 1 1 0 3 0 0 1 1 2 0 2 3 4
1 13 3 4 0 3 3 1 3 1 2 1 1 1 3
0 5 4 3 0 1 2
0 8 4 2 2 0 0 0 3 1
0 4 0 1 2 2
0 1 1
0 4 4 3 0 4
0 4 2 3 4 2
0 4 1 4 0 2
0 14 2 0 2 1 2 2 1 0 4 3 3 1 2 1
0 11 0 4 1 2 0 4 1 1 2 1 2
0 2 4 0
0 4 4 3 4 2
1 4 0 0 4 2
0 4 2 2 3 2
1 25 0 1 0 0 4 2 3 2 1 1 2 3 3 3 1 0 4 4 4 2 3 2 3 0 4
1 14 3 0 3 0 2 2 0 2 3 0 1 4 0 1
1 13 0 2 3 4 0 0 0 3 3 3 3 0 0
1 7 0 2 3 0 2 1 4
1 10 3 1 2 1 0 3 3 0 3 3
0 11 3 1 4 3 0 0 4 0 4 3 0
0 6 3 3 3 1 3 0
1 14 3 3 0 1 3 1 2 1 0 4 1 2 1 0
0 7 4 4 1 3 2 2 0
1 12 0 3 0 1 2 1 4 4 4 4 3 0
0 22 0 2 0 3 0 4 2 1 3 4 1 0 4 4 1 3 3 3 4 1 4 1
1 13 0 1 3 4 1 2 3 1 3 1 1 1 1
1 8 0 2 0 2 3 1 1 3
1 21 0 4 2 3 4 3 1 2 4 3 1 2 2 0 0 1 0 4 2 4 0
1 17 0 3 1 3 0 2 3 0 4 0 4 3 3 3 4 3 0
1 7 0 3 1 0 1 3 3
1 14 3 3 3 0 2 4 4 3 1 2 0 4 0 3
1 5 0 2 3 4 2
0 1 4
0 4 4 4 4 4
0 11 3 1 3 2 0 4 2 0 4 4 0
1 7 3 4 1 2 3 1 1
1 2 3 3
0 17 3 1 3 2 4 3 0 2 2 0 3 1 2 1 2 0 0
0 4 4 3 1 1
1 13 3 1 0 2 4 1 1 3 4 2 4 0 4
1 3 0 3 1
1 19 3 0 3 0 1 3 1 1 3 2 1 0 4 1 0 0 0 3 4
0 20 0 2 0 0 1 1 0 1 1 4 1 2 3 0 3 4 0 1 4 3
0 8 0 1 3 2 4 1 0 1
0 5 0 2 0 2 1
0 1 1
0 9 0 3 2 4 3 0 4 1 0
1 5 3 1 2 4 3
0 8 2 0 2 2 3 4 4 2
0 19 0 2 1 3 3 0 3 2 1 3 3 3 0 4 3 3 3 2 1
0 14 0 0 2 0 4 0 4 4 4 1 2 1 3 3
1 7 0 4 4 1 1 3 0
0 26 3 1 4 2 4 3 1 3 0 0 0 1 0 3 3 1 1 3 1 3 3 1 0 4 2 0
1 14 3 4 1 2 0 2 3 0 3 0 0 0 1 2
1 9 0 0 0 4 4 1 4 3 0
1 6 0 4 1 2 3 4
0 6 0 4 4 2 1 3
1 10 0 0 1 4 1 3 3 3 3 0
1 24 0 0 4 2 1 2 1 4 4 1 0 4 3 3 3 4 1 2 3 1 1 0 4 4
1 6 3 3 3 2 4 3
0 10 0 3 3 3 3 2 3 4 2 3
1 7 0 2 0 3 0 3 0
1 9 3 3 4 0 1 4 0 4 1
0 31 0 2 0 2 0 4 3 3 1 1 2 4 1 2 2 1 1 2 3 1 3 0 1 3 2 0 0 4 1 2 2
1 11 3 1 3 2 4 1 4 3 4 3 3
0 8 1 3 0 0 4 1 0 1
1 15 0 3 2 0 3 0 0 4 0 4 4 4 2 1 3
1 7 3 4 3 4 0 3 4
1 9 3 2 4 0 4 2 0 0 1
0 21 3 1 4 3 4 1 2 4 0 3 2 0 1 2 1 2 4 0 3 1 3
0 4 0 1 1 2
0 8 1 3 3 0 3 2 1 2
1 7 3 2 4 3 3 3 2
1 7 3 3 3 2 0 1 1
1 12 0 1 4 1 1 2 3 4 3 3 2 1
0 7 0 0 3 1 0 1 0
0 17 0 4 3 3 4 1 3 2 0 3 2 3 4 0 4 0 0
1 6 0 3 0 0 4 1
0 9 0 3 2 4 3 0 4 1 0
1 21 3 4 4 2 4 0 3 0 4 2 3 0 4 2 1 4 1 2 1 3 0
0 15 3 4 0 4 2 4 0 4 1 1 3 0 1 0 3
1 2 0 3
1 7 0 0 3 3 1 3 0
0 5 4 2 0 0 2
1 11 3 4 1 3 1 2 0 3 1 2 4
1 7 3 4 1 3 2 3 2
0 8 0 2 3 1 3 4 4 3
1 10 0 3 3 3 4 2 3 1 0 1
0 14 4 0 2 0 0 0 3 0 4 0 3 3 4 0
0 5 2 0 2 3 4
0 1 4
0 6 3 0 4 0 3 2
1 7 0 3 0 3 3 3 3
1 6 0 4 1 2 0 1
1 7 0 1 1 2 0 2 3
0 7 0 2 0 3 4 2 2
0 7 0 2 2 4 4 1 4
1 11 3 1 2 4 2 4 4 4 4 4 2
0 9 0 3 3 2 2 0 1 3 0
1 11 3 3 1 4 0 3 1 4 4 2 4
1 7 0 2 0 4 3 0 2
1 12 0 3 3 1 2 0 1 2 0 0 3 0
1 5 3 4 0 3 4
0 2 4 0
1 10 3 0 0 3 1 0 2 4 1 4
1 7 0 4 0 0 4 4 2
1 12 3 2 4 0 3 0 1 1 2 3 3 0
1 2 0 3
1 15 0 2 0 4 4 0 4 4 3 3 1 0 4 4 3
1 10 3 3 3 3 1 2 0 4 0 0
1 31 3 0 3 0 2 0 3 2 2 1 1 3 1 4 3 1 2 3 1 1 3 0 4 1 2 3 1 0 4 0 1
0 5 3 0 4 0 4
0 13 0 1 1 0 3 3 0 4 1 1 1 0 3
1 5 3 0 4 2 3
1 11 0 3 4 1 4 2 0 4 4 4 3
1 9 3 1 4 4 2 4 0 4 2
1 10 3 1 2 3 1 1 2 0 4 0
1 6 3 3 0 4 1 2
1 11 3 1 4 3 0 3 3 0 3 0 2
1 6 0 1 3 3 3 4
1 9 3 0 3 3 3 3 2 3 4
0 2 4 0
0 6 3 1 3 4 2 3
1 11 0 3 1 3 0 0 4 2 3 1 3
0 13 1 0 1 4 1 2 3 1 0 1 1 2 2
0 7 3 1 0 3 4 4 3
0 11 4 3 4 2 1 3 2 3 1 1 1
1 11 3 0 2 0 1 2 3 3 1 0 4
0 8 3 2 0 4 0 4 3 3
0 4 0 2 2 0
1 13 0 4 4 0 1 0 4 0 4 1 0 4 2
1 10 0 4 1 3 1 2 0 4 0 4
0 18 0 1 4 4 2 0 0 3 3 1 0 4 4 3 3 4 1 3
0 13 0 3 1 2 4 1 4 4 0 2 3 4 2
0 7 3 3 4 1 4 1 3
0 7 3 2 0 3 4 1 0
1 8 0 4 1 0 1 0 4 2
1 7 3 1 3 1 2 1 1
1 6 3 1 1 4 3 3
1 17 0 1 1 2 0 0 0 4 4 0 4 0 4 1 4 1 1
0 6 1 3 3 0 2 1
0 8 4 2 2 0 0 0 3 1
1 2 3 3
0 10 3 3 2 1 1 0 2 4 4 3
0 7 2 0 3 0 4 3 0
1 11 0 4 3 2 0 4 2 3 1 3 1
0 7 3 3 2 1 4 3 3
0 5 0 4 4 2 2
1 5 3 3 0 0 2
1 11 0 4 3 0 2 1 1 0 4 0 4
1 9 3 3 0 4 1 3 0 3 0
1 10 0 1 0 2 1 2 1 1 2 1
0 12 0 1 2 0 4 3 3 3 3 2 1 1
1 9 3 1 4 4 2 4 2 4 0
0 8 4 2 1 1 4 3 2 0
0 10 1 1 4 1 0 0 4 1 4 0
0 14 3 0 0 3 3 2 1 0 2 4 2 2 1 2
1 19 0 3 4 3 1 1 1 3 4 2 0 1 3 1 4 3 2 3 0
1 13 0 1 4 1 1 0 1 0 4 0 4 3 0
1 23 3 1 3 1 1 2 4 2 4 0 3 0 0 4 1 0 4 4 4 0 4 1 4
0 5 0 1 0 3 1
1 19 3 3 4 0 1 0 2 2 3 1 3 1 1 1 1 2 3 0 4
0 6 1 2 0 2 3 4
0 11 0 4 1 2 0 4 1 1 2 1 2
0 6 1 3 1 0 0 3
0 11 0 4 4 1 2 3 0 4 0 4 3
1 10 0 0 1 2 1 4 3 3 3 3
1 9 3 0 3 3 1 3 0 0 4
1 10 3 0 0 3 4 4 0 3 4 1
1 4 0 2 0 3
0 11 3 2 4 3 3 2 4 2 2 4 2
0 5 3 3 2 4 0
0 7 3 0 0 4 3 2 0
0 13 0 4 0 4 0 4 1 3 1 2 1 4 0
0 9 3 4 2 4 3 3 1 0 0
0 5 4 3 4 2 0
0 10 0 4 4 4 0 3 4 2 3 0
0 5 0 0 0 4 0
0 12 4 2 3 4 0 3 1 1 1 0 3 3
1 3 3 4 1
0 12 2 0 2 0 0 1 4 1 1 4 3 4
1 9 3 1 4 4 2 3 3 3 4
0 11 0 0 2 3 0 4 0 1 4 4 0
0 6 0 2 0 0 4 0
0 23 3 2 4 0 4 1 3 3 1 0 4 0 4 0 4 0 2 3 3 3 0 3 2
0 13 0 2 2 3 4 2 4 3 4 0 4 2 3
1 12 0 4 0 3 3 1 2 3 2 1 2 1
0 27 0 3 1 4 0 0 4 4 2 4 1 2 3 2 3 2 2 3 4 0 4 1 4 0 4 1 4
1 17 3 3 3 3 3 4 3 3 4 0 3 1 3 1 2 1 0
1 15 0 3 1 2 3 4 1 0 2 1 1 4 3 0 0
1 12 0 4 0 3 3 1 2 3 2 1 2 1
1 8 3 0 0 0 0 4 4 4
0 4 3 4 2 3
0 16 0 1 3 0 0 1 4 3 3 1 4 2 3 4 4 3
0 5 2 4 3 2 0
1 16 0 0 2 3 1 2 3 1 1 1 0 4 0 4 3 0
0 5 2 2 0 2 0
1 13 3 4 0 3 3 1 3 1 2 1 1 1 3
0 13 2 0 2 0 4 4 2 3 1 0 2 2 0
1 8 0 4 3 3 2 3 2 0
0 10 0 1 0 4 0 2 1 3 3 0
1 12 0 1 2 0 2 3 3 1 0 3 3 2
1 6 3 0 3 4 0 1
1 8 0 1 4 0 4 1 3 0
0 5 3 4 2 1 0
0 8 3 1 0 0 0 2 4 3
1 13 3 2 4 3 4 0 2 4 4 3 0 0 3
0 9 4 3 3 3 0 0 4 3 4
0 4 3 1 1 2
1 6 0 0 4 4 1 3
1 19 0 3 4 3 3 3 1 0 0 4 0 4 0 4 0 4 1 3 0
0 10 0 4 0 1 3 2 4 1 1 0
0 8 3 1 0 4 1 3 0 3
1 9 3 3 0 1 0 1 3 0 1
1 11 0 2 3 4 2 4 0 0 1 3 0
0 4 4 0 0 1
1 13 0 3 1 3 2 0 2 0 0 2 3 0 4
0 1 4
1 9 3 0 3 2 1 4 3 3 3
0 3 4 4 2
0 8 1 4 3 4 2 0 4 2
1 21 3 2 4 0 2 0 2 0 1 1 1 2 0 4 0 4 4 0 4 3 0
0 8 3 2 0 4 0 4 3 3
1 12 0 4 2 0 2 0 3 1 4 0 2 1
0 7 1 3 3 4 2 3 0
1 2 3 3
0 2 4 0
1 23 0 3 0 2 3 4 4 1 3 3 3 0 4 0 4 1 0 4 0 4 4 3 0
1 17 0 3 2 0 2 3 4 4 0 3 4 4 0 2 4 2 4
1 6 3 2 4 0 0 3
0 7 2 4 2 2 4 2 0
0 8 0 3 2 2 3 0 4 1
0 5 1 4 0 3 0
1 21 0 4 2 3 4 3 1 2 4 3 1 2 2 0 0 1 0 4 2 4 0
0 7 2 0 3 1 0 2 0
1 9 0 1 2 3 1 2 1 4 3
1 16 3 3 3 0 2 0 3 0 2 1 2 0 4 0 0 4
0 6 4 0 0 2 3 2
0 7 1 2 0 2 2 0 3
0 8 0 0 4 0 1 0 3 0
1 8 0 4 3 3 2 3 2 0
0 10 0 4 2 0 4 0 3 2 3 3
0 8 3 0 3 4 3 4 1 3
1 2 3 3
1 13 0 4 2 3 3 0 1 0 3 1 2 3 4
0 5 3 0 4 0 4
0 9 3 0 1 3 3 3 3 3 0
1 16 0 2 0 1 2 3 4 0 3 2 1 4 1 4 0 3
1 3 0 0 1
1 9 3 0 0 1 1 1 4 3 2
0 11 1 0 0 4 1 4 4 2 1 3 0
1 2 0 3
1 7 3 2 4 3 4 1 0
1 11 0 4 2 3 0 0 0 3 3 0 1
0 3 2 0 0
0 10 3 1 0 4 2 0 3 3 3 3
0 6 2 2 3 3 4 2
0 5 3 4 4 2 2
0 1 4
0 6 3 4 0 4 3 2
1 8 3 3 0 3 0 3 1 2
1 6 3 1 1 4 3 3
0 12 3 0 0 2 1 0 1 0 3 3 3 4
1 14 0 4 2 3 4 0 3 0 3 0 2 3 4 3
1 10 0 0 2 3 1 2 3 2 3 2
0 13 0 4 1 1 4 0 1 3 0 4 1 1 0
0 6 0 2 3 0 0 3
1 13 0 2 0 1 1 1 2 3 3 1 2 2 3
1 12 0 3 1 1 2 0 4 2 3 4 3 2
0 16 0 0 4 0 4 4 1 2 3 2 3 3 3 4 3 0
0 6 4 0 4 1 2 0
1 10 3 4 0 3 0 3 1 2 3 4
1 11 3 4 1 3 1 2 2 4 3 1 0
1 7 3 3 4 0 4 2 4
0 9 3 4 2 3 0 2 2 3 0
1 5 0 4 3 2 0
0 22 0 4 3 3 1 3 0 0 4 4 2 1 4 4 0 4 3 0 4 1 3 0
0 12 3 4 2 4 3 3 4 2 4 1 0 4
1 12 3 4 0 0 4 1 2 1 3 4 2 3
0 10 0 2 3 0 4 0 2 0 3 3
1 3 0 0 1
0 10 4 0 3 2 3 4 0 3 1 3
0 4 2 3 3 0
0 5 2 0 0 3 4
0 8 2 2 0 4 3 0 4 3
0 5 2 0 4 4 2
0 14 4 4 0 0 2 4 2 2 3 0 4 1 3 0
0 10 3 1 2 4 0 3 1 2 4 2
0 17 3 1 0 3 2 1 3 1 2 4 1 0 1 2 4 3 0
0 9 3 3 0 4 1 3 2 4 0
0 15 0 3 3 1 2 3 0 1 4 0 3 1 3 1 3
1 6 3 4 1 4 0 3
1 13 3 3 3 3 1 2 1 0 4 0 1 1 0
0 9 3 1 4 2 2 0 2 3 2
0 6 4 3 4 3 3 3
1 7 0 2 0 3 0 3 0
1 15 3 3 1 0 3 0 4 1 2 3 0 4 0 1 0
0 4 4 3 2 3
0 4 1 2 0 0
0 7 2 3 0 4 0 3 0
1 13 0 0 2 1 1 2 1 2 1 0 4 4 1
0 21 0 0 1 1 0 4 4 0 2 4 4 3 3 3 4 4 0 4 4 3 0
0 5 3 4 2 1 0
1 13 0 0 0 4 3 3 3 2 3 1 1 3 0
0 13 0 4 3 0 2 1 1 3 1 1 4 4 4
1 7 3 4 0 3 2 3 4
0 14 3 3 2 1 3 4 3 3 4 3 3 1 3 0
0 16 3 1 0 1 2 0 4 1 2 3 1 1 2 4 4 2
0 6 1 0 1 3 0 2
0 11 0 4 3 1 0 0 4 1 3 3 0
0 6 4 0 0 2 0 3
1 2 3 3
0 9 3 2 0 1 4 4 2 4 4
1 7 3 4 4 1 4 0 3
0 7 1 2 4 4 0 1 2
0 8 3 0 0 1 4 3 0 2
0 18 0 2 0 3 3 0 3 2 0 1 4 4 4 1 2 3 0 3
1 9 3 3 0 4 1 3 0 3 0
1 7 0 3 3 4 3 4 1
1 8 3 4 1 0 2 0 4 3
0 26 3 1 3 1 1 2 4 1 0 1 1 3 2 2 4 0 1 2 3 0 2 2 1 2 4 3
1 9 0 0 4 3 3 3 2 1 2
0 7 0 2 1 0 2 3 3
1 7 0 0 0 4 4 4 3
1 13 3 1 0 1 1 2 4 1 1 3 4 2 4
1 8 0 2 0 2 0 4 0 1
0 5 1 3 3 0 0
1 6 3 3 0 1 3 3
1 17 3 3 3 0 1 1 0 1 1 1 4 0 3 0 3 0 1
0 14 2 4 3 3 0 0 0 2 0 4 1 0 0 2
1 6 0 4 3 0 2 3
0 8 4 2 2 1 3 2 3 3
0 13 0 3 3 1 2 3 1 0 2 4 2 4 2
1 38 0 4 1 4 3 1 2 3 1 0 1 1 2 2 4 0 0 1 2 3 0 4 3 3 3 1 2 1 2 3 2 1 4 1 2 3 3 0
0 5 3 3 2 2 3
0 5 1 0 4 3 3
1 9 3 1 0 2 3 3 2 3 4
0 7 2 4 2 2 4 2 0
0 5 3 3 3 2 3
0 5 1 1 4 0 0
1 6 3 0 2 3 4 3
0 9 0 2 3 1 3 3 3 0 4
1 4 0 0 2 3
0 12 3 1 3 2 2 3 4 3 4 3 3 2
0 1 1
1 10 3 1 3 1 2 1 4 4 2 3
1 17 0 3 1 2 3 1 3 1 2 2 4 0 1 3 2 3 0
0 8 3 3 2 0 3 1 0 2
1 10 3 1 0 2 0 0 3 1 4 0
0 24 3 3 0 0 2 2 1 0 0 4 0 3 2 3 4 0 0 1 4 1 4 0 3 3
1 10 3 3 4 1 3 2 0 2 4 1
1 4 0 1 2 0
1 7 3 0 3 3 3 1 2
0 5 3 2 0 4 1
0 17 3 3 4 1 3 3 3 3 4 0 4 2 3 3 4 4 0
0 4 3 1 3 0
1 5 3 0 4 2 3
0 11 0 0 2 3 2 1 1 0 4 0 3
0 15 0 4 1 3 2 3 2 4 3 0 3 1 2 3 0
0 7 0 2 3 1 1 0 0
0 8 3 3 0 3 4 1 3 0
0 7 3 3 4 1 4 1 3
0 6 0 1 1 0 4 0
0 8 4 2 0 3 3 3 3 3
0 8 0 0 0 0 0 0 4 1
0 7 3 3 4 4 1 3 3
1 11 3 0 2 2 0 2 3 0 1 1 0
0 3 2 0 0
0 14 0 1 2 3 0 0 1 3 2 3 4 3 3 4
0 16 0 2 0 3 4 1 0 2 1 1 0 4 0 4 3 1
1 13 0 3 1 4 2 3 0 0 1 0 2 4 0
1 11 0 2 0 3 4 2 0 4 1 2 0
0 1 1
1 2 0 3
1 8 0 4 0 2 1 4 3 0
1 2 0 3
0 10 0 4 2 3 2 0 1 3 0 0
0 5 3 3 3 4 3
0 5 1 0 4 2 3
1 16 3 2 4 0 4 3 2 0 4 4 0 2 3 0 4 2
0 8 0 4 2 2 2 4 3 0
0 6 1 0 4 0 3 4
0 7 1 0 0 1 1 0 3
1 10 3 0 3 2 0 1 1 4 3 3
1 6 0 0 2 3 3 0
1 11 0 3 2 0 3 2 0 2 0 4 1
1 6 3 4 2 4 3 3
1 8 0 1 1 1 0 2 1 1
0 10 4 0 4 3 2 2 3 3 3 1
1 19 0 3 4 3 1 1 1 3 4 2 0 1 3 1 4 3 2 3 0
0 3 3 0 0
1 5 0 3 3 2 3
0 5 4 4 4 4 0
0 6 3 0 0 0 1 0
0 15 0 3 1 0 4 1 0 4 1 4 2 1 1 3 4
1 13 0 1 4 1 1 0 1 0 4 0 4 3 0
1 15 3 3 4 4 0 3 3 1 2 0 4 0 3 0 4
1 5 3 0 4 2 3
1 9 3 2 4 0 4 2 0 0 1
0 15 3 4 0 4 2 4 0 4 1 1 3 0 1 0 3
0 20 0 0 4 0 4 3 2 3 1 1 0 4 4 3 1 3 3 3 3 0
1 6 0 4 1 2 0 1
1 6 3 0 3 4 4 1
1 6 0 2 3 4 2 0
1 27 3 4 2 4 0 2 0 1 1 4 1 2 3 0 0 1 1 3 3 4 1 2 4 4 2 4 0
0 5 0 2 0 2 1
0 14 4 0 2 0 0 0 3 0 4 0 3 3 4 0
1 7 3 1 2 4 2 4 4
0 12 1 2 3 1 0 1 3 4 1 4 4 2
1 11 0 3 4 3 4 2 3 3 0 1 3
0 6 4 0 3 4 0 1
1 11 0 1 1 4 3 0 3 3 3 3 0
1 12 0 4 3 3 3 0 4 3 3 3 3 3
1 19 3 3 4 0 1 0 2 2 3 1 3 1 1 1 1 2 3 0 4
1 8 0 4 1 4 1 0 3 0
0 8 3 1 0 0 0 2 4 3
0 24 3 3 1 3 4 2 2 4 0 4 2 0 1 0 1 1 1 4 3 3 4 2 3 3
1 13 0 0 2 1 1 2 1 2 1 0 4 4 1
1 8 3 3 1 0 1 3 1 2
1 17 3 1 0 1 2 2 4 0 4 2 0 2 0 3 4 3 4
1 16 0 3 4 1 4 3 1 1 0 1 0 4 2 1 3 0
0 3 0 0 0
1 5 3 1 3 2 2
1 6 0 2 3 0 4 3
1 11 0 1 1 4 3 0 3 3 3 3 0
1 9 3 4 3 0 0 3 1 2 3
0 8 3 2 4 3 3 2 3 4
1 15 0 1 4 2 0 1 3 0 3 3 3 4 2 1 3
1 13 0 3 3 2 0 3 4 4 2 3 2 4 3
0 7 3 3 3 3 2 1 0
0 7 0 2 2 3 1 0 4
0 8 3 4 4 2 1 2 0 2
0 15 0 1 1 3 4 3 2 0 0 3 0 0 4 3 0
0 11 3 1 1 0 3 3 0 2 4 0 4
0 16 3 4 0 0 1 4 3 0 0 4 3 0 1 3 1 3
0 7 0 0 0 2 1 2 0
1 35 3 3 3 0 1 0 0 4 3 3 0 1 0 1 0 3 1 4 3 0 4 1 2 1 2 1 3 3 4 1 4 1 3 2 0
0 25 3 4 2 4 0 1 4 1 0 3 0 0 4 0 1 1 0 4 1 3 1 3 1 2 0
1 31 3 0 3 0 2 0 3 2 2 1 1 3 1 4 3 1 2 3 1 1 3 0 4 1 2 3 1 0 4 0 1
0 7 3 1 1 4 2 2 0
0 6 2 3 0 4 2 0
0 10 3 1 2 2 2 1 4 3 2 2
1 27 3 1 3 2 2 4 0 2 0 4 0 2 3 1 4 4 0 4 0 4 3 3 3 1 4 3 0
0 1 1
1 16 0 2 3 4 1 2 2 3 2 0 0 4 4 2 4 3
1 7 3 4 0 3 2 3 4
1 13 0 4 1 2 0 2 0 4 3 1 2 3 3
1 11 3 3 4 0 1 1 0 2 0 3 3
1 16 0 4 0 0 4 4 1 1 0 4 2 1 0 4 3 0
0 4 0 2 1 0
0 3 0 0 0
1 9 0 4 4 0 0 4 4 3 0
0 4 2 3 3 1
1 14 0 4 4 2 3 1 3 2 3 1 1 3 3 4
0 33 3 1 3 1 1 1 2 2 0 2 0 1 2 1 0 4 0 3 1 3 1 0 4 1 3 1 3 1 3 1 3 0 0
1 12 3 2 4 3 2 4 0 1 4 0 3 0
1 12 3 3 0 1 0 0 0 0 0 3 0 2
1 17 0 3 1 3 0 2 3 0 4 0 4 3 3 3 4 3 0
1 3 3 4 1
0 14 3 2 4 0 2 3 0 4 0 1 4 2 3 4
1 7 3 3 1 4 3 0 2
0 7 0 0 3 1 0 1 0
1 14 0 0 0 4 4 2 3 4 0 4 3 3 3 3
1 39 0 4 3 0 2 3 3 3 3 0 4 2 3 4 4 3 3 1 4 4 2 1 2 1 4 1 3 3 1 0 4 3 3 1 0 4 1 3 0
1 13 0 4 3 3 3 2 0 1 4 4 0 1 2
1 8 0 2 0 1 1 0 3 0
1 14 3 4 1 2 0 2 3 0 3 0 0 0 1 2
1 19 0 3 4 3 3 3 1 0 0 4 0 4 0 4 0 4 1 3 0
1 10 0 4 3 0 2 3 4 4 3 0
0 29 3 0 2 4 0 3 2 3 0 1 2 1 1 2 2 1 3 0 3 1 2 1 0 4 1 3 1 3 0
1 6 0 3 3 0 3 0
1 11 0 4 3 2 0 4 2 3 1 3 1
1 11 0 2 0 1 2 3 0 2 1 1 1
1 3 0 0 1
0 10 4 3 2 1 4 2 1 1 2 2
0 11 0 0 1 2 1 4 0 4 0 1 4
1 5 3 0 3 1 2
0 5 1 3 2 2 1
1 14 0 4 4 2 3 1 3 2 3 1 1 3 3 4
1 9 3 1 3 1 1 1 1 1 1
1 21 0 2 3 3 1 4 1 1 1 2 3 3 1 0 4 3 3 0 2 2 3
0 5 0 4 3 0 0
0 6 0 2 0 0 4 0
1 7 3 0 3 2 1 2 0
0 6 1 4 0 2 3 1
0 14 3 3 2 1 3 4 3 3 4 3 3 1 3 0
0 12 0 1 1 4 1 2 0 1 3 0 2 0
1 9 0 3 4 1 0 0 4 0 4
0 13 3 4 2 1 0 2 1 4 1 1 0 3 3
0 6 1 2 0 2 3 4
1 9 3 4 0 0 0 0 4 4 4
0 15 0 0 2 4 3 4 2 1 3 2 2 3 0 3 3
0 6 3 1 0 3 2 2
0 10 4 1 4 0 4 1 4 4 3 0
1 8 3 4 0 0 0 3 4 2
0 10 3 1 3 2 1 4 4 4 2 3
1 16 0 3 3 4 4 1 1 3 0 0 4 0 4 3 3 1
1 12 0 3 0 1 2 1 4 4 4 4 3 0
1 9 0 3 1 3 1 1 4 3 0
0 9 1 0 4 4 2 3 1 4 2
1 5 3 0 3 1 1
0 7 0 0 0 0 4 3 0
1 19 3 2 4 0 0 2 1 2 1 2 1 0 4 0 4 0 4 3 0
1 5 0 3 1 1 0
0 15 0 1 0 0 4 2 1 4 4 4 2 4 3 3 0
1 6 0 3 3 0 3 0
1 5 3 1 2 1 3
0 1 4
0 11 0 4 3 1 0 0 4 1 3 3 0
1 15 0 1 3 3 2 3 0 0 4 4 0 0 3 0 3
0 11 0 2 0 1 0 0 0 2 3 3 0
1 9 0 0 2 1 0 4 2 3 3
1 9 0 0 0 4 4 1 4 3 0
0 1 4
0 13 0 4 0 2 0 3 1 3 3 1 0 4 0
1 8 3 3 0 2 1 3 0 1
1 3 0 3 1
0 1 1
1 18 0 1 1 1 2 3 0 2 0 1 2 0 4 1 2 1 0 4
1 6 0 3 4 3 4 4
0 16 3 4 0 0 1 4 3 0 0 4 3 0 1 3 1 3
1 9 3 1 4 3 3 3 3 2 2
1 13 3 4 3 4 3 3 3 1 2 3 3 3 0
1 17 0 3 1 3 2 3 2 4 0 3 0 0 4 4 0 4 3
0 14 4 3 0 1 0 4 0 4 1 4 1 0 4 3
0 14 3 1 4 4 2 4 0 2 0 2 0 3 2 3
0 5 2 1 1 1 1
1 10 0 0 4 0 4 2 1 0 4 4
1 19 3 0 3 0 1 3 1 1 3 2 1 0 4 1 0 0 0 3 4
0 10 2 0 0 4 0 4 2 4 3 3
1 10 3 2 4 0 0 1 1 4 3 0
0 9 3 2 0 4 0 4 2 0 3
0 8 0 4 1 0 4 1 0 0
1 11 0 1 4 1 2 3 2 4 3 3 2
0 6 3 0 4 0 2 3
0 7 4 4 1 3 2 2 0
1 7 0 4 0 0 4 4 2
1 10 3 2 4 0 0 1 1 4 3 0
1 19 3 2 4 0 0 2 1 2 1 2 1 0 4 0 4 0 4 3 0
0 6 0 1 0 3 2 0
0 7 4 0 3 3 1 2 4
1 21 3 1 2 3 2 3 0 2 3 0 3 1 0 4 2 3 3 1 3 1 2
1 17 0 3 1 2 3 1 3 1 2 2 4 0 1 3 2 3 0
0 6 0 2 4 3 2 0
0 18 0 2 0 3 3 0 3 2 0 1 4 4 4 1 2 3 0 3
1 11 3 3 4 0 1 1 0 2 0 3 3
1 7 0 3 3 4 0 3 0
1 9 0 4 3 2 0 3 4 0 2
0 4 0 2 4 2
0 9 3 2 4 2 4 4 3 4 4
0 4 2 0 4 1
1 12 3 0 2 2 0 2 3 4 0 0 3 4
1 9 0 3 4 3 3 1 3 0 3
1 10 3 0 0 3 4 4 0 3 4 1
1 7 3 1 3 1 2 3 2
1 3 0 3 1
1 4 0 2 0 0
0 4 1 2 0 0
0 3 2 0 0
0 5 2 0 2 3 4
0 7 0 2 1 0 2 3 3
0 6 0 3 4 2 1 1
0 1 1
0 15 0 1 3 1 2 3 3 3 4 1 2 1 1 0 4
0 19 0 3 1 0 4 3 1 4 0 4 4 2 1 2 1 4 3 3 4
0 1 4
1 9 0 4 0 4 4 0 4 4 1
0 6 3 3 3 3 4 2
0 5 2 3 0 1 1
1 24 0 3 1 1 0 3 3 1 0 4 4 4 1 2 3 1 3 3 3 3 3 1 2 3
1 7 0 3 3 4 0 3 0
1 9 3 4 1 0 1 1 2 4 4
1 12 0 4 3 3 3 0 4 3 3 3 3 3
1 11 0 0 4 1 3 3 3 0 4 2 1
0 14 0 4 0 1 4 2 1 3 2 3 0 4 4 2
1 6 0 1 0 4 2 3
1 10 0 2 3 4 1 1 0 0 3 3
0 9 3 2 0 4 0 4 2 0 3
0 7 3 2 0 3 4 1 0
0 4 2 3 3 4
1 17 3 3 3 0 0 0 3 0 1 2 0 3 4 1 3 0 0
1 10 0 0 1 2 3 1 2 3 0 4
1 18 3 4 0 3 0 0 0 0 2 0 3 2 3 2 2 2 3 1
0 10 2 0 2 0 1 4 2 3 3 2
0 5 4 4 0 2 0
0 13 3 0 1 2 3 0 4 1 3 2 1 2 3
1 2 3 3
1 10 3 1 3 2 4 3 4 0 3 4
0 7 3 1 4 2 4 3 2
1 6 3 4 1 0 1 1
0 13 3 1 0 0 1 4 1 4 4 4 0 1 1
1 9 3 2 4 0 0 1 1 3 3
1 3 3 4 1
1 15 0 3 1 2 3 4 1 0 2 1 1 4 3 0 0
1 3 0 0 1
0 7 3 0 2 1 1 1 3
1 10 3 4 0 2 1 3 1 3 0 0
0 7 0 2 3 1 1 0 0
1 8 3 4 3 4 2 4 4 0
1 23 3 4 2 4 3 3 3 0 0 0 0 0 0 1 3 1 1 0 0 1 2 1 2
1 8 3 4 4 3 0 1 1 0
1 15 0 2 0 4 2 0 0 2 1 2 1 1 1 3 3
1 10 0 1 3 4 1 3 0 2 1 2
0 6 0 1 0 3 1 3
0 11 1 3 3 3 1 4 3 2 3 4 3
1 21 3 2 4 0 0 4 1 4 0 4 0 4 0 4 1 3 3 3 1 0 4
0 6 0 3 4 2 4 1
1 24 0 4 4 2 3 0 2 3 1 3 3 3 3 0 1 0 3 0 0 2 0 3 0 2
0 5 0 1 3 4 2
0 5 0 2 4 4 1
0 32 0 2 3 3 3 0 2 4 1 1 0 0 0 1 0 0 2 2 4 2 3 0 1 0 3 0 4 3 1 2 3 1
1 23 0 3 0 2 3 4 4 1 3 3 3 0 4 0 4 1 0 4 0 4 4 3 0
0 6 4 0 2 0 4 4
0 10 0 2 3 2 4 1 4 3 1 3
1 10 3 3 0 2 1 3 1 4 1 1
1 8 0 1 2 0 3 0 1 4
0 12 2 0 3 1 2 0 1 1 3 3 1 3
0 9 0 1 4 0 4 4 3 0 1
0 5 1 0 1 2 1
0 5 3 1 1 2 0
0 10 0 2 3 0 4 0 2 0 3 3
0 10 2 3 2 2 0 2 1 0 4 3
1 8 3 1 3 1 1 1 2 2
0 6 2 0 1 1 2 3
1 10 0 0 1 2 1 4 3 3 3 3
1 6 0 1 3 3 3 4
0 9 0 4 2 4 3 0 0 3 3
0 9 0 3 3 2 2 0 1 3 0
1 7 0 4 3 1 4 4 0
1 15 0 4 3 2 0 3 1 0 1 4 4 1 1 2 3
0 1 1
1 6 0 0 0 4 1 3
1 8 3 3 1 3 4 4 3 2
0 6 4 0 1 0 1 3
1 14 0 3 1 3 1 3 3 3 4 4 1 1 2 3
0 15 1 3 4 4 3 0 3 2 4 0 3 0 0 4 1
0 4 0 1 1 2
1 8 0 4 2 3 3 3 1 1
1 11 3 3 4 4 1 3 1 2 0 3 1
0 10 4 0 2 0 2 0 2 1 2 4
1 8 3 2 4 0 3 0 0 4
1 14 0 4 0 1 4 0 4 1 1 2 1 2 1 4
0 14 0 2 3 0 2 3 3 3 3 3 1 3 3 4
0 9 3 4 2 3 0 2 2 3 0
0 7 2 3 0 4 0 3 0
1 8 3 4 1 4 4 2 4 2
1 14 0 4 0 1 0 4 3 3 1 4 2 1 3 0
0 5 0 2 4 2 0
0 4 3 1 1 2
1 6 3 1 0 2 2 0
1 16 0 2 0 1 4 4 3 4 4 4 3 1 0 2 1 2
1 8 3 3 3 3 3 0 0 2
0 13 0 3 3 4 2 4 3 3 4 1 1 0 4
1 9 3 1 4 4 2 4 0 4 2
1 7 3 1 3 1 2 1 1
1 18 0 1 1 1 2 3 0 2 0 1 2 0 4 1 2 1 0 4
1 11 0 3 4 4 3 3 0 0 4 3 0
1 7 3 0 2 4 1 0 1
0 8 3 0 1 4 4 4 3 0
1 10 3 3 4 2 3 2 0 3 3 2
1 13 0 4 4 3 1 2 3 2 4 3 4 3 2
1 11 3 1 1 3 2 4 4 4 4 4 4
0 18 0 4 1 1 3 3 3 3 2 0 3 0 2 4 1 0 4 4
0 4 0 2 2 0
1 9 0 1 0 4 4 4 0 4 1
0 6 0 3 0 4 1 0
1 23 0 3 4 4 2 3 4 0 3 0 3 4 1 3 1 2 0 4 1 3 0 3 1
1 15 0 3 1 2 0 4 4 3 1 4 4 0 1 3 0
0 16 0 2 0 3 4 1 0 2 1 1 0 4 0 4 3 1
1 9 3 0 0 1 0 2 3 4 1
1 8 3 1 4 4 2 3 4 2
0 16 0 0 4 2 3 3 1 1 2 1 0 2 0 4 2 3
0 6 2 2 0 3 1 1
0 12 3 0 1 0 4 2 1 1 2 3 3 0
1 3 3 3 0
1 7 3 3 4 0 0 0 2
0 19 0 2 1 3 3 0 3 2 1 3 3 3 0 4 3 3 3 2 1
0 4 1 1 3 2
1 16 0 4 4 1 4 2 0 0 4 2 1 4 1 0 4 2
0 6 1 2 0 2 3 1
0 9 3 1 0 0 4 3 0 2 4
1 17 3 4 1 2 3 2 3 0 3 0 3 3 1 3 0 0 4
0 6 3 4 2 0 4 2
1 14 3 1 3 1 2 0 0 0 1 3 2 4 4 4
0 22 3 1 3 2 4 4 4 1 2 0 1 1 2 1 4 1 2 4 1 3 3 3
0 8 3 1 2 1 2 2 1 1
0 6 4 0 1 0 1 3
1 9 0 3 1 3 1 1 4 3 0
0 12 0 0 1 4 3 1 2 3 4 0 1 1
0 3 0 0 0
0 42 0 2 3 3 4 1 2 2 4 3 1 1 3 1 3 0 3 1 1 1 0 4 0 0 4 1 3 0 0 4 0 1 3 0 4 0 1 2 0 4 1 3
0 23 3 4 2 2 4 0 2 0 0 3 1 0 4 0 4 2 0 4 3 3 1 3 0
0 6 3 1 1 0 4 0
0 13 3 4 3 0 1 1 3 4 0 0 2 2 0
0 5 0 3 2 4 4
0 6 0 2 4 3 3 0
0 27 3 2 4 3 2 4 3 2 4 3 3 4 0 4 3 2 0 2 3 1 1 0 3 4 3 0 0
1 22 0 3 4 2 0 0 3 3 1 3 3 3 2 3 0 4 4 4 0 4 4 2
0 14 4 3 0 3 3 1 3 3 3 1 4 3 3 0
1 8 0 2 3 4 1 2 4 3
0 14 4 2 4 0 2 0 1 0 2 1 4 0 4 1
1 9 0 3 3 3 1 4 2 0 0
0 4 1 3 4 4
1 2 0 3
0 11 4 3 1 0 2 2 1 3 3 2 0
0 9 3 4 3 4 3 0 3 0 3
1 14 3 4 2 4 3 0 2 4 2 4 1 2 3 3
0 10 3 3 0 2 3 3 3 4 0 4
1 10 3 2 4 0 4 2 3 4 3 4
0 11 0 0 1 2 1 4 3 1 4 3 0
0 1 1
0 7 0 1 1 3 2 0 2
1 9 0 1 3 3 4 2 0 0 3
1 7 3 0 2 4 1 0 1
0 15 0 3 1 0 4 1 0 4 1 4 2 1 1 3 4
0 9 3 4 1 2 4 3 1 3 2
1 7 3 4 3 4 0 3 4
1 35 3 1 0 2 1 2 2 3 1 2 1 3 2 4 1 3 1 2 0 3 4 1 0 3 0 3 2 2 0 3 0 4 1 2 4
1 4 0 0 1 4
0 10 0 0 3 4 1 4 0 0 4 4
1 5 3 0 4 2 3
1 5 0 4 3 1 3
0 1 4
1 9 3 1 1 3 3 0 1 2 3
1 13 0 4 0 1 0 4 0 4 4 1 0 4 3
1 22 0 3 4 2 0 0 3 3 1 3 3 3 2 3 0 4 4 4 0 4 4 2
1 19 3 0 3 0 1 2 1 3 1 3 0 1 3 0 4 1 2 1 0
0 14 0 0 1 3 0 2 4 4 3 0 3 3 4 2
0 4 3 1 4 0
1 4 0 1 2 0
1 11 3 4 2 4 3 0 0 0 0 3 4
0 11 3 3 4 1 3 2 3 3 1 3 0
0 15 0 2 0 2 4 3 4 2 0 0 0 4 4 4 2
0 5 1 1 4 0 0
1 6 0 1 4 2 3 4
1 8 0 2 3 0 2 3 4 2
1 5 3 4 0 3 4
0 15 0 3 3 2 4 0 0 1 4 4 1 4 0 3 0
0 11 0 0 1 1 1 1 0 1 1 2 4
1 24 0 4 4 2 3 0 2 3 1 3 3 3 3 0 1 0 3 0 0 2 0 3 0 2
1 5 3 0 3 1 1
1 7 3 3 3 0 1 0 2
0 22 0 1 0 4 3 3 3 0 4 4 4 4 1 0 4 1 2 1 3 1 0 4
0 13 3 4 0 0 4 4 1 0 3 4 4 4 4
1 7 0 4 3 1 4 4 0
1 6 3 1 1 4 3 3
1 14 0 2 3 3 0 2 1 2 3 0 0 4 1 0
0 8 4 0 4 1 1 0 4 2
1 12 0 1 4 2 3 4 1 4 4 2 4 2
0 7 0 0 3 1 4 3 3
1 10 3 2 4 0 4 0 3 3 3 3
1 7 3 0 0 0 1 4 0
0 4 1 4 0 2
1 19 0 4 3 4 1 2 3 0 0 1 4 4 0 3 3 1 2 3 1
0 13 0 0 4 2 1 2 3 0 0 2 3 3 0
1 18 0 4 1 0 2 3 0 4 0 4 0 4 4 2 3 0 4 1
0 26 0 1 2 3 1 3 2 3 0 4 1 3 0 1 0 4 4 0 3 0 4 1 2 1 1 3
1 4 0 2 0 3
1 10 0 1 0 2 1 2 1 1 2 1
0 1 1
1 4 3 1 0 1
1 11 3 4 1 3 1 2 0 3 1 2 4
0 4 3 1 0 0
1 10 0 2 3 4 1 1 4 3 0 0
1 15 3 4 3 3 4 0 1 1 4 2 4 1 2 0 4
1 2 3 3
1 3 3 4 1
1 7 3 3 4 3 4 4 0
1 6 3 0 2 1 1 3
1 8 0 4 0 4 2 3 0 4
0 3 2 3 3
0 5 2 3 4 2 0
1 8 3 4 4 3 0 1 1 0
0 13 3 4 0 0 4 4 1 0 3 4 4 4 4
0 6 2 3 4 2 2 0
1 10 0 4 1 2 0 2 0 2 0 0
1 4 3 1 0 1
0 15 1 4 2 3 3 0 4 3 1 2 1 0 1 0 3
0 11 0 1 3 3 0 0 4 3 2 3 2
1 7 0 2 3 0 2 1 4
1 11 3 0 2 2 0 2 3 0 1 1 0
1 12 0 1 2 0 2 0 3 0 1 4 1 4
1 12 3 4 0 3 2 1 0 3 1 3 3 4
0 5 3 1 4 1 3
0 5 1 1 1 1 0
1 7 0 0 4 0 4 3 0
0 8 3 1 4 2 2 2 2 2
1 8 0 2 0 2 0 4 0 1
0 25 0 2 3 4 1 0 2 1 1 4 0 2 3 4 0 3 3 3 3 3 4 2 3 4 2
1 18 0 4 3 2 3 0 2 4 0 3 1 0 2 1 1 3 0 1
1 5 3 0 4 2 3
1 13 3 0 0 0 4 4 4 2 4 0 2 3 4
1 10 0 2 3 1 3 1 1 2 0 3
0 26 0 4 4 3 3 0 2 0 0 0 4 0 4 1 0 4 3 3 1 4 2 3 2 3 4 2
0 10 0 2 2 3 3 4 0 4 4 4
0 9 2 3 2 2 0 0 2 0 0
0 7 2 4 3 0 1 1 1
1 17 0 1 0 1 1 2 1 2 1 0 4 0 4 0 4 3 3
1 10 0 2 0 2 3 2 4 0 3 1
0 7 0 2 0 3 4 2 2
0 6 4 0 4 1 2 3
1 9 3 0 0 1 0 2 3 4 1
1 5 3 3 3 1 2
0 6 3 3 1 1 0 4
0 6 2 3 0 1 1 1
0 1 4
0 8 0 2 4 2 1 3 2 1
0 7 2 0 1 3 0 3 1
1 10 0 2 0 0 0 4 1 3 3 1
1 15 0 2 3 0 2 3 3 3 4 1 4 0 4 2 3
1 16 0 0 2 3 1 2 3 1 1 1 0 4 0 4 3 0
0 11 4 4 2 4 2 4 4 2 4 0 4
1 8 0 1 4 0 4 1 3 0
1 11 3 4 1 3 2 1 1 4 3 0 2
0 4 4 0 2 2
1 10 3 1 0 2 0 0 3 1 4 0
0 4 0 2 4 2
1 8 0 1 2 0 3 1 3 4
1 7 0 1 2 3 3 1 0
0 5 0 0 1 2 4
1 8 3 4 3 1 2 4 3 0
0 2 4 0
0 4 3 1 0 0
1 7 3 1 0 2 0 2 2
0 13 3 2 4 4 3 0 3 3 1 2 4 2 1
1 7 0 4 4 1 1 3 0
1 6 0 1 4 2 3 4
1 10 0 1 1 4 3 3 0 0 4 1
1 11 3 3 1 4 0 3 1 4 4 2 4
0 8 3 3 0 3 4 1 3 0
1 12 0 1 4 1 1 2 3 4 3 3 2 1
1 8 3 1 1 3 0 3 0 2
0 3 3 0 0
1 9 3 3 1 3 3 3 4 1 2
1 18 3 3 0 4 3 1 0 1 2 3 1 1 0 4 1 2 0 4
1 5 0 4 3 1 3
1 14 3 4 0 2 4 3 1 0 0 1 2 1 2 3
0 6 1 3 1 0 0 3
1 14 0 1 3 0 0 4 1 1 2 3 2 3 3 0
0 3 0 0 0
0 8 0 2 3 3 0 2 2 0
1 13 0 2 0 2 0 1 1 3 2 0 0 3 3
1 10 3 3 1 3 4 3 1 3 1 2
0 8 3 0 0 1 4 3 0 2
1 8 3 3 4 2 3 2 0 0
0 8 4 1 2 4 3 3 0 0
0 11 0 1 1 4 0 2 4 1 2 2 3
0 1 4
1 5 3 1 2 1 3
1 7 0 0 3 3 1 3 0
0 3 2 0 0
0 10 0 4 0 3 0 4 3 0 4 3
0 11 3 3 4 1 3 2 3 3 1 3 0
0 8 4 4 2 0 4 3 3 1
0 7 0 0 0 0 4 3 0
1 24 0 0 4 2 1 2 1 4 4 1 0 4 3 3 3 4 1 2 3 1 1 0 4 4
0 5 3 2 3 3 1
0 11 3 3 4 0 1 2 3 3 4 0 3
1 17 0 4 1 3 2 0 3 2 0 3 4 2 0 1 0 0 4
1 4 0 3 4 1
1 21 3 1 0 2 0 3 3 3 3 0 0 2 4 1 1 0 1 2 1 1 1
0 26 3 1 3 1 1 2 4 1 0 1 1 3 2 2 4 0 1 2 3 0 2 2 1 2 4 3
1 7 3 0 0 0 1 4 0
1 13 3 0 0 4 0 0 3 3 4 4 4 2 0
1 7 3 3 1 4 4 1 3
0 6 4 0 3 4 0 1
0 5 1 3 3 1 1
0 5 3 3 0 4 0
0 6 1 0 3 3 0 4
1 9 0 4 4 2 0 2 0 0 2
1 11 0 4 2 3 0 0 0 3 3 0 1
1 7 3 4 1 1 4 3 3
1 8 3 3 0 1 0 2 3 2
1 9 0 4 2 0 2 3 3 3 4
1 9 0 2 3 0 2 2 2 2 3
0 10 0 2 3 0 0 3 3 1 3 2
0 7 0 0 0 2 1 2 0
0 5 0 2 1 0 0
1 7 0 4 3 1 1 0 4
0 4 2 4 0 3
1 10 3 2 4 0 4 0 3 3 3 3
0 15 0 3 3 2 4 0 0 1 4 4 1 4 0 3 0
0 7 3 0 1 4 2 1 3
1 15 0 1 4 2 0 1 3 0 3 3 3 4 2 1 3
0 7 0 2 4 2 0 3 2
0 14 0 0 1 3 0 2 4 4 3 0 3 3 4 2
1 12 0 2 3 4 0 2 3 3 3 1 2 4
1 2 0 3
0 5 3 4 4 2 1
1 9 3 4 0 0 3 3 0 2 3
1 6 3 1 0 2 2 0
0 3 3 0 0
0 10 4 0 0 0 4 4 1 4 3 0
1 7 0 2 0 2 0 0 1
1 7 3 4 1 2 3 1 1
1 12 0 0 1 2 3 3 3 3 4 4 4 1
0 7 0 2 2 3 2 3 1
0 8 0 0 0 0 0 1 1 3
1 7 3 3 4 0 4 2 4
1 5 3 0 0 1 4
1 10 0 3 0 1 0 4 0 4 3 0
1 22 0 0 0 4 4 2 3 2 3 0 4 3 3 1 2 3 3 3 1 0 4 2
0 16 0 2 2 1 2 0 3 3 3 4 0 4 0 4 1 1
1 9 3 3 3 0 3 1 1 2 4
1 17 3 4 1 2 3 2 3 0 3 0 3 3 1 3 0 0 4
1 11 0 0 0 4 1 3 3 3 4 2 1
1 9 0 2 3 4 4 4 0 4 1
1 5 3 4 4 1 4
1 11 0 3 1 1 2 0 2 3 0 4 3
1 10 3 3 3 3 1 2 3 1 1 0
1 6 0 0 0 4 2 3
1 17 0 0 2 3 4 1 2 1 3 3 1 2 1 2 3 3 3
1 8 0 3 3 4 2 3 3 3
0 9 2 3 2 2 0 0 2 0 0
1 9 0 2 3 4 4 4 0 4 1
0 5 3 4 1 4 0
1 7 0 1 2 3 3 1 0
0 9 0 3 2 3 3 4 1 4 4
1 5 3 0 4 2 3
0 15 2 0 2 0 2 3 0 3 2 4 3 0 4 2 3
0 14 3 0 0 3 3 2 1 0 2 4 2 2 1 2
0 6 1 0 0 1 4 2
0 9 0 1 0 1 4 0 1 4 1
1 14 0 1 3 0 0 4 1 1 2 3 2 3 3 0
0 6 4 3 0 0 4 2
0 14 3 3 0 0 3 1 2 4 1 4 2 2 4 0
0 8 4 3 2 0 1 0 4 3
1 10 3 1 3 2 4 0 2 1 1 0
0 8 1 3 1 3 1 2 3 2
0 11 0 4 4 1 2 3 0 4 0 4 3
0 6 1 4 3 3 2 0
0 6 1 4 0 2 3 1
0 6 4 0 4 1 2 0
0 8 0 1 3 2 3 2 0 2
1 13 3 3 4 4 4 3 0 0 0 4 0 3 4
0 9 3 2 4 2 4 4 3 4 4
0 5 3 1 4 1 3
1 7 0 4 1 1 4 0 2
1 8 0 2 3 4 1 2 4 3
0 11 0 0 4 0 0 4 4 0 4 3 0
0 5 3 4 2 3 0
0 6 3 0 0 0 1 0
1 7 0 1 1 4 1 0 2
0 6 4 3 3 2 3 0
1 9 0 3 4 3 3 1 3 0 3
0 4 1 4 2 0
0 9 3 2 1 3 4 3 1 1 1
0 6 0 2 4 3 3 0
1 9 3 3 3 0 3 1 1 2 4
1 14 0 2 3 2 4 3 1 2 2 0 1 2 2 0
0 3 0 0 0
0 8 1 3 1 4 0 0 3 2
0 42 0 2 3 3 4 1 2 2 4 3 1 1 3 1 3 0 3 1 1 1 0 4 0 0 4 1 3 0 0 4 0 1 3 0 4 0 1 2 0 4 1 3
0 24 3 3 0 0 2 2 1 0 0 4 0 3 2 3 4 0 0 1 4 1 4 0 3 3
0 6 0 3 4 2 4 1
1 6 0 2 3 3 0 4
1 9 3 2 4 0 3 2 0 1 4
0 9 3 4 1 2 4 3 1 3 2
1 9 0 1 0 4 4 4 0 4 1
0 6 3 3 3 3 4 2
0 4 3 3 2 1
0 12 0 3 2 0 0 3 3 1 1 0 2 4
0 7 2 4 0 1 4 3 4
0 15 0 1 1 3 4 3 2 0 0 3 0 0 4 3 0
0 4 3 0 1 0
1 2 0 3
0 5 1 3 1 4 2
0 22 1 3 3 1 3 3 2 0 2 3 4 4 1 1 2 3 1 2 4 0 3 3
0 10 4 1 4 0 4 1 4 4 3 0
0 9 3 4 4 3 3 0 4 3 2
0 10 0 4 0 2 4 1 0 4 4 2
1 10 3 3 3 3 1 2 3 1 1 0
0 1 4
1 12 3 4 0 0 4 1 2 1 3 4 2 3
0 7 0 0 4 0 1 4 2
1 15 3 3 0 2 2 1 1 2 3 1 4 0 3 0 2
1 2 3 3
1 16 0 2 0 1 4 4 3 4 4 4 3 1 0 2 1 2
1 8 0 1 4 3 2 3 0 4
1 6 3 4 2 4 3 3
0 1 1
1 8 3 4 3 4 4 4 3 2
1 12 0 3 1 1 2 0 4 2 3 4 3 2
1 7 0 2 0 3 2 0 0
0 6 3 0 0 0 2 0
1 13 3 1 3 1 2 1 3 1 2 1 4 0 3
0 10 1 2 3 4 2 3 0 1 1 3
0 1 4
1 7 3 3 1 3 4 2 0
1 7 0 3 0 0 4 3 3
0 14 0 0 1 2 1 3 2 0 3 3 3 4 4 4
1 17 3 3 1 4 0 3 4 1 3 0 3 1 0 4 1 2 0
1 7 0 2 0 2 0 4 1
1 22 0 0 2 1 2 3 3 3 3 0 4 3 3 3 4 0 4 0 4 3 3 3
1 8 0 2 0 2 3 1 1 3
0 8 0 2 3 3 0 2 2 0
1 8 0 3 2 3 0 3 1 1
1 8 3 1 4 3 0 2 4 2
0 6 1 0 1 3 0 2
0 15 0 2 2 0 2 3 4 1 1 3 3 0 2 0 2
0 6 0 1 0 3 1 3
0 9 0 0 2 2 1 3 1 2 0
0 6 0 3 0 0 3 1
0 11 4 3 4 2 1 3 2 3 1 1 1
0 4 3 2 2 3
1 6 0 0 0 4 2 3
0 7 1 2 1 4 2 3 2
1 13 3 3 1 4 2 0 1 2 2 1 3 1 3
0 11 3 3 1 2 3 0 0 0 0 4 2
1 6 0 4 3 0 2 3
1 7 0 2 0 3 2 0 0
1 10 3 1 1 3 1 2 3 3 4 0
1 8 3 3 0 1 4 1 0 4
1 4 0 4 3 3
1 13 3 2 4 0 3 2 0 1 3 3 1 4 1
1 16 0 4 1 4 1 2 3 4 0 2 4 0 3 3 3 2
0 13 0 0 4 2 1 2 3 0 0 2 3 3 0
0 5 1 3 3 2 2
1 18 3 3 0 3 4 4 0 0 0 0 1 4 4 0 3 4 3 4
1 15 0 4 4 4 2 3 4 1 3 2 1 1 4 3 3
0 6 0 0 1 0 1 4
0 8 0 3 2 2 3 0 4 1
1 16 0 4 4 1 4 2 0 0 4 2 1 4 1 0 4 2
1 14 3 3 1 3 0 4 0 2 1 0 2 2 4 3
0 4 3 2 2 0
1 14 3 0 3 0 2 2 0 2 3 0 1 4 0 1
1 14 3 3 0 1 3 1 2 1 0 4 1 2 1 0
1 4 0 1 2 0
0 21 3 1 4 3 4 1 2 4 0 3 2 0 1 2 1 2 4 0 3 1 3
