1019 5
1 8 0 3 2 4 4 3 0 0
0 11 0 0 0 1 4 3 3 0 4 2 1
1 7 0 3 0 1 3 0 3
1 12 4 1 0 1 0 2 3 2 2 3 3 1
1 15 4 3 2 1 4 3 4 3 4 3 4 1 1 1 1
0 7 4 2 2 0 3 3 3
1 9 3 3 0 0 4 3 2 2 0
0 13 3 3 4 2 4 3 4 4 0 0 0 1 0
0 5 2 4 0 3 3
0 9 0 4 4 2 3 4 1 4 3
0 7 1 4 4 0 1 1 0
0 11 3 4 4 3 1 3 3 3 4 3 0
1 12 3 3 0 0 4 4 0 2 1 0 3 3
1 12 4 1 0 1 0 2 3 2 2 3 3 1
0 10 3 0 1 4 3 1 1 3 0 3
1 11 1 3 2 4 4 4 1 1 3 0 3
0 7 4 0 3 3 3 4 4
0 7 4 0 1 1 3 4 0
1 11 4 3 3 4 1 0 3 0 1 1 3
0 19 4 1 1 2 1 4 1 1 3 2 3 4 3 4 1 3 4 3 4
1 9 0 3 0 1 3 0 0 2 2
1 18 0 4 2 0 0 0 2 3 1 1 2 1 2 3 1 1 2 1
0 19 4 1 1 2 1 4 1 1 3 2 3 4 3 4 1 3 4 3 4
0 19 0 3 2 4 0 1 3 3 1 0 1 1 1 1 2 3 1 3 1
1 13 2 1 3 3 2 3 3 3 3 3 3 3 3
0 8 2 3 2 3 2 2 2 4
1 8 3 1 2 1 3 3 3 3
0 6 1 3 3 3 0 2
0 10 1 4 4 4 2 2 0 3 3 4
0 6 1 0 3 0 4 1
1 9 3 4 3 3 3 2 3 1 3
0 9 3 4 2 0 2 0 4 0 2
1 5 4 3 3 1 2
0 19 0 3 1 0 0 2 1 4 2 1 2 4 2 4 1 1 3 3 1
1 8 0 4 0 0 2 1 2 1
1 10 0 4 4 0 1 4 4 3 2 3
0 23 1 4 0 0 3 3 1 0 0 2 0 2 2 3 1 2 2 0 2 2 0 1 2
1 7 4 1 2 0 0 3 1
0 6 4 2 4 3 0 0
1 8 3 3 3 3 2 2 3 2
1 6 4 3 0 0 2 1
1 27 4 0 0 0 3 2 4 4 3 3 4 4 1 1 0 3 3 3 4 3 2 2 0 3 0 2 2
0 6 4 4 3 0 0 0
1 11 2 3 2 1 0 3 2 1 3 3 3
0 19 0 3 3 4 1 4 4 1 1 4 4 4 4 4 1 3 0 3 1
0 9 4 3 4 3 2 3 3 1 3
1 10 0 4 4 2 4 1 1 3 0 2
1 47 0 4 4 2 4 1 4 1 4 4 1 1 3 2 4 1 1 4 4 1 1 4 4 3 2 4 4 3 2 4 1 1 4 1 4 1 3 2 4 1 4 1 1 3 3 2 3
1 15 4 3 4 0 3 3 3 3 3 3 3 3 3 3 3
1 9 1 4 0 0 2 0 1 3 1
0 12 1 3 3 1 4 2 0 3 3 3 3 3
0 7 4 0 1 1 3 4 0
0 15 4 4 2 2 0 0 3 3 3 3 3 3 3 4 3
0 5 1 4 1 3 2
1 11 3 2 3 3 3 2 2 2 2 1 3
0 7 3 3 1 2 0 4 2
1 10 3 0 3 1 3 3 1 2 0 4
0 4 3 2 2 4
1 12 0 3 2 4 3 2 4 1 1 3 0 0
1 15 4 3 4 0 3 3 3 3 3 3 3 3 3 3 3
1 7 2 1 4 4 3 4 1
1 47 0 4 4 2 4 1 4 1 4 4 1 1 3 2 4 1 1 4 4 1 1 4 4 3 2 4 4 3 2 4 1 1 4 1 4 1 3 2 4 1 4 1 1 3 3 2 3
0 6 4 0 4 2 2 0
1 17 1 3 2 4 1 1 1 4 3 3 0 0 2 1 3 3 4
1 11 1 3 2 4 3 2 4 3 3 2 1
0 7 1 4 0 0 0 3 2
0 5 1 1 2 3 1
0 18 3 0 3 0 0 2 1 3 4 2 3 1 0 4 4 0 1 3
1 13 0 4 4 3 4 3 2 3 2 3 2 3 2
0 7 4 2 1 1 2 0 0
0 6 4 1 1 4 1 2
0 13 1 4 2 1 3 0 0 2 0 4 1 3 4
1 22 1 4 4 3 3 4 3 1 4 2 4 1 1 3 3 2 1 0 0 0 0 0
0 6 0 3 2 0 3 2
0 7 2 2 3 0 2 0 1
1 15 1 4 4 0 1 4 2 1 4 2 1 4 2 3 1
1 5 2 3 2 0 1
1 8 4 4 1 3 0 0 3 4
0 9 0 3 4 3 2 3 2 3 2
0 10 4 4 2 3 0 0 2 0 2 3
0 13 0 4 2 3 4 0 0 4 3 2 3 0 2
1 10 0 3 3 0 0 0 0 1 0 0
0 16 0 2 4 1 1 4 4 1 3 3 0 1 4 2 0 2
1 6 2 2 1 0 0 4
0 4 2 4 1 0
1 8 0 4 4 3 1 2 3 1
1 9 3 0 3 0 2 3 3 3 1
0 15 0 1 2 4 0 2 2 0 1 2 3 1 4 1 1
1 11 2 1 3 1 0 1 0 0 1 4 2
0 8 0 3 3 3 0 1 1 3
1 10 4 0 3 0 0 0 0 2 4 2
0 7 4 2 2 0 3 3 3
1 6 4 0 0 0 3 3
0 30 1 3 2 4 4 1 3 1 1 3 2 4 1 4 3 1 0 1 3 2 4 4 4 4 3 3 1 4 0 3
1 6 2 0 3 2 4 1
1 6 1 4 4 0 3 1
0 5 2 0 3 4 0
0 11 1 3 2 4 4 4 3 1 2 3 1
1 8 2 0 1 3 1 0 4 1
1 9 4 1 3 1 2 3 3 2 3
0 7 2 3 2 4 4 2 2
1 15 4 3 2 1 4 3 4 3 4 3 4 1 1 1 1
1 11 4 0 0 0 0 3 0 0 3 2 0
0 5 3 0 4 4 4
1 29 1 3 2 4 4 4 3 0 0 0 1 1 2 0 0 1 1 2 2 3 1 1 2 0 1 3 1 1 0
1 12 4 4 3 1 3 4 1 2 0 2 0 2
1 9 3 3 3 2 1 3 3 3 3
0 19 0 3 1 0 0 2 1 4 2 1 2 4 2 4 1 1 3 3 1
1 9 0 3 2 4 1 4 3 0 2
1 11 4 0 0 0 0 3 0 0 3 2 0
0 11 4 2 3 3 3 0 3 3 3 3 3
1 7 0 4 0 0 3 1 1
0 6 0 1 3 3 2 3
0 6 1 0 2 3 4 3
0 10 3 3 1 3 0 2 4 1 2 0
1 9 2 2 1 0 1 1 1 3 1
1 14 4 4 1 1 0 3 1 3 0 2 4 3 3 4
0 6 1 3 1 3 3 3
0 4 0 4 4 0
1 15 0 3 3 1 4 3 1 4 0 1 3 0 0 2 2
0 9 2 3 1 1 3 0 3 0 1
0 4 0 3 1 1
1 7 4 4 3 4 3 0 3
0 4 4 0 4 1
1 21 1 4 4 0 1 4 4 2 4 1 3 0 1 4 0 0 0 2 2 2 1
0 8 1 3 3 1 4 3 2 2
1 8 1 3 0 0 4 3 2 3
0 14 2 1 0 3 3 1 3 1 1 1 3 1 2 4
1 7 0 3 0 0 4 0 2
1 45 1 4 4 2 4 1 1 3 2 4 1 4 3 2 4 4 1 1 4 4 1 1 4 1 1 1 1 4 3 2 4 3 2 4 1 4 3 2 4 4 1 4 3 0 2
0 5 3 0 1 2 0
0 6 2 0 0 3 1 0
1 12 0 3 2 4 3 2 4 3 3 3 0 4
1 29 0 4 4 2 4 3 2 4 4 4 4 1 1 3 2 4 1 4 4 4 1 4 4 4 1 3 3 0 2
0 13 3 3 3 3 3 1 3 3 1 3 3 3 3
1 13 2 3 3 0 4 3 3 2 3 4 4 4 3
0 9 4 4 3 0 0 2 0 1 0
0 6 1 3 1 3 3 3
0 30 1 3 2 4 4 1 3 1 1 3 2 4 1 4 3 1 0 1 3 2 4 4 4 4 3 3 1 4 0 3
0 5 0 0 4 0 2
1 12 0 4 4 2 4 3 3 2 3 0 0 0
1 13 3 3 0 0 3 2 3 1 3 4 2 3 1
1 8 2 1 3 3 0 2 0 3
1 11 0 3 3 2 1 0 0 0 0 0 0
1 8 4 3 3 4 2 3 0 3
1 12 2 3 0 3 0 4 3 0 0 4 3 4
1 13 0 4 4 0 1 4 4 2 4 1 3 3 1
1 16 1 3 3 1 2 0 4 3 3 4 2 4 3 3 2 3
0 6 1 4 3 0 1 3
0 6 1 4 4 2 3 1
1 12 0 3 2 4 4 1 4 1 3 3 0 2
1 6 4 2 3 2 3 3
0 6 3 4 3 0 4 1
0 5 4 0 4 2 1
0 9 2 1 3 4 3 4 4 4 3
1 11 0 3 3 2 1 0 0 0 0 0 0
1 9 4 3 4 1 3 0 0 3 3
0 34 1 4 0 1 4 3 1 0 2 3 1 2 3 1 1 2 1 0 0 1 0 2 2 3 2 3 1 3 1 0 3 1 0 0
1 13 3 3 3 2 2 2 3 3 3 3 2 2 1
1 5 1 4 4 0 3
0 9 3 3 3 2 2 0 1 3 3
1 9 1 4 0 0 2 0 1 3 1
1 6 1 4 4 0 3 1
1 10 1 3 2 4 3 0 1 4 2 2
1 14 1 4 4 2 4 1 4 3 2 4 4 3 0 2
0 10 1 1 4 2 4 3 3 3 0 4
1 5 4 3 0 0 2
0 8 1 3 0 3 4 2 3 0
1 11 1 3 2 4 3 2 4 3 3 2 1
0 5 2 0 0 3 2
1 39 1 3 2 4 4 4 3 2 4 1 3 3 3 2 0 0 0 0 3 1 3 1 3 1 1 2 1 0 0 2 1 0 0 3 1 0 3 1 2
0 4 1 0 2 2
0 8 3 2 1 1 3 0 3 1
0 9 3 3 3 3 0 3 3 3 2
1 11 3 1 3 3 2 2 1 3 3 3 3
1 10 0 4 4 2 4 1 1 3 0 2
0 3 1 3 0
1 4 3 4 0 1
1 5 4 4 2 3 0
1 21 1 4 4 2 4 1 3 2 4 4 4 1 4 4 1 4 3 3 1 2 2
1 18 4 4 3 1 2 1 4 1 3 4 1 3 4 1 3 4 3 4
0 4 2 3 2 3
1 10 1 3 3 0 0 4 0 0 0 0
1 13 1 4 4 0 1 4 0 0 0 3 1 2 1
0 12 4 4 2 4 1 1 4 3 4 3 2 1
0 5 1 3 1 1 4
1 15 0 3 0 0 4 2 4 4 1 4 4 3 3 2 1
0 13 3 3 3 3 3 1 3 3 1 3 3 3 3
0 4 3 4 4 3
1 11 4 4 2 1 4 1 1 4 4 2 0
1 7 3 0 4 3 3 3 4
0 6 2 3 4 3 0 2
1 15 0 3 2 4 1 1 1 4 1 1 4 1 3 0 2
1 30 1 4 4 0 1 3 2 4 1 1 4 1 3 3 0 1 4 0 0 0 2 3 1 1 1 1 0 3 1 0
1 8 3 2 1 1 3 0 2 1
0 6 0 4 0 2 0 1
1 6 0 4 0 0 2 1
0 33 1 3 2 4 4 1 1 4 4 3 3 1 0 1 2 3 1 3 1 1 3 1 0 0 1 1 3 1 3 1 0 0 1
1 7 3 0 4 3 3 3 4
1 10 1 3 3 4 3 2 3 2 3 2
0 8 3 4 2 0 4 3 2 2
0 12 1 3 1 1 3 3 1 3 0 0 2 2
0 12 2 3 3 1 0 3 3 1 3 1 1 0
0 8 1 3 4 4 0 2 1 4
0 9 1 4 4 0 4 3 4 3 1
1 8 0 4 4 3 4 3 2 3
0 5 2 3 2 2 2
1 8 3 3 0 0 0 4 3 3
0 6 3 0 0 3 4 3
1 17 0 3 2 4 3 2 4 3 2 4 4 1 3 3 2 3 0
0 6 1 3 2 0 3 0
1 10 4 3 3 3 0 3 3 2 3 3
0 15 2 1 3 2 3 3 1 3 4 1 3 2 3 2 1
0 9 2 3 1 1 3 0 3 0 1
0 29 0 4 4 2 4 4 3 2 4 3 1 4 0 1 1 1 0 0 1 2 0 0 1 1 0 0 2 0 1
1 11 4 1 1 4 0 3 0 2 3 3 3
0 15 2 0 1 4 3 2 1 3 2 2 4 1 2 4 2
1 9 3 3 3 2 2 2 2 3 1
1 9 3 4 3 3 3 2 3 1 3
0 11 2 3 0 0 0 4 1 3 3 3 0
1 7 4 1 1 3 1 4 1
0 4 1 1 3 3
1 10 0 3 0 1 3 2 4 3 0 3
1 10 1 3 2 4 1 4 3 3 0 3
1 11 1 3 2 4 1 3 2 4 3 0 2
1 16 1 3 3 1 2 0 4 3 3 4 2 4 3 3 2 3
1 13 0 4 4 3 4 3 2 3 2 3 2 3 2
0 4 2 1 0 4
1 12 4 3 2 1 4 1 3 4 1 1 3 4
0 8 0 4 3 0 2 2 3 1
0 12 0 2 0 1 4 4 4 3 3 0 2 0
1 14 1 3 3 1 0 0 2 1 2 3 1 1 1 1
1 5 3 2 3 4 0
0 7 0 3 1 4 4 3 1
1 10 1 3 3 3 2 2 3 0 0 0
0 22 4 0 0 3 3 3 3 1 3 1 3 3 2 3 0 3 2 0 0 0 4 3
0 4 4 2 1 1
0 10 3 3 0 2 1 3 2 3 3 0
1 5 4 3 4 1 0
1 12 0 3 2 4 4 1 4 1 3 3 0 2
0 5 0 3 3 2 0
1 9 0 3 0 1 3 0 0 2 2
0 34 1 4 0 1 4 3 1 0 2 3 1 2 3 1 1 2 1 0 0 1 0 2 2 3 2 3 1 3 1 0 3 1 0 0
0 4 0 1 4 4
1 16 0 3 0 1 3 2 4 3 3 1 2 1 4 2 3 1
1 11 4 1 1 4 3 1 0 2 1 3 1
1 10 3 4 3 1 3 0 1 3 1 3
0 4 2 1 4 1
1 7 2 1 3 1 3 1 3
0 6 3 2 2 2 3 1
1 14 1 3 2 4 4 1 3 2 4 1 4 3 0 2
1 8 3 0 3 1 3 3 4 1
1 8 3 3 3 3 3 3 1 3
1 9 3 1 3 2 3 3 2 3 3
1 10 1 4 4 2 4 3 3 1 2 0
0 11 4 2 3 3 2 2 3 3 1 3 3
0 8 0 1 2 3 0 1 0 3
1 13 1 4 4 0 1 4 0 0 0 3 1 2 1
1 15 1 4 0 1 1 1 3 1 3 1 1 1 3 1 0
0 9 4 3 4 3 2 3 3 1 3
0 9 2 4 2 3 0 2 3 2 1
1 9 4 0 3 1 4 4 4 0 0
1 5 3 0 3 2 3
1 11 1 3 2 4 4 1 4 1 3 3 1
1 16 1 3 2 4 3 3 1 2 0 0 1 1 2 2 2 0
1 6 4 3 3 1 4 0
1 8 0 4 4 2 4 3 0 2
1 6 1 3 3 0 0 0
1 9 2 3 3 2 3 3 3 1 3
0 8 4 3 3 3 2 3 2 4
1 3 3 1 2
0 4 4 1 1 1
0 11 0 4 3 4 1 0 1 0 3 2 1
0 11 0 4 3 4 1 0 1 0 3 2 1
1 11 3 2 1 4 3 3 2 2 1 3 3
1 21 1 4 4 2 4 4 3 0 1 4 0 0 0 0 2 3 1 2 2 2 1
1 9 4 3 4 1 3 0 0 3 3
0 7 1 1 4 1 2 1 4
1 16 4 4 2 4 4 1 1 3 3 1 4 0 3 3 3 3
1 7 1 3 0 0 4 0 2
0 16 2 4 0 1 0 4 0 3 3 2 3 3 3 3 3 4
1 10 1 3 2 4 3 0 1 4 2 2
1 8 0 4 0 1 1 2 2 0
1 17 0 3 0 1 4 0 0 0 2 2 0 2 0 1 0 2 1
0 4 4 2 1 1
1 5 4 3 4 1 0
0 13 1 0 4 2 4 1 1 2 1 1 3 3 1
0 9 1 3 2 4 4 4 3 3 2
1 11 1 4 4 2 4 1 3 3 2 3 0
1 9 4 2 0 2 2 2 2 3 3
1 6 4 2 3 2 3 3
1 9 4 0 3 1 4 4 4 0 0
1 4 3 4 0 1
1 6 1 4 2 0 2 0
0 7 1 3 3 3 2 1 4
0 5 3 4 4 0 2
0 4 2 0 3 4
1 7 4 4 1 3 2 0 0
1 9 2 0 3 1 1 3 3 3 3
0 8 0 3 3 3 0 1 1 3
1 10 2 3 0 3 1 3 0 0 1 2
0 9 2 2 3 1 1 1 2 3 1
0 6 4 0 3 4 1 4
1 18 0 4 4 2 4 4 4 4 3 2 4 4 3 2 4 3 3 4
0 5 0 3 3 1 2
1 6 2 1 4 3 3 0
0 6 1 3 3 3 0 2
1 14 4 4 1 1 0 3 1 3 0 2 4 3 3 4
0 7 1 3 0 2 0 2 2
0 14 0 2 4 1 4 3 2 4 3 2 4 0 3 1
0 13 1 1 4 3 3 2 3 3 2 3 0 0 2
0 12 2 3 3 1 0 3 3 1 3 1 1 0
1 11 1 3 2 4 4 4 1 1 3 0 3
0 12 3 1 2 3 2 4 3 3 3 1 3 3
1 19 4 3 1 4 4 2 2 2 1 2 1 4 1 3 4 1 1 3 4
1 9 1 3 2 4 4 3 0 0 0
0 12 4 1 0 1 1 0 2 0 3 3 1 4
1 10 0 3 2 4 1 1 1 3 3 4
1 7 2 1 4 4 3 4 1
1 13 0 4 4 2 4 1 1 3 3 3 2 0 2
0 5 0 2 0 2 2
0 31 0 0 4 0 1 1 2 3 1 0 3 1 0 0 1 0 2 3 2 3 1 1 3 1 1 2 3 1 1 1 1
1 35 1 4 4 2 4 3 3 1 0 0 0 1 3 1 2 0 1 0 2 0 0 0 3 1 0 3 1 0 1 1 1 3 1 0 1
1 6 4 1 1 3 4 3
1 27 0 4 0 1 1 3 1 0 3 1 0 1 3 1 2 2 1 3 1 1 2 3 1 0 1 3 1
0 15 1 3 4 2 4 3 4 1 3 4 4 4 3 0 0
0 16 2 4 0 1 0 4 0 3 3 2 3 3 3 3 3 4
1 5 4 1 3 1 1
1 8 4 0 0 3 0 3 1 3
0 7 0 2 3 3 4 3 3
1 8 1 3 3 1 4 3 0 2
0 7 0 3 1 4 4 3 1
1 7 4 4 3 4 3 0 3
0 4 0 4 4 0
0 8 3 4 2 0 4 3 2 2
0 15 2 3 0 3 3 0 3 2 3 2 3 2 2 3 2
1 11 1 4 4 2 4 1 3 3 2 3 0
1 6 0 4 0 0 2 1
0 6 1 4 3 0 1 3
0 8 4 1 4 4 2 4 4 1
0 15 2 1 3 2 3 3 1 3 4 1 3 2 3 2 1
1 23 0 3 2 4 4 1 4 4 3 2 4 3 2 4 1 4 4 3 2 4 3 0 2
1 11 3 4 3 0 0 3 2 4 4 4 3
1 9 2 3 0 3 2 2 2 1 3
0 16 0 2 4 1 1 4 4 1 3 3 0 1 4 2 0 2
0 6 3 4 3 3 4 0
0 7 2 3 4 2 3 1 3
0 6 1 0 0 0 0 4
0 15 2 3 0 3 3 0 3 2 3 2 3 2 2 3 2
0 7 4 2 1 1 2 0 0
1 7 3 1 2 2 3 3 3
1 6 1 3 3 0 0 0
0 20 0 3 3 4 4 4 4 4 1 3 2 4 4 3 2 4 3 0 3 1
0 7 4 4 3 2 4 2 1
1 10 1 3 3 3 2 2 3 0 0 0
1 5 2 3 4 4 0
0 10 3 0 3 3 1 3 3 3 3 1
0 29 0 1 3 0 1 3 2 4 4 1 1 4 3 2 4 4 1 4 3 2 4 1 1 3 3 2 3 0 4
0 4 2 1 4 1
0 5 0 1 4 2 2
0 5 1 3 1 1 4
1 6 3 0 3 2 1 3
0 6 4 1 4 3 1 3
1 13 0 4 4 0 1 4 4 2 4 1 3 3 1
0 34 1 3 2 4 4 3 1 4 2 4 4 4 4 3 2 4 3 2 1 1 2 4 3 0 1 4 2 0 0 3 1 2 3 1
0 7 4 2 0 3 3 1 3
1 6 1 4 4 3 0 2
1 17 4 0 0 3 3 3 4 1 0 2 3 3 0 2 0 1 2
1 12 0 3 2 4 3 2 4 3 3 3 0 4
1 8 3 3 4 2 3 3 1 3
1 8 3 0 3 1 3 3 1 4
0 9 2 3 3 1 3 2 3 3 3
0 5 1 1 0 3 4
0 19 0 3 2 4 0 1 3 3 1 0 1 1 1 1 2 3 1 3 1
1 19 1 3 3 3 2 2 3 0 0 0 0 0 0 0 0 0 0 0 0
0 7 4 3 4 0 0 3 4
0 5 4 1 3 2 3
0 5 0 2 0 2 2
0 5 2 3 2 2 2
1 14 1 3 0 1 3 2 4 3 3 3 4 3 4 3
0 8 4 2 0 0 2 2 3 3
1 10 3 0 3 4 0 3 2 3 4 2
1 7 4 1 1 3 1 4 1
0 3 4 4 0
1 11 4 3 3 4 1 0 3 0 1 1 3
1 10 0 3 0 1 3 2 4 3 0 3
0 7 0 0 0 2 2 3 1
0 6 1 4 2 1 1 4
0 5 1 4 1 3 2
1 11 1 3 2 4 4 3 2 4 3 0 2
1 9 3 0 3 1 3 0 2 2 0
0 12 3 2 3 0 3 0 0 0 3 4 3 2
0 14 0 3 2 0 1 0 0 0 2 3 1 3 3 1
0 8 0 1 2 3 0 1 0 3
1 7 0 3 0 1 3 0 3
0 13 1 0 4 2 4 1 1 2 1 1 3 3 1
0 6 4 3 1 1 4 3
1 11 3 2 3 3 3 2 2 2 2 1 3
0 10 1 4 4 4 2 2 0 3 3 4
0 6 4 3 1 1 4 3
1 11 2 3 0 3 0 4 3 0 1 3 1
1 20 0 3 0 0 0 1 1 2 3 1 3 1 2 3 1 2 1 3 1 2
1 7 0 3 0 0 4 0 2
0 5 3 4 4 0 2
1 16 0 3 0 1 3 2 4 3 3 1 2 1 4 2 3 1
1 15 1 3 0 1 4 0 0 1 0 2 0 3 1 2 0
0 12 1 3 3 1 4 2 0 3 3 3 3 3
1 27 0 4 0 1 1 3 1 0 3 1 0 1 3 1 2 2 1 3 1 1 2 3 1 0 1 3 1
1 4 3 4 0 1
1 7 0 4 0 0 3 1 1
1 15 0 3 0 0 4 2 4 4 1 4 4 3 3 2 1
1 18 0 4 2 0 0 0 2 3 1 1 2 1 2 3 1 1 2 1
1 6 3 0 3 2 1 3
0 34 1 4 3 0 4 2 4 3 2 4 1 2 1 1 3 2 4 4 4 4 4 1 1 1 3 3 2 0 0 0 0 4 0 0
1 6 4 1 1 3 4 4
1 8 0 4 0 0 0 2 0 0
0 12 3 2 3 0 3 0 0 0 3 4 3 2
0 12 4 4 2 4 1 1 4 3 4 3 2 1
1 22 1 4 0 0 0 0 1 2 3 1 3 1 2 0 3 1 0 0 0 0 2 1
1 7 3 3 2 1 3 3 3
1 21 0 4 0 1 1 2 2 1 3 1 3 1 0 3 1 2 3 1 2 3 1
0 10 1 4 4 0 0 2 0 3 2 1
1 11 1 3 2 4 1 4 4 3 3 4 3
1 24 0 4 2 0 0 1 1 2 0 1 3 1 3 1 3 1 0 1 3 1 0 3 1 1
0 5 1 3 2 2 1
1 19 0 4 4 2 4 1 3 2 4 1 4 3 3 2 1 0 0 0 0
1 7 4 1 0 2 0 3 1
1 17 1 3 2 4 1 1 1 4 3 3 0 0 2 1 3 3 4
0 10 1 4 4 0 0 2 0 3 2 1
0 9 4 4 3 0 0 2 0 1 0
0 5 1 3 4 2 2
0 4 1 3 2 2
0 5 0 3 3 1 2
1 7 3 2 1 4 1 1 4
0 10 4 4 2 3 0 0 2 0 2 3
0 4 4 2 0 4
0 4 4 0 4 1
0 5 3 4 0 4 4
1 6 4 3 0 0 2 1
1 9 4 2 0 2 2 2 2 3 3
1 10 1 3 2 4 1 3 3 1 2 2
0 4 4 0 3 0
0 6 0 4 2 2 2 0
1 8 3 3 3 3 3 3 1 3
1 10 1 3 3 3 2 3 0 2 1 0
0 8 0 4 2 4 3 3 3 1
1 14 1 4 4 3 4 3 2 3 2 3 2 3 2 3
0 6 4 2 4 3 0 0
0 13 1 1 4 3 3 2 3 3 2 3 0 0 2
0 5 3 2 3 0 1
1 8 3 2 1 1 3 0 2 1
0 5 1 4 3 2 4
0 13 0 4 2 3 4 0 0 4 3 2 3 0 2
0 6 3 0 0 1 1 3
1 10 4 3 3 3 0 3 3 2 3 3
1 8 4 4 1 3 4 1 4 2
1 21 1 4 4 0 1 4 4 2 4 1 3 0 1 4 0 0 0 2 2 2 1
0 19 0 3 2 4 1 4 3 2 1 0 0 0 0 0 0 0 0 0 0
0 5 2 0 0 3 2
1 9 3 3 3 2 1 3 3 3 3
0 6 2 0 0 3 1 0
0 11 4 0 0 3 2 4 1 1 3 4 3
1 17 1 3 2 4 3 2 4 1 4 4 3 3 4 3 2 3 2
1 9 0 3 2 4 1 4 3 0 2
0 6 1 0 0 0 0 4
0 12 3 1 2 3 2 4 3 3 3 1 3 3
1 18 1 3 2 4 3 0 1 3 2 4 3 0 0 0 1 1 1 2
0 4 2 4 0 2
1 11 4 4 2 1 4 1 1 4 4 2 0
1 14 1 3 2 4 4 1 3 2 4 1 4 3 0 2
0 5 3 0 1 2 0
0 21 1 4 4 2 2 1 4 3 1 4 1 2 3 0 4 3 4 3 4 3 4
0 10 4 2 2 3 3 2 3 4 3 4
1 22 1 3 2 4 4 3 2 4 1 1 3 2 4 4 1 4 1 1 3 0 3 1
0 6 3 2 3 0 4 4
0 6 0 4 2 2 2 0
0 9 0 4 4 2 3 4 1 4 3
0 34 1 4 3 0 4 2 4 3 2 4 1 2 1 1 3 2 4 4 4 4 4 1 1 1 3 3 2 0 0 0 0 4 0 0
1 28 0 4 2 0 0 1 1 0 1 2 3 1 2 3 1 1 0 0 0 0 0 3 1 1 3 1 3 1
0 11 0 0 0 1 4 3 3 0 4 2 1
1 39 1 3 2 4 4 4 3 2 4 1 3 3 3 2 0 0 0 0 3 1 3 1 3 1 1 2 1 0 0 2 1 0 0 3 1 0 3 1 2
1 11 3 3 4 0 3 2 0 0 2 0 0
0 6 0 3 3 3 0 2
0 6 0 3 1 3 0 0
1 19 1 4 0 1 1 0 3 1 2 2 1 3 1 2 3 1 1 3 1
1 11 2 1 0 4 1 4 1 1 3 4 0
0 4 2 1 4 1
1 7 3 2 4 3 3 3 4
0 4 4 2 0 4
0 11 2 3 0 0 0 4 1 3 3 3 0
1 6 0 4 4 0 0 0
1 17 1 4 4 2 4 4 4 1 3 0 0 0 0 2 2 1 0
1 10 1 3 2 4 1 1 3 3 2 1
0 34 1 3 2 4 4 3 1 4 2 4 4 4 4 3 2 4 3 2 1 1 2 4 3 0 1 4 2 0 0 3 1 2 3 1
0 9 1 2 3 3 1 3 0 0 2
0 7 0 0 0 2 2 3 1
1 7 4 4 1 3 2 1 2
0 14 2 1 0 3 3 1 3 1 1 1 3 1 2 4
0 36 0 3 3 0 0 0 4 1 3 1 1 0 1 3 1 3 1 0 3 1 2 3 1 1 2 1 2 1 3 1 1 2 0 3 1 1
0 6 4 3 0 2 0 0
0 6 3 4 3 0 4 1
1 9 3 4 3 1 3 4 3 4 2
1 8 4 4 1 3 0 0 3 4
0 13 4 2 4 2 1 4 1 2 2 1 0 3 3
1 11 4 1 1 0 1 2 3 2 1 3 3
0 11 4 2 3 3 3 0 3 3 3 3 3
1 9 4 1 3 1 2 3 3 2 3
1 23 1 4 4 2 4 4 4 1 3 2 4 1 4 3 0 1 3 0 1 3 0 3 1
0 7 4 0 3 3 3 4 4
1 13 0 3 2 4 1 1 4 1 3 3 2 3 0
1 9 2 3 3 2 3 3 3 1 3
1 10 1 3 3 4 3 2 3 2 3 2
1 8 1 3 0 0 4 3 2 3
0 7 1 3 0 2 0 2 2
0 3 4 4 0
0 5 1 1 4 3 0
1 10 1 3 3 3 2 3 0 2 1 0
0 11 3 4 4 3 1 3 3 3 4 3 0
0 6 4 1 2 3 4 3
0 15 3 3 4 2 3 3 2 2 2 4 2 3 3 3 3
1 8 0 4 4 3 1 2 3 1
1 10 3 4 1 1 3 4 2 3 3 4
0 21 1 4 4 2 2 1 4 3 1 4 1 2 3 0 4 3 4 3 4 3 4
1 7 0 3 0 0 2 3 1
0 4 1 0 2 2
1 9 4 4 2 2 3 3 4 4 4
1 8 0 4 4 2 4 3 0 2
0 11 1 3 0 0 0 2 2 3 0 1 1
1 11 4 1 1 0 1 2 3 2 1 3 3
1 12 1 3 2 4 1 4 4 3 3 4 3 2
1 13 1 3 2 4 3 2 4 4 3 3 2 3 0
1 15 0 3 3 1 4 3 1 4 0 1 3 0 0 2 2
1 16 1 3 2 4 3 3 1 2 0 0 1 1 2 2 2 0
1 12 1 3 2 4 1 4 4 3 3 4 3 2
1 12 1 3 2 4 4 4 4 4 3 0 3 1
0 11 4 2 4 1 1 2 3 2 4 1 2
0 20 4 4 2 1 4 0 1 1 1 0 3 1 2 1 3 1 2 1 1 1
0 4 3 2 0 2
0 7 3 2 2 3 0 1 3
0 6 3 2 2 2 3 1
1 6 1 3 3 0 1 4
1 11 3 3 4 0 3 2 0 0 2 0 0
0 9 2 3 3 1 3 2 3 3 3
0 5 1 3 4 2 2
1 11 4 4 3 1 2 1 4 3 4 1 1
1 3 3 1 2
1 8 2 3 1 3 2 3 1 3
1 10 1 4 4 2 4 3 3 1 2 0
0 11 0 3 2 4 1 4 4 4 1 3 4
0 7 1 4 4 0 1 1 0
1 11 2 1 3 1 0 1 0 0 1 4 2
1 8 0 4 0 0 0 2 0 0
1 30 1 4 4 0 1 3 2 4 1 1 4 1 3 3 0 1 4 0 0 0 2 3 1 1 1 1 0 3 1 0
1 6 4 0 3 0 0 2
1 10 1 3 3 0 0 4 0 0 0 0
1 9 4 0 0 0 0 3 3 0 2
1 10 3 1 3 3 2 3 1 3 3 3
0 29 0 1 3 0 1 3 2 4 4 1 1 4 3 2 4 4 1 4 3 2 4 1 1 3 3 2 3 0 4
0 14 1 4 2 4 4 2 0 0 1 0 1 0 1 1
1 5 4 3 0 0 2
0 14 1 4 2 4 4 2 0 0 1 0 1 0 1 1
0 11 4 2 4 1 1 2 3 2 4 1 2
1 6 1 4 4 0 3 1
1 20 0 3 2 4 1 1 3 2 4 1 3 3 3 4 2 4 3 0 0 0
0 9 1 4 3 3 2 3 0 2 1
1 7 3 2 4 3 3 3 4
1 5 1 4 4 0 3
1 11 2 3 2 1 0 3 2 1 3 3 3
1 16 4 4 2 4 4 1 1 3 3 1 4 0 3 3 3 3
0 3 2 0 2
1 7 2 3 0 3 0 4 3
1 10 1 3 0 1 4 0 0 0 2 0
1 10 3 1 3 3 2 3 1 3 3 3
1 8 4 4 1 3 4 1 4 2
0 9 3 4 2 0 2 0 4 0 2
1 5 3 2 3 4 0
0 13 2 0 1 3 3 4 3 3 0 1 2 3 3
0 6 4 1 4 3 1 3
0 5 1 3 2 2 1
1 11 1 3 2 4 4 1 4 1 3 3 1
0 11 4 3 1 1 4 1 3 4 1 3 4
0 6 4 1 1 4 1 2
0 7 4 3 4 0 0 3 4
0 6 4 4 3 0 0 0
1 7 2 3 0 3 0 4 3
1 9 3 0 3 1 3 0 2 2 0
0 8 3 2 4 3 1 3 1 4
1 13 0 3 2 4 1 1 4 1 3 3 2 3 0
0 5 2 4 4 3 2
1 8 2 1 0 2 4 2 3 4
1 7 4 4 1 3 2 0 0
0 9 0 3 0 0 4 2 3 3 4
1 13 0 3 3 3 2 1 0 1 1 3 1 0 1
1 10 0 3 3 0 0 0 0 1 0 0
1 24 0 4 2 0 0 1 1 2 0 1 3 1 3 1 3 1 0 1 3 1 0 3 1 1
1 8 2 1 3 3 0 2 0 3
0 5 0 3 3 2 0
1 20 0 4 4 2 4 3 2 4 3 3 3 4 3 4 3 2 3 2 3 2
0 5 3 0 4 4 4
1 6 0 3 3 1 0 0
0 13 3 3 4 2 4 3 4 4 0 0 0 1 0
0 4 4 1 1 1
0 6 0 3 1 4 3 4
0 23 1 4 0 0 3 3 1 0 0 2 0 2 2 3 1 2 2 0 2 2 0 1 2
1 12 4 3 2 1 4 1 3 4 1 1 3 4
0 4 2 0 3 4
1 12 3 3 0 0 4 4 0 2 1 0 3 3
1 6 2 0 3 2 4 1
0 6 3 2 3 0 4 4
1 13 3 3 3 2 2 2 3 3 3 3 2 2 1
0 4 1 3 2 2
0 8 4 3 3 3 2 3 2 4
1 8 2 1 0 2 4 2 3 4
0 4 4 0 1 2
1 11 3 1 3 3 2 2 1 3 3 3 3
1 6 1 4 4 3 0 2
0 7 1 1 4 1 2 1 4
1 14 0 3 2 4 1 4 4 4 3 2 4 3 0 2
0 24 0 3 1 3 0 4 1 3 0 0 0 1 1 3 1 0 3 1 0 3 1 3 3 1
1 19 1 3 3 3 2 2 3 0 0 0 0 0 0 0 0 0 0 0 0
0 6 4 0 4 2 2 0
1 7 3 3 2 1 3 3 3
1 9 2 0 3 1 1 3 3 3 3
0 8 3 2 4 3 1 3 1 4
0 11 1 2 3 2 2 2 2 3 2 0 3
0 8 0 3 0 2 3 3 3 2
1 11 3 2 1 4 3 1 3 0 2 4 0
1 5 2 3 4 0 4
1 13 0 3 3 3 2 1 0 1 1 3 1 0 1
0 17 0 3 0 4 0 0 0 1 4 0 3 1 3 1 2 3 1
0 5 0 4 2 2 3
1 6 1 4 0 0 3 1
0 13 1 4 2 1 3 0 0 2 0 4 1 3 4
1 5 3 0 3 2 3
0 8 0 1 0 3 3 0 0 3
0 4 2 3 2 3
1 3 3 1 2
0 17 0 3 0 4 0 0 0 1 4 0 3 1 3 1 2 3 1
0 13 0 0 1 3 2 2 3 1 0 0 0 0 0
0 4 0 1 4 4
0 4 0 3 1 1
0 4 4 2 2 0
0 5 0 4 3 0 3
0 8 1 3 3 2 4 2 2 3
0 8 3 2 1 1 3 0 3 1
0 5 0 3 1 3 3
1 12 1 3 2 4 4 4 4 4 3 0 3 1
0 5 3 3 2 0 0
1 12 3 3 4 4 3 4 3 1 3 4 1 2
1 14 1 4 4 3 4 3 2 3 2 3 2 3 2 3
0 6 1 3 2 0 3 0
0 4 4 2 2 0
1 9 4 0 0 0 0 3 3 0 2
1 23 1 4 4 2 4 4 4 1 3 2 4 1 4 3 0 1 3 0 1 3 0 3 1
1 7 4 4 1 3 2 1 2
0 6 1 4 2 1 1 4
1 10 1 3 2 4 1 4 3 3 0 3
1 9 2 0 3 3 3 2 1 3 3
1 9 2 0 3 3 3 2 1 3 3
1 17 0 3 0 1 4 0 0 0 2 2 0 2 0 1 0 2 1
1 11 4 1 1 4 0 3 0 2 3 3 3
1 11 1 3 2 4 4 1 4 3 3 2 3
1 14 1 3 2 4 3 3 2 1 0 0 0 0 0 0
1 8 3 0 3 1 3 3 1 4
0 8 0 1 3 3 4 0 3 1
1 17 0 3 2 4 3 2 4 3 2 4 4 1 3 3 2 3 0
1 6 4 3 3 1 4 0
1 11 4 4 3 1 2 1 4 3 4 1 1
1 29 1 3 2 4 4 4 3 0 0 0 1 1 2 0 0 1 1 2 2 3 1 1 2 0 1 3 1 1 0
1 15 0 3 2 4 1 1 1 4 1 1 4 1 3 0 2
0 6 4 3 3 1 1 4
0 11 1 3 2 4 3 3 3 2 4 2 3
0 11 3 2 4 3 3 3 2 1 1 2 3
0 13 0 0 1 3 2 2 3 1 0 0 0 0 0
0 6 3 2 2 1 4 4
0 12 4 1 0 1 1 0 2 0 3 3 1 4
1 7 0 3 0 0 2 3 1
1 11 1 3 2 4 1 1 1 3 3 2 3
1 10 1 3 2 4 3 2 4 3 0 3
1 7 2 1 3 1 3 1 3
1 6 0 3 3 1 0 0
0 9 1 4 4 0 4 3 4 3 1
0 17 3 3 0 4 3 4 3 3 2 0 3 2 3 3 3 3 3
0 19 0 3 3 4 1 4 4 1 1 4 4 4 4 4 1 3 0 3 1
1 8 0 4 4 3 4 3 2 3
1 8 4 4 3 4 2 3 3 0
1 18 4 4 3 1 2 1 4 1 3 4 1 3 4 1 3 4 3 4
0 29 0 4 4 2 4 4 3 2 4 3 1 4 0 1 1 1 0 0 1 2 0 0 1 1 0 0 2 0 1
0 10 1 1 4 2 4 3 3 3 0 4
1 4 2 0 1 4
1 6 3 1 2 3 1 3
1 13 3 3 0 0 3 2 3 1 3 4 2 3 1
1 27 4 0 0 0 3 2 4 4 3 3 4 4 1 1 0 3 3 3 4 3 2 2 0 3 0 2 2
1 6 1 4 4 0 0 0
1 10 3 0 3 4 0 3 2 3 4 2
0 5 2 4 2 2 3
0 5 4 1 3 2 3
1 14 1 3 0 1 3 2 4 3 3 3 4 3 4 3
1 9 2 2 1 0 1 1 1 3 1
0 8 0 3 2 3 3 3 2 1
0 11 4 3 1 1 4 1 3 4 1 3 4
1 20 0 3 0 0 0 1 1 2 3 1 3 1 2 3 1 2 1 3 1 2
1 22 1 4 4 3 3 4 3 1 4 2 4 1 1 3 3 2 1 0 0 0 0 0
0 13 2 0 1 3 3 4 3 3 0 1 2 3 3
0 9 0 3 0 0 4 2 3 3 4
1 14 1 3 2 4 1 3 3 3 2 1 2 0 2 2
0 5 4 4 0 2 0
0 12 3 4 3 0 3 3 3 1 3 3 3 3
0 5 3 3 1 3 2
1 15 1 4 4 0 1 4 2 1 4 2 1 4 2 3 1
0 6 1 0 2 3 4 3
0 12 1 3 2 4 3 1 3 4 2 3 3 0
1 8 3 3 0 0 0 4 3 3
1 8 2 0 1 3 1 0 4 1
0 6 1 3 2 4 4 1
1 6 0 3 0 0 2 0
0 5 4 4 0 2 0
1 45 1 4 4 2 4 1 1 3 2 4 1 4 3 2 4 4 1 1 4 4 1 1 4 1 1 1 1 4 3 2 4 3 2 4 1 4 3 2 4 4 1 4 3 0 2
1 10 3 0 3 1 3 3 1 2 0 4
1 6 3 1 2 3 1 3
0 11 1 3 0 0 0 2 2 3 0 1 1
1 19 0 4 4 2 4 1 3 2 4 1 4 3 3 2 1 0 0 0 0
0 12 3 4 3 0 3 3 3 1 3 3 3 3
1 9 4 4 2 2 3 3 4 4 4
0 9 3 3 3 2 2 0 1 3 3
1 9 3 4 3 1 3 4 3 4 2
1 12 2 3 4 3 2 2 3 1 3 3 3 3
0 17 1 2 3 0 1 3 0 1 3 0 1 4 4 0 0 0 0
0 17 3 3 0 4 3 4 3 3 2 0 3 2 3 3 3 3 3
1 8 4 4 3 4 2 3 3 0
0 7 3 4 2 3 3 2 2
0 9 2 4 2 3 0 2 3 2 1
1 17 1 3 2 4 3 2 4 1 4 4 3 3 4 3 2 3 2
1 15 1 4 0 1 1 3 1 1 1 0 3 1 0 0 0
0 9 3 3 3 3 0 3 3 3 2
0 9 2 1 3 4 3 4 4 4 3
1 6 4 1 1 3 4 3
1 5 4 3 3 1 2
1 7 0 4 4 3 2 1 0
0 4 2 1 0 4
0 7 3 4 2 3 3 2 2
0 13 4 2 4 2 1 4 1 2 2 1 0 3 3
0 7 4 2 0 3 3 1 3
0 8 0 0 0 0 0 2 3 1
1 22 1 3 2 4 4 3 2 4 1 1 3 2 4 4 1 4 1 1 3 0 3 1
0 3 2 0 2
0 12 1 3 1 1 3 3 1 3 0 0 2 2
0 8 0 1 3 3 4 0 3 1
1 5 2 3 4 0 4
1 19 1 4 0 1 1 0 3 1 2 2 1 3 1 2 3 1 1 3 1
0 7 1 4 0 0 0 3 2
1 10 1 3 2 4 1 1 3 3 2 1
0 5 2 4 4 3 2
0 5 0 4 2 2 3
0 6 1 4 4 2 3 1
1 11 2 1 0 4 1 4 1 1 3 4 0
0 4 3 2 0 2
0 9 1 4 3 3 2 3 0 2 1
0 9 1 2 3 3 1 3 0 0 2
0 11 3 2 4 3 3 3 2 1 1 2 3
1 8 0 4 0 0 2 1 2 1
1 8 1 3 3 1 4 3 0 2
1 12 3 3 4 4 3 4 3 1 3 4 1 2
0 12 3 1 4 1 3 0 1 4 4 3 2 3
0 7 2 2 3 0 2 0 1
1 10 0 3 3 0 0 4 3 2 1 0
0 11 1 3 2 4 4 4 3 1 2 3 1
0 8 1 3 4 4 0 2 1 4
1 14 1 3 3 1 0 0 2 1 2 3 1 1 1 1
1 6 1 4 4 0 0 0
0 20 0 3 3 4 4 4 4 4 1 3 2 4 4 3 2 4 3 0 3 1
1 5 2 3 2 0 1
0 24 0 3 1 3 0 4 1 3 0 0 0 1 1 3 1 0 3 1 0 3 1 3 3 1
0 10 3 0 1 4 3 1 1 3 0 3
0 10 3 0 3 3 1 3 3 3 3 1
0 13 3 3 0 4 4 3 1 3 0 2 3 2 3
0 12 0 3 2 4 3 3 0 1 3 4 2 2
0 15 2 0 1 4 3 2 1 3 2 2 4 1 2 4 2
0 31 0 0 4 0 1 1 2 3 1 0 3 1 0 0 1 0 2 3 2 3 1 1 3 1 1 2 3 1 1 1 1
0 5 1 1 2 3 1
1 7 3 2 1 4 1 1 4
1 7 4 1 0 3 0 2 0
1 11 4 1 1 4 3 1 0 2 1 3 1
0 15 4 4 2 2 0 0 3 3 3 3 3 3 3 4 3
1 15 1 3 2 4 3 2 4 1 1 4 4 3 0 3 1
0 6 3 0 0 3 4 3
1 8 3 1 2 1 3 3 3 3
0 4 4 0 1 2
0 11 4 2 3 3 2 2 3 3 1 3 3
1 22 1 4 0 0 0 0 1 2 3 1 3 1 2 0 3 1 0 0 0 0 2 1
0 5 4 0 4 2 1
1 15 1 4 0 1 1 3 1 1 1 0 3 1 0 0 0
0 3 4 4 0
1 7 4 1 0 2 0 3 1
0 33 1 3 2 4 4 1 1 4 4 3 3 1 0 1 2 3 1 3 1 1 3 1 0 0 1 1 3 1 3 1 0 0 1
1 6 4 0 3 0 0 2
0 17 1 2 3 0 1 3 0 1 3 0 1 4 4 0 0 0 0
0 13 3 3 0 4 4 3 1 3 0 2 3 2 3
0 9 2 2 3 1 1 1 2 3 1
1 9 1 3 2 4 4 3 0 0 0
1 10 1 3 0 1 4 0 0 0 2 0
1 8 3 3 4 2 3 3 1 3
0 5 0 3 1 3 3
0 6 3 4 3 3 4 0
1 10 1 3 0 1 4 0 1 1 1 1
1 8 4 1 1 0 1 3 1 3
0 3 1 3 0
1 6 2 1 4 3 3 0
1 11 1 3 2 4 1 4 4 3 3 4 3
0 8 0 3 2 3 3 3 2 1
1 23 0 3 2 4 4 1 4 4 3 2 4 3 2 4 1 4 4 3 2 4 3 0 2
1 9 2 3 0 3 2 2 2 1 3
0 12 1 3 2 4 3 1 3 4 2 3 3 0
1 18 1 3 2 4 3 0 1 3 2 4 3 0 0 0 1 1 1 2
0 7 4 4 3 2 4 2 1
1 6 0 4 4 0 0 0
0 11 1 3 2 4 3 3 3 2 4 2 3
1 7 1 3 0 0 4 0 2
0 5 3 3 2 0 0
1 14 1 3 2 4 1 3 3 3 2 1 2 0 2 2
0 12 0 2 0 1 4 4 4 3 3 0 2 0
0 8 1 4 0 0 0 4 2 3
0 14 4 4 2 4 1 3 2 4 4 3 2 3 4 3
0 5 1 4 3 2 4
0 6 1 0 3 0 4 1
1 11 3 2 1 4 3 3 2 2 1 3 3
0 6 4 0 3 4 1 4
0 6 4 3 3 1 1 4
1 5 4 1 3 1 1
0 4 0 3 2 2
0 6 0 3 3 3 0 2
0 5 0 0 4 0 2
0 8 4 2 0 0 2 2 3 3
0 6 0 4 0 2 0 1
1 20 0 3 2 4 1 1 3 2 4 1 3 3 3 4 2 4 3 0 0 0
0 7 0 2 3 3 4 3 3
0 19 0 3 2 4 1 4 3 2 1 0 0 0 0 0 0 0 0 0 0
0 12 1 4 3 0 0 3 1 0 1 3 3 1
0 5 3 2 3 0 1
0 5 2 4 4 4 2
0 21 3 3 2 4 3 3 1 0 3 3 2 2 3 2 3 3 3 3 3 3 3
0 5 1 1 0 3 4
0 6 1 3 2 4 4 1
0 5 0 4 3 0 3
1 7 0 4 4 3 2 1 0
0 15 0 1 2 4 0 2 2 0 1 2 3 1 4 1 1
0 6 4 1 2 3 4 3
1 39 4 4 3 1 4 1 1 3 2 1 4 3 4 1 1 3 4 3 4 1 1 3 4 3 4 3 4 3 4 1 3 4 3 4 3 4 1 3 4
1 9 3 3 4 0 0 2 1 4 2
0 8 0 0 0 0 0 2 3 1
1 9 1 3 2 4 1 4 3 0 0
1 9 4 3 1 4 2 0 2 2 3
1 9 3 3 3 2 2 2 2 3 1
1 5 2 3 4 4 0
1 14 0 3 2 4 1 4 4 4 3 2 4 3 0 2
1 21 1 4 4 2 4 1 3 2 4 4 4 1 4 4 1 4 3 3 1 2 2
1 9 2 3 2 3 4 0 3 1 4
1 29 0 4 4 2 4 3 2 4 4 4 4 1 1 3 2 4 1 4 4 4 1 4 4 4 1 3 3 0 2
1 10 0 3 3 0 0 4 3 2 1 0
0 15 3 3 4 2 3 3 2 2 2 4 2 3 3 3 3
1 5 4 1 2 3 1
0 4 2 4 0 2
0 12 3 1 4 1 3 0 1 4 4 3 2 3
1 10 3 4 3 1 3 0 1 3 1 3
1 3 3 1 2
0 6 3 0 1 2 3 1
0 5 0 1 4 2 2
0 9 3 3 2 2 1 3 3 4 3
0 7 3 3 1 2 0 4 2
0 15 1 3 4 2 4 3 4 1 3 4 4 4 3 0 0
1 8 0 4 0 1 1 2 2 0
1 8 2 3 1 3 2 3 1 3
1 10 3 4 1 1 3 4 2 3 3 4
1 28 0 4 2 0 0 1 1 0 1 2 3 1 2 3 1 1 0 0 0 0 0 3 1 1 3 1 3 1
1 13 1 4 0 1 1 1 1 0 2 3 1 3 1
0 22 4 0 0 3 3 3 3 1 3 1 3 3 2 3 0 3 2 0 0 0 4 3
1 13 2 3 3 0 4 3 3 2 3 4 4 4 3
1 9 1 3 2 4 1 4 3 0 0
0 6 0 3 2 0 3 2
1 10 4 3 1 2 1 4 1 3 4 1
1 21 0 4 0 1 1 2 2 1 3 1 3 1 0 3 1 2 3 1 2 3 1
0 4 4 0 3 0
1 21 1 4 4 2 4 4 3 0 1 4 0 0 0 0 2 3 1 2 2 2 1
0 4 3 2 2 4
1 6 1 4 0 0 3 1
1 9 4 3 1 4 2 0 2 2 3
0 9 0 3 4 3 2 3 2 3 2
1 12 0 3 3 2 3 0 0 0 0 0 0 0
0 11 4 4 4 2 3 1 0 0 2 0 0
1 9 3 3 0 0 4 3 2 2 0
1 6 1 4 4 0 3 1
1 8 4 3 3 4 2 3 0 3
0 8 2 3 2 3 2 2 2 4
1 5 4 4 2 3 0
1 10 0 4 4 0 1 4 4 3 2 3
0 5 2 4 4 4 2
0 8 1 3 0 3 4 2 3 0
1 12 0 3 2 4 3 2 4 1 1 3 0 0
0 36 1 4 2 0 2 1 3 2 4 4 3 2 4 3 2 4 4 3 1 4 4 4 4 4 2 4 3 3 3 2 0 0 0 0 2 0
0 14 4 4 2 4 1 3 2 4 4 3 2 3 4 3
1 9 3 1 3 2 3 3 2 3 3
1 10 0 3 2 4 1 1 1 3 3 4
1 14 1 3 2 4 3 3 2 1 0 0 0 0 0 0
1 9 3 3 4 0 0 2 1 4 2
0 33 0 3 2 4 4 4 3 3 3 4 2 4 1 1 4 4 1 3 2 4 4 1 1 1 3 0 2 4 1 3 4 3 3
1 20 0 4 4 2 4 3 2 4 3 3 3 4 3 4 3 2 3 2 3 2
1 6 1 4 2 0 2 0
1 6 1 3 3 0 1 4
1 17 1 4 4 2 4 4 4 1 3 0 0 0 0 2 2 1 0
0 7 3 2 2 3 0 1 3
0 6 3 1 2 1 0 3
1 11 2 3 0 3 0 4 3 0 1 3 1
1 8 4 1 1 0 1 3 1 3
0 14 0 2 4 1 4 3 2 4 3 2 4 0 3 1
1 13 2 1 3 3 2 3 3 3 3 3 3 3 3
0 4 2 4 1 0
0 11 4 4 4 2 3 1 0 0 2 0 0
1 13 1 4 0 1 1 1 1 0 2 3 1 3 1
1 15 1 3 2 4 3 2 4 1 1 4 4 3 0 3 1
1 8 3 3 3 3 2 2 3 2
1 6 4 1 1 3 4 4
0 10 3 3 1 3 0 2 4 1 2 0
1 8 3 0 3 1 3 3 4 1
1 35 1 4 4 2 4 3 3 1 0 0 0 1 3 1 2 0 1 0 2 0 0 0 3 1 0 3 1 0 1 1 1 3 1 0 1
0 8 1 3 3 2 4 2 2 3
0 20 4 4 2 1 4 0 1 1 1 0 3 1 2 1 3 1 2 1 1 1
1 10 1 3 2 4 3 2 4 3 0 3
0 8 1 4 0 0 0 4 2 3
0 36 1 4 2 0 2 1 3 2 4 4 3 2 4 3 2 4 4 3 1 4 4 4 4 4 2 4 3 3 3 2 0 0 0 0 2 0
1 12 0 4 4 2 4 3 3 2 3 0 0 0
1 12 4 4 3 1 3 4 1 2 0 2 0 2
0 12 1 4 3 0 0 3 1 0 1 3 3 1
0 9 1 3 2 4 4 4 3 3 2
1 13 3 1 2 1 3 3 3 3 3 3 3 3 3
1 11 3 4 3 0 0 3 2 4 4 4 3
1 6 3 3 0 2 3 4
1 11 1 3 2 4 4 1 4 3 3 2 3
0 4 1 1 3 3
1 11 1 3 2 4 1 1 1 3 3 2 3
0 33 0 3 2 4 4 4 3 3 3 4 2 4 1 1 4 4 1 3 2 4 4 1 1 1 3 0 2 4 1 3 4 3 3
1 7 4 1 2 0 0 3 1
0 8 1 3 3 1 4 3 2 2
1 7 4 1 0 3 0 2 0
1 10 1 3 0 1 4 0 1 1 1 1
0 6 0 1 3 3 2 3
0 7 1 3 3 3 2 1 4
0 10 4 2 2 3 3 2 3 4 3 4
0 9 3 3 2 2 1 3 3 4 3
0 21 3 3 2 4 3 3 1 0 3 3 2 2 3 2 3 3 3 3 3 3 3
0 21 0 0 3 3 0 0 4 3 2 1 0 0 0 0 0 0 0 1 0 0 0
0 8 0 4 2 4 3 3 3 1
1 14 1 4 4 2 4 1 4 3 2 4 4 3 0 2
0 36 0 3 3 0 0 0 4 1 3 1 1 0 1 3 1 3 1 0 3 1 2 3 1 1 2 1 2 1 3 1 1 2 0 3 1 1
0 11 1 2 3 2 2 2 2 3 2 0 3
0 6 3 2 2 1 4 4
1 8 4 0 0 3 0 3 1 3
0 6 2 3 4 3 0 2
1 10 4 3 1 2 1 4 1 3 4 1
1 12 2 3 0 3 0 4 3 0 0 4 3 4
1 11 1 3 2 4 4 3 2 4 3 0 2
0 8 0 3 0 2 3 3 3 2
1 19 4 3 1 4 4 2 2 2 1 2 1 4 1 3 4 1 1 3 4
1 11 3 2 1 4 3 1 3 0 2 4 0
0 6 3 3 4 3 2 2
1 11 1 3 2 4 1 3 2 4 3 0 2
0 6 0 3 1 4 3 4
1 5 4 1 2 3 1
0 21 0 0 3 3 0 0 4 3 2 1 0 0 0 0 0 0 0 1 0 0 0
0 11 4 0 0 3 2 4 1 1 3 4 3
1 6 4 3 0 3 2 3
0 14 0 3 2 0 1 0 0 0 2 3 1 3 3 1
1 15 1 3 0 1 4 0 0 1 0 2 0 3 1 2 0
1 4 2 0 1 4
0 5 1 1 4 3 0
0 10 3 3 0 2 1 3 2 3 3 0
0 12 0 3 2 4 3 3 0 1 3 4 2 2
0 4 0 3 2 2
1 39 4 4 3 1 4 1 1 3 2 1 4 3 4 1 1 3 4 3 4 1 1 3 4 3 4 3 4 3 4 1 3 4 3 4 3 4 1 3 4
1 15 1 4 0 1 1 1 3 1 3 1 1 1 3 1 0
0 6 0 3 1 3 0 0
0 8 0 4 3 0 2 2 3 1
0 6 3 0 1 2 3 1
1 13 1 3 2 4 3 2 4 4 3 3 2 3 0
0 4 3 4 4 3
0 7 2 3 2 4 4 2 2
0 6 3 0 0 1 1 3
0 11 0 3 2 4 1 4 4 4 1 3 4
0 6 3 3 4 3 2 2
1 7 3 1 2 2 3 3 3
0 18 3 0 3 0 0 2 1 3 4 2 3 1 0 4 4 0 1 3
1 6 2 2 1 0 0 4
0 8 0 1 0 3 3 0 0 3
1 9 3 0 3 0 2 3 3 3 1
1 10 2 3 0 3 1 3 0 0 1 2
0 5 2 0 3 4 0
1 12 2 3 4 3 2 2 3 1 3 3 3 3
1 6 3 3 0 2 3 4
0 9 0 1 2 0 1 1 3 1 1
1 18 0 4 4 2 4 4 4 4 3 2 4 4 3 2 4 3 3 4
0 6 3 1 2 1 0 3
1 6 4 0 0 0 3 3
0 9 0 1 2 0 1 1 3 1 1
1 13 0 4 4 2 4 1 1 3 3 3 2 0 2
1 17 4 0 0 3 3 3 4 1 0 2 3 3 0 2 0 1 2
0 5 3 3 1 3 2
1 12 0 3 3 2 3 0 0 0 0 0 0 0
0 8 4 1 4 4 2 4 4 1
1 6 0 3 0 0 2 0
0 5 2 4 2 2 3
1 10 4 0 3 0 0 0 0 2 4 2
0 5 2 4 0 3 3
0 5 3 4 0 4 4
1 10 1 3 2 4 1 3 3 1 2 2
1 9 2 3 2 3 4 0 3 1 4
1 8 0 3 2 4 4 3 0 0
1 6 4 3 0 3 2 3
1 13 3 1 2 1 3 3 3 3 3 3 3 3 3
0 7 2 3 4 2 3 1 3
0 6 4 3 0 2 0 0
