1099 10
1 15 7 4 4 5 8 2 9 1 7 6 3 6 3 6 3
0 6 5 4 6 0 0 4
0 7 0 4 7 5 4 9 2
1 8 6 0 5 8 0 6 5 4
1 33 4 7 8 1 9 1 0 1 5 2 3 0 0 7 1 7 0 2 7 4 1 5 4 5 1 5 4 7 5 4 8 6 4
0 5 1 2 5 8 0
0 5 5 9 8 7 3
0 3 6 1 1
1 12 5 8 2 4 0 4 5 2 8 4 2 2
1 27 5 8 2 5 0 5 8 2 3 7 6 6 1 1 6 7 0 6 8 8 5 6 6 3 6 1 6
1 10 1 9 5 8 5 4 8 2 8 3
1 9 0 8 4 5 2 8 4 1 5
0 7 0 7 7 3 1 5 4
1 15 1 0 0 2 4 5 2 8 4 5 2 4 2 5 1
1 9 6 0 5 8 2 5 2 5 2
0 8 2 7 9 1 8 7 0 0
1 10 5 8 2 6 7 9 1 8 5 7
0 6 3 7 8 1 8 1
0 6 7 2 6 4 5 8
1 7 0 4 9 2 8 8 3
0 5 9 2 9 4 7
1 4 1 2 1 5
0 5 5 5 8 4 0
1 19 1 2 4 9 7 1 8 9 8 4 9 8 7 5 6 1 3 3 3
1 12 5 8 0 1 9 5 8 8 5 8 5 1
1 13 7 4 5 2 3 0 7 7 6 1 0 0 2
1 13 7 8 5 4 4 7 8 4 4 7 0 6 1
1 6 0 4 5 2 8 8
1 10 7 7 6 0 8 4 5 8 9 9
0 19 5 8 0 7 4 7 3 6 1 8 5 4 4 4 4 7 8 7 9
1 16 2 5 3 9 3 6 3 6 3 6 3 6 1 7 6 3
0 9 7 5 8 0 5 2 8 0 8
1 15 0 4 0 0 2 4 1 4 9 8 7 1 1 5 1
1 7 2 4 8 7 7 5 1
0 3 4 6 1
1 18 6 5 8 8 8 8 8 8 8 4 1 8 5 8 1 8 2 3
1 9 0 4 1 4 9 2 8 2 5
1 8 2 5 8 4 4 6 5 4
0 14 0 8 4 1 4 0 7 9 9 0 2 4 1 4
1 8 6 5 4 9 2 8 8 5
0 5 6 5 4 0 8
1 18 0 4 5 2 4 2 8 5 8 1 4 7 0 9 9 3 8 4
0 2 8 8
0 6 6 0 0 8 1 2
0 12 7 5 6 6 1 1 1 4 2 4 8 0
0 5 1 3 0 9 8
1 8 1 1 8 5 8 1 5 1
1 8 5 8 0 5 8 2 8 0
0 9 2 7 4 7 6 5 8 8 5
1 12 5 8 0 0 4 1 1 1 1 1 5 1
0 8 3 9 2 4 1 8 4 9
1 6 2 7 2 0 3 1
0 4 8 3 0 5
1 22 7 5 9 0 0 4 1 8 5 8 4 9 4 8 9 7 0 8 8 5 5 1
0 6 4 4 3 6 8 6
0 8 1 8 8 0 0 2 2 8
0 7 2 8 8 5 9 6 7
1 15 5 8 2 3 0 0 0 0 0 0 0 0 7 0 1
0 7 4 1 4 6 9 8 4
0 9 4 3 6 6 5 6 5 5 3
1 4 7 5 4 7
0 8 8 9 4 4 6 1 5 0
1 12 0 4 2 5 4 5 6 4 5 1 3 3
0 10 2 7 5 7 0 1 0 3 4 0
0 6 6 0 6 5 7 8
1 8 7 8 1 5 4 8 6 4
0 21 5 2 8 4 0 0 2 8 8 5 4 2 2 3 9 9 9 9 9 0 9
1 14 2 7 1 3 4 4 4 4 4 4 7 8 7 0
0 3 6 8 5
1 25 1 2 8 9 8 1 1 8 5 8 1 8 5 8 5 1 3 3 3 3 3 3 3 3 3
0 14 0 4 0 0 2 1 0 0 2 8 8 4 0 0
1 6 7 7 2 0 3 0
1 9 6 5 4 5 2 4 1 1 2
0 7 6 5 4 8 9 2 0
1 13 5 8 2 9 3 6 1 3 6 4 5 0 8
1 6 5 8 2 7 5 4
0 6 8 1 5 6 7 7
1 9 1 0 0 2 4 9 5 8 2
0 8 1 1 4 9 9 7 6 2
0 18 1 0 2 4 1 4 7 7 7 4 7 4 6 5 6 1 6 1
1 10 2 4 9 1 4 3 4 1 5 2
1 12 0 4 2 4 9 5 5 1 1 1 1 2
1 10 7 8 9 5 0 3 0 3 1 8
1 8 1 2 8 9 8 1 5 6
1 23 2 4 8 7 4 8 5 8 2 6 7 1 3 7 1 4 4 4 8 8 8 6 5
0 8 8 0 0 2 4 2 1 4
0 8 5 4 1 0 2 8 8 8
1 9 6 0 5 8 0 2 7 5 1
1 13 2 4 6 7 7 6 9 3 9 9 0 8 4
1 6 1 9 2 5 9 9
0 14 9 1 5 8 4 9 2 5 9 9 3 9 9 9
1 6 2 7 6 9 6 8
0 4 1 1 0 2
0 6 7 7 2 6 5 3
1 15 2 4 3 0 0 7 4 1 7 5 4 2 1 1 2
0 6 2 8 0 4 4 3
1 7 5 8 2 6 8 8 5
0 20 4 4 8 3 4 5 8 4 2 5 4 4 7 3 9 7 9 9 2 3
0 5 7 8 9 0 8
0 4 3 0 8 4
1 7 6 5 8 4 2 1 2
0 4 5 5 3 7
0 5 6 6 5 8 4
0 3 8 4 1
1 4 0 8 8 4
1 10 2 5 1 4 0 4 9 9 8 2
0 3 0 4 1
1 15 1 0 0 2 4 5 2 8 4 5 2 4 2 5 1
1 8 4 4 8 4 0 4 2 1
0 9 2 7 4 7 6 5 8 8 5
0 2 8 8
0 5 0 8 3 8 8
0 6 4 2 1 5 1 9
1 20 7 5 0 1 8 2 4 8 2 7 4 1 8 5 4 6 6 1 4 8
0 33 1 9 5 8 5 4 8 5 8 8 8 5 8 1 1 4 7 3 8 9 9 4 8 9 9 8 4 8 5 1 8 1 3
0 7 1 7 8 5 6 2 1
0 34 5 8 0 1 9 5 8 4 9 3 4 4 7 0 8 5 8 5 7 8 4 7 0 8 8 9 7 0 9 7 4 5 1 3
1 12 1 1 8 2 5 9 9 9 9 9 9 9
1 17 0 8 8 8 8 4 9 5 8 5 6 4 5 6 6 4 2
1 10 5 8 2 6 5 0 1 8 4 5
1 9 2 8 4 8 4 8 6 0 5
0 4 9 1 8 7
1 36 7 5 8 4 8 1 2 8 9 8 4 7 0 5 5 4 8 9 8 8 9 8 8 9 8 4 7 4 5 4 8 9 8 8 2 3
1 4 0 8 8 4
1 7 1 2 5 4 8 2 3
0 9 8 2 7 8 8 0 8 8 5
0 17 3 2 7 3 1 5 1 4 7 9 5 3 0 3 0 3 1
1 8 0 4 5 2 8 4 5 2
0 5 4 0 4 2 2
1 5 2 7 7 6 3
0 3 9 3 9
1 14 2 5 3 6 8 4 5 4 5 9 0 1 7 9
0 8 7 5 8 7 7 6 4 9
0 4 2 6 9 4
0 9 8 4 1 1 4 9 4 5 5
1 5 2 5 3 7 5
1 8 0 8 4 2 8 5 8 5
1 10 6 5 4 9 9 8 8 5 8 2
1 17 6 0 5 8 2 8 6 0 6 0 7 4 4 6 5 4 5
0 6 3 7 8 1 8 1
1 9 0 4 0 0 2 8 4 0 0
1 12 5 8 0 2 8 1 5 4 8 8 6 1
1 19 1 1 1 4 7 4 4 9 4 5 1 8 5 8 5 4 8 2 5
0 3 5 0 2
0 5 2 2 0 2 4
1 12 2 4 4 6 0 7 4 9 1 9 0 1
1 18 7 4 4 7 4 6 8 4 5 9 4 1 8 4 9 3 6 3
0 6 7 1 2 8 4 0
1 7 2 5 1 8 2 5 1
1 16 0 4 9 9 8 4 7 7 2 1 4 7 9 9 2 3
1 8 2 4 9 1 0 0 4 3
0 4 2 6 9 4
1 8 6 5 8 8 4 1 1 2
0 11 1 9 2 5 5 8 0 5 4 9 4
1 16 5 8 2 8 4 7 3 5 6 6 6 6 6 6 5 6
0 9 0 8 5 4 9 8 1 1 2
1 15 7 7 3 0 3 1 8 8 4 8 8 8 5 9 7
0 5 6 6 5 8 4
1 29 7 4 5 2 6 7 9 1 5 1 5 4 7 5 4 4 4 4 4 4 7 8 7 8 4 7 8 7 1
1 4 1 2 1 5
1 10 6 5 4 0 0 2 8 4 2 2
0 3 2 6 4
1 8 2 5 8 4 4 6 5 4
1 33 4 7 8 1 9 1 0 1 5 2 3 0 0 7 1 7 0 2 7 4 1 5 4 5 1 5 4 7 5 4 8 6 4
0 6 5 4 6 0 0 4
1 5 6 0 7 5 6
0 4 7 5 9 3
1 19 5 8 2 8 6 5 4 1 5 1 3 3 3 3 3 3 3 3 3
1 14 0 4 9 5 8 4 9 8 2 8 5 8 4 7
0 4 5 5 3 7
1 21 5 8 0 1 9 5 8 8 5 8 4 9 7 4 9 8 2 1 1 4 7
1 4 0 4 1 5
0 15 7 5 1 3 0 0 7 8 7 9 0 3 3 3 8
1 12 1 9 9 8 1 8 9 8 4 9 7 4
1 5 0 8 4 5 2
0 4 4 2 1 2
1 12 6 0 0 8 8 8 4 1 5 6 4 2
1 13 2 7 3 1 5 4 5 1 4 7 9 4 0
0 10 6 2 8 5 5 4 8 6 0 9
1 12 1 2 1 4 9 7 8 5 8 1 1 4
0 6 2 8 0 4 4 3
1 15 2 4 3 0 0 7 4 1 7 5 4 2 1 1 2
1 7 2 5 8 4 7 0 8
0 12 2 1 5 0 0 4 1 5 6 4 8 2
1 9 4 7 3 6 5 6 6 5 6
0 14 0 8 8 8 4 1 9 8 5 4 1 8 2 5
1 19 1 2 4 9 7 1 8 9 8 4 9 8 7 5 6 1 3 3 3
1 8 7 8 1 4 0 4 8 8
1 10 7 7 5 0 3 1 5 9 9 0
0 9 8 6 0 0 2 0 5 5 8
1 15 0 8 4 1 1 8 5 8 5 1 3 3 3 3 3
1 4 7 5 1 6
0 3 0 4 1
0 4 9 1 8 7
1 18 0 8 8 4 2 4 9 3 8 1 4 9 2 5 4 8 2 5
1 12 6 0 2 5 9 0 2 8 4 5 8 5
1 13 7 5 1 4 7 7 1 7 5 4 4 7 1
0 17 3 0 8 4 0 0 2 5 8 8 4 9 9 8 2 8 3
0 4 1 0 4 5
0 10 1 1 0 0 2 1 8 5 8 5
0 30 2 5 0 1 4 2 8 5 3 4 4 4 4 7 8 7 0 6 8 7 0 6 4 4 4 7 8 0 6 1
1 5 0 4 2 4 7
1 16 2 5 9 2 3 0 7 1 5 0 5 8 0 4 7 1
0 3 2 8 8
0 23 7 5 5 4 5 3 8 6 0 9 8 4 7 1 1 4 1 7 3 8 3 5 2
0 10 7 7 6 5 7 5 4 4 7 1
0 10 5 8 9 3 3 0 9 2 7 5
1 23 2 4 8 7 4 8 5 8 2 6 7 1 3 7 1 4 4 4 8 8 8 6 5
0 6 7 8 4 5 5 6
0 5 0 8 4 1 1
1 15 7 8 9 3 1 8 4 9 1 1 9 1 3 9 3
0 15 7 4 4 5 8 8 2 9 1 0 5 8 2 8 2
1 12 7 5 1 6 4 3 0 7 8 4 9 3
1 12 2 5 4 4 7 6 1 3 4 1 0 0
0 4 4 3 2 8
1 12 7 5 1 6 4 3 0 7 8 4 9 3
1 7 7 7 6 3 9 0 8
0 15 1 0 0 2 2 5 4 8 2 8 5 9 9 9 9
1 16 5 8 2 6 7 8 8 5 5 5 5 1 8 4 4 1
0 4 5 4 0 0
0 11 1 1 1 4 9 8 7 8 2 6 3
0 3 9 6 8
1 10 2 7 9 0 3 1 8 7 9 1
1 7 2 5 8 7 5 1 5
1 11 2 5 6 6 1 3 4 5 8 0 8
0 10 6 5 3 8 4 9 5 8 4 7
1 12 6 0 0 8 8 8 4 1 5 6 4 2
1 6 1 1 5 6 4 2
1 26 1 2 4 7 4 1 4 7 0 8 8 8 9 9 4 9 7 0 9 7 9 9 9 8 1 2
1 8 0 8 4 2 8 5 8 5
0 26 1 0 0 2 4 0 0 2 4 0 0 2 4 8 1 8 8 9 8 8 5 4 5 8 9 2
0 8 1 5 9 3 8 2 2 5
1 10 2 7 9 0 3 1 8 7 9 1
0 6 0 8 8 8 5 8
0 6 1 5 8 2 1 4
1 6 1 9 2 5 9 9
0 22 0 4 0 1 0 2 8 4 0 0 2 4 5 2 4 9 9 8 4 9 7 4
0 6 3 7 7 7 1 9
0 3 2 7 4
1 20 2 5 5 0 4 0 0 8 4 2 1 1 8 2 8 5 9 9 9 9
1 13 6 0 2 4 5 2 7 5 4 9 5 8 4
0 21 0 8 4 1 4 7 7 5 9 7 3 8 9 7 3 2 1 8 9 8 2
1 15 1 2 4 7 7 4 9 9 2 5 1 3 3 3 3
0 14 8 4 8 3 8 5 4 8 8 9 2 1 4 8
0 3 8 5 4
1 5 2 5 3 7 5
0 5 0 8 3 8 8
1 11 6 0 1 1 4 9 4 5 1 1 2
1 11 2 5 8 5 9 2 5 0 4 7 6
1 6 6 0 5 8 0 1
1 12 5 8 0 2 8 1 5 4 8 8 6 1
0 4 7 5 7 8
1 7 6 5 4 2 5 1 3
0 17 1 7 9 9 8 1 1 4 7 9 1 1 5 1 1 3 3
0 13 7 4 8 7 8 5 7 4 2 4 8 6 9
0 20 6 5 5 7 8 0 2 8 9 1 4 1 0 6 8 4 1 4 7 1
0 6 3 5 8 4 1 2
0 3 2 4 8
1 15 6 5 4 9 5 8 1 8 9 8 8 2 5 9 9
1 12 1 5 2 8 4 1 8 5 8 8 2 3
1 15 0 4 0 0 2 4 1 4 9 8 7 1 1 5 1
0 5 0 8 1 1 2
1 12 1 9 5 8 8 5 8 4 7 3 5 2
1 7 6 0 7 8 9 6 0
0 4 4 1 1 8
0 5 5 2 8 8 4
0 17 1 7 9 9 8 1 1 4 7 9 1 1 5 1 1 3 3
1 8 2 5 5 1 7 0 4 1
0 12 6 0 7 7 4 3 0 0 0 0 7 7
0 8 6 3 5 0 3 1 3 0
0 8 1 8 0 7 8 9 6 8
0 2 5 0
0 12 1 2 4 9 3 5 4 9 3 8 6 1
0 2 0 7
0 4 1 1 0 2
0 3 6 8 5
0 7 1 2 1 8 5 1 3
0 4 4 1 1 8
1 16 2 5 9 2 3 0 7 1 5 0 5 8 0 4 7 1
1 9 6 0 5 8 0 2 7 5 1
0 4 4 8 6 2
1 14 7 5 1 5 0 2 4 5 2 5 2 9 1 8
0 6 7 8 4 5 5 6
0 22 7 8 9 2 0 3 1 8 8 1 1 4 4 7 3 6 8 4 7 8 7 1
0 8 2 9 9 1 0 3 3 1
1 10 5 8 2 6 5 0 1 8 4 5
0 8 5 0 0 6 5 4 0 0
0 8 5 5 8 2 9 3 6 7
1 8 4 4 3 5 6 6 5 6
1 6 5 8 2 3 7 7
1 10 6 5 4 0 0 2 4 2 5 6
1 10 7 8 5 4 4 4 4 4 7 1
1 4 7 7 5 1
1 29 7 4 5 2 6 7 9 1 5 1 5 4 7 5 4 4 4 4 4 4 7 8 7 8 4 7 8 7 1
1 11 1 5 2 4 1 1 1 8 2 8 3
0 5 6 5 4 0 8
1 10 7 4 4 6 0 6 5 4 0 0
1 11 6 0 5 8 0 5 8 0 2 7 0
1 6 2 8 8 5 9 7
0 4 3 2 8 7
0 4 5 2 9 3
1 29 2 8 4 5 5 3 6 5 1 4 6 2 0 9 4 3 4 4 7 4 5 1 4 6 0 5 9 7 8
0 3 5 2 6
1 9 0 4 9 2 8 5 9 9 9
1 10 7 4 7 5 8 8 8 4 2 2
1 19 6 5 8 4 2 5 6 4 1 8 9 8 8 5 8 4 9 4 9
1 12 1 9 2 5 9 9 9 9 9 9 9 9
1 15 0 8 4 1 1 8 5 8 5 1 3 3 3 3 3
0 5 5 5 8 4 0
0 12 6 5 8 8 7 8 4 1 8 2 1 3
1 10 5 8 2 8 0 4 1 8 2 5
1 8 1 5 2 8 4 5 2 4
0 6 6 0 6 5 7 8
0 7 2 3 4 9 1 5 7
0 8 5 8 8 2 3 8 4 0
0 9 0 8 5 4 9 8 1 1 2
0 7 1 7 8 5 6 2 1
1 5 1 0 0 2 8
1 10 5 8 2 6 7 9 1 8 5 7
0 5 0 4 9 2 2
1 6 1 2 1 5 4 2
0 6 5 5 7 7 8 4
0 4 5 3 2 5
1 21 1 5 2 8 8 8 4 5 2 8 4 2 1 5 6 4 5 6 6 6 1
0 17 3 2 7 3 1 5 1 4 7 9 5 3 0 3 0 3 1
1 6 0 8 4 9 2 5
1 8 1 5 2 4 9 9 8 2
0 9 7 7 3 9 0 8 9 9 8
1 10 6 5 4 9 9 8 8 5 8 2
1 6 0 8 4 9 2 5
1 10 5 8 0 7 7 1 4 4 7 0
0 7 8 8 5 4 5 8 2
0 3 5 3 0
1 7 2 4 8 7 7 5 1
1 15 7 4 4 5 8 2 9 1 7 6 3 6 3 6 3
0 6 4 2 2 1 1 9
0 4 6 3 4 5
0 6 4 2 1 5 1 9
1 4 7 4 9 3
1 18 7 4 4 7 4 6 8 4 5 9 4 1 8 4 9 3 6 3
1 7 2 5 3 4 1 2 2
1 19 7 7 0 6 5 0 3 1 8 5 3 3 7 9 0 1 0 0 2
1 9 5 8 2 4 6 0 6 5 8
1 9 7 4 9 3 6 1 0 0 5
1 7 5 8 2 6 8 8 5
0 44 2 5 5 3 6 7 1 7 4 5 1 5 4 4 7 8 4 4 7 8 7 8 7 4 4 4 7 0 6 6 8 4 4 4 7 8 4 4 7 0 6 0 6 0
1 11 7 8 4 8 5 4 3 4 4 4 0
0 4 5 2 4 8
1 12 6 0 6 0 5 8 2 7 0 4 7 6
1 10 1 9 5 8 5 4 8 2 8 3
1 12 0 4 2 5 4 5 6 4 5 1 3 3
0 4 7 7 3 5
0 4 7 7 3 5
1 5 7 8 1 4 5
1 11 6 0 1 1 4 9 4 5 1 1 2
1 7 2 5 4 8 8 8 5
1 11 2 4 3 0 0 7 0 1 7 0 7
1 7 6 5 8 4 1 1 2
0 6 0 5 5 4 1 5
0 8 8 0 0 2 4 2 1 4
0 4 0 4 2 8
1 7 2 5 4 8 8 8 5
1 14 7 5 1 5 0 2 4 5 2 5 2 9 1 8
1 25 5 8 2 6 4 3 0 7 4 8 7 2 1 8 4 5 0 6 5 8 4 9 2 5 9
1 10 7 8 9 5 0 3 0 3 1 8
0 19 5 8 2 3 0 0 0 0 7 1 1 7 0 0 4 9 5 8 2
0 5 7 7 8 1 5
0 3 1 8 6
1 8 1 2 8 9 8 1 5 6
1 7 6 0 5 8 2 8 5
1 7 6 5 8 4 2 1 2
1 8 7 8 1 4 0 4 8 8
1 7 0 8 8 8 4 2 2
1 6 1 9 5 8 5 1
0 14 0 8 8 8 4 1 9 8 5 4 1 8 2 5
0 7 8 5 7 6 3 5 3
0 6 4 7 5 2 1 5
1 9 0 4 2 8 2 5 9 9 9
1 6 6 0 7 8 9 8
1 8 7 8 5 4 4 4 7 1
0 19 5 8 2 3 0 0 0 0 7 1 1 7 0 0 4 9 5 8 2
0 4 3 0 8 4
0 15 4 6 0 2 2 5 3 4 6 5 4 1 0 1 2
1 19 7 5 7 6 3 6 3 6 1 1 8 7 5 5 5 9 0 4 5
1 9 1 0 0 2 4 1 1 1 4
0 14 7 5 0 7 4 7 3 0 8 9 7 6 9 0
0 10 6 5 3 8 4 9 5 8 4 7
0 16 7 7 5 4 2 5 4 8 9 8 8 5 8 1 1 5
1 7 7 5 1 7 0 4 1
0 6 2 1 9 5 8 8
0 17 3 0 8 4 0 0 2 5 8 8 4 9 9 8 2 8 3
1 10 2 4 9 1 7 6 1 1 7 5
1 38 7 7 9 1 8 7 9 0 3 1 5 4 8 5 7 6 1 8 5 9 0 5 8 0 1 2 4 9 5 9 7 9 1 5 6 6 6 1
0 9 8 2 7 8 8 0 8 8 5
0 30 2 5 0 1 4 2 8 5 3 4 4 4 4 7 8 7 0 6 8 7 0 6 4 4 4 7 8 0 6 1
1 13 5 8 2 9 3 6 1 3 6 4 5 0 8
0 8 2 9 9 1 0 3 3 1
1 14 0 4 9 5 8 4 9 8 2 8 5 8 4 7
0 10 8 4 9 4 5 8 8 9 8 4
0 6 0 4 4 2 5 9
1 5 0 4 2 4 7
0 7 0 4 1 1 1 1 9
1 25 1 1 8 5 8 1 5 6 4 4 9 5 9 9 8 5 9 9 7 4 7 0 5 1 4
1 11 5 8 0 7 5 3 5 0 1 0 0
1 12 5 8 2 4 0 4 5 2 8 4 2 2
1 10 2 5 1 4 0 4 9 9 8 2
1 19 2 8 9 3 0 3 0 3 0 3 1 5 5 7 5 4 4 7 1
1 17 7 5 5 3 4 5 8 2 3 7 3 8 5 8 2 9 3
1 11 7 8 4 8 5 4 3 4 4 4 0
1 7 2 5 8 7 5 1 5
0 17 6 5 0 2 0 2 8 4 4 9 4 8 8 8 5 8 9
1 12 6 0 6 0 5 8 2 7 0 4 7 6
0 6 1 2 1 2 3 3
0 2 5 0
1 13 2 4 6 7 0 6 0 6 6 6 6 0 8
0 6 2 8 8 1 5 2
0 12 0 8 4 1 6 1 8 2 5 9 9 9
1 4 0 4 1 5
0 9 5 7 4 1 1 8 9 8 2
0 12 8 0 4 3 0 2 8 4 4 5 0 8
0 3 7 6 8
0 7 6 5 2 7 2 3 1
0 7 2 5 9 2 1 1 9
0 3 4 9 6
0 9 7 7 3 9 0 8 9 9 8
1 8 7 4 9 1 1 7 5 8
1 9 0 4 2 8 2 5 9 9 9
1 9 7 5 1 5 0 0 8 8 4
0 7 7 5 7 1 5 4 8
0 8 6 4 9 2 5 1 3 9
1 12 7 7 0 7 8 9 5 0 3 0 3 0
0 9 7 5 8 9 1 7 6 0 8
1 9 0 4 1 4 9 2 8 2 5
1 4 7 4 9 3
1 7 7 5 1 6 4 9 3
1 11 1 0 0 2 4 5 2 8 4 0 0
1 13 0 8 8 8 4 2 1 8 2 8 5 9 9
1 19 5 8 2 8 6 5 4 1 5 1 3 3 3 3 3 3 3 3 3
0 4 6 4 6 1
0 3 2 6 4
0 7 7 4 9 1 2 6 0
0 9 0 4 1 1 3 5 8 7 0
1 10 2 7 5 1 8 5 0 0 7 0
1 21 7 5 3 8 5 8 2 5 0 2 4 7 0 5 8 0 1 5 2 8 4
1 11 1 1 1 1 8 5 8 5 6 1 3
1 4 7 5 4 7
0 8 5 5 8 2 9 3 6 7
1 9 7 8 1 4 4 4 8 6 8
0 5 3 2 3 2 9
1 11 6 0 5 8 0 5 8 0 2 7 0
1 10 7 5 8 7 4 0 3 1 8 4
1 25 6 5 8 4 9 9 8 8 5 8 4 9 4 5 8 9 8 4 7 4 8 5 8 1 2
0 4 6 6 5 4
0 22 5 8 2 0 7 5 0 3 1 5 4 5 5 4 4 4 4 4 7 0 2 1
1 6 2 5 3 3 7 6
0 8 6 4 9 2 5 1 3 9
0 21 0 8 4 1 4 7 7 5 9 7 3 8 9 7 3 2 1 8 9 8 2
1 10 2 5 9 2 9 1 8 4 4 5
0 8 2 7 9 1 8 7 0 0
1 13 7 4 4 0 4 9 5 8 4 9 3 8 2
0 12 9 6 8 8 4 5 9 1 7 3 5 9
0 2 0 7
1 36 7 5 8 4 8 1 2 8 9 8 4 7 0 5 5 4 8 9 8 8 9 8 8 9 8 4 7 4 5 4 8 9 8 8 2 3
1 16 7 7 5 1 8 7 2 0 3 0 3 0 3 0 3 0
1 7 7 5 8 5 6 6 3
0 41 1 0 0 2 4 9 9 8 8 5 8 5 4 8 5 3 8 5 4 4 9 4 9 7 0 8 8 9 7 4 1 8 5 8 8 5 8 1 1 1 4
0 4 5 2 4 8
0 23 7 5 5 4 5 3 8 6 0 9 8 4 7 1 1 4 1 7 3 8 3 5 2
0 3 1 5 8
0 4 4 8 6 2
1 12 6 0 2 5 9 0 2 8 4 5 8 5
1 9 7 4 5 0 6 5 8 4 5
0 14 8 4 8 3 8 5 4 8 8 9 2 1 4 8
1 6 7 4 6 7 2 0
0 11 0 8 3 8 1 5 9 9 5 8 8
0 33 1 9 5 8 5 4 8 5 8 8 8 5 8 1 1 4 7 3 8 9 9 4 8 9 9 8 4 8 5 1 8 1 3
1 7 7 8 4 5 9 6 3
0 3 6 1 1
1 26 1 2 4 7 4 1 4 7 0 8 8 8 9 9 4 9 7 0 9 7 9 9 9 8 1 2
1 9 6 5 8 4 5 2 4 2 4
1 8 6 5 4 9 2 8 8 5
1 4 4 7 3 6
0 6 4 4 3 6 8 6
1 12 7 7 0 7 8 9 5 0 3 0 3 0
0 9 7 5 8 0 5 2 8 0 8
1 10 5 8 2 6 5 8 5 6 6 3
1 20 7 5 0 1 8 2 4 8 2 7 4 1 8 5 4 6 6 1 4 8
1 12 2 5 4 4 7 6 1 3 4 1 0 0
1 10 6 5 4 0 0 2 4 2 5 6
0 9 8 6 0 0 2 0 5 5 8
0 7 8 0 8 8 1 5 7
0 6 2 8 0 8 9 0
0 6 8 1 5 6 7 7
0 10 8 4 9 4 5 8 8 9 8 4
0 8 1 1 4 9 9 7 6 2
1 21 7 5 3 8 5 8 2 5 0 2 4 7 0 5 8 0 1 5 2 8 4
0 6 7 1 2 8 4 0
1 13 2 4 6 7 7 6 9 3 9 9 0 8 4
0 9 6 5 8 8 4 2 1 7 2
0 16 6 9 8 0 6 5 4 2 4 7 9 5 2 4 0 0
0 6 6 0 0 8 1 2
0 8 4 7 8 2 0 2 1 9
1 16 5 8 2 6 7 8 8 5 5 5 5 1 8 4 4 1
1 6 6 0 7 8 9 8
0 6 8 5 4 8 1 5
0 3 5 0 2
0 8 0 6 4 9 5 5 8 2
1 39 2 4 7 0 2 8 5 7 4 6 5 4 8 8 1 4 5 9 8 5 5 4 4 4 7 8 4 4 7 8 4 4 4 4 7 8 4 7 0
0 6 5 5 8 0 0 8
1 11 2 5 8 5 9 2 5 0 4 7 6
0 4 5 3 2 5
1 7 7 5 8 5 6 6 3
0 5 3 2 3 2 9
0 3 6 0 9
0 12 5 2 8 7 5 8 0 1 1 1 1 2
0 28 1 1 4 7 8 6 2 4 7 7 4 7 4 8 2 8 8 2 5 9 9 9 9 9 9 9 9 9
1 9 6 5 8 4 5 2 4 2 4
0 6 5 5 7 7 8 4
1 9 2 5 3 8 1 0 0 2 4
0 2 8 8
0 21 1 5 2 4 6 5 4 4 7 3 5 9 8 1 4 0 8 9 8 5 1
1 27 5 8 2 5 0 5 8 2 3 7 6 6 1 1 6 7 0 6 8 8 5 6 6 3 6 1 6
0 5 6 6 6 3 1
0 3 4 6 1
1 6 7 7 2 0 3 0
0 6 3 5 8 4 1 2
0 6 7 2 6 4 5 8
0 9 8 4 1 1 4 9 4 5 5
1 6 2 8 8 5 9 7
1 12 2 4 7 0 6 0 2 5 4 3 7 5
1 5 2 4 4 6 5
1 15 6 0 7 5 4 7 6 1 9 0 7 4 5 0 2
1 38 7 7 9 1 8 7 9 0 3 1 5 4 8 5 7 6 1 8 5 9 0 5 8 0 1 2 4 9 5 9 7 9 1 5 6 6 6 1
1 19 7 5 7 6 3 6 3 6 1 1 8 7 5 5 5 9 0 4 5
0 10 6 0 6 5 4 9 5 6 8 2
0 11 1 1 1 4 9 8 7 8 2 6 3
1 13 2 4 3 0 0 7 6 6 1 0 4 0 0
0 5 6 6 6 3 1
1 13 0 8 8 8 4 2 1 8 2 8 5 9 9
1 25 1 1 8 5 8 1 5 6 4 4 9 5 9 9 8 5 9 9 7 4 7 0 5 1 4
1 13 0 8 4 2 4 7 9 1 8 9 8 5 1
0 8 3 9 2 4 1 8 4 9
0 8 5 0 0 6 5 4 0 0
0 11 0 8 4 2 1 1 5 8 1 3 3
0 11 1 9 2 5 5 8 0 5 4 9 4
1 8 0 8 4 2 4 9 2 2
0 4 6 4 6 1
0 14 0 4 0 0 2 1 0 0 2 8 8 4 0 0
0 5 0 7 2 1 5
0 4 4 2 1 2
1 15 5 8 2 3 0 0 0 0 0 0 0 0 7 0 1
0 3 6 0 9
0 10 7 7 6 5 7 5 4 4 7 1
0 6 9 5 4 0 0 2
1 6 5 8 2 7 5 4
0 5 0 4 9 2 2
0 6 8 5 4 8 1 5
0 4 6 8 4 5
0 2 0 3
1 8 2 5 5 1 7 0 4 1
1 5 7 8 1 4 5
1 9 0 4 0 0 2 8 4 0 0
0 3 2 8 8
0 9 1 5 9 2 6 4 5 2 4
0 7 0 9 7 9 3 2 2
0 16 1 5 2 4 2 1 5 1 3 3 3 3 7 3 3 2
0 38 6 0 2 5 8 7 2 0 3 0 3 1 8 7 8 8 8 5 3 4 4 4 7 5 8 7 0 6 8 4 7 8 7 8 7 8 7 1
1 8 7 8 5 4 4 4 7 1
0 11 7 3 4 1 8 8 8 0 9 7 7
1 4 7 4 9 3
0 34 5 8 0 1 9 5 8 4 9 3 4 4 7 0 8 5 8 5 7 8 4 7 0 8 8 9 7 0 9 7 4 5 1 3
0 12 9 6 8 8 4 5 9 1 7 3 5 9
0 5 7 8 9 0 8
1 11 1 5 2 4 1 1 1 8 2 8 3
1 25 1 2 8 9 8 1 1 8 5 8 1 8 5 8 5 1 3 3 3 3 3 3 3 3 3
1 4 7 8 9 0
0 12 7 5 3 4 1 2 0 0 2 8 4 5
1 6 6 0 2 5 4 6
1 8 1 5 2 8 4 5 2 4
0 15 7 5 5 4 2 4 9 6 1 1 8 1 9 2 3
1 11 6 5 8 4 5 2 4 9 9 8 2
0 7 7 8 1 8 0 4 5
0 9 0 4 1 1 3 5 8 7 0
1 12 5 8 0 0 4 1 5 1 3 3 3 3
1 4 7 5 5 7
0 8 0 6 4 9 5 5 8 2
1 6 4 4 8 0 7 1
1 9 7 5 6 6 1 6 6 1 6
0 21 1 5 2 4 6 5 4 4 7 3 5 9 8 1 4 0 8 9 8 5 1
0 8 1 8 0 7 8 9 6 8
0 4 8 3 0 5
0 14 7 5 0 7 4 7 3 0 8 9 7 6 9 0
1 21 1 5 2 8 8 8 4 5 2 8 4 2 1 5 6 4 5 6 6 6 1
1 13 7 7 1 3 6 0 5 1 5 4 8 6 8
0 3 9 6 8
1 7 0 4 1 8 5 8 5
0 4 5 2 9 3
0 8 6 0 6 0 4 1 7 6
1 7 6 5 4 2 5 1 3
1 23 7 5 0 4 0 1 5 2 4 2 8 9 8 5 6 4 5 1 3 3 3 3 3
0 3 4 3 4
0 5 9 2 9 4 7
1 19 6 5 8 4 2 5 6 4 1 8 9 8 8 5 8 4 9 4 9
1 8 7 5 9 0 2 7 8 8
1 13 2 7 3 1 5 4 5 1 4 7 9 4 0
1 19 1 2 5 4 8 9 8 4 9 8 3 8 1 4 9 7 8 2 5
1 12 1 9 5 8 8 5 8 4 7 3 5 2
1 7 2 8 9 9 0 3 0
0 8 1 8 8 0 0 2 2 8
0 12 0 8 4 1 6 1 8 2 5 9 9 9
0 5 9 0 0 8 0
1 12 5 8 0 0 4 1 5 1 3 3 3 3
0 3 8 4 1
1 10 6 5 4 0 0 2 8 4 2 2
1 7 2 8 9 9 0 3 0
0 8 6 0 6 0 4 1 7 6
1 10 5 8 2 5 2 4 1 5 2 8
0 7 0 9 7 9 3 2 2
1 14 2 5 3 6 8 4 5 4 5 9 0 1 7 9
0 8 4 6 6 2 0 4 5 2
0 4 6 8 4 5
0 6 5 1 6 1 1 9
0 5 0 8 4 1 1
1 11 2 4 9 1 5 7 6 3 6 1 7
1 16 7 5 7 6 1 6 6 1 0 1 4 7 4 7 0 5
1 6 1 1 5 6 4 2
0 28 1 1 4 7 8 6 2 4 7 7 4 7 4 8 2 8 8 2 5 9 9 9 9 9 9 9 9 9
1 16 5 8 2 8 4 7 3 5 6 6 6 6 6 6 5 6
0 30 7 7 4 1 5 1 4 4 4 7 4 6 5 1 4 5 4 8 7 9 0 3 3 1 5 9 9 1 8 8
0 8 4 6 6 2 0 4 5 2
1 7 0 8 8 8 4 2 2
1 10 6 0 5 8 0 5 8 0 2 8
0 20 1 8 1 4 7 1 4 7 1 5 4 4 7 8 7 0 6 3 5 0
1 5 7 5 3 7 5
1 4 2 8 5 3
1 6 2 8 8 5 9 7
0 5 1 2 5 8 0
1 16 0 4 9 9 8 4 7 7 2 1 4 7 9 9 2 3
1 10 7 4 4 6 0 6 5 4 0 0
0 6 9 8 4 7 8 2
0 6 1 2 8 8 3 2
1 19 7 7 0 6 5 0 3 1 8 5 3 3 7 9 0 1 0 0 2
0 15 7 4 4 5 8 8 2 9 1 0 5 8 2 8 2
1 12 2 4 4 6 0 7 4 9 1 9 0 1
0 7 0 4 9 9 8 5 9
0 9 2 8 9 6 5 7 8 1 8
1 10 7 5 8 7 4 0 3 1 8 4
1 27 6 0 5 8 2 5 0 6 0 6 0 7 5 8 8 1 5 4 3 7 5 8 8 8 8 6 3
1 11 0 4 0 0 2 8 4 1 5 4 2
1 6 1 2 1 5 4 2
0 41 1 0 0 2 4 9 9 8 8 5 8 5 4 8 5 3 8 5 4 4 9 4 9 7 0 8 8 9 7 4 1 8 5 8 8 5 8 1 1 1 4
0 6 5 5 8 0 0 8
1 6 1 1 4 7 4 2
0 8 4 3 4 3 5 3 6 1
0 6 8 0 4 3 8 4
0 8 2 8 4 2 4 5 0 8
1 19 1 2 5 4 8 9 8 4 9 8 3 8 1 4 9 7 8 2 5
0 9 2 8 9 6 5 7 8 1 8
1 7 2 5 3 4 1 2 2
1 16 7 8 9 8 5 5 3 4 4 4 7 0 6 0 6 0
0 10 7 5 3 5 0 1 9 8 8 3
0 10 5 8 9 3 3 0 9 2 7 5
0 10 6 2 8 5 5 4 8 6 0 9
0 5 3 7 4 9 3
0 3 1 5 8
1 15 5 8 2 5 2 9 3 6 1 8 7 9 0 3 0
1 29 7 5 7 6 1 3 9 3 6 1 6 6 1 0 0 4 8 4 0 0 4 0 0 2 4 2 5 4 2
1 34 0 8 4 0 0 2 8 8 4 1 1 4 9 5 9 9 2 4 9 8 8 8 2 1 8 5 8 8 9 8 8 9 8 4
1 11 1 9 5 8 1 8 9 8 5 1 3
0 7 6 5 2 7 2 3 1
0 7 1 2 1 8 5 1 3
1 8 2 4 9 1 0 0 4 3
1 12 5 8 0 2 5 6 6 3 6 3 6 3
1 8 5 8 2 4 0 4 0 0
0 7 0 4 1 1 1 1 9
1 7 5 8 0 2 8 8 5
1 39 2 4 7 0 2 8 5 7 4 6 5 4 8 8 1 4 5 9 8 5 5 4 4 4 7 8 4 4 7 8 4 4 4 4 7 8 4 7 0
1 13 7 4 5 2 3 0 7 7 6 1 0 0 2
0 4 7 4 9 5
0 15 4 6 0 2 2 5 3 4 6 5 4 1 0 1 2
1 12 5 8 0 2 5 6 6 3 6 3 6 3
1 11 5 8 0 7 5 3 5 0 1 0 0
0 7 2 3 4 9 1 5 7
0 8 4 3 4 3 5 3 6 1
0 6 1 0 0 2 1 2
1 8 5 8 0 5 8 2 8 0
0 6 5 1 6 1 1 9
1 6 2 8 8 5 9 7
1 11 6 5 8 4 5 2 4 9 9 8 2
0 8 5 4 1 0 2 8 8 8
1 13 5 8 0 2 4 3 0 7 1 9 1 5 7
1 10 1 5 2 8 4 0 0 2 8 4
1 11 2 5 6 6 1 3 4 5 8 0 8
1 19 1 1 1 4 7 4 4 9 4 5 1 8 5 8 5 4 8 2 5
1 4 7 8 9 0
1 5 1 0 0 2 8
1 12 2 8 9 8 8 5 7 6 1 6 6 3
0 4 1 0 4 5
0 9 4 3 6 6 5 6 5 5 3
1 10 6 0 5 8 0 5 8 0 2 8
1 24 7 5 4 5 7 6 1 1 3 7 8 5 8 7 9 1 5 9 2 1 8 4 5 2
1 10 2 4 9 1 7 6 1 1 7 5
1 12 2 8 9 8 8 5 7 6 1 6 6 3
0 12 1 2 4 9 3 5 4 9 3 8 6 1
1 5 7 5 3 7 5
1 9 5 8 2 4 6 0 6 5 8
0 7 7 4 9 1 2 6 0
0 3 4 3 4
0 10 1 1 0 0 2 1 8 5 8 5
0 10 8 8 0 2 8 5 9 0 4 8
1 12 2 4 7 0 6 0 2 5 4 3 7 5
0 9 1 1 5 7 5 4 9 5 9
1 4 4 7 3 6
0 8 6 0 7 7 1 1 5 4
0 18 1 0 2 4 1 4 7 7 7 4 7 4 6 5 6 1 6 1
0 13 7 5 0 8 5 7 6 5 5 0 0 7 3
1 8 7 4 9 1 1 7 5 8
0 5 0 8 1 1 2
1 13 6 0 2 4 5 2 7 5 4 9 5 8 4
0 7 0 2 8 8 5 9 7
0 10 0 2 5 5 5 5 0 4 9 0
1 7 1 2 8 9 8 5 6
1 12 1 1 8 2 5 9 9 9 9 9 9 9
1 6 1 1 4 7 4 2
0 4 1 3 1 5
1 7 5 8 0 2 8 8 5
1 16 7 8 9 8 5 5 3 4 4 4 7 0 6 0 6 0
0 5 2 2 0 2 4
1 20 2 4 3 7 5 1 3 0 7 8 5 0 1 9 1 8 5 0 3 7
0 3 9 7 1
0 4 6 7 8 1
0 5 7 7 1 3 8
1 12 7 8 5 3 5 9 9 1 5 9 0 7
1 6 6 0 5 8 0 1
0 20 1 8 1 4 7 1 4 7 1 5 4 4 7 8 7 0 6 3 5 0
0 7 7 5 7 1 5 4 8
1 19 2 8 9 3 0 3 0 3 0 3 1 5 5 7 5 4 4 7 1
0 7 5 6 6 1 0 0 2
1 9 6 0 5 8 2 5 2 5 2
0 21 5 2 8 4 0 0 2 8 8 5 4 2 2 3 9 9 9 9 9 0 9
0 11 1 0 0 2 4 1 5 6 4 8 5
1 18 0 4 5 2 4 2 8 5 8 1 4 7 0 9 9 3 8 4
1 12 5 8 0 0 4 1 1 1 1 1 5 1
1 10 1 5 2 8 4 0 0 2 8 4
0 12 5 2 8 7 5 8 0 1 1 1 1 2
0 6 4 2 2 1 1 9
1 12 0 4 2 4 9 5 5 1 1 1 1 2
1 15 7 8 9 3 1 8 4 9 1 1 9 1 3 9 3
1 6 5 8 2 3 7 7
1 9 4 7 3 6 5 6 6 5 6
1 6 5 8 0 0 8 4
0 5 8 8 5 4 2
1 5 7 5 8 7 8
1 4 7 5 1 6
0 6 0 9 2 8 8 5
0 7 8 0 8 8 1 5 7
1 7 1 1 4 9 5 5 2
1 5 2 8 9 9 0
1 20 7 7 4 1 5 4 8 4 6 7 9 0 3 1 5 9 8 5 5 8
0 9 5 2 8 8 4 0 0 2 8
1 12 6 5 8 8 8 8 8 4 1 8 2 3
1 4 2 8 5 3
0 10 8 8 0 2 8 5 9 0 4 8
0 10 0 2 5 5 5 5 0 4 9 0
0 6 4 7 5 2 1 5
1 10 2 7 5 1 8 5 0 0 7 0
1 12 1 5 2 8 4 1 8 5 8 8 2 3
0 6 3 7 7 7 1 9
1 7 2 5 1 8 2 5 1
1 12 6 5 8 8 8 8 8 4 1 8 2 3
1 15 5 8 2 5 2 9 3 6 1 8 7 9 0 3 0
1 13 5 8 2 3 7 3 4 0 4 9 2 8 5
1 10 5 8 2 6 5 8 5 6 6 3
0 7 5 8 8 4 4 7 1
1 20 2 4 3 7 5 1 3 0 7 8 5 0 1 9 1 8 5 0 3 7
0 14 7 5 8 5 0 1 5 2 0 7 5 4 2 4
1 25 5 8 2 6 4 3 0 7 4 8 7 2 1 8 4 5 0 6 5 8 4 9 2 5 9
1 6 2 8 5 8 8 8
1 18 7 5 5 6 6 1 6 6 3 6 3 6 3 6 1 6 6 3
0 10 2 7 5 7 0 1 0 3 4 0
1 6 4 4 8 0 7 1
0 6 1 0 0 2 1 2
0 4 6 7 2 1
1 9 7 5 1 5 0 0 8 8 4
1 8 4 4 8 4 0 4 2 1
0 9 5 2 8 8 4 0 0 2 8
0 6 5 8 2 3 0 7
0 12 6 0 7 7 4 3 0 0 0 0 7 7
0 7 8 8 5 4 5 8 2
1 7 6 0 5 8 2 8 5
1 6 2 7 2 0 3 1
0 4 1 3 1 5
0 10 7 5 8 0 6 1 1 1 8 2
0 22 5 8 2 0 7 5 0 3 1 5 4 5 5 4 4 4 4 4 7 0 2 1
0 7 4 1 4 6 9 8 4
1 5 0 8 4 5 2
0 18 8 2 4 8 3 2 6 4 9 4 3 6 1 4 5 1 7 5
1 20 6 5 4 0 0 2 4 1 1 8 9 8 5 1 3 3 3 3 3 3
0 44 2 5 5 3 6 7 1 7 4 5 1 5 4 4 7 8 4 4 7 8 7 8 7 4 4 4 7 0 6 6 8 4 4 4 7 8 4 4 7 0 6 0 6 0
1 5 0 4 9 2 3
1 5 7 5 8 7 8
1 7 0 4 1 8 5 8 5
1 8 2 8 5 7 5 4 8 6
0 3 7 9 9
0 17 6 5 0 2 0 2 8 4 4 9 4 8 8 8 5 8 9
0 4 6 3 4 5
1 10 7 8 5 4 4 4 4 4 7 1
0 3 4 2 5
0 14 9 1 5 8 4 9 2 5 9 9 3 9 9 9
1 8 2 4 4 0 4 0 0 2
0 5 5 2 8 8 4
1 17 0 8 8 8 8 4 9 5 8 5 6 4 5 6 6 4 2
0 3 0 3 2
1 9 7 8 1 4 4 4 8 6 8
0 12 8 0 4 3 0 2 8 4 4 5 0 8
1 4 7 5 5 7
1 12 1 9 9 8 1 8 9 8 4 9 7 4
0 4 7 5 7 8
0 6 0 9 2 8 8 5
0 4 9 2 8 2
0 7 0 4 7 5 4 9 2
1 7 6 5 8 4 1 1 2
1 20 6 5 4 0 0 2 4 1 1 8 9 8 5 1 3 3 3 3 3 3
0 4 6 9 9 4
0 3 0 8 3
0 8 4 7 8 2 0 2 1 9
0 7 6 0 5 4 9 2 3
1 6 2 8 5 8 8 8
1 13 2 4 6 7 0 6 0 6 6 6 6 0 8
0 14 2 4 5 2 8 7 0 3 0 3 1 8 5 7
1 17 6 5 4 9 9 8 4 7 0 8 8 5 8 2 8 5 9
0 21 1 4 7 0 9 4 9 5 2 5 4 1 8 2 5 7 9 9 9 9 9
1 13 5 8 0 2 4 3 0 7 1 9 1 5 7
0 4 0 4 2 8
1 18 6 5 8 8 8 8 8 8 8 4 1 8 5 8 1 8 2 3
1 6 7 7 1 8 6 9
0 11 0 8 4 2 1 1 5 8 1 3 3
0 3 1 8 6
1 6 2 7 6 9 6 8
1 13 0 8 4 2 4 7 9 1 8 9 8 5 1
1 25 6 5 8 4 9 9 8 8 5 8 4 9 4 5 8 9 8 4 7 4 8 5 8 1 2
0 7 0 7 7 3 1 5 4
1 9 0 8 8 4 1 8 2 5 9
0 3 2 1 9
1 12 5 8 0 1 9 5 8 8 5 8 5 1
1 10 5 8 2 8 0 4 1 8 2 5
1 17 6 0 5 8 2 8 6 0 6 0 7 4 4 6 5 4 5
0 4 5 4 0 0
0 4 6 9 6 2
0 6 1 2 8 8 8 3
1 9 0 8 4 5 2 8 4 1 5
1 9 6 0 1 5 2 8 4 1 2
0 6 9 8 4 7 8 2
1 8 6 5 8 8 4 1 1 2
1 8 0 8 4 2 4 9 2 2
1 24 7 4 3 0 0 0 0 0 0 7 8 8 5 7 4 0 4 3 7 9 4 0 3 0
0 6 2 8 0 8 9 0
1 10 7 4 7 5 8 8 8 4 2 2
0 11 7 8 1 4 7 4 7 7 8 5 7
1 10 7 7 5 0 3 1 5 9 9 0
0 4 9 2 8 2
0 38 6 0 2 5 8 7 2 0 3 0 3 1 8 7 8 8 8 5 3 4 4 4 7 5 8 7 0 6 8 4 7 8 7 8 7 8 7 1
0 4 4 3 4 7
1 8 7 5 9 0 2 7 8 8
1 6 2 8 8 5 9 7
1 13 0 8 4 9 5 8 4 7 4 1 8 2 5
1 5 0 4 9 2 3
1 13 7 7 2 0 3 0 3 1 5 8 5 9 7
0 7 6 5 4 8 9 2 0
1 12 1 2 1 4 9 7 8 5 8 1 1 4
1 8 7 7 0 7 5 1 8 5
1 7 0 4 9 2 8 8 3
0 5 3 7 4 9 3
0 9 4 5 8 4 2 8 4 2 3
0 7 5 7 8 2 5 8 8
1 15 7 7 3 0 3 1 8 8 4 8 8 8 5 9 7
1 7 1 2 5 4 8 2 3
0 12 7 5 3 4 1 2 0 0 2 8 4 5
0 9 1 5 9 2 6 4 5 2 4
0 3 5 9 2
1 10 5 8 2 5 2 4 1 5 2 8
0 3 0 3 2
0 10 2 9 8 0 0 0 7 3 6 5
0 10 7 5 3 5 0 1 9 8 8 3
0 9 5 7 4 1 1 8 9 8 2
0 15 7 5 5 4 2 4 9 6 1 1 8 1 9 2 3
1 13 0 8 4 9 5 8 4 7 4 1 8 2 5
1 13 7 7 2 0 3 0 3 1 5 8 5 9 7
0 7 8 5 7 6 3 5 3
1 5 6 0 7 5 6
1 15 1 2 4 7 7 4 9 9 2 5 1 3 3 3 3
0 14 7 5 8 5 0 1 5 2 0 7 5 4 2 4
0 11 6 7 4 5 2 8 4 5 2 8 8
0 15 1 0 0 2 2 5 4 8 2 8 5 9 9 9 9
1 13 7 8 5 7 5 4 8 8 8 8 8 6 5
0 22 0 4 0 1 0 2 8 4 0 0 2 4 5 2 4 9 9 8 4 9 7 4
1 13 5 8 2 3 7 3 4 0 4 9 2 8 5
1 11 1 9 5 8 1 8 9 8 5 1 3
1 8 6 0 5 8 0 6 5 4
1 16 7 5 7 6 1 6 6 1 0 1 4 7 4 7 0 5
1 11 1 1 1 1 8 5 8 5 6 1 3
0 20 4 4 8 3 4 5 8 4 2 5 4 4 7 3 9 7 9 9 2 3
0 26 1 0 0 2 4 0 0 2 4 0 0 2 4 8 1 8 8 9 8 8 5 4 5 8 9 2
0 4 6 7 2 1
0 11 1 0 0 2 4 1 5 6 4 8 5
0 4 6 6 5 4
1 17 6 5 4 9 9 8 4 7 0 8 8 5 8 2 8 5 9
0 9 4 5 8 4 2 8 4 2 3
0 3 9 1 5
1 6 2 8 8 5 9 7
0 9 7 5 8 9 1 7 6 0 8
1 5 0 8 4 5 2
1 8 7 8 1 5 4 8 6 4
0 7 2 8 8 5 9 6 7
1 7 7 5 1 7 0 4 1
0 8 5 8 8 2 3 8 4 0
0 8 8 9 4 4 6 1 5 0
1 6 6 0 2 5 4 6
0 6 0 4 4 2 5 9
0 4 4 3 2 8
0 18 8 2 4 8 3 2 6 4 9 4 3 6 1 4 5 1 7 5
0 6 8 0 4 3 8 4
0 18 6 0 6 5 2 4 5 2 8 8 8 4 5 2 8 4 0 0
0 7 5 6 6 1 0 0 2
1 6 0 8 4 2 5 1
1 8 0 4 5 2 8 4 5 2
1 5 1 0 0 2 8
1 10 2 4 9 1 4 3 4 1 5 2
0 5 4 0 4 2 2
0 11 7 3 4 1 8 8 8 0 9 7 7
0 16 1 5 2 4 2 1 5 1 3 3 3 3 7 3 3 2
0 14 0 8 4 1 4 0 7 9 9 0 2 4 1 4
0 9 6 5 8 8 4 2 1 7 2
1 8 4 4 3 5 6 6 5 6
0 6 1 2 1 2 3 3
0 7 7 8 1 8 0 4 5
0 4 0 1 0 0
1 29 7 5 7 6 1 3 9 3 6 1 6 6 1 0 0 4 8 4 0 0 4 0 0 2 4 2 5 4 2
1 8 5 8 2 4 0 4 0 0
0 12 7 5 6 6 1 1 1 4 2 4 8 0
1 7 7 8 4 5 9 6 3
1 14 2 7 1 3 4 4 4 4 4 4 7 8 7 0
1 8 2 8 5 7 5 4 8 6
0 12 6 5 8 8 7 8 4 1 8 2 1 3
0 3 4 9 6
1 9 2 8 4 8 4 8 6 0 5
1 12 7 8 5 3 5 9 9 1 5 9 0 7
0 13 7 5 0 8 5 7 6 5 5 0 0 7 3
0 3 5 3 0
0 4 6 9 6 2
1 9 1 0 0 2 4 1 8 2 5
1 7 6 0 7 8 9 6 0
0 6 1 5 8 2 1 4
0 21 1 4 7 0 9 4 9 5 2 5 4 1 8 2 5 7 9 9 9 9 9
0 4 0 1 0 0
1 4 0 8 8 4
1 23 7 5 0 4 0 1 5 2 4 2 8 9 8 5 6 4 5 1 3 3 3 3 3
1 9 7 4 5 0 6 5 8 4 5
1 9 6 0 1 5 2 8 4 1 2
1 9 0 8 8 4 1 8 2 5 9
0 11 7 8 1 4 7 4 7 7 8 5 7
0 16 7 7 5 4 2 5 4 8 9 8 8 5 8 1 1 5
0 3 2 4 8
0 3 8 5 4
0 15 7 5 1 3 0 0 7 8 7 9 0 3 3 3 8
1 8 1 1 8 5 8 1 5 1
0 2 8 8
1 7 1 1 4 9 5 5 2
0 4 3 2 8 7
1 16 2 5 3 9 3 6 3 6 3 6 3 6 1 7 6 3
1 11 0 4 0 0 2 8 4 1 5 4 2
0 9 1 1 5 7 5 4 9 5 9
0 10 7 5 8 0 6 1 1 1 8 2
1 24 2 5 5 0 1 3 7 5 8 7 1 3 7 5 3 6 9 4 7 5 4 8 6 9
1 6 0 8 4 2 5 1
1 9 2 5 3 8 1 0 0 2 4
1 24 7 4 3 0 0 0 0 0 0 7 8 8 5 7 4 0 4 3 7 9 4 0 3 0
0 7 6 0 5 4 9 2 3
1 8 2 4 4 0 4 0 0 2
0 3 5 9 2
0 6 4 0 4 3 6 7
0 2 0 3
1 11 1 0 0 2 4 5 2 8 4 0 0
1 5 0 4 9 2 3
1 20 7 7 4 1 5 4 8 4 6 7 9 0 3 1 5 9 8 5 5 8
1 7 7 5 1 6 4 9 3
1 15 2 4 9 1 9 2 4 5 8 2 9 3 6 1 1
1 27 6 0 5 8 2 5 0 6 0 6 0 7 5 8 8 1 5 4 3 7 5 8 8 8 8 6 3
0 5 7 7 8 1 5
0 3 2 7 4
0 10 2 9 8 0 0 0 7 3 6 5
0 17 4 0 7 4 5 2 3 7 3 9 0 2 0 5 1 2 2
1 24 7 5 4 5 7 6 1 1 3 7 8 5 8 7 9 1 5 9 2 1 8 4 5 2
0 16 6 9 8 0 6 5 4 2 4 7 9 5 2 4 0 0
0 5 9 0 0 8 0
0 8 7 5 8 7 7 6 4 9
1 15 2 4 9 1 9 2 4 5 8 2 9 3 6 1 1
0 20 6 5 5 7 8 0 2 8 9 1 4 1 0 6 8 4 1 4 7 1
0 7 0 4 9 9 8 5 9
1 34 0 8 4 0 0 2 8 8 4 1 1 4 9 5 9 9 2 4 9 8 8 8 2 1 8 5 8 8 9 8 8 9 8 4
1 7 2 5 8 4 7 0 8
0 5 4 2 1 3 9
0 5 1 3 0 9 8
1 18 7 5 5 6 6 1 6 6 3 6 3 6 3 6 1 6 6 3
1 9 0 4 9 2 8 5 9 9 9
1 9 6 5 4 5 2 4 1 1 2
1 9 1 0 0 2 4 9 5 8 2
1 9 7 5 6 6 1 6 6 1 6
1 10 5 8 0 7 7 1 4 4 7 0
1 18 0 8 8 4 2 4 9 3 8 1 4 9 2 5 4 8 2 5
0 13 7 4 4 1 1 1 7 3 7 9 0 0 2
0 11 0 8 3 8 1 5 9 9 5 8 8
0 3 9 7 1
1 6 5 8 0 0 8 4
1 20 2 5 5 0 4 0 0 8 4 2 1 1 8 2 8 5 9 9 9 9
0 5 5 9 8 7 3
1 11 2 4 3 0 0 7 0 1 7 0 7
1 13 7 5 1 4 7 7 1 7 5 4 4 7 1
0 3 7 9 9
0 3 4 2 5
0 3 7 6 8
1 11 2 4 9 1 5 7 6 3 6 1 7
1 6 7 7 1 8 6 9
0 6 0 5 5 4 1 5
0 19 5 8 0 7 4 7 3 6 1 8 5 4 4 4 4 7 8 7 9
0 3 5 2 6
0 6 1 2 8 8 8 3
0 7 0 2 8 8 5 9 7
0 3 9 1 5
0 8 1 5 9 3 8 2 2 5
1 8 1 5 2 4 9 9 8 2
0 3 0 8 3
1 6 0 4 5 2 8 8
0 17 4 0 7 4 5 2 3 7 3 9 0 2 0 5 1 2 2
0 6 9 5 4 0 0 2
0 6 2 8 8 1 5 2
0 8 6 0 7 7 1 1 5 4
0 7 2 5 9 2 1 1 9
0 18 6 0 6 5 2 4 5 2 8 8 8 4 5 2 8 4 0 0
0 4 7 4 9 5
0 6 2 1 9 5 8 8
1 9 1 0 0 2 4 1 8 2 5
1 22 7 5 9 0 0 4 1 8 5 8 4 9 4 8 9 7 0 8 8 5 5 1
1 9 6 0 0 8 4 0 0 2 8
1 24 2 5 5 0 1 3 7 5 8 7 1 3 7 5 3 6 9 4 7 5 4 8 6 9
0 10 6 0 6 5 4 9 5 6 8 2
0 14 2 4 5 2 8 7 0 3 0 3 1 8 5 7
0 22 7 8 9 2 0 3 1 8 8 1 1 4 4 7 3 6 8 4 7 8 7 1
1 5 2 4 4 6 5
0 13 7 4 4 1 1 1 7 3 7 9 0 0 2
1 16 7 7 5 1 8 7 2 0 3 0 3 0 3 0 3 0
0 3 2 1 9
0 7 5 7 8 2 5 8 8
0 5 4 2 1 3 9
0 6 7 7 2 6 5 3
0 5 0 7 2 1 5
0 30 7 7 4 1 5 1 4 4 4 7 4 6 5 1 4 5 4 8 7 9 0 3 3 1 5 9 9 1 8 8
1 7 1 2 8 9 8 5 6
1 8 7 7 0 7 5 1 8 5
0 8 2 8 4 2 4 5 0 8
0 11 6 7 4 5 2 8 4 5 2 8 8
1 15 6 5 4 9 5 8 1 8 9 8 8 2 5 9 9
1 9 7 4 9 3 6 1 0 0 5
0 8 6 3 5 0 3 1 3 0
0 7 5 8 8 4 4 7 1
1 5 2 8 9 9 0
1 6 1 9 5 8 5 1
0 6 1 2 8 8 3 2
1 13 7 8 5 7 5 4 8 8 8 8 8 6 5
1 6 2 5 3 3 7 6
0 4 6 9 9 4
0 5 8 8 5 4 2
1 13 2 4 3 0 0 7 6 6 1 0 4 0 0
0 6 4 0 4 3 6 7
1 17 7 5 5 3 4 5 8 2 3 7 3 8 5 8 2 9 3
1 10 2 5 9 2 9 1 8 4 4 5
1 5 2 7 7 6 3
1 13 7 7 1 3 6 0 5 1 5 4 8 6 8
1 13 7 4 4 0 4 9 5 8 4 9 3 8 2
1 13 7 8 5 4 4 7 8 4 4 7 0 6 1
1 12 1 9 2 5 9 9 9 9 9 9 9 9
1 9 6 0 0 8 4 0 0 2 8
1 21 5 8 0 1 9 5 8 8 5 8 4 9 7 4 9 8 2 1 1 4 7
0 13 7 4 8 7 8 5 7 4 2 4 8 6 9
1 7 7 7 6 3 9 0 8
1 15 6 0 7 5 4 7 6 1 9 0 7 4 5 0 2
0 4 7 5 9 3
1 29 2 8 4 5 5 3 6 5 1 4 6 2 0 9 4 3 4 4 7 4 5 1 4 6 0 5 9 7 8
0 4 4 3 4 7
1 6 7 4 6 7 2 0
1 9 1 0 0 2 4 1 1 1 4
0 12 2 1 5 0 0 4 1 5 6 4 8 2
0 6 0 8 8 8 5 8
1 4 7 7 5 1
1 10 7 7 6 0 8 4 5 8 9 9
0 5 7 7 1 3 8
0 3 9 3 9
0 4 6 7 8 1
0 6 5 8 2 3 0 7
