795 10
1 7 6 8 1 4 7 0 2
1 10 0 7 7 7 9 7 1 4 6 4
0 18 6 8 7 7 9 9 7 8 6 2 1 9 6 5 1 9 5 1
1 24 0 7 7 7 7 7 9 7 3 7 1 7 8 9 7 9 7 7 7 5 7 9 7 4
1 22 0 7 4 6 8 3 7 5 7 3 7 9 7 7 7 4 0 7 9 7 1 2
1 13 9 1 7 8 7 7 5 7 9 7 1 2 2
0 15 6 3 0 3 8 3 9 1 2 2 7 3 1 9 0
0 20 0 7 9 7 5 7 7 7 7 1 7 2 1 9 5 1 2 9 5 1
1 18 0 7 7 7 5 7 9 7 5 7 9 7 9 7 7 7 4 2
1 10 9 5 7 7 7 3 7 4 9 8
1 14 0 7 1 7 8 3 7 7 7 5 7 4 9 6
0 9 8 9 6 1 4 3 0 3 2
1 8 9 1 4 0 3 0 6 4
1 18 0 7 3 7 9 7 7 7 3 7 5 7 3 7 7 7 4 2
0 13 1 8 2 8 2 0 4 7 7 3 7 4 3
1 13 6 8 3 7 7 7 5 7 7 7 4 9 6
1 22 9 7 7 7 7 7 9 7 3 7 3 7 7 7 3 7 5 7 9 7 4 3
0 12 0 1 7 9 7 4 8 9 8 2 6 1
0 4 8 8 1 3
1 8 6 8 1 2 0 7 4 3
0 1 7
1 9 6 3 1 5 2 6 7 4 2
1 30 9 7 4 0 7 9 7 7 7 9 7 9 7 5 7 9 7 3 7 5 7 5 7 9 7 1 4 6 1 7
1 21 9 5 7 5 7 7 7 7 7 1 7 3 4 3 1 6 9 5 7 2 7
1 7 0 7 4 9 8 5 2
1 16 9 7 3 7 7 7 3 7 7 7 7 7 9 7 4 6
0 12 0 7 7 7 7 7 1 7 3 5 8 3
1 31 9 7 7 7 5 7 4 0 7 5 7 9 7 9 7 7 7 9 7 7 7 9 7 3 7 1 4 6 5 5 4
0 18 6 8 9 1 7 3 7 9 7 3 7 3 7 5 7 4 9 2
0 5 3 3 1 4 2
0 4 2 5 7 4
0 4 2 5 7 4
1 28 9 7 3 7 9 7 3 7 3 7 7 7 9 7 7 7 3 7 4 6 8 9 7 1 4 6 5 4
0 8 0 3 7 3 7 4 9 3
1 8 6 8 1 2 0 7 4 3
1 12 0 7 7 7 5 7 4 0 7 1 2 2
0 20 9 0 4 3 9 7 5 7 5 5 7 9 7 7 7 7 7 1 2 4
1 18 0 7 9 7 3 7 3 7 1 4 3 0 0 0 6 3 0 2
1 21 9 5 7 5 7 7 7 7 7 1 7 3 4 3 1 6 9 5 7 2 7
1 10 6 3 7 6 1 8 9 3 1 3
1 11 6 3 7 6 1 9 0 9 3 9 6
0 18 6 8 7 7 9 9 7 8 6 2 1 9 6 5 1 9 5 1
0 6 0 0 2 0 7 4
1 29 0 7 9 7 9 7 3 7 9 7 7 7 7 7 9 7 3 7 1 2 0 7 9 7 1 4 3 3 7
1 8 0 7 1 4 7 0 0 2
1 11 6 3 7 6 1 9 0 9 3 9 6
1 25 6 8 3 7 3 7 5 7 1 7 3 3 3 9 3 2 3 7 6 2 0 8 2 0 7
1 16 9 5 7 5 7 7 7 9 7 9 7 5 7 5 7 4
1 10 0 7 7 7 9 7 3 7 4 2
0 3 7 7 6
0 3 0 2 2
0 2 2 7
1 10 9 5 7 5 7 5 7 7 7 4
1 16 9 5 7 5 7 7 7 9 7 9 7 5 7 5 7 4
0 5 6 2 3 6 0
1 18 6 8 9 7 1 2 0 7 5 7 9 7 1 2 6 8 4 3
0 6 9 5 4 1 2 2
1 11 0 7 7 7 1 7 2 1 9 5 1
0 6 0 2 6 5 4 2
0 12 6 8 5 7 9 7 7 6 3 7 4 2
1 8 9 8 6 7 4 5 2 1
1 6 9 8 3 9 3 8
1 24 0 7 7 7 7 7 9 7 3 7 1 7 8 9 7 9 7 7 7 5 7 9 7 4
0 42 6 3 5 9 5 7 2 7 7 7 7 7 3 7 5 7 7 9 5 7 9 7 9 7 1 7 8 3 7 5 7 3 7 1 2 8 7 7 7 7 4 3
1 15 6 3 8 0 7 7 7 9 7 7 7 1 7 8 4
1 1 6
0 5 6 9 2 8 0
1 8 0 7 7 7 3 7 1 7
1 13 9 7 3 7 3 7 3 7 3 7 5 7 4
1 6 6 8 5 7 4 6
0 3 4 0 9
1 8 0 7 1 4 7 0 0 2
1 7 6 3 3 9 3 2 0
1 14 6 8 7 7 1 7 2 1 9 5 1 9 5 1
0 5 1 6 8 2 1
1 18 0 7 7 7 1 7 8 4 0 7 4 0 7 1 7 3 2 4
1 16 0 7 3 7 5 7 3 7 7 7 5 7 9 7 4 2
0 13 5 1 5 0 7 9 7 5 7 3 7 4 8
1 12 0 7 5 7 5 7 3 7 9 7 4 3
1 13 6 8 7 7 9 7 3 7 3 7 1 2 2
0 11 6 8 6 7 7 9 7 1 4 7 2
0 10 0 7 9 7 3 2 6 3 9 4
0 17 0 7 4 3 7 3 7 9 7 7 1 3 6 1 3 9 2
1 14 6 8 9 7 7 7 3 7 5 7 5 7 4 3
1 12 0 7 5 7 7 7 3 7 1 4 7 2
1 13 9 1 7 8 7 7 5 7 9 7 1 2 2
0 3 4 9 6
0 14 9 1 7 3 7 7 7 9 7 1 2 4 7 4
0 6 4 6 9 2 3 9
0 6 0 7 7 9 1 7
1 7 9 1 4 0 7 0 0
0 11 0 7 7 2 5 7 5 7 2 7 7
1 5 6 3 5 9 3
0 3 4 6 7
0 17 6 2 1 5 1 9 5 1 9 5 1 9 5 1 9 5 1
1 8 0 7 7 7 1 7 3 1
0 7 5 0 8 7 3 4 7
0 26 6 2 1 9 5 1 9 1 9 5 1 9 5 1 9 5 1 9 5 1 9 5 1 9 5 1
0 25 9 5 0 7 9 7 4 9 2 8 6 5 6 7 6 2 8 9 3 1 7 6 0 9 0
1 17 9 5 7 9 7 5 7 5 7 7 7 5 7 1 2 9 6
0 15 3 7 5 7 9 7 7 7 8 9 7 5 7 4 5
1 12 6 8 7 7 1 4 6 1 1 4 1 1
0 1 7
0 14 8 0 7 5 7 3 7 7 9 7 7 7 4 3
0 11 6 3 7 0 1 3 3 3 9 3 5
1 5 6 3 6 5 3
0 3 5 5 1
0 11 6 1 3 3 4 1 5 6 3 9 9
1 9 9 5 7 1 2 9 8 1 2
1 6 9 1 4 3 6 4
0 2 3 3
0 24 0 7 4 0 7 4 7 3 7 7 7 1 2 0 7 9 7 5 7 9 7 3 7 4
0 11 6 3 7 0 1 3 3 3 9 3 5
1 9 0 7 5 7 1 4 7 0 2
0 2 2 3
0 17 6 2 1 5 1 9 5 1 9 5 1 9 5 1 9 5 1
0 21 6 8 7 7 6 7 9 7 1 4 0 0 0 0 6 1 1 4 1 4 7
1 13 0 7 3 7 1 4 0 0 7 0 0 0 2
1 18 6 8 9 7 5 7 9 7 9 7 3 7 5 7 1 7 2 1
1 7 9 8 3 9 3 9 7
1 18 0 7 9 7 7 7 7 7 4 0 7 5 7 9 7 9 7 4
0 2 2 3
0 17 0 7 7 6 3 3 3 3 3 9 3 1 4 3 4 0 7
0 8 6 2 9 5 5 9 5 1
0 3 6 6 3
0 6 9 1 3 0 9 0
0 4 4 0 5 3
1 28 9 7 5 7 3 7 3 7 7 7 7 7 5 7 7 7 3 7 9 7 1 4 6 5 5 1 1 1
0 31 0 7 3 7 3 7 5 7 5 7 3 7 5 7 1 7 2 6 1 9 5 1 9 5 1 9 5 1 9 5 1
1 1 6
1 8 6 8 1 4 6 1 1 1
0 1 7
1 9 0 7 4 0 7 1 4 7 2
0 2 3 3
0 1 7
1 10 0 7 7 7 9 7 1 4 6 4
0 7 7 9 7 2 7 4 2
1 13 9 7 3 7 4 6 3 3 3 3 9 3 5
1 17 9 5 7 3 7 1 7 3 8 0 7 3 7 9 7 4 2
1 25 6 8 3 7 3 7 5 7 1 7 3 3 3 9 3 2 3 7 6 2 0 8 2 0 7
1 8 0 7 9 7 1 7 2 1
0 1 7
0 10 6 7 6 7 5 7 9 7 1 2
0 5 4 9 1 5 6
1 18 9 5 7 3 7 5 7 1 4 0 0 3 0 0 3 6 5 3
0 7 7 1 3 0 6 2 4
1 1 6
1 7 6 8 1 7 3 2 4
1 47 0 7 9 7 3 7 9 7 4 0 7 9 7 5 7 3 7 5 7 7 7 3 7 5 7 5 7 3 7 5 7 5 7 5 7 5 7 9 7 7 7 9 7 3 7 1 2
1 13 9 7 3 7 4 6 3 3 3 3 9 3 5
1 11 0 7 5 7 3 7 7 7 9 7 4
0 1 7
1 1 6
1 16 9 1 2 6 8 3 7 1 4 3 3 3 0 7 0 2
1 9 6 3 1 5 2 6 7 4 2
0 2 2 3
0 10 3 9 9 5 7 4 0 9 3 5
0 4 3 3 6 6
0 3 4 2 0
0 6 4 6 0 9 8 1
1 16 6 8 3 7 5 7 1 7 2 1 9 5 1 9 5 1
1 8 9 7 5 7 9 7 4 3
0 11 6 8 6 7 7 9 7 1 4 7 2
0 7 8 7 6 0 7 4 3
0 1 7
0 15 6 3 0 3 8 3 9 1 2 2 7 3 1 9 0
1 8 9 1 4 6 1 1 4 7
1 10 0 7 1 4 0 3 7 0 0 2
0 3 7 7 3
0 4 9 9 9 3
0 6 3 6 8 1 2 4
0 26 9 0 7 9 0 7 7 5 7 5 7 3 7 7 7 3 7 4 9 1 4 5 0 7 0 2
1 9 6 3 1 6 2 2 9 8 4
1 13 9 7 3 7 3 7 1 7 2 1 9 5 1
0 16 0 7 7 7 9 9 7 9 7 3 1 7 3 9 4 2
1 9 9 8 7 6 1 9 6 0 3
0 5 5 1 3 3 1
0 1 7
1 24 9 7 5 7 4 6 8 7 7 9 7 1 7 2 1 9 5 1 9 5 1 9 5 1
0 5 6 3 8 2 9
0 9 1 6 8 6 8 1 0 5 3
1 4 9 8 0 8
0 3 2 1 3
1 32 0 7 9 7 7 7 9 7 7 7 4 6 2 1 9 5 1 9 5 1 9 5 1 9 5 1 9 5 1 9 5 1
1 7 0 7 1 4 0 7 2
0 25 9 5 7 9 7 3 7 7 7 7 7 9 7 3 7 5 5 9 7 5 7 1 7 2 1
1 7 9 8 0 8 9 3 4
1 30 6 8 5 7 3 7 5 7 9 7 3 7 3 7 3 7 7 7 5 7 9 7 4 0 7 9 7 1 2 2
1 8 0 7 7 7 3 7 1 7
0 10 9 1 5 4 6 9 5 1 0 1
0 11 0 6 7 4 7 3 7 2 4 7 2
1 22 0 7 9 7 4 0 7 9 7 5 7 3 7 3 7 1 4 0 0 6 5 4
0 4 2 7 3 2
1 9 6 3 0 8 9 3 9 4 5
0 1 7
1 12 0 7 7 7 5 7 5 7 1 7 2 1
1 11 6 8 1 7 8 4 6 3 4 3 1
0 13 5 1 5 0 7 9 7 5 7 3 7 4 8
0 5 7 0 9 6 3
1 14 0 7 7 7 3 7 7 7 3 7 5 7 4 3
0 6 0 3 8 4 0 4
0 14 0 2 7 5 7 5 3 4 3 7 0 0 0 2
0 8 0 7 3 1 4 0 7 2
1 12 0 7 5 7 7 7 3 7 1 4 7 2
0 5 7 3 9 8 7
1 13 6 8 7 7 9 7 3 7 3 7 1 2 2
0 15 6 2 1 5 1 9 5 1 9 5 1 8 9 7 1
1 7 6 8 7 7 1 2 2
1 15 9 5 7 7 7 3 7 9 7 1 7 8 1 2 2
0 13 1 8 2 8 2 0 4 7 7 3 7 4 3
1 6 0 7 4 9 1 7
1 18 6 8 9 7 5 7 9 7 9 7 3 7 5 7 1 7 2 1
0 7 6 2 1 4 3 7 2
1 11 6 8 1 7 8 4 6 3 4 3 1
0 15 6 8 1 2 6 2 7 1 4 3 6 5 3 0 2
0 23 7 4 0 7 1 7 1 8 5 7 9 7 4 7 9 7 1 5 7 1 3 7 2
0 9 0 8 7 5 7 5 7 4 2
1 6 9 8 3 9 3 8
0 6 9 5 4 1 2 2
1 14 0 7 5 7 9 7 7 7 1 7 8 7 7 4
1 16 6 8 3 7 5 7 1 7 2 1 9 5 1 9 5 1
1 10 0 7 9 7 9 7 9 7 4 2
0 3 4 2 0
1 15 9 5 7 7 7 3 7 9 7 1 7 8 1 2 2
0 5 9 1 2 5 0
0 12 0 7 7 7 7 7 1 7 3 5 8 3
1 16 9 1 2 6 8 3 7 1 4 3 3 3 0 7 0 2
0 8 6 9 4 7 5 7 5 3
0 18 0 7 9 7 3 7 1 8 6 8 9 7 7 7 4 7 4 3
0 14 9 1 7 8 7 7 9 7 5 7 1 0 4 2
1 12 9 1 4 0 3 0 3 0 3 7 0 2
1 1 6
0 15 0 7 9 7 4 9 7 1 4 6 0 6 5 1 2
0 5 6 5 8 4 2
1 25 0 7 7 7 3 7 4 6 2 1 9 5 1 9 5 1 9 5 1 9 5 1 9 5 1
0 3 6 0 3
0 9 1 6 8 6 8 1 0 5 3
0 15 0 7 9 7 7 9 7 7 7 3 7 4 6 2 1
0 6 0 2 6 5 4 2
1 13 0 7 9 7 5 7 1 4 0 6 1 1 1
0 5 8 9 9 4 7
0 7 6 3 9 4 9 8 4
1 7 6 8 1 4 7 0 2
0 3 3 2 4
0 12 0 7 1 4 2 9 9 7 7 7 4 2
1 7 9 8 3 9 3 9 7
1 31 9 7 7 7 5 7 4 0 7 5 7 9 7 9 7 7 7 9 7 7 7 9 7 3 7 1 4 6 5 5 4
1 14 0 7 7 7 1 2 0 7 3 7 5 7 4 2
1 16 0 7 3 7 3 7 7 7 7 7 5 7 1 4 7 2
0 15 5 7 5 7 5 7 4 0 8 9 7 5 7 4 2
1 9 6 3 6 7 3 2 6 9 2
1 1 6
1 10 9 8 6 8 4 3 2 7 3 0
1 9 6 3 3 9 3 9 4 4 5
1 8 0 7 5 7 1 4 7 2
1 11 0 7 5 7 5 7 4 6 3 8 2
1 22 9 7 3 7 3 7 1 7 2 1 9 5 1 9 5 1 9 5 1 9 5 1
1 11 6 3 3 9 3 2 1 8 8 4 5
1 47 0 7 7 7 9 7 3 7 3 7 7 7 7 7 5 7 9 7 5 7 9 7 9 7 9 7 5 7 3 7 9 7 9 7 3 7 3 7 9 7 1 4 6 3 0 0 0
0 16 0 7 1 2 6 8 3 7 5 7 7 1 2 7 0 2
1 15 0 7 3 7 3 7 1 4 0 3 6 3 0 0 2
0 15 6 2 1 5 1 9 5 1 9 5 1 8 9 7 1
1 1 6
0 2 3 3
1 16 0 7 3 7 3 7 7 7 7 7 5 7 1 4 7 2
0 1 7
0 6 0 3 8 4 0 4
1 12 9 7 3 7 1 7 8 5 7 4 9 3
1 9 9 8 7 6 1 9 6 0 3
1 17 0 7 7 7 7 7 5 7 3 7 9 7 9 7 4 9 6
1 10 9 7 9 7 5 7 5 7 4 2
0 10 6 7 6 7 5 7 9 7 1 2
0 36 0 8 5 7 5 7 7 7 5 7 3 7 7 7 5 7 1 7 2 1 9 5 1 9 2 5 1 9 5 1 9 5 1 9 5 1
1 15 0 7 4 6 8 9 7 3 7 3 7 5 7 4 2
1 10 0 7 7 7 9 7 3 7 4 2
1 22 0 7 4 6 8 3 7 5 7 3 7 9 7 7 7 4 0 7 9 7 1 2
0 3 7 7 6
0 8 0 3 7 3 7 4 9 3
1 10 6 8 5 7 1 4 0 3 6 4
0 12 0 0 7 9 7 7 4 6 0 7 1 7
1 14 9 1 7 2 1 9 5 1 9 5 1 9 5 1
1 47 0 7 7 7 9 7 3 7 3 7 7 7 7 7 5 7 9 7 5 7 9 7 9 7 9 7 5 7 3 7 9 7 9 7 3 7 3 7 9 7 1 4 6 3 0 0 0
0 10 9 7 4 0 6 3 5 6 3 1
1 13 0 7 1 7 8 4 0 7 7 7 4 9 3
1 12 0 7 7 7 7 7 7 7 4 6 2 1
1 8 6 8 1 4 6 1 1 1
0 6 7 1 0 7 6 4
1 12 9 7 3 7 7 7 1 4 3 7 0 0
1 7 6 8 7 7 1 2 2
0 6 5 7 8 7 7 3
1 9 0 7 5 7 1 4 7 0 2
0 9 0 7 0 7 1 4 7 0 2
1 1 6
1 10 6 8 3 7 5 7 7 7 4 2
0 25 0 7 7 7 5 7 9 9 2 6 8 5 3 7 5 7 9 7 8 9 7 3 3 4 2
1 16 0 7 9 7 3 7 5 7 1 4 6 5 1 1 4 7
1 24 0 7 9 7 9 7 5 7 5 7 5 7 3 7 1 7 8 3 7 9 7 1 2 3
1 12 9 7 7 7 5 7 5 7 9 7 4 2
0 17 0 7 4 3 7 3 7 9 7 7 1 3 6 1 3 9 2
1 39 0 7 9 7 3 7 3 7 7 7 7 7 7 7 9 7 9 7 5 7 7 7 7 7 5 7 5 7 7 7 5 7 7 7 5 7 5 7 4
1 23 9 7 5 7 3 7 9 7 7 7 4 9 5 7 3 7 9 7 5 7 1 2 3
1 17 0 7 4 0 7 3 7 3 7 7 7 4 6 3 6 9 2
0 4 3 3 6 6
0 5 6 5 8 4 2
1 14 6 8 9 7 1 2 0 7 1 4 0 6 3 2
0 1 7
0 2 2 3
0 4 5 0 7 4
1 11 9 1 4 6 3 0 0 0 0 0 2
1 8 6 8 7 7 1 4 7 2
0 2 3 5
0 42 6 3 5 9 5 7 2 7 7 7 7 7 3 7 5 7 7 9 5 7 9 7 9 7 1 7 8 3 7 5 7 3 7 1 2 8 7 7 7 7 4 3
1 10 0 7 7 7 9 7 9 7 4 2
1 39 0 7 9 7 3 7 3 7 7 7 7 7 7 7 9 7 9 7 5 7 7 7 7 7 5 7 5 7 7 7 5 7 7 7 5 7 5 7 4
0 25 9 5 0 7 9 7 4 9 2 8 6 5 6 7 6 2 8 9 3 1 7 6 0 9 0
0 7 6 5 0 3 8 7 4
0 14 0 5 7 1 4 4 3 1 0 9 6 2 1 7
0 1 7
1 11 0 7 5 7 3 7 7 7 9 7 4
0 12 4 7 7 9 7 1 2 0 4 5 4 6
0 24 0 7 4 0 7 4 7 3 7 7 7 1 2 0 7 9 7 5 7 9 7 3 7 4
0 14 6 8 5 7 3 7 7 7 9 7 7 7 3 6
0 13 9 5 7 1 4 3 5 1 4 4 1 1 1
0 1 7
0 3 6 0 3
0 7 7 9 7 2 7 4 2
0 3 2 8 6
1 13 0 7 9 7 5 7 1 4 0 6 1 1 1
0 12 9 1 8 2 3 7 3 2 4 3 9 5
0 42 0 7 7 9 7 5 7 5 7 9 7 9 7 7 7 3 7 9 7 7 7 4 0 7 3 7 5 7 9 7 3 7 5 7 3 2 9 7 5 7 4 2
0 6 6 3 0 7 0 5
1 15 0 7 3 7 3 7 1 4 0 3 6 3 0 0 2
1 12 6 8 7 7 1 4 6 1 1 4 1 1
1 13 0 7 3 7 7 7 1 2 6 3 8 9 6
1 8 6 8 7 7 1 4 7 2
1 20 0 7 4 9 5 7 3 7 3 7 7 7 7 7 7 7 9 7 1 2
1 1 6
0 20 0 4 0 7 5 7 4 0 7 9 5 7 9 7 7 9 1 7 2 1
1 10 6 8 7 7 1 4 0 0 7 0
0 8 6 8 4 1 9 8 4 4
1 1 6
1 7 9 7 5 7 1 2 3
1 14 9 7 5 7 9 7 9 7 5 7 1 4 7 2
0 14 0 5 7 1 4 4 3 1 0 9 6 2 1 7
1 20 9 7 7 7 5 7 1 2 0 7 4 6 8 3 7 9 7 4 9 6
0 4 1 9 7 3
0 12 0 7 1 9 3 0 6 3 3 3 7 2
1 4 6 3 0 9
0 10 0 7 9 7 3 2 6 3 9 4
0 13 6 2 1 5 9 5 1 9 5 1 9 5 1
1 29 9 5 7 9 7 4 0 7 3 7 5 7 3 7 9 7 5 7 3 7 5 7 7 7 5 7 1 2 3
1 32 0 7 9 7 7 7 9 7 7 7 4 6 2 1 9 5 1 9 5 1 9 5 1 9 5 1 9 5 1 9 5 1
1 12 9 1 4 0 3 0 3 0 3 7 0 2
1 15 9 5 7 7 7 9 7 1 2 9 8 6 8 0 9
0 7 6 2 1 4 3 7 2
0 12 6 2 1 9 5 9 5 0 4 9 5 1
1 13 6 8 3 7 7 7 5 7 7 7 4 9 6
0 1 7
1 15 0 7 4 6 8 9 7 3 7 3 7 5 7 4 2
1 8 0 7 9 7 1 7 2 1
1 11 0 7 3 7 9 7 9 7 1 2 3
0 15 9 5 7 7 9 7 3 7 7 7 7 7 1 2 3
0 8 6 8 4 1 9 8 4 4
0 14 0 7 7 7 5 7 7 6 7 5 7 0 2 3
0 6 5 9 7 7 4 6
1 27 0 7 9 7 7 7 3 7 1 7 2 1 9 5 1 9 5 1 9 5 1 9 5 1 9 5 1
0 4 2 7 3 2
0 7 5 0 8 7 3 4 7
1 22 9 7 3 7 3 7 1 7 2 1 9 5 1 9 5 1 9 5 1 9 5 1
0 4 9 9 9 3
0 22 6 8 7 7 7 5 7 7 4 0 7 2 7 9 7 3 6 1 4 0 7 0
0 6 7 1 0 7 6 4
1 10 9 5 7 5 7 5 7 7 7 4
1 13 0 7 9 7 3 7 7 7 1 4 6 1 7
0 1 7
0 12 0 7 4 0 7 7 7 9 1 7 2 1
1 23 9 7 5 7 3 7 9 7 7 7 4 9 5 7 3 7 9 7 5 7 1 2 3
0 36 0 7 7 4 6 3 3 9 3 2 4 4 9 0 3 1 4 0 4 0 4 0 5 4 3 8 3 1 4 0 4 0 4 0 4 3
1 13 9 5 7 9 7 4 0 7 4 9 8 9 4
1 1 6
1 22 0 7 5 7 3 7 3 7 1 7 8 5 7 5 7 1 4 7 0 0 0 2
1 1 6
0 6 3 6 8 1 2 4
0 8 3 7 1 9 7 2 8 1
1 12 9 7 3 7 1 7 8 5 7 4 9 3
1 1 6
0 26 6 2 1 9 5 1 9 1 9 5 1 9 5 1 9 5 1 9 5 1 9 5 1 9 5 1
0 11 0 7 7 2 5 7 5 7 2 7 7
1 9 0 7 7 7 9 7 1 4 7
0 12 0 1 7 9 7 4 8 9 8 2 6 1
0 2 3 5
0 3 4 9 6
0 29 0 0 3 7 7 7 1 8 7 7 3 7 4 6 8 5 7 5 7 7 3 3 6 7 1 7 3 9 4
1 14 0 7 7 7 3 7 7 7 3 7 5 7 4 3
0 9 0 7 7 7 1 6 5 5 3
0 23 7 4 0 7 1 7 1 8 5 7 9 7 4 7 9 7 1 5 7 1 3 7 2
1 17 0 7 4 0 7 3 7 3 7 7 7 4 6 3 6 9 2
0 15 3 7 5 7 9 7 7 7 8 9 7 5 7 4 5
0 1 7
1 14 0 7 3 7 3 7 9 7 5 7 1 2 9 3
1 8 9 7 5 7 9 7 4 3
1 12 6 8 3 7 9 7 3 7 1 4 6 3
1 11 0 7 3 7 9 7 9 7 1 2 3
0 6 4 6 0 9 8 1
1 1 6
0 6 0 0 2 0 7 4
1 24 0 7 9 7 9 7 5 7 5 7 5 7 3 7 1 7 8 3 7 9 7 1 2 3
1 9 9 5 7 1 2 9 8 1 2
1 9 6 3 1 6 2 2 9 8 4
0 4 6 8 2 1
0 8 9 6 5 5 9 1 2 2
1 7 9 8 0 8 9 3 4
1 21 9 7 9 7 5 7 1 7 8 5 7 3 7 7 7 1 2 0 7 1 7
1 13 9 7 3 7 3 7 1 7 2 1 9 5 1
1 1 6
1 7 9 5 7 3 7 4 3
1 18 0 7 9 7 3 7 3 7 1 4 3 0 0 0 6 3 0 2
1 16 9 7 3 7 7 7 3 7 7 7 7 7 9 7 4 6
1 13 0 7 9 7 3 7 7 7 1 4 6 1 7
1 1 6
0 5 7 0 9 6 3
1 1 6
1 7 6 8 1 4 6 3 2
0 4 6 4 9 3
1 1 6
1 1 6
0 10 0 4 5 7 1 4 6 9 1 7
1 18 0 7 7 7 3 7 4 0 7 9 7 7 7 7 7 1 2 2
1 1 6
1 18 0 7 9 7 9 7 3 7 7 7 7 7 4 0 7 3 7 4
0 18 0 7 9 7 3 7 1 8 6 8 9 7 7 7 4 7 4 3
1 7 9 7 5 7 1 2 3
1 1 6
1 20 0 7 7 7 7 7 3 7 4 9 5 7 3 7 4 6 8 1 2 3
1 12 9 7 3 7 7 7 1 4 3 7 0 0
1 10 9 7 9 7 5 7 5 7 4 2
1 30 9 7 4 0 7 9 7 7 7 9 7 9 7 5 7 9 7 3 7 5 7 5 7 9 7 1 4 6 1 7
1 8 0 7 1 7 3 6 8 1
1 14 6 8 9 7 1 2 0 7 1 4 0 6 3 2
1 7 0 7 9 7 4 9 6
0 4 4 9 0 9
1 17 9 5 7 9 7 5 7 5 7 7 7 5 7 1 2 9 6
0 4 1 9 7 3
1 18 0 7 3 7 9 7 7 7 3 7 5 7 3 7 7 7 4 2
1 24 9 7 5 7 4 6 8 7 7 9 7 1 7 2 1 9 5 1 9 5 1 9 5 1
1 7 0 7 4 9 8 0 3
1 12 6 3 1 5 7 2 1 6 2 0 8 3
0 9 0 7 0 7 1 4 7 0 2
1 12 9 7 7 7 5 7 5 7 9 7 4 2
0 5 4 9 1 5 6
1 8 6 8 1 4 3 3 7 0
0 11 9 1 4 9 0 3 0 7 4 0 8
1 8 6 8 1 4 3 3 7 0
0 18 6 2 1 9 5 1 9 5 1 4 1 9 5 9 5 2 5 1
0 3 8 7 7
0 10 0 4 5 7 1 4 6 9 1 7
1 11 9 5 7 7 7 7 7 9 7 4 2
0 14 9 1 7 3 7 7 7 9 7 1 2 4 7 4
1 13 0 7 3 7 1 4 0 0 7 0 0 0 2
0 13 6 2 1 5 9 5 1 9 5 1 9 5 1
1 15 0 7 4 6 3 4 3 4 0 8 2 9 7 2 2
1 10 6 8 7 7 1 4 0 0 7 0
0 4 6 8 4 8
0 4 8 5 3 3
1 18 6 8 9 7 1 2 0 7 5 7 9 7 1 2 6 8 4 3
0 5 7 3 9 8 7
0 3 6 6 3
0 25 0 7 7 7 5 7 9 9 2 6 8 5 3 7 5 7 9 7 8 9 7 3 3 4 2
0 2 3 3
0 2 2 7
1 10 0 7 9 7 9 7 9 7 4 2
1 16 0 7 3 7 5 7 3 7 7 7 5 7 9 7 4 2
0 7 8 7 6 0 7 4 3
0 3 5 5 1
0 21 6 8 7 7 6 7 9 7 1 4 0 0 0 0 6 1 1 4 1 4 7
1 25 0 7 7 7 3 7 4 6 2 1 9 5 1 9 5 1 9 5 1 9 5 1 9 5 1
1 1 6
1 12 6 8 3 7 4 9 5 7 4 9 8 8
1 10 9 5 7 5 7 4 6 3 2 4
0 26 9 0 7 9 0 7 7 5 7 5 7 3 7 7 7 3 7 4 9 1 4 5 0 7 0 2
1 9 6 3 3 9 3 9 4 4 5
0 1 7
1 10 6 8 5 7 1 4 0 3 6 4
0 27 9 7 5 4 5 6 7 9 7 5 7 3 7 7 7 3 7 3 0 9 7 1 4 0 6 3 2
1 16 9 8 6 8 1 5 7 2 1 5 7 7 7 2 2 4
0 8 6 9 4 7 5 7 5 3
1 20 0 7 4 9 5 7 3 7 3 7 7 7 7 7 7 7 9 7 1 2
0 18 6 8 9 1 7 3 7 9 7 3 7 3 7 5 7 4 9 2
0 4 6 2 3 2
1 16 9 8 6 8 1 5 7 2 1 5 7 7 7 2 2 4
0 6 0 7 0 7 4 2
1 12 0 7 7 7 5 7 5 7 1 7 2 1
1 1 6
1 47 0 7 9 7 3 7 9 7 4 0 7 9 7 5 7 3 7 5 7 7 7 3 7 5 7 5 7 3 7 5 7 5 7 5 7 5 7 9 7 7 7 9 7 3 7 1 2
1 9 0 7 9 7 1 7 3 1 2
1 7 0 7 4 9 8 0 3
0 36 0 8 5 7 5 7 7 7 5 7 3 7 7 7 5 7 1 7 2 1 9 5 1 9 2 5 1 9 5 1 9 5 1 9 5 1
0 25 9 5 7 9 7 3 7 7 7 7 7 9 7 3 7 5 5 9 7 5 7 1 7 2 1
1 12 6 8 3 7 4 9 5 7 4 9 8 8
1 23 0 7 4 0 7 9 7 1 4 3 3 0 3 6 5 5 5 5 1 1 4 1 1
0 5 3 6 8 2 4
1 6 0 7 4 9 1 7
0 11 9 1 7 2 1 9 5 4 9 5 1
0 26 0 2 8 7 5 7 9 7 7 7 5 7 5 7 7 7 1 4 6 5 5 1 1 4 5 4
1 37 6 3 5 6 3 8 9 7 5 7 9 7 1 2 6 8 5 7 3 7 3 7 7 7 7 7 9 7 9 7 9 7 1 4 6 5 4
0 8 0 0 4 7 7 3 4 3
0 22 6 8 7 7 7 5 7 7 4 0 7 2 7 9 7 3 6 1 4 0 7 0
1 13 0 7 5 7 3 7 9 7 1 7 3 0 3
1 7 9 5 7 3 7 4 3
1 1 6
0 4 8 8 1 3
1 22 0 7 9 7 4 0 7 9 7 5 7 3 7 3 7 1 4 0 0 6 5 4
0 6 5 9 7 7 4 6
0 9 8 9 6 1 4 3 0 3 2
0 7 2 7 7 1 4 7 2
1 18 6 3 8 0 7 5 7 3 7 9 7 5 7 7 7 4 9 3
1 10 9 5 7 7 7 3 7 4 9 8
0 27 9 7 5 4 5 6 7 9 7 5 7 3 7 7 7 3 7 3 0 9 7 1 4 0 6 3 2
0 10 3 9 9 5 7 4 0 9 3 5
0 7 6 0 3 3 9 3 0
1 19 6 8 9 7 9 7 1 7 8 4 6 3 0 8 9 3 9 4 6
1 14 0 7 5 7 7 7 3 7 3 7 1 4 6 3
1 1 6
0 7 6 0 3 3 9 3 0
0 14 6 9 7 1 6 8 3 4 3 7 3 0 0 2
0 12 4 7 7 9 7 1 2 0 4 5 4 6
0 14 0 7 7 7 5 7 7 6 7 5 7 0 2 3
1 11 0 7 5 7 5 7 4 6 3 8 2
0 12 0 7 1 9 3 0 6 3 3 3 7 2
0 6 9 6 3 4 8 0
1 10 6 3 7 6 1 8 9 3 1 3
1 27 0 7 1 2 0 7 9 7 5 7 4 0 7 5 7 1 2 9 5 7 7 7 4 9 1 2 3
1 7 6 8 1 4 6 3 2
0 1 7
0 8 3 7 1 9 7 2 8 1
0 7 4 4 9 5 7 4 2
1 18 6 3 8 0 7 5 7 3 7 9 7 5 7 7 7 4 9 3
1 7 0 7 4 9 8 5 2
1 8 0 7 1 4 6 5 5 4
1 28 9 7 5 7 3 7 3 7 7 7 7 7 5 7 7 7 3 7 9 7 1 4 6 5 5 1 1 1
1 8 0 7 5 7 1 4 7 2
0 14 0 3 7 5 7 5 7 3 7 7 1 7 2 1
0 6 9 1 3 0 9 0
1 11 9 5 7 7 7 7 7 9 7 4 2
0 5 1 6 8 2 1
0 7 4 4 9 5 7 4 2
0 6 0 7 5 1 9 2
0 4 5 0 7 4
1 18 0 7 9 7 7 7 7 7 4 0 7 5 7 9 7 9 7 4
0 15 9 5 7 7 9 7 3 7 7 7 7 7 1 2 3
0 4 6 2 3 2
0 10 9 1 5 4 6 9 5 1 0 1
1 7 0 7 9 7 4 9 6
0 10 9 7 4 0 6 3 5 6 3 1
1 17 6 3 1 5 7 7 7 7 7 7 2 4 3 1 4 3 0
1 13 0 7 1 7 8 5 7 4 9 8 4 3 8
0 11 9 1 7 2 1 9 5 4 9 5 1
1 10 9 5 7 5 7 5 7 1 2 2
0 5 0 7 5 9 2
1 29 9 5 7 9 7 4 0 7 3 7 5 7 3 7 9 7 5 7 3 7 5 7 7 7 5 7 1 2 3
0 5 6 9 2 8 0
0 4 4 3 5 6
1 15 9 5 7 7 7 9 7 1 2 9 8 6 8 0 9
0 14 6 8 9 7 9 7 9 7 7 2 7 7 4 3
0 8 0 7 3 1 4 0 7 2
0 11 6 2 1 9 5 1 9 0 9 5 1
1 12 0 7 7 7 5 7 4 0 7 1 2 2
1 22 9 7 7 7 7 7 9 7 3 7 3 7 7 7 3 7 5 7 9 7 4 3
1 20 0 7 7 7 7 7 3 7 4 9 5 7 3 7 4 6 8 1 2 3
1 12 0 7 7 7 7 7 7 7 4 6 2 1
1 14 0 7 7 7 4 6 2 1 9 5 1 9 5 1
0 3 0 6 6
1 8 9 8 6 7 4 5 2 1
1 17 6 3 1 5 7 7 7 7 7 7 2 4 3 1 4 3 0
0 8 0 7 1 4 5 5 3 2
1 9 0 7 9 7 4 0 7 4 3
0 12 6 2 1 9 6 6 1 9 1 9 5 1
0 3 0 2 2
0 7 6 3 9 4 9 8 4
1 23 0 7 4 0 7 9 7 1 4 3 3 0 3 6 5 5 5 5 1 1 4 1 1
0 15 5 7 5 7 5 7 4 0 8 9 7 5 7 4 2
1 19 6 8 9 7 9 7 1 7 8 4 6 3 0 8 9 3 9 4 6
0 4 4 3 5 6
0 15 0 7 9 7 7 9 7 7 7 3 7 4 6 2 1
1 14 9 1 7 2 1 9 5 1 9 5 1 9 5 1
1 13 0 7 3 7 7 7 1 2 6 3 8 9 6
0 3 4 0 9
0 12 9 1 8 2 3 7 3 2 4 3 9 5
1 1 6
1 7 6 8 1 7 3 2 4
0 4 6 4 9 3
0 3 8 7 7
1 8 0 7 4 0 7 4 9 6
1 10 0 7 1 4 0 3 7 0 0 2
0 2 2 7
1 14 0 7 3 7 3 7 9 7 5 7 1 2 9 3
1 9 0 7 4 0 7 1 4 7 2
1 13 0 7 1 7 8 5 7 4 9 8 4 3 8
1 4 9 8 0 8
0 10 3 0 7 3 7 1 1 8 7 7
1 27 0 7 1 2 0 7 9 7 5 7 4 0 7 5 7 1 2 9 5 7 7 7 4 9 1 2 3
1 17 9 5 7 3 7 1 7 3 8 0 7 3 7 9 7 4 2
1 30 6 8 5 7 3 7 5 7 9 7 3 7 3 7 3 7 7 7 5 7 9 7 4 0 7 9 7 1 2 2
0 1 7
1 1 6
1 13 6 8 9 7 7 7 9 7 7 7 4 9 3
1 12 6 3 1 5 7 2 1 6 2 0 8 3
0 1 7
0 3 3 2 4
1 8 0 7 1 4 6 5 5 4
1 7 0 7 1 4 0 7 2
0 2 2 3
1 6 9 1 4 3 6 4
0 5 3 6 8 2 4
0 6 0 7 5 1 9 2
1 1 6
1 14 0 7 5 7 9 7 7 7 1 7 8 7 7 4
1 10 9 5 7 5 7 5 7 1 2 2
1 18 0 7 7 7 3 7 4 0 7 9 7 7 7 7 7 1 2 2
1 10 9 8 6 8 4 3 2 7 3 0
1 1 6
0 20 0 7 3 2 5 7 4 0 7 7 7 7 1 7 3 7 9 7 4 2
1 13 9 7 3 7 3 7 3 7 3 7 5 7 4
0 5 5 1 3 3 1
1 1 6
0 2 3 3
1 10 6 3 6 3 4 1 9 2 7 2
1 14 0 7 1 7 8 3 7 7 7 5 7 4 9 6
1 12 0 7 5 7 5 7 3 7 9 7 4 3
0 11 9 1 4 9 0 3 0 7 4 0 8
1 5 6 3 5 9 3
1 6 6 8 5 7 4 6
1 14 6 8 7 7 1 7 2 1 9 5 1 9 5 1
1 9 0 7 9 7 4 0 7 4 3
1 9 0 7 9 7 1 7 3 1 2
0 6 5 7 8 7 7 3
0 5 0 0 7 4 2
1 18 0 7 9 7 9 7 3 7 7 7 7 7 4 0 7 3 7 4
0 3 2 8 6
0 7 7 1 3 0 6 2 4
0 12 6 7 7 1 2 0 5 7 7 4 1 2
0 2 2 3
0 37 0 7 9 7 9 7 3 7 3 7 3 7 1 2 0 7 9 7 7 7 7 7 7 7 7 9 3 7 7 1 7 8 1 0 2 9 0
0 11 6 2 1 9 5 1 9 0 9 5 1
1 1 6
1 12 0 7 9 7 1 7 3 5 0 7 4 3
1 15 6 3 8 0 7 7 7 9 7 7 7 1 7 8 4
1 10 0 7 7 7 9 7 9 7 4 2
0 14 9 1 7 8 7 7 9 7 5 7 1 0 4 2
0 12 6 8 5 7 9 7 7 6 3 7 4 2
0 3 0 6 6
0 5 6 3 8 2 9
1 17 0 7 7 7 7 7 5 7 3 7 9 7 9 7 4 9 6
0 3 2 1 3
1 7 6 3 8 0 7 4 3
0 5 9 1 2 5 0
1 7 9 8 3 3 9 3 5
0 6 9 6 3 4 8 0
1 1 6
0 7 9 0 9 7 0 8 2
0 9 0 8 7 5 7 5 7 4 2
0 15 0 0 7 1 4 6 1 2 1 1 4 1 4 1 1
0 17 9 7 9 7 5 7 9 7 3 7 7 7 9 7 7 4 3
0 8 6 2 9 5 5 9 5 1
1 10 6 3 6 3 4 1 9 2 7 2
0 20 9 0 4 3 9 7 5 7 5 5 7 9 7 7 7 7 7 1 2 4
0 7 2 7 7 1 4 7 2
0 5 0 7 5 9 2
0 1 7
1 1 6
0 1 7
1 8 9 1 4 0 3 0 6 4
0 7 6 5 0 3 8 7 4
1 28 6 8 9 7 7 7 7 7 5 7 9 7 9 7 7 7 9 7 9 7 4 6 3 4 3 2 8 7
0 14 6 8 5 7 3 7 7 7 9 7 7 7 3 6
0 12 6 2 1 9 6 6 1 9 1 9 5 1
1 10 9 5 7 5 7 4 6 3 2 4
0 5 6 2 3 6 0
0 20 0 4 0 7 5 7 4 0 7 9 5 7 9 7 7 9 1 7 2 1
0 15 0 7 9 7 4 9 7 1 4 6 0 6 5 1 2
1 9 0 7 7 7 9 7 1 4 7
0 1 7
0 9 0 7 7 7 1 6 5 5 3
1 1 6
0 20 0 7 9 7 5 7 7 7 7 1 7 2 1 9 5 1 2 9 5 1
0 1 7
1 7 9 8 3 3 9 3 5
1 10 6 8 3 7 5 7 7 7 4 2
0 1 7
1 28 6 8 9 7 7 7 7 7 5 7 9 7 9 7 7 7 9 7 9 7 4 6 3 4 3 2 8 7
1 14 9 7 5 7 9 7 9 7 5 7 1 4 7 2
1 8 9 1 4 6 1 1 4 7
1 14 0 7 5 7 7 7 3 7 3 7 1 4 6 3
0 12 6 7 7 1 2 0 5 7 7 4 1 2
0 5 3 3 1 4 2
1 9 0 7 9 7 1 7 3 2 4
0 14 0 3 7 5 7 5 7 3 7 7 1 7 2 1
1 15 0 7 4 9 7 9 7 7 7 5 7 3 7 1 2
1 11 6 3 3 9 3 2 1 8 8 4 5
1 9 6 3 0 8 9 3 9 4 5
1 15 0 7 4 9 7 9 7 7 7 5 7 3 7 1 2
0 12 6 2 1 9 5 9 5 0 4 9 5 1
0 15 6 8 1 2 6 2 7 1 4 3 6 5 3 0 2
1 1 6
1 7 6 3 8 0 7 4 3
0 42 0 7 7 9 7 5 7 5 7 9 7 9 7 7 7 3 7 9 7 7 7 4 0 7 3 7 5 7 9 7 3 7 5 7 3 2 9 7 5 7 4 2
0 8 0 7 1 4 5 5 3 2
1 14 6 8 9 7 7 7 3 7 5 7 5 7 4 3
0 4 4 9 0 9
1 15 0 7 4 6 3 4 3 4 0 8 2 9 7 2 2
0 6 0 7 0 7 4 2
1 12 0 7 9 7 1 7 3 5 0 7 4 3
1 32 9 7 7 7 7 7 7 7 5 7 7 7 9 7 5 7 9 7 9 7 1 2 9 5 7 5 7 9 7 1 2 2
0 3 7 7 3
0 14 0 7 5 7 2 9 7 9 7 4 9 1 2 3
0 14 6 9 7 1 6 8 3 4 3 7 3 0 0 2
0 17 9 7 9 7 5 7 9 7 3 7 7 7 9 7 7 4 3
1 1 6
0 15 0 0 7 1 4 6 1 2 1 1 4 1 4 1 1
1 20 9 7 7 7 5 7 1 2 0 7 4 6 8 3 7 9 7 4 9 6
1 13 0 7 1 7 8 4 0 7 7 7 4 9 3
0 2 3 5
1 28 9 7 3 7 9 7 3 7 3 7 7 7 9 7 7 7 3 7 4 6 8 9 7 1 4 6 5 4
1 32 9 7 7 7 7 7 7 7 5 7 7 7 9 7 5 7 9 7 9 7 1 2 9 5 7 5 7 9 7 1 2 2
0 36 0 7 7 4 6 3 3 9 3 2 4 4 9 0 3 1 4 0 4 0 4 0 5 4 3 8 3 1 4 0 4 0 4 0 4 3
1 11 9 1 4 6 3 0 0 0 0 0 2
0 12 0 7 4 0 7 7 7 9 1 7 2 1
1 18 0 7 7 7 1 7 8 4 0 7 4 0 7 1 7 3 2 4
0 6 4 6 9 2 3 9
1 8 0 7 4 0 7 4 9 6
0 14 0 2 7 5 7 5 3 4 3 7 0 0 0 2
1 13 0 7 5 7 3 7 9 7 1 7 3 0 3
1 13 9 5 7 9 7 4 0 7 4 9 8 9 4
1 18 9 5 7 3 7 5 7 1 4 0 0 3 0 0 3 6 5 3
0 7 9 0 9 7 0 8 2
1 1 6
0 14 6 8 9 7 9 7 9 7 7 2 7 7 4 3
1 13 6 8 9 7 7 7 9 7 7 7 4 9 3
1 7 9 1 4 0 7 0 0
1 1 6
0 20 0 7 3 2 5 7 4 0 7 7 7 7 1 7 3 7 9 7 4 2
0 6 0 7 7 9 1 7
1 4 6 3 8 6
1 16 0 7 9 7 3 7 5 7 1 4 6 5 1 1 4 7
0 16 0 7 7 7 9 9 7 9 7 3 1 7 3 9 4 2
1 27 0 7 9 7 7 7 3 7 1 7 2 1 9 5 1 9 5 1 9 5 1 9 5 1 9 5 1
1 18 0 7 7 7 5 7 9 7 5 7 9 7 9 7 7 7 4 2
0 10 3 0 7 3 7 1 1 8 7 7
1 1 6
0 12 0 0 7 9 7 7 4 6 0 7 1 7
0 26 0 2 8 7 5 7 9 7 7 7 5 7 5 7 7 7 1 4 6 5 5 1 1 4 5 4
0 9 5 7 5 7 3 9 7 4 3
0 9 5 7 5 7 3 9 7 4 3
0 8 0 0 4 7 7 3 4 3
1 21 9 7 9 7 5 7 1 7 8 5 7 3 7 7 7 1 2 0 7 1 7
1 5 6 3 6 5 3
0 3 4 6 7
1 9 6 3 6 7 3 2 6 9 2
1 37 6 3 5 6 3 8 9 7 5 7 9 7 1 2 6 8 5 7 3 7 3 7 7 7 7 7 9 7 9 7 9 7 1 4 6 5 4
0 12 0 7 1 4 2 9 9 7 7 7 4 2
0 14 0 7 5 7 2 9 7 9 7 4 9 1 2 3
1 8 0 7 1 7 3 6 8 1
0 18 6 2 1 9 5 1 9 5 1 4 1 9 5 9 5 2 5 1
0 13 9 5 7 1 4 3 5 1 4 4 1 1 1
0 4 8 5 3 3
1 4 6 3 8 6
1 8 0 7 7 7 1 7 3 1
1 14 0 7 7 7 1 2 0 7 3 7 5 7 4 2
1 11 0 7 7 7 1 7 2 1 9 5 1
0 16 0 7 1 2 6 8 3 7 5 7 7 1 2 7 0 2
0 11 6 1 3 3 4 1 5 6 3 9 9
1 22 0 7 5 7 3 7 3 7 1 7 8 5 7 5 7 1 4 7 0 0 0 2
1 1 6
0 6 6 3 0 7 0 5
1 22 0 7 5 7 3 7 5 7 3 7 5 7 5 7 5 7 5 7 9 7 4 2
1 14 0 7 7 7 4 6 2 1 9 5 1 9 5 1
0 4 6 8 4 8
0 4 4 0 5 3
1 12 6 8 3 7 9 7 3 7 1 4 6 3
1 22 0 7 5 7 3 7 5 7 3 7 5 7 5 7 5 7 5 7 9 7 4 2
0 5 8 9 9 4 7
1 29 0 7 9 7 9 7 3 7 9 7 7 7 7 7 9 7 3 7 1 2 0 7 9 7 1 4 3 3 7
0 5 0 0 7 4 2
0 31 0 7 3 7 3 7 5 7 5 7 3 7 5 7 1 7 2 6 1 9 5 1 9 5 1 9 5 1 9 5 1
0 4 6 8 2 1
0 29 0 0 3 7 7 7 1 8 7 7 3 7 4 6 8 5 7 5 7 7 3 3 6 7 1 7 3 9 4
1 4 6 3 0 9
1 7 6 3 3 9 3 2 0
0 37 0 7 9 7 9 7 3 7 3 7 3 7 1 2 0 7 9 7 7 7 7 7 7 7 7 9 3 7 7 1 7 8 1 0 2 9 0
1 1 6
1 9 0 7 9 7 1 7 3 2 4
0 17 0 7 7 6 3 3 3 3 3 9 3 1 4 3 4 0 7
0 14 8 0 7 5 7 3 7 7 9 7 7 7 4 3
0 11 0 6 7 4 7 3 7 2 4 7 2
0 8 9 6 5 5 9 1 2 2
