2910 20
1 10 3 7 17 9 15 2 2 2 5 5
0 16 2 4 15 18 18 10 14 11 2 4 11 15 9 1 5 9
0 6 2 19 18 18 18 0
1 7 2 5 15 10 17 8 15
1 9 2 8 18 8 18 5 11 11 18
0 3 13 1 2
1 9 10 2 3 5 15 10 2 5 15
1 8 12 2 15 8 2 15 8 2
0 3 9 19 7
0 11 19 12 11 2 15 7 13 3 7 0 12
1 9 2 8 4 10 10 14 3 15 8
1 17 2 18 1 17 7 17 17 17 7 17 7 17 7 17 17 7 17
0 11 3 15 5 15 10 2 7 15 4 18 1
0 13 5 7 1 12 12 12 12 13 4 4 4 6 2
1 9 15 7 14 10 2 19 12 17 2
0 5 3 15 7 14 9
0 6 1 2 5 14 11 0
1 9 19 18 10 19 4 4 1 0 12
1 5 2 15 5 15 15
1 4 10 2 15 7
0 17 0 1 12 4 8 2 10 2 12 2 15 10 14 0 2 8 9
1 6 10 2 10 2 3 19
0 11 8 4 7 14 7 14 2 7 14 14 14
0 5 3 17 0 16 4
1 8 15 8 2 0 1 1 8 15
1 6 3 15 7 0 0 5
1 12 15 10 14 19 1 19 1 7 17 7 17 17
0 3 4 17 0
0 5 5 14 1 4 14
1 6 5 14 2 15 19 1
0 4 19 2 8 4
1 2 5 7
1 6 12 2 15 10 14 10
0 3 19 6 16
1 13 5 14 15 8 2 2 7 18 1 17 7 17 17
0 6 0 8 6 8 15 17
0 11 7 1 8 17 2 12 0 15 10 2 10
1 10 19 9 5 4 7 14 3 7 17 18
1 14 2 18 1 7 17 7 17 7 17 17 17 17 7 17
1 4 3 8 10 17
0 4 2 3 7 13
1 7 3 18 1 7 17 7 17
1 7 5 15 3 0 11 12 5
1 1 12
1 4 5 15 15 8
1 11 19 1 0 11 0 0 11 0 11 12 5
1 6 10 2 10 2 3 19
1 18 15 8 2 5 15 5 15 2 15 7 17 9 6 1 13 1 7 13
0 13 3 17 4 15 10 11 17 7 0 11 0 11 14
1 1 10
1 1 10
0 3 0 6 15
1 2 3 5
1 6 0 8 15 17 12 8
1 6 10 2 0 1 9 12
1 6 0 17 0 0 0 12
0 7 19 4 8 2 10 0 4
1 7 2 17 9 16 0 11 5
1 6 19 4 8 2 2 17
1 7 15 7 14 3 18 12 12
1 1 12
1 1 10
1 6 0 8 15 17 12 8
1 29 2 19 12 1 7 17 7 17 17 17 7 17 7 17 7 17 17 7 17 17 7 17 17 7 17 7 17 7 17
1 4 0 17 15 5
0 9 5 1 9 0 17 16 13 11 2
1 1 12
1 7 0 17 19 12 4 15 18
0 5 0 16 4 19 15
0 9 4 5 11 13 1 9 17 17 2
1 9 19 4 8 2 8 4 14 14 14
0 3 15 4 7
1 1 12
1 7 5 7 0 2 15 3 5
1 7 3 19 1 17 17 7 17
0 4 3 14 7 8
0 6 8 4 0 14 9 14
1 1 10
0 23 19 18 15 0 6 18 5 11 8 16 15 14 19 8 19 4 5 12 11 1 15 17 19
1 5 3 8 4 0 3
0 7 5 5 5 19 8 10 19
0 3 6 13 12
1 10 15 8 2 3 5 15 4 9 12 4
1 15 5 1 0 17 1 7 9 2 2 14 12 2 5 15 8
1 11 5 14 5 15 19 1 15 15 0 11 12
0 9 19 1 19 12 1 7 0 17 17
1 1 12
1 10 5 7 8 16 18 3 19 4 15 15
1 8 2 7 18 4 15 18 1 15
1 7 0 2 8 18 9 3 13
1 5 0 17 17 5 12
0 9 3 15 5 15 18 2 5 14 12
1 8 2 8 10 17 7 17 4 1
1 5 0 8 15 5 15
1 12 5 15 15 10 14 19 8 18 12 2 3 5
0 2 12 8
1 10 3 17 10 10 3 3 3 5 15 15
0 13 0 2 7 17 5 1 5 10 8 8 18 1 19
1 9 19 12 11 8 0 12 5 8 8
1 8 10 2 5 13 2 11 4 2
0 11 19 4 7 14 7 5 1 8 16 18 8
1 16 3 17 9 14 1 17 5 1 5 15 18 4 8 2 8 4
0 3 17 13 11
0 10 3 12 4 15 18 12 10 17 5 12
0 11 15 5 15 8 4 14 1 14 14 14 14
1 7 19 18 18 18 0 8 15
1 5 15 8 2 12 2
0 3 2 11 6
1 4 19 8 19 15
1 12 5 13 2 14 12 2 15 10 14 3 15 5
0 5 8 18 15 7 14
0 4 5 14 16 4
0 3 12 13 5
0 4 18 12 0 19
1 8 12 2 15 8 2 15 8 2
1 7 2 7 19 12 4 15 15
1 9 12 2 0 8 0 0 0 11 5
1 3 3 0 5
1 16 12 2 0 8 18 1 7 17 7 17 7 17 17 17 7 17
0 8 2 7 18 10 12 12 9 1
0 14 5 7 12 8 2 1 1 15 1 8 16 13 11 18
1 6 15 8 2 12 2 10
1 9 2 17 0 14 6 19 18 4 10
0 8 8 4 14 0 6 14 14 14
0 1 7
1 5 0 17 0 11 5
1 5 5 14 3 0 5
1 8 19 9 15 9 1 16 5 9
1 3 3 15 15
0 3 10 11 0
1 7 3 17 9 15 2 5 2
1 1 12
1 5 19 1 0 11 14
0 6 2 4 14 14 14 14
0 2 13 3
1 5 0 4 17 12 12
1 7 15 10 14 2 0 0 14
1 28 2 7 18 4 15 4 9 19 3 10 2 19 12 11 8 5 15 10 2 17 5 12 11 2 18 4 15 15
0 4 1 1 17 16
1 5 19 18 19 19 18
1 15 10 2 19 4 7 14 3 17 9 15 5 5 2 5 2
1 9 5 7 8 1 7 17 16 18 8
0 8 3 11 15 5 1 1 18 5
0 11 13 0 8 8 10 14 0 0 12 5 5
0 3 8 4 0
1 4 19 1 0 5
0 16 5 14 15 10 14 5 13 2 13 9 2 10 2 11 4 18
1 4 0 17 17 18
1 4 19 12 11 1
1 6 2 8 18 18 19 16
0 9 3 5 15 4 10 10 12 10 5
1 7 15 8 2 19 9 12 12
0 4 12 6 2 10
1 9 12 2 3 8 18 12 11 17 19
1 5 2 17 10 10 12
1 8 15 8 2 0 1 1 8 15
0 15 3 17 0 12 10 14 6 18 2 19 8 5 1 17 18
1 10 19 4 8 2 0 4 19 18 18 19
1 4 2 18 4 15
1 6 19 12 11 4 3 4
1 1 12
1 12 10 2 19 4 7 14 2 19 12 12 1 17
0 7 0 2 7 10 4 8 17
0 3 2 16 10
1 4 10 2 15 7
1 2 2 19
1 9 10 2 5 14 2 7 19 12 1
1 3 2 19 4
1 10 2 8 4 15 3 5 5 5 5 7
1 10 5 15 15 8 2 10 2 3 0 5
1 8 5 7 8 16 15 11 11 18
0 3 18 11 15
1 4 19 8 17 10
1 37 3 5 15 4 3 13 1 16 5 9 1 7 13 1 16 5 3 5 5 5 7 5 5 7 7 7 7 7 7 5 7 5 5 5 5 7 5
0 4 15 9 10 14
1 1 10
0 2 10 11
0 6 0 8 6 8 15 17
0 20 5 13 2 14 10 2 0 1 1 17 19 3 0 4 3 8 10 17 18 1
1 25 0 8 5 15 10 4 11 1 12 11 1 9 9 19 6 3 18 1 8 17 15 17 16 5 3
0 4 5 1 17 13
1 5 19 8 4 18 19
1 9 10 2 5 15 3 7 15 18 1
0 3 3 3 0
1 1 10
1 12 19 9 3 13 1 16 5 17 7 13 1 7
0 5 2 5 4 13 14
1 12 19 9 15 17 16 5 3 7 7 5 5 5
0 5 7 0 4 19 18
1 13 5 14 15 8 2 2 7 18 1 17 7 17 17
0 5 5 13 18 4 1
1 7 19 8 3 8 17 10 1
0 11 8 3 4 14 14 14 2 14 2 1 14
0 28 2 19 1 17 16 14 10 17 4 13 9 2 12 8 1 7 9 2 9 2 12 8 16 12 12 16 11 18
0 3 15 0 7
0 5 0 4 18 2 14
0 23 5 1 6 7 8 16 8 12 1 18 12 14 8 4 14 14 14 14 14 14 14 14 14
1 6 15 8 2 3 17 3
1 9 3 8 10 17 7 17 14 15 18
1 4 2 0 0 12
0 3 12 14 4
1 3 2 19 4
1 1 10
1 4 19 1 0 5
1 23 5 14 0 4 19 18 4 10 14 0 17 18 12 12 12 12 1 7 17 7 17 7 17
0 5 4 3 11 18 5
0 6 12 6 2 10 2 3
0 5 8 0 4 3 4
1 1 10
1 1 10
1 9 0 2 0 0 11 0 12 5 8
0 10 1 1 1 12 15 13 12 0 17 1
0 7 19 3 2 16 0 5 7
1 1 12
1 4 2 0 0 12
1 14 19 9 10 6 19 10 4 4 11 4 4 19 10 4
1 6 12 2 19 1 8 15
1 4 5 15 2 19
0 1 7
1 6 10 2 2 8 18 12
1 25 5 7 1 18 2 8 18 9 9 6 1 13 1 16 5 1 13 1 16 5 17 16 5 17 7
0 4 5 3 4 12
1 1 10
1 2 2 8
1 13 5 1 0 12 8 16 12 18 10 2 3 17 14
1 9 0 1 18 19 19 10 4 19 15
1 9 2 15 15 8 10 8 0 11 5
1 6 0 2 7 19 12 12
1 7 15 10 14 2 18 12 4
1 1 12
1 24 5 1 1 15 15 0 8 15 7 15 18 12 1 7 17 17 17 7 17 7 17 17 7 17
0 7 18 18 1 16 7 17 17
1 5 2 15 8 10 17
0 2 3 6
1 12 3 17 10 10 12 3 0 4 11 4 3 4
1 13 10 2 5 14 19 8 19 18 1 18 4 15 15
1 10 5 7 8 16 18 3 19 4 15 15
1 7 0 1 8 3 16 5 15
1 4 19 8 17 10
1 14 19 18 10 18 5 1 1 8 12 8 16 13 4 2
1 7 0 2 17 9 17 15 18
0 4 19 8 15 15
1 8 3 19 1 17 17 17 7 17
1 5 19 9 12 15 10
1 1 12
1 19 2 17 5 4 7 14 10 2 3 7 18 1 7 17 17 17 17 7 17
0 7 8 9 14 14 19 18 14
0 5 15 7 14 1 8
0 9 15 2 3 4 0 14 6 19 16
0 10 17 7 6 8 4 11 11 4 4 2
1 11 19 9 15 3 7 5 5 7 5 7 7
1 5 19 18 19 16 16
1 15 19 9 12 15 7 14 5 7 8 16 13 11 4 16 2
0 14 19 4 7 14 5 3 14 19 12 1 7 16 7 17
1 5 19 18 15 0 4
0 6 0 3 9 15 9 3
1 7 12 2 3 7 19 4 15
1 1 12
0 8 5 7 8 16 18 10 7 10
0 6 10 2 5 8 7 18
1 12 5 13 2 14 12 2 15 10 14 3 15 5
0 5 0 6 11 5 2
0 9 0 17 7 8 18 13 8 17 18
0 5 0 4 18 2 14
1 9 3 7 5 15 4 10 3 19 12
0 7 10 2 11 19 4 1 2
0 3 15 8 18
0 11 5 10 0 17 4 12 3 4 15 6 15
0 11 0 0 1 18 18 17 5 7 0 12 5
1 9 12 2 0 8 8 10 2 7 8
1 5 2 19 12 1 17
1 7 12 2 0 8 18 1 17
0 5 16 17 19 0 5
1 8 15 7 14 10 2 2 0 5
0 11 19 9 4 15 0 17 17 8 14 10 4
1 6 3 8 10 8 7 19
1 9 2 17 0 14 6 19 18 4 10
1 8 5 7 1 12 15 13 17 1
1 10 15 8 2 5 15 15 10 14 0 2
0 4 15 5 18 14
1 12 15 7 14 0 17 7 8 4 5 8 11 8
1 5 10 2 19 4 10
1 21 19 8 11 2 15 17 4 1 8 16 18 2 0 12 5 8 8 8 8 8 8
1 1 12
1 4 0 8 17 3
1 3 19 9 10
1 1 10
0 2 16 8
0 30 12 2 5 14 19 4 8 2 19 4 10 14 12 8 19 10 17 15 18 1 17 7 17 17 17 7 17 17 17 17
1 3 19 18 10
0 2 16 2
1 4 0 2 19 1
0 9 15 8 2 3 8 10 5 15 15
0 4 3 17 16 5
1 7 5 15 0 2 15 0 12
1 4 2 0 12 5
0 5 16 3 18 12 12
1 9 2 17 10 6 18 3 17 19 6
1 5 5 14 3 0 5
0 11 14 2 15 7 8 14 11 11 4 17 18
1 8 12 2 19 4 7 14 8 4
1 11 5 14 12 2 0 8 19 1 7 17 17
0 4 18 12 2 14
1 7 19 4 10 14 8 4 14
1 8 12 2 15 10 14 0 2 7
1 16 19 18 19 19 18 4 4 18 0 8 7 8 18 12 17 2
0 7 5 11 4 7 4 16 18
0 9 19 1 8 18 4 8 18 0 8
0 6 19 15 19 18 12 13
0 5 2 5 4 13 14
0 14 5 1 1 18 0 8 19 12 12 4 15 10 19 4
1 26 12 2 2 18 1 7 17 7 17 7 17 7 17 17 17 17 7 17 7 17 17 17 7 17 7 17
1 4 5 1 8 1
0 4 6 15 14 4
0 9 18 15 3 8 8 4 19 11 3
1 9 2 15 15 8 10 8 0 11 5
0 2 17 0
0 26 3 19 19 4 15 12 11 4 18 15 5 15 4 15 17 7 13 1 5 13 1 7 13 1 7 13
1 5 5 1 1 18 10
0 30 12 2 5 14 19 4 8 2 19 4 10 14 12 8 19 10 17 15 18 1 17 7 17 17 17 7 17 17 17 17
1 4 0 8 18 1
1 5 15 8 2 15 7
0 5 15 8 2 2 12
0 5 3 18 15 8 15
1 16 10 2 10 2 19 12 11 17 8 4 5 4 7 14 12 2
1 7 0 1 9 10 10 14 6
0 4 10 5 11 2
1 16 10 2 5 7 1 12 12 18 3 5 15 18 1 0 0 5
1 2 3 5
0 4 15 3 14 8
1 1 10
0 7 3 6 18 17 17 16 17
0 14 3 18 12 7 17 18 17 17 7 17 17 7 17 17
1 8 19 4 7 14 12 2 3 19
0 3 8 4 0
0 5 3 0 19 2 15
1 5 0 8 7 0 14
1 15 19 18 19 16 19 10 18 19 1 8 4 15 9 1 7
0 11 12 2 0 8 5 15 4 5 6 17 18
1 6 5 15 5 15 2 19
1 11 10 2 5 7 8 16 18 0 4 11 17
1 9 19 9 5 4 8 2 2 17 0
0 12 19 9 15 9 17 15 1 16 5 0 1 13
0 27 19 1 19 1 17 17 17 17 7 17 7 17 17 7 17 17 17 17 7 8 7 17 7 17 7 17 17
0 9 1 16 1 0 2 15 19 4 8
1 14 2 19 4 15 4 19 3 5 1 1 8 12 8 1
0 4 2 7 15 1
0 4 0 0 7 8
1 6 19 4 7 14 8 4
0 10 3 12 4 15 18 12 10 17 5 12
0 5 5 0 2 4 16
1 3 0 2 8
0 10 0 0 1 12 11 4 4 19 4 12
1 5 2 15 19 1 17
0 10 12 0 8 18 11 12 12 4 15 15
1 5 19 18 15 0 4
1 1 12
0 6 7 3 5 4 12 4
0 11 3 10 15 17 19 18 19 4 7 14 12
0 7 5 7 13 0 9 2 12
0 11 8 9 4 14 8 5 14 14 14 14 14
1 5 19 18 10 18 12
1 7 0 1 8 3 16 5 15
0 3 0 6 14
0 8 2 19 10 18 5 11 14 18
0 7 5 7 5 15 10 17 18
0 8 15 7 3 0 11 9 14 14
1 22 5 7 0 12 8 16 12 8 9 2 17 16 8 17 16 18 12 2 8 4 14 14
1 21 5 13 12 0 2 11 11 4 16 4 17 4 16 4 4 11 4 16 4 6 18
1 7 19 9 15 1 13 1 7
0 7 8 12 2 5 0 1 5
1 1 12
1 9 15 7 14 8 4 14 14 14 14
1 1 10
0 5 0 1 8 1 5
0 3 17 2 5
1 7 19 18 18 18 0 8 15
0 5 3 7 7 4 18
0 5 19 2 1 17 8
0 3 19 15 7
0 8 12 2 5 14 17 12 2 10
0 5 10 1 14 2 1
1 11 5 13 17 1 7 17 16 15 11 11 18
0 8 2 7 18 10 12 12 9 1
1 7 0 1 1 17 14 15 14
1 13 5 13 9 2 9 2 17 16 15 14 3 0 5
1 1 12
0 3 8 19 3
0 5 4 17 9 3 8
1 6 12 2 0 17 0 14
1 12 15 10 14 19 1 19 1 7 17 7 17 17
1 9 15 10 14 19 1 15 17 15 1
0 5 1 15 7 19 4
1 6 3 15 7 0 0 5
1 10 15 10 14 5 15 3 5 15 10 17
0 3 6 16 2
0 3 8 4 15
1 21 19 4 10 14 12 2 2 8 10 1 8 4 19 10 2 18 4 15 4 9 4
0 3 1 1 19
1 2 2 19
1 1 10
1 10 15 7 14 5 1 8 16 15 13 12
1 9 3 7 5 15 4 10 3 19 12
1 7 2 17 10 10 14 10 12
0 26 2 17 0 12 6 9 3 7 0 11 1 12 11 2 5 15 18 12 11 17 8 10 1 1 0 5
0 7 5 11 4 7 4 11 2
0 4 13 14 8 10
1 6 15 8 2 3 17 3
1 7 15 7 14 15 8 2 5
1 4 2 0 12 5
1 5 0 8 7 17 18
1 11 10 2 12 2 0 1 18 10 4 17 18
1 11 0 1 12 11 1 12 11 2 5 15 15
0 5 4 3 11 18 5
1 12 0 1 8 4 3 12 18 4 3 0 3 10
0 10 12 2 5 7 1 15 2 3 2 19
0 7 17 9 15 1 13 1 9
0 6 4 10 2 3 15 0
1 8 3 19 1 17 7 17 7 17
1 5 0 17 7 17 3
1 22 19 8 11 4 11 2 8 4 14 19 16 19 18 11 4 18 19 9 4 11 11 2
1 12 2 17 19 10 12 10 14 6 18 8 4 14
1 9 19 8 17 19 6 19 10 1 12
0 8 19 7 14 1 18 15 9 0
1 3 5 15 12
1 7 2 17 10 10 14 10 12
1 4 3 8 4 3
1 13 12 2 15 7 14 3 17 4 14 0 4 17 18
0 14 0 17 7 1 7 17 17 17 17 7 17 17 7 3
1 14 0 1 18 19 19 19 19 18 19 18 18 10 17 3
1 10 15 8 2 5 15 15 10 14 0 2
0 11 3 14 17 17 6 3 13 10 1 7 13
1 13 5 11 11 4 4 4 4 17 4 17 4 6 2
1 5 3 15 0 11 5
1 17 15 10 14 12 2 19 9 15 9 1 16 5 17 16 5 1 13
1 4 5 15 15 8
0 4 11 3 8 15
1 26 19 18 18 4 3 6 17 16 5 17 16 5 9 1 16 5 9 1 7 13 1 7 13 1 7 13
0 13 2 15 6 19 4 15 13 11 2 7 0 12 8
1 7 5 13 17 16 13 11 2
0 10 5 0 17 1 0 8 12 1 15 7
1 7 12 2 3 7 19 4 15
1 6 10 2 19 1 5 15
1 7 12 2 15 10 14 19 12
1 5 2 0 0 11 5
1 4 12 2 19 8
1 12 10 2 10 2 15 7 14 2 7 0 11 14
1 4 2 8 4 10
1 9 10 2 2 7 8 4 12 3 5
1 3 0 17 18
0 3 16 5 10
1 5 3 8 4 0 3
1 9 2 15 8 10 8 19 4 15 15
1 6 10 2 2 8 18 12
0 12 5 15 13 4 19 6 3 8 12 9 18 1
1 7 5 13 17 16 13 11 2
1 5 15 7 14 5 1
0 3 4 14 17
1 7 15 7 14 3 8 18 12
0 16 5 16 8 16 15 1 16 8 1 7 12 1 0 18 17 0
0 2 8 10
0 3 5 3 6
1 12 5 7 0 9 2 12 1 13 11 4 16 18
1 11 10 2 12 2 3 15 0 11 0 12 5
1 5 15 7 14 19 12
1 23 19 18 15 12 5 13 2 14 12 2 12 2 0 1 9 5 4 10 14 5 11 4 18
0 4 3 0 9 5
0 5 5 13 18 4 1
1 8 5 7 8 16 15 15 8 4
1 3 19 9 3
0 9 5 14 10 12 18 2 5 14 3
1 9 3 5 15 18 8 18 2 18 1
0 7 16 8 10 2 10 13 4
1 9 0 2 15 17 4 14 8 4 14
1 4 12 2 19 12
1 1 10
1 10 12 2 0 4 19 4 19 3 8 4
1 12 0 1 8 17 9 3 16 19 15 5 1 17
1 7 15 8 2 12 2 2 5
0 8 2 3 8 10 4 12 17 2
1 8 2 15 18 4 15 4 19 6
1 9 3 19 12 12 4 15 18 4 7
1 5 0 8 7 0 14
1 16 15 10 14 3 15 5 15 18 18 10 11 4 18 10 2 19
1 13 10 2 12 2 19 9 3 13 1 16 5 17 7
0 8 3 11 5 15 10 2 0 5
1 8 5 7 1 13 11 4 16 2
1 12 5 7 0 9 2 12 1 13 11 4 16 18
0 11 15 7 14 10 2 0 17 1 4 1 17
0 5 18 10 13 15 8
1 6 3 8 10 8 7 19
1 3 2 18 1
0 11 5 15 8 18 9 13 11 4 4 6 2
0 3 5 18 5
0 14 0 8 1 2 7 17 17 7 17 17 7 17 17 17
0 6 12 0 4 16 15 10
1 10 15 7 14 3 15 15 0 0 0 5
1 10 0 8 15 17 14 15 3 13 1 7
1 9 19 4 8 2 3 0 11 11 14
1 3 3 0 5
1 12 12 2 5 15 12 2 3 17 12 0 1 18
1 9 0 8 0 12 5 8 8 8 8
0 6 8 7 14 14 11 10
1 7 2 5 15 18 9 15 3
1 5 0 2 7 0 14
1 8 19 1 18 1 7 17 17 17
1 18 15 7 14 15 8 2 19 8 11 2 8 4 9 18 17 19 12 12
1 19 19 9 14 10 3 7 0 18 15 8 2 2 17 12 0 8 18 12 4
0 6 8 19 7 18 2 5
1 5 12 2 15 8 2
1 9 19 4 8 2 3 0 11 11 14
0 33 2 7 19 1 17 10 17 17 17 7 17 17 16 7 17 17 17 7 17 17 17 7 17 7 17 7 17 7 17 7 17 17 17
1 10 2 17 4 14 8 4 14 14 14 14
0 5 3 17 19 17 5
1 1 12
0 14 0 8 17 14 9 15 17 16 5 9 1 16 5 9
1 12 15 8 2 19 8 18 19 18 10 3 16 5
0 4 18 0 6 17
0 3 17 3 16
0 7 10 2 3 4 15 5 15
0 9 19 1 19 12 1 7 0 17 17
1 12 5 1 8 16 18 15 10 14 3 15 18 1
1 2 2 8
1 10 10 2 5 13 9 2 12 0 17 1
1 9 0 1 12 11 17 19 1 7 17
0 10 12 2 5 7 1 15 2 3 2 19
0 2 18 18
1 15 15 8 2 10 2 8 4 14 14 14 14 14 14 14 14
1 3 2 18 1
1 4 2 7 0 14
1 22 12 2 5 14 5 15 19 12 11 2 17 3 13 1 7 13 1 7 13 1 7 13
1 20 19 18 18 18 12 2 3 19 12 4 15 4 3 13 1 16 5 9 1 7
0 9 12 2 11 0 8 0 11 17 17
1 5 19 8 18 15 8
1 8 3 19 1 17 7 17 7 17
0 2 3 1
1 11 0 2 7 18 1 17 7 17 17 7 17
0 6 8 2 5 18 12 12
1 5 0 1 18 15 18
1 1 10
1 28 0 17 17 4 1 1 8 17 1 7 17 1 7 17 16 8 12 1 8 17 1 7 2 15 2 0 11 14
0 9 3 15 5 15 18 2 5 14 12
0 1 7
0 2 11 0
1 6 5 11 11 4 6 2
0 3 0 4 13
0 10 0 1 9 10 3 0 10 14 6 3
1 7 10 2 2 0 11 12 5
1 17 15 10 14 12 2 19 9 15 9 1 16 5 17 16 5 1 13
1 7 12 2 15 10 14 19 12
0 3 10 1 2
1 5 2 17 0 3 6
1 7 0 17 0 0 11 11 5
0 3 19 15 7
0 7 12 2 15 7 9 8 5
1 8 10 2 5 7 8 1 7 12
1 19 19 9 14 10 3 7 0 18 15 8 2 2 17 12 0 8 18 12 4
1 5 15 8 2 5 7
0 9 2 5 15 4 12 3 5 9 3
1 7 19 8 4 3 6 1 13
1 9 19 8 3 18 4 11 8 0 12
1 9 5 14 12 2 3 0 0 12 5
0 14 19 4 7 14 5 3 14 19 12 1 7 16 7 17
1 28 12 2 10 2 15 7 14 5 14 5 13 17 1 7 9 2 2 13 9 2 2 7 8 16 18 10 2 5
0 9 0 17 7 8 18 13 8 17 18
1 15 5 13 2 14 0 4 4 4 11 17 5 15 4 0 12
1 6 19 4 8 2 2 17
0 7 10 2 2 19 8 1 1
1 1 12
1 9 2 15 8 10 8 19 4 15 15
1 1 12
0 9 15 8 2 3 8 10 5 15 15
0 4 8 7 5 1
1 5 19 18 19 16 16
1 17 0 1 8 4 19 18 8 19 18 18 18 11 4 4 17 0 4
1 5 3 7 19 12 1
0 6 10 2 1 2 11 18
0 3 15 10 6
1 1 12
1 6 0 4 3 7 18 1
0 4 4 17 3 13
0 7 3 5 15 18 19 8 12
1 16 2 8 10 1 12 11 4 18 12 2 2 8 18 12 17 2
1 5 3 17 10 6 17
0 4 7 7 2 8
0 10 1 5 4 10 14 19 12 16 17 2
1 6 10 2 3 7 19 1
1 5 12 2 15 8 2
0 7 5 11 4 19 4 6 2
0 28 5 13 17 16 12 18 12 2 12 16 19 5 1 0 12 8 2 18 3 8 4 5 4 10 8 2 2 19
0 3 13 2 12
0 3 5 4 2
0 4 8 8 14 14
0 4 19 18 18 8
1 8 10 2 5 7 8 1 7 12
1 13 3 5 15 18 18 10 18 12 2 19 12 17 2
1 21 15 8 2 3 18 1 17 17 17 7 17 7 17 7 17 7 17 17 17 7 17
1 9 5 15 19 9 3 13 1 7 13
0 5 3 11 4 11 2
0 6 12 2 10 19 11 10
0 13 10 2 19 4 10 14 10 2 10 1 2 5 2
1 8 3 0 0 11 12 5 8 8
0 1 7
0 4 1 1 17 16
0 6 10 2 9 0 11 5
0 8 12 2 3 8 11 11 0 1
0 11 8 9 4 14 8 5 14 14 14 14 14
0 7 17 12 2 3 18 15 15
0 15 0 4 3 19 12 6 4 10 10 10 2 3 6 18 10
1 2 5 7
0 2 14 5
0 14 0 8 19 14 12 1 17 19 7 17 7 17 17 17
0 10 0 4 19 5 4 15 0 17 16 5
1 4 10 2 0 4
1 7 0 4 4 17 10 10 4
0 2 12 17
0 14 3 15 15 4 18 18 18 15 8 2 5 7 8 1
0 15 5 7 1 12 15 16 10 13 2 1 1 13 14 4 18
1 7 0 1 1 17 14 15 14
1 4 0 17 15 5
1 6 0 4 3 7 18 1
0 7 2 17 0 11 18 19 16
1 1 12
0 17 3 18 4 15 4 9 7 0 11 17 2 1 13 17 13 11 18
0 5 0 1 18 8 10
0 9 5 14 10 12 18 2 5 14 3
0 6 3 10 15 9 4 3
1 9 0 4 3 17 10 19 10 1 1
1 8 3 19 12 1 7 17 17 17
1 9 10 2 2 7 8 4 12 3 5
0 5 19 18 11 8 8
1 8 12 2 3 17 10 6 18 8
0 8 15 8 18 11 18 14 16 14
1 20 15 7 14 2 18 12 1 7 17 17 7 17 17 17 17 7 17 7 17 17
1 5 5 14 12 2 19
0 7 3 5 15 18 19 8 12
1 9 3 8 4 0 12 6 17 14 19
1 8 2 17 9 6 9 1 7 13
0 5 12 7 0 11 14
1 10 15 7 14 3 7 7 18 4 15 15
0 8 19 4 15 3 0 6 5 8
1 12 15 10 14 19 8 18 3 18 12 1 7 17
0 8 15 7 3 0 11 9 14 14
1 1 12
0 4 18 0 6 17
1 5 0 8 17 4 7
0 7 17 9 15 1 13 1 9
1 16 15 10 14 5 1 0 12 0 12 1 13 11 4 4 11 2
1 7 19 8 17 9 7 18 1
0 8 19 17 5 15 4 11 2 5
0 8 5 7 5 15 19 12 17 2
1 9 0 8 19 12 12 12 12 12 4
1 8 3 15 15 7 8 4 19 6
0 12 15 7 14 0 4 4 18 11 12 8 4 14
0 28 19 18 3 16 15 11 5 15 1 10 8 17 14 10 17 5 2 4 7 0 9 18 2 15 5 3 4 19
1 12 0 4 19 18 18 10 11 8 8 10 8 7
0 3 6 12 3
1 6 10 2 15 8 2 10
0 3 12 17 10
1 8 0 4 11 4 4 18 8 4
0 3 0 10 2
1 1 10
0 28 5 13 17 16 12 18 12 2 12 16 19 5 1 0 12 8 2 18 3 8 4 5 4 10 8 2 2 19
0 2 19 5
1 12 3 19 4 15 10 1 4 8 2 10 2 5
0 10 0 4 19 5 4 15 0 17 16 5
0 3 19 11 17
1 4 10 2 15 7
0 3 0 12 2
0 3 8 15 10
1 1 10
1 6 2 7 18 4 15 4
1 4 15 10 14 12
1 6 10 2 2 7 7 19
1 1 12
1 15 5 7 0 9 2 17 16 15 13 12 8 16 18 12 2
0 9 5 12 15 12 2 8 4 14 14
1 8 2 17 4 11 11 4 6 2
1 12 15 10 14 10 2 15 8 2 8 4 14 14
0 13 2 17 3 13 1 16 6 5 9 1 16 5 9
1 8 19 4 7 14 12 2 3 19
1 1 10
0 8 17 3 13 1 1 8 16 5
1 2 2 19
1 9 19 1 19 4 15 10 8 7 15
1 10 0 1 4 10 14 2 19 1 7 17
0 3 2 16 10
1 1 12
0 11 8 4 7 14 7 14 2 7 14 14 14
0 16 2 4 15 18 18 10 14 11 2 4 11 15 9 1 5 9
1 8 10 2 3 15 7 8 18 18
0 8 5 13 12 0 2 15 12 12
1 1 12
0 6 11 12 5 8 8 8
0 20 5 13 2 14 10 2 0 1 1 17 19 3 0 4 3 8 10 17 18 1
0 6 5 8 1 9 2 12
0 14 5 3 15 10 17 19 4 18 10 1 15 7 18 12
1 5 19 9 14 15 18
1 4 0 8 7 8
0 8 3 3 2 8 4 14 14 14
1 1 12
1 1 12
1 5 5 14 12 2 19
0 8 19 17 5 15 4 11 2 5
0 5 5 14 12 2 13
1 15 10 2 0 1 18 19 19 18 18 15 7 14 2 7 7
0 3 2 8 6
0 3 5 12 12
0 6 0 15 3 0 0 5
0 4 17 15 19 9
1 16 10 2 5 7 1 12 12 18 3 5 15 18 1 0 0 5
0 13 15 10 14 15 10 14 3 0 1 18 19 18 16
1 8 3 0 0 11 12 5 8 8
1 9 5 7 8 1 7 2 11 11 4
1 14 3 15 5 15 10 8 7 8 10 2 18 12 1 17
0 6 8 2 7 17 12 19
1 27 2 7 5 15 10 8 19 4 15 4 5 4 7 14 5 7 1 15 13 12 0 17 1 7 9 2 12
1 10 12 2 0 4 19 4 19 3 8 4
1 21 10 2 3 8 10 17 17 5 1 19 4 15 4 12 10 2 12 2 2 18 12
1 9 15 8 2 5 1 1 18 3 7
1 16 3 17 15 1 13 1 16 5 9 1 7 13 1 16 5 3
0 4 17 15 19 9
0 3 19 13 12
0 7 2 15 18 4 2 0 14
1 8 3 15 7 8 10 1 4 10
1 23 19 12 11 8 7 17 15 3 7 7 5 7 5 5 5 5 5 5 5 7 5 5 5
0 4 17 17 4 4
1 11 5 13 9 2 12 1 8 2 11 4 2
1 6 0 2 7 19 12 12
1 3 5 15 12
0 21 2 3 19 1 7 17 7 17 17 5 17 7 17 7 17 7 17 7 17 7 17
1 1 10
0 3 15 13 10
1 8 2 15 8 18 8 17 0 12
1 26 5 1 0 12 1 8 9 2 9 2 17 16 15 14 15 7 14 10 2 8 4 14 14 14 14 14
1 1 12
1 5 0 17 0 12 5
0 8 0 18 15 19 3 0 15 5
0 1 7
1 3 19 4 8
0 3 5 18 15
1 2 5 7
1 4 3 8 4 18
1 20 0 2 19 1 7 17 7 17 7 17 7 17 7 17 7 17 17 17 7 17
1 28 0 17 17 4 1 1 8 17 1 7 17 1 7 17 16 8 12 1 8 17 1 7 2 15 2 0 11 14
1 3 2 18 12
0 3 8 19 3
1 10 0 4 18 5 1 0 12 1 18 8
0 6 5 13 0 12 13 16
0 3 7 17 2
1 13 10 2 19 4 10 14 19 1 19 12 4 15 15
1 7 5 11 11 4 4 11 18
0 4 10 6 12 5
0 8 15 7 14 2 0 8 8 4
0 22 15 8 2 15 8 19 15 9 7 14 5 15 2 7 17 4 17 11 11 4 16 2
0 5 8 3 14 14 14
0 6 2 19 18 18 18 0
0 4 18 5 19 0
1 20 3 8 18 8 4 18 19 9 14 15 0 14 3 3 15 5 15 18 1 18
0 9 14 8 4 14 6 14 14 14 14
0 17 5 10 2 5 15 12 2 5 14 12 2 0 1 1 15 19 4
1 23 5 14 0 4 19 18 4 10 14 0 17 18 12 12 12 12 1 7 17 7 17 7 17
0 5 0 6 11 5 2
0 10 2 17 14 12 10 18 5 14 2 18
0 17 2 0 11 12 5 8 8 8 8 8 8 8 17 15 8 8 8
1 3 2 19 4
1 7 2 15 19 12 1 7 17
1 9 15 10 14 2 8 10 4 19 15
1 14 19 9 10 6 19 10 4 4 11 4 4 19 10 4
0 13 2 5 0 18 9 0 12 10 12 9 6 3 4
1 8 10 2 8 4 14 14 14 14
0 6 10 2 5 8 7 18
1 7 2 18 4 15 18 9 10
1 1 10
1 15 2 17 9 14 9 12 19 9 0 12 3 15 7 14 10
1 9 15 8 2 2 19 12 4 15 15
1 14 0 2 8 18 8 3 9 2 18 17 10 17 10 1
1 4 5 1 8 1
1 24 5 15 12 2 0 8 8 10 1 8 17 5 1 5 15 18 18 18 19 10 1 9 0 4
0 1 7
1 4 19 8 19 15
1 16 12 2 19 9 15 17 16 5 9 1 16 5 9 1 7 13
1 7 5 15 0 2 15 0 12
0 7 18 18 1 16 7 17 17
1 1 10
1 1 12
1 3 2 19 4
0 2 0 6
0 4 5 1 17 13
0 5 15 7 14 1 8
1 9 0 1 18 19 19 10 4 19 15
1 19 3 7 8 4 12 0 17 18 12 4 15 10 8 15 18 1 17 7 17
0 27 19 1 19 1 17 17 17 17 7 17 7 17 17 7 17 17 17 17 7 8 7 17 7 17 7 17 17
0 4 1 5 0 5
1 15 10 2 0 1 18 19 19 18 18 15 7 14 2 7 7
1 3 19 18 19
1 4 5 1 8 1
1 5 15 7 14 3 15
1 7 2 7 19 12 4 15 15
1 6 2 7 18 4 15 4
0 3 2 8 6
1 7 0 17 19 12 4 15 18
1 23 19 18 15 12 5 13 2 14 12 2 12 2 0 1 9 5 4 10 14 5 11 4 18
1 14 2 18 1 7 17 7 17 7 17 17 17 17 7 17
1 7 2 5 15 10 8 18 4
1 21 5 13 12 8 1 7 9 2 2 15 12 2 0 17 17 0 14 3 0 2 17
0 3 18 8 4
1 1 12
0 5 2 8 18 4 18
1 9 19 9 10 6 4 4 18 12 2
1 24 10 2 5 13 12 0 9 2 2 14 0 17 15 7 15 18 1 17 7 17 7 17 7 17
0 4 7 4 14 14
1 4 3 8 4 18
1 1 10
0 4 17 19 2 1
0 1 7
1 4 0 1 9 18
1 6 12 2 0 17 0 14
0 5 19 8 4 17 16
1 2 3 5
0 6 8 11 5 11 4 1
0 9 1 3 5 15 4 13 15 19 9
0 2 5 9
0 2 0 6
0 1 7
1 8 5 13 9 2 12 0 17 1
0 11 13 0 8 8 10 14 0 0 12 5 5
1 6 0 2 19 4 15 15
1 7 5 15 19 9 15 1 13
0 4 13 3 5 15
1 4 0 17 17 18
1 25 5 7 1 18 2 8 18 9 9 6 1 13 1 16 5 1 13 1 16 5 17 16 5 17 7
0 9 19 1 8 18 4 8 18 0 8
1 16 12 2 0 4 18 19 9 3 13 1 16 5 3 5 7 5
0 2 16 8
0 6 15 15 7 13 14 12
0 4 4 17 3 13
1 7 5 13 9 2 12 8 1
1 20 10 2 15 10 14 2 17 5 9 9 3 16 16 19 15 10 6 11 8 5
0 3 4 14 18
0 16 3 17 5 9 11 19 7 18 12 12 1 7 5 7 17 17
0 4 13 3 5 15
1 19 0 4 11 8 15 5 15 10 8 17 5 9 3 13 1 16 5 1 13
0 8 12 2 11 8 4 14 14 14
1 20 3 8 18 8 4 18 19 9 14 15 0 14 3 3 15 5 15 18 1 18
1 1 12
1 14 2 19 4 15 4 19 3 5 1 1 8 12 8 1
0 11 8 3 4 14 14 14 2 14 2 1 14
0 4 19 12 3 16
1 12 0 4 4 18 3 8 4 9 18 4 3 17
1 6 5 13 12 1 18 19
1 7 2 7 15 7 15 5 15
0 4 10 5 10 10
1 1 12
0 3 5 19 11
1 26 12 2 2 18 1 7 17 7 17 7 17 7 17 17 17 17 7 17 7 17 17 17 7 17 7 17
1 15 3 17 4 1 8 1 7 17 16 8 12 0 2 13 12
0 7 4 7 17 0 1 8 15
0 7 18 5 14 2 0 0 5
1 9 5 14 5 1 1 18 10 2 12
0 10 5 1 1 15 14 5 4 4 17 2
1 7 0 8 7 17 12 10 2
1 1 12
1 4 2 7 0 14
1 12 19 1 5 15 18 8 3 14 1 7 15 5
1 1 10
1 9 19 1 15 8 10 17 0 0 14
1 6 19 12 11 1 4 8
0 11 0 17 5 15 10 8 19 1 17 8 17
1 6 2 19 12 1 7 17
0 8 17 13 5 9 2 6 14 8
0 6 13 10 2 2 0 14
0 8 0 11 19 10 17 16 19 4
0 5 15 11 14 3 8
0 4 8 18 17 2
0 12 3 11 4 15 9 4 12 0 8 4 14 14
0 4 0 18 6 12
0 4 10 5 10 10
0 4 8 8 14 14
1 6 0 4 19 4 0 14
1 8 19 9 15 9 1 16 5 9
0 5 15 11 14 3 8
0 10 5 18 15 12 2 19 15 10 14 8
1 1 12
0 5 0 10 2 10 2
0 6 11 12 5 8 8 8
0 3 8 11 4
1 12 0 8 5 15 18 1 7 19 4 15 4 12
1 4 19 8 17 18
0 6 8 4 14 14 9 16
0 4 0 18 6 12
1 1 10
1 3 19 8 19
0 5 10 19 8 18 1
0 8 19 4 8 19 8 17 0 1
0 11 19 9 4 15 0 17 17 8 14 10 4
1 4 3 8 10 17
1 9 2 7 18 12 1 17 17 7 17
0 10 19 3 1 9 19 4 1 7 17 7
0 5 11 16 0 3 2
1 8 2 17 19 10 14 10 3 10
1 6 10 2 5 14 8 4
1 7 2 18 4 15 18 9 10
1 11 12 2 0 2 15 15 0 12 5 8 8
0 3 5 16 12
1 1 10
1 11 12 2 2 8 18 12 11 2 0 12 5
0 3 5 16 12
1 7 5 7 1 15 11 4 2
1 1 12
1 10 2 7 7 8 18 1 7 5 15 15
0 2 15 5
1 23 5 13 17 1 7 12 0 17 16 15 1 0 9 2 12 1 18 0 17 17 19 6 18
1 11 0 4 19 10 1 9 14 10 4 17 18
1 7 19 4 10 14 8 4 14
0 13 0 4 11 1 9 5 1 7 19 5 12 4 15
1 5 3 0 0 0 12
1 9 19 8 4 4 19 10 4 4 18
0 4 11 3 8 15
1 2 2 19
0 6 5 8 1 9 2 12
1 7 3 19 1 7 17 7 17
0 6 19 6 4 8 7 15
0 6 10 2 16 0 0 12
0 2 10 11
1 1 10
1 1 10
0 11 1 9 15 5 10 2 2 4 5 2 2
1 7 0 17 18 1 17 7 17
0 15 5 1 0 17 1 7 15 0 8 18 9 12 1 17 17
1 18 0 8 17 12 12 2 10 2 10 2 3 19 4 15 4 10 3 5
0 9 7 3 18 0 8 17 5 17 2
0 3 8 6 13
0 5 3 15 19 1 6
1 6 3 5 15 4 5 8
1 6 10 2 3 0 11 5
1 6 10 2 5 11 11 18
0 4 14 5 2 7
1 5 19 4 8 2 8
0 16 0 8 18 12 1 7 17 7 17 17 17 7 17 10 7 17
1 2 3 5
0 8 19 15 15 16 1 2 7 5
1 11 15 7 14 3 8 18 8 11 8 0 14
0 3 2 13 4
1 9 5 7 8 1 7 2 11 11 4
1 7 12 2 0 8 18 1 17
1 1 12
1 23 5 7 8 1 7 9 2 12 0 17 16 18 5 14 12 2 0 2 15 19 12 12 1
1 3 19 4 8
1 9 5 13 9 2 12 8 16 8 12
1 6 10 2 5 14 8 4
1 9 2 18 12 12 12 12 12 12 4
0 3 18 8 4
1 7 0 2 8 18 12 17 2
0 2 3 6
0 5 3 18 15 8 15
1 6 3 8 4 10 10 4
0 9 14 8 4 14 6 14 14 14 14
1 4 0 8 7 8
1 11 5 14 3 15 8 4 19 10 3 10 4
1 13 5 11 11 4 4 4 4 17 4 17 4 6 2
0 3 4 14 17
1 2 2 19
1 8 5 7 1 12 12 13 11 2
1 12 5 15 15 10 14 19 8 18 12 2 3 5
0 12 8 8 14 14 14 14 14 14 14 2 7 14
0 5 3 11 4 11 2
1 5 3 7 0 0 14
1 7 19 1 17 19 6 17 10
1 15 5 7 0 9 2 17 16 15 13 12 8 16 18 12 2
1 19 0 4 11 8 15 5 15 10 8 17 5 9 3 13 1 16 5 1 13
0 6 4 4 0 2 15 8
1 4 10 2 15 7
1 1 12
0 6 14 3 7 19 17 0
1 30 5 13 12 0 9 2 9 2 17 1 7 9 2 17 1 7 12 1 15 15 10 2 0 1 8 11 1 8 18 5
1 7 10 2 0 17 15 0 5
0 4 3 11 16 15
0 4 11 2 17 14
1 19 0 4 19 18 8 17 10 3 19 4 10 14 2 17 4 15 2 0 14
0 26 2 17 0 12 6 9 3 7 0 11 1 12 11 2 5 15 18 12 11 17 8 10 1 1 0 5
1 7 3 19 1 7 17 7 17
0 6 8 7 14 14 11 10
1 12 0 2 17 14 10 18 12 2 15 10 14 2
1 6 3 8 4 10 10 4
0 3 15 0 14
1 4 0 2 15 19
0 3 12 19 19
1 3 2 7 5
1 26 5 13 17 16 8 17 1 7 17 1 7 12 8 16 8 12 1 8 12 8 16 13 11 4 6 2
1 9 5 14 5 1 1 18 10 2 12
1 10 2 18 12 12 12 12 1 7 17 17
0 23 19 18 15 0 6 18 5 11 8 16 15 14 19 8 19 4 5 12 11 1 15 17 19
1 3 19 1 15
1 8 10 2 2 19 12 4 15 15
1 20 15 7 14 2 18 12 1 7 17 17 7 17 17 17 17 7 17 7 17 17
1 1 10
1 10 15 8 2 3 5 15 4 9 12 4
1 11 19 1 0 11 0 0 11 0 11 12 5
0 4 10 6 12 5
0 11 0 19 7 12 4 15 15 2 12 17 2
1 4 0 2 19 1
0 6 4 10 2 3 15 0
0 4 11 2 17 14
1 6 12 2 0 8 8 15
0 3 15 4 7
1 14 10 2 3 5 15 4 5 1 17 12 19 18 15 3
1 8 5 7 8 1 7 12 0 12
1 6 12 2 2 0 0 5
1 8 3 7 0 0 12 5 8 8
1 21 19 4 10 14 12 2 2 8 10 1 8 4 19 10 2 18 4 15 4 9 4
0 4 10 10 15 10
0 11 0 2 7 18 7 17 17 17 17 7 17
1 1 12
1 8 10 2 2 8 10 17 15 15
1 5 0 17 0 12 5
1 9 19 8 3 18 4 11 8 0 12
0 12 5 2 0 19 17 11 1 7 16 9 2 12
0 10 1 1 1 12 15 13 12 0 17 1
1 1 12
0 3 4 17 0
1 13 0 2 17 14 18 18 12 2 10 2 2 19 4
0 9 2 7 15 12 11 0 18 12 5
1 11 2 5 15 10 17 18 1 17 7 17 17
1 1 12
0 2 4 8
1 5 2 15 15 0 5
1 1 10
0 5 3 17 0 16 4
1 7 2 5 15 10 17 8 15
0 4 16 12 14 5
1 1 12
1 1 10
1 8 3 7 0 0 12 5 8 8
0 10 10 2 2 18 12 1 17 17 17 14
1 6 15 7 14 2 7 19
1 10 12 2 12 2 12 2 8 4 14 14
1 5 2 15 19 1 17
1 1 10
1 12 5 7 1 15 1 0 17 16 15 11 11 18
0 2 8 13
1 1 12
0 4 6 9 0 8
0 12 14 7 5 15 4 9 19 6 17 10 10 4
1 5 3 19 12 12 4
1 8 19 18 15 10 6 11 2 5
1 4 19 12 11 1
0 2 17 3
1 7 0 4 4 17 10 10 4
1 5 15 7 14 15 8
1 12 0 2 17 14 10 18 12 2 15 10 14 2
1 15 12 2 0 8 19 4 15 18 1 7 17 10 6 17 14
1 1 10
1 32 2 5 15 4 4 7 1 8 12 8 1 7 2 1 1 8 9 2 9 2 17 1 7 9 2 9 2 12 8 1 7 12
1 5 12 2 3 19 1
1 1 12
1 32 2 7 19 1 17 7 17 7 17 17 7 17 7 17 7 17 7 17 7 17 17 17 17 7 17 17 17 7 17 17 17 17
1 8 5 7 1 12 15 13 17 1
1 2 5 7
1 12 2 5 15 18 8 4 19 10 2 0 0 5
1 18 10 2 5 14 2 19 4 15 18 12 11 8 5 15 4 9 15 2
1 16 3 17 15 17 16 5 1 13 1 7 13 1 16 5 17 7
1 11 10 2 12 2 12 2 12 2 8 4 14
1 5 15 8 2 15 7
0 5 5 0 2 4 16
0 3 12 14 4
1 5 2 8 4 3 13
1 2 3 17
1 4 12 2 19 1
1 15 0 1 18 18 4 17 15 3 7 7 7 5 5 7 5
1 5 0 17 7 15 18
0 5 15 3 0 7 12
1 14 0 2 8 18 8 3 9 2 18 17 10 17 10 1
0 11 5 13 9 2 14 15 10 14 2 0 14
1 9 15 8 2 2 19 12 4 15 15
0 3 4 7 1
0 3 9 18 2
1 30 5 13 12 0 9 2 9 2 17 1 7 9 2 17 1 7 12 1 15 15 10 2 0 1 8 11 1 8 18 5
1 1 12
1 6 0 1 8 3 16 8
0 13 3 15 7 17 3 13 1 7 13 1 7 13 7
0 13 3 5 2 15 16 18 12 2 11 4 9 15 1
1 21 19 8 11 2 15 17 4 1 8 16 18 2 0 12 5 8 8 8 8 8 8
1 6 0 2 18 12 12 4
1 15 2 7 5 15 18 1 17 4 13 12 1 12 13 11 2
0 6 0 8 19 12 15 15
0 18 5 1 0 12 0 17 16 12 10 8 9 0 12 1 18 8 4 14
1 9 10 2 5 15 3 7 15 18 1
0 8 5 7 8 16 18 10 7 10
0 6 8 4 0 14 9 14
1 7 19 9 15 1 13 1 7
1 19 0 1 8 11 2 19 1 7 17 7 17 17 17 17 17 7 17 17 17
0 7 19 3 2 16 0 5 7
1 9 0 8 19 12 12 12 12 12 4
0 15 5 7 1 12 15 16 10 13 2 1 1 13 14 4 18
1 12 15 7 14 3 15 15 0 12 5 8 8 8
0 5 18 10 14 2 19
0 27 0 4 18 3 19 4 15 8 7 18 4 15 4 0 3 6 19 10 1 19 11 17 11 10 10 3 10
1 1 12
1 27 5 13 2 14 0 8 19 12 1 7 17 17 7 17 7 17 7 17 17 17 17 17 7 17 7 17 17
1 9 5 7 0 9 2 2 13 17 1
0 3 5 4 2
1 3 19 18 19
1 23 10 2 10 2 12 2 0 4 18 15 7 14 12 2 12 2 15 7 14 12 2 2 8
1 14 3 15 5 15 10 8 7 8 10 2 18 12 1 17
1 16 12 2 19 9 15 17 16 5 9 1 16 5 9 1 7 13
0 5 2 4 3 3 5
0 3 19 13 12
1 5 3 0 0 11 5
1 3 2 15 7
1 17 10 2 2 17 14 10 11 8 17 4 15 15 8 2 19 4 7
0 10 10 2 2 18 12 1 17 17 17 14
1 23 2 18 4 15 4 14 10 18 5 1 1 15 14 10 2 12 2 0 4 4 17 9 15
1 7 19 8 18 15 7 14 12
0 6 17 14 8 5 1 2
1 1 10
1 12 5 1 8 16 18 15 10 14 3 15 18 1
1 26 19 18 18 4 3 6 17 16 5 17 16 5 9 1 16 5 9 1 7 13 1 7 13 1 7 13
0 3 17 5 18
1 4 0 2 7 15
0 6 15 7 14 3 13 14
0 31 12 2 19 9 9 16 15 18 1 17 17 7 7 17 7 17 0 17 7 17 17 7 17 17 10 7 17 17 1 7 17
0 11 14 15 10 14 5 11 11 4 4 11 2
1 26 2 19 1 7 17 17 7 17 17 17 7 17 17 17 17 17 17 7 17 7 17 17 17 17 7 17
1 1 10
1 1 10
1 8 2 17 19 10 14 10 3 10
0 5 0 1 18 8 10
1 5 19 18 19 19 18
1 6 10 2 19 1 5 15
0 5 15 3 10 10 1
0 17 0 1 4 14 5 0 14 5 15 10 1 2 0 4 9 4 19
1 1 10
0 9 8 6 2 14 14 14 14 14 14
0 31 15 7 14 5 1 8 16 15 13 12 0 9 2 17 16 15 13 17 16 18 10 2 0 1 9 1 5 15 10 2 5
0 3 16 13 15
1 10 10 2 10 2 3 17 4 11 4 18
1 16 10 2 15 7 14 5 13 9 2 17 16 15 14 3 8 15
0 11 3 10 15 17 19 18 19 4 7 14 12
1 12 0 4 4 18 3 8 4 9 18 4 3 17
1 8 10 2 3 15 7 8 18 18
1 16 10 2 15 7 14 5 13 9 2 17 16 15 14 3 8 15
0 3 8 10 4
1 6 2 5 15 18 4 10
0 29 5 15 5 15 9 2 17 16 8 9 2 12 1 15 13 2 1 0 12 0 19 16 8 17 16 14 13 11 18
1 11 19 8 18 12 2 0 2 19 4 15 15
1 6 5 13 12 1 18 19
1 17 0 1 8 4 19 18 8 19 18 18 18 11 4 4 17 0 4
0 4 7 7 2 8
0 4 16 12 14 5
1 12 0 17 17 14 19 19 19 19 18 11 17 5
0 7 4 7 17 0 1 8 15
1 1 10
1 12 12 2 10 2 12 2 19 1 17 10 10 4
0 15 3 17 0 12 10 14 6 18 2 19 8 5 1 17 18
0 9 4 5 11 13 1 9 17 17 2
1 19 19 1 15 15 8 4 12 5 15 10 2 19 12 11 1 9 5 4 8
1 12 19 4 7 14 0 2 15 18 1 7 17 17
0 6 8 18 4 14 14 8
1 7 10 2 0 17 15 0 5
1 17 10 2 2 17 14 10 11 8 17 4 15 15 8 2 19 4 7
1 7 15 8 2 12 2 2 5
1 6 5 7 0 2 14 12
1 7 19 12 11 2 5 15 15
0 6 2 0 1 1 19 4
1 5 3 15 0 11 5
0 8 15 8 18 11 18 14 16 14
1 8 12 2 19 4 7 14 8 4
1 6 2 7 17 12 15 8
0 8 10 12 2 14 10 13 1 17
1 10 5 11 4 4 17 4 6 4 6 2
1 5 5 1 1 18 10
0 11 1 15 8 19 10 2 2 0 12 5 8
1 6 2 15 17 15 1 13
0 5 10 19 14 4 7
1 12 10 2 10 2 15 7 14 2 7 0 11 14
0 4 10 4 2 10
0 2 11 0
1 6 0 8 8 4 5 12
1 4 2 8 4 10
0 6 10 2 11 9 2 10
0 4 17 19 8 2
1 6 12 2 2 0 0 5
0 33 2 7 19 1 17 10 17 17 17 7 17 17 16 7 17 17 17 7 17 17 17 7 17 7 17 7 17 7 17 7 17 17 17
0 5 5 14 19 3 2
0 12 2 7 19 12 4 15 1 4 3 10 10 3
1 5 3 0 0 11 14
1 11 2 15 18 12 12 4 15 4 15 17 7
1 1 10
1 7 3 15 18 12 1 7 17
1 4 19 8 19 15
0 5 0 4 7 2 6
1 5 2 17 9 6 3
1 11 2 18 1 7 17 7 17 7 17 7 17
0 14 19 9 19 0 3 12 12 6 11 8 4 4 10 3
0 27 0 4 18 3 19 4 15 8 7 18 4 15 4 0 3 6 19 10 1 19 11 17 11 10 10 3 10
0 5 2 8 18 4 18
0 17 9 19 4 15 18 8 19 14 4 19 19 6 9 3 17 3 19
0 10 5 18 15 12 2 19 15 10 14 8
1 5 12 2 2 18 1
0 3 1 6 10
1 6 10 2 0 1 9 12
0 6 10 2 16 0 0 12
0 4 7 2 17 3
1 16 3 17 9 14 1 17 5 1 5 15 18 4 8 2 8 4
0 7 2 17 0 11 18 19 16
0 4 18 12 0 19
0 8 3 11 5 15 10 2 0 5
1 13 19 12 11 4 17 5 1 8 10 2 0 0 14
0 8 15 8 2 19 17 1 10 19
1 1 10
1 8 15 8 2 0 4 3 14 12
1 8 3 8 18 9 14 18 19 15
0 6 6 10 10 5 5 7
0 3 18 11 15
1 16 15 10 14 19 1 7 19 4 15 4 10 6 17 10 3 3
0 4 19 16 3 5
1 21 19 12 11 17 19 1 17 17 17 7 17 17 7 17 7 17 7 17 17 7 17
1 9 12 2 3 8 18 12 11 17 19
0 22 12 2 2 17 14 18 4 11 8 15 17 9 6 1 15 1 18 16 3 17 7 13
1 23 0 8 19 4 15 18 18 10 18 5 13 2 15 10 2 0 8 17 15 17 16 5 1
0 3 5 18 15
1 12 15 10 14 19 8 18 3 18 12 1 7 17
1 18 0 8 17 12 12 2 10 2 10 2 3 19 4 15 4 10 3 5
1 9 2 8 4 10 10 14 3 15 8
1 13 15 10 14 3 8 18 18 15 10 10 12 10 4
1 1 12
0 21 2 3 19 1 7 17 7 17 17 5 17 7 17 7 17 7 17 7 17 7 17
0 5 11 1 12 17 2
0 3 12 15 18
1 1 10
0 4 16 0 6 2
0 6 8 19 7 18 2 5
1 3 19 8 19
0 9 15 10 6 12 2 17 2 10 2
0 3 2 11 6
0 3 8 4 9
1 23 10 2 10 2 12 2 0 4 18 15 7 14 12 2 12 2 15 7 14 12 2 2 8
0 4 7 10 1 11
0 6 10 2 15 3 17 18
0 6 4 10 14 14 0 8
0 6 4 4 0 2 15 8
1 19 10 2 15 7 14 3 17 14 10 18 15 7 14 5 14 2 7 8 18
1 1 10
0 3 17 13 0
1 5 10 2 3 0 14
1 12 5 13 17 16 18 3 15 8 18 9 14 19
1 8 10 2 0 2 7 0 12 5
0 16 2 19 4 15 18 8 4 3 9 3 17 0 4 19 4 18
0 9 15 10 14 5 18 11 13 11 2
1 4 0 1 9 18
1 10 15 7 14 5 1 8 16 15 13 12
1 5 5 14 10 2 10
0 4 7 10 1 11
1 18 0 8 8 10 17 7 19 1 7 17 17 7 17 17 17 17 7 17
1 2 2 8
0 2 14 19
1 24 15 8 2 19 9 3 13 1 16 5 9 1 16 5 17 16 5 9 1 16 5 3 7 7
1 3 2 15 7
1 10 2 17 4 14 8 4 14 14 14 14
0 14 0 1 12 11 1 12 11 17 7 7 0 0 2 14
1 1 12
1 7 10 2 10 2 19 8 4
0 13 3 8 10 14 4 19 18 4 15 1 1 6 13
1 18 2 19 1 7 17 17 7 17 7 17 17 7 17 7 17 7 17 17
0 3 1 4 10
1 18 15 7 14 15 8 2 19 8 11 2 8 4 9 18 17 19 12 12
1 3 19 9 3
1 11 5 14 5 15 19 1 15 15 0 11 12
0 4 10 18 8 1
1 20 12 2 5 15 19 4 8 2 12 2 3 18 1 17 7 17 7 17 7 17
0 6 2 0 12 5 9 8
0 11 19 18 15 13 1 16 5 7 5 15 5
1 8 12 2 15 7 14 3 15 5
1 5 0 17 0 11 5
1 11 0 1 9 9 16 15 17 5 9 19 6
0 10 0 1 8 8 2 0 17 6 0 5
0 3 6 8 4
1 7 19 9 12 0 8 18 4
1 22 0 4 17 5 12 11 1 4 7 14 12 2 2 18 4 15 18 18 15 15 17 7
1 1 12
0 10 12 11 2 12 19 9 1 11 4 5
1 1 12
0 6 8 4 14 14 9 16
0 9 5 11 1 1 8 9 2 17 1
1 14 0 4 17 14 10 3 17 15 0 14 10 14 10 4
1 32 2 7 19 1 17 7 17 7 17 17 7 17 7 17 7 17 7 17 7 17 17 17 17 7 17 17 17 7 17 17 17 17
1 1 12
0 5 12 5 19 11 18
0 17 0 1 4 14 5 0 14 5 15 10 1 2 0 4 9 4 19
1 5 0 2 18 1 17
1 1 12
1 3 3 0 5
1 10 5 13 2 14 10 2 0 2 0 12
0 4 11 12 2 10
1 6 12 2 19 8 11 8
1 16 3 8 4 14 19 19 18 4 19 10 8 17 9 3 19 19
0 8 12 2 8 4 17 3 16 16
1 7 19 9 12 0 8 18 4
1 8 15 10 14 10 2 15 8 2
1 11 19 8 19 4 12 10 2 19 9 15 9
1 6 12 2 0 8 8 15
1 6 0 2 15 17 3 13
0 13 2 15 6 19 4 15 13 11 2 7 0 12 8
1 1 12
1 11 5 14 12 2 0 8 19 1 7 17 17
1 7 0 17 18 1 17 17 17
0 5 10 19 14 4 7
0 3 7 6 17
1 21 19 12 11 17 19 1 17 17 17 7 17 17 7 17 7 17 7 17 17 7 17
1 7 10 2 10 2 19 8 4
1 1 10
1 5 19 8 4 18 19
0 5 12 7 0 11 14
0 5 10 19 2 0 5
0 4 3 5 9 14
0 5 15 3 0 7 12
0 3 5 12 12
1 5 2 19 12 1 17
1 20 12 2 5 15 19 4 8 2 12 2 3 18 1 17 7 17 7 17 7 17
0 6 12 2 10 19 11 10
0 7 18 5 14 2 0 0 5
0 5 19 19 1 15 5
1 15 3 19 1 7 17 17 17 17 7 17 17 7 17 17 17
0 7 9 12 2 2 7 8 15
1 1 10
1 12 0 1 8 17 9 3 16 19 15 5 1 17
0 5 18 10 13 15 8
1 5 3 7 17 0 4
0 14 3 15 15 4 18 18 18 15 8 2 5 7 8 1
1 13 2 15 7 15 17 9 8 17 10 12 2 18 1
0 11 19 12 11 2 15 7 13 3 7 0 12
1 20 5 14 10 2 5 13 12 0 2 15 5 14 0 4 4 4 3 6 3 7
0 3 14 9 0
1 4 2 0 12 5
0 4 19 12 17 6
0 5 0 10 2 10 2
1 12 0 8 8 18 1 8 10 4 11 2 17 18
1 5 15 10 14 15 10
0 7 0 8 7 16 8 4 5
1 1 12
1 12 19 4 7 14 0 2 15 18 1 7 17 17
0 6 3 10 15 9 4 3
1 8 2 17 9 6 9 1 7 13
0 11 5 15 5 7 0 2 3 0 12 5 8
0 4 5 6 12 15
1 6 0 1 8 19 4 18
0 4 4 11 6 4
0 15 0 8 8 4 19 10 14 6 19 10 8 16 15 12 18
1 9 15 8 2 12 2 3 19 12 4
0 6 2 5 18 8 19 15
1 3 19 18 19
1 13 10 2 12 2 19 9 3 13 1 16 5 17 7
0 2 15 5
0 4 10 10 15 10
1 2 2 19
0 6 0 3 9 15 9 3
0 9 19 4 8 2 17 7 18 4 15
1 11 10 2 12 2 12 2 12 2 8 4 14
1 1 12
1 7 12 2 3 19 1 7 17
1 15 19 9 12 15 7 14 5 7 8 16 13 11 4 16 2
0 8 2 3 8 10 4 12 17 2
0 5 10 1 14 2 1
0 7 0 16 1 7 0 0 14
1 1 12
0 4 15 5 18 14
0 4 19 12 3 16
1 5 15 7 14 19 12
0 2 5 9
1 3 19 9 3
0 2 14 19
0 14 12 7 18 2 5 1 1 13 4 4 6 4 17 16
1 6 10 2 2 7 7 19
0 6 0 8 19 12 15 15
1 9 19 4 8 2 2 15 5 15 15
0 8 3 15 15 17 5 18 16 10
0 5 2 7 14 16 2
0 14 0 17 7 1 7 17 17 17 17 7 17 17 7 3
0 4 2 18 2 4
0 14 19 0 1 1 19 12 12 1 7 17 17 7 17 17
1 6 3 7 7 7 8 15
1 6 10 2 19 18 10 19
1 5 5 13 12 0 2
1 6 19 9 14 18 17 3
0 8 19 4 15 3 0 6 5 8
1 15 5 1 0 17 1 7 9 2 2 14 12 2 5 15 8
1 11 3 7 19 4 15 18 1 19 4 15 15
1 12 19 9 15 17 16 5 3 7 7 5 5 5
0 7 5 11 4 7 4 16 18
0 2 8 10
0 28 2 19 1 17 16 14 10 17 4 13 9 2 12 8 1 7 9 2 9 2 12 8 16 12 12 16 11 18
0 12 14 7 5 15 4 9 19 6 17 10 10 4
1 7 3 17 9 15 2 5 2
1 4 0 8 18 1
1 1 12
0 8 10 11 19 2 12 13 2 8
0 7 12 5 8 4 2 15 7
1 20 2 15 17 5 9 14 18 3 17 18 18 10 2 2 17 19 3 0 1 9
0 3 8 18 14
1 1 10
1 8 12 2 2 15 18 1 7 17
1 11 0 8 8 18 18 10 4 18 2 0 12
1 5 3 15 7 0 14
0 4 2 3 7 13
0 9 8 11 14 10 14 14 14 14 14
0 10 5 1 1 15 14 5 4 4 17 2
0 10 19 3 1 9 19 4 1 7 17 7
1 9 5 13 9 2 12 8 16 8 12
1 11 0 4 19 10 1 9 14 10 4 17 18
1 9 15 7 14 8 4 14 14 14 14
0 17 15 7 14 12 2 19 18 19 19 19 16 19 10 3 15 10 12
0 6 10 2 17 12 2 7
1 5 19 9 15 3 7
0 4 15 14 8 10
0 6 10 2 1 2 11 18
0 3 17 3 16
1 9 0 8 0 12 5 8 8 8 8
0 11 5 13 17 16 13 4 5 16 4 6 2
0 15 5 1 0 17 1 7 15 0 8 18 9 12 1 17 17
0 11 16 10 2 4 0 8 18 13 12 4 15
0 7 12 2 14 9 8 12 14
1 9 10 2 3 5 15 10 2 5 15
1 11 19 8 19 4 12 10 2 19 9 15 9
1 9 10 2 3 0 0 11 0 11 14
0 9 7 6 16 18 7 14 3 18 12
0 12 2 15 15 18 17 12 1 17 7 7 17 17
1 11 19 18 19 19 15 0 3 10 14 10 3
0 4 19 13 18 0
1 24 5 7 0 12 8 1 7 12 1 8 12 1 8 12 0 9 2 9 2 17 16 13 11 18
0 17 12 2 3 7 17 11 7 1 8 9 16 2 9 2 17 12 1
0 11 3 1 7 18 4 15 18 16 6 10 1
1 12 3 19 4 15 10 1 4 8 2 10 2 5
1 1 12
1 1 10
1 9 3 19 4 15 18 9 19 10 4
0 5 0 16 4 19 15
1 23 19 12 11 8 7 17 15 3 7 7 5 7 5 5 5 5 5 5 5 7 5 5 5
0 13 19 9 12 3 17 9 17 19 19 10 9 12 19
1 18 5 1 0 12 1 8 2 15 12 2 8 4 14 14 14 14 14 14
1 2 3 17
1 6 2 8 18 18 19 16
0 8 8 8 14 14 17 14 11 14
0 8 15 7 14 2 0 8 8 4
0 18 5 1 0 12 0 17 16 12 10 8 9 0 12 1 18 8 4 14
1 7 15 7 14 10 2 2 8
0 4 2 7 15 1
1 15 5 13 2 14 0 4 4 4 11 17 5 15 4 0 12
1 3 5 15 19
1 15 3 19 1 7 17 17 17 17 7 17 17 7 17 17 17
0 4 12 10 2 4
0 4 10 8 4 9
0 7 10 14 2 15 9 14 10
0 5 5 14 12 2 13
1 9 5 7 0 9 2 2 13 17 1
1 9 19 1 19 4 15 10 8 7 15
1 4 2 7 19 4
0 6 8 4 14 19 14 14
1 5 0 2 18 1 17
0 2 17 10
0 4 8 18 17 2
1 4 2 8 4 18
1 1 12
1 1 10
1 10 5 1 0 2 7 8 16 13 11 18
1 11 0 8 8 18 18 10 4 18 2 0 12
1 12 0 1 18 19 16 16 16 19 18 4 19 15
1 8 5 1 8 16 12 18 8 4
1 7 0 8 7 17 12 10 2
1 9 5 13 12 8 16 15 11 4 18
1 4 19 8 3 4
1 27 5 13 2 14 0 8 19 12 1 7 17 17 7 17 7 17 7 17 17 17 17 17 7 17 7 17 17
0 11 5 7 0 13 9 2 17 16 18 15 8
1 3 19 18 19
1 4 5 1 0 12
1 11 3 5 15 10 2 0 11 0 11 0 5
0 9 8 11 14 10 14 14 14 14 14
1 12 15 10 14 15 10 14 3 17 19 3 5 14
1 16 12 2 15 8 2 12 2 5 11 4 4 4 4 4 16 18
1 12 19 9 12 2 18 4 15 10 4 18 0 1
0 15 15 7 14 5 14 19 4 14 8 4 14 14 14 12 16
1 12 3 8 10 2 8 10 17 17 0 3 10 4
1 8 12 2 12 2 19 1 0 5
0 6 2 5 18 8 19 15
0 25 0 2 15 18 1 11 17 7 17 17 7 17 7 17 15 7 17 17 17 7 17 17 7 6 17
0 9 15 10 6 12 2 17 2 10 2
1 7 15 7 14 15 8 2 5
1 7 2 5 15 18 9 15 3
1 5 19 9 14 15 18
0 5 2 7 14 16 2
0 14 5 3 15 10 17 19 4 18 10 1 15 7 18 12
0 11 5 15 8 18 9 13 11 4 4 6 2
0 4 15 14 8 10
0 4 11 10 3 18
1 11 19 8 4 11 1 4 7 14 3 0 14
1 12 15 8 2 19 8 18 19 18 10 3 16 5
1 5 0 1 18 15 18
1 1 10
0 11 3 18 12 12 10 12 2 12 12 12 1
1 1 10
1 3 19 18 10
1 7 19 8 17 9 7 18 1
0 13 3 8 10 14 4 19 18 4 15 1 1 6 13
1 15 0 17 8 4 19 6 18 2 8 18 9 5 4 10 14
0 7 2 18 1 19 7 17 16
1 1 10
1 8 5 7 8 1 7 12 0 12
0 11 19 18 15 13 1 16 5 7 5 15 5
0 10 0 0 1 12 11 4 4 19 4 12
1 7 5 15 12 2 8 4 14
0 7 2 15 18 4 2 0 14
0 4 11 13 8 4
0 5 19 18 11 8 8
0 12 2 8 4 5 0 11 8 7 17 10 10 14
1 14 12 2 12 2 10 2 5 15 12 2 5 7 8 1
1 8 5 7 1 13 11 4 16 2
1 3 5 15 12
0 12 3 11 4 15 9 4 12 0 8 4 14 14
1 9 5 15 19 9 3 13 1 7 13
1 5 3 15 18 4 15
1 22 12 2 12 2 5 7 8 1 7 12 1 15 7 8 1 7 12 1 12 8 2 15
1 6 19 12 11 2 19 4
0 7 19 12 11 11 4 3 15
0 4 15 9 10 14
0 4 6 15 14 4
1 9 0 1 18 18 11 8 18 1 17
1 4 19 8 19 15
1 24 10 2 5 13 12 0 9 2 2 14 0 17 15 7 15 18 1 17 7 17 7 17 7 17
1 7 15 10 14 2 0 0 14
0 8 3 15 15 17 5 18 16 10
0 8 2 18 12 14 1 17 12 17
1 8 12 2 5 14 0 17 7 19
1 10 19 4 7 14 12 2 3 0 11 14
1 18 2 19 1 7 17 17 7 17 7 17 17 7 17 7 17 7 17 17
0 3 0 1 10
0 11 5 15 5 7 0 2 3 0 12 5 8
0 8 2 18 12 12 1 7 2 0
0 2 14 5
1 7 5 1 1 12 13 11 2
1 7 3 19 1 17 17 7 17
1 6 10 2 3 0 11 5
1 12 15 7 14 0 17 7 8 4 5 8 11 8
1 3 3 0 5
1 5 0 8 15 5 15
0 5 3 3 5 15 15
1 9 10 2 5 14 2 7 19 12 1
0 3 4 10 12
1 1 12
0 9 5 11 1 1 8 9 2 17 1
0 3 19 11 17
1 4 12 2 0 1
1 8 3 15 15 7 8 4 19 6
1 6 19 12 11 1 4 8
0 13 15 1 10 14 2 7 5 15 10 0 12 17 17
0 3 11 8 5
1 3 19 4 8
0 11 0 4 19 9 4 5 18 18 19 8 4
1 10 2 8 4 15 3 5 5 5 5 7
0 8 12 2 8 4 17 3 16 16
1 1 12
1 15 15 10 14 10 2 19 18 19 16 19 19 19 18 17 18
1 14 0 17 19 1 7 17 17 17 7 17 7 17 17 17
1 2 3 17
0 3 2 13 4
1 7 5 15 19 9 15 1 13
0 4 2 18 2 4
0 8 9 15 8 2 12 2 15 10
0 7 10 14 2 15 9 14 10
0 11 7 1 8 17 2 12 0 15 10 2 10
0 10 0 15 14 15 7 14 2 6 15 15
1 9 3 19 4 15 18 9 19 10 4
0 4 13 14 8 10
1 10 15 7 14 8 4 14 14 14 14 14
0 3 11 8 5
1 6 3 7 7 7 8 15
1 6 0 2 0 11 12 5
0 4 10 14 19 4
0 26 2 1 18 6 3 1 7 17 7 17 7 17 17 17 6 17 17 17 10 17 17 7 17 7 17 4
1 14 2 19 4 15 10 8 5 15 10 17 7 0 0 14
0 14 19 9 19 0 3 12 12 6 11 8 4 4 10 3
0 3 6 8 4
1 16 0 17 19 12 12 1 17 17 7 17 7 17 17 17 7 17
0 8 2 18 12 12 1 7 2 0
0 5 8 3 14 14 14
1 15 19 18 10 4 3 18 4 17 19 3 2 18 1 7 17
1 7 5 13 9 2 12 8 1
1 9 5 7 0 12 8 16 13 11 18
1 11 10 2 19 18 10 11 1 9 9 0 6
0 10 0 1 8 8 2 0 17 6 0 5
0 6 0 7 12 11 17 5
1 1 12
0 3 15 0 14
1 16 12 2 0 4 18 19 9 3 13 1 16 5 3 5 7 5
1 3 3 0 5
0 5 19 19 1 15 5
1 9 19 9 10 3 10 2 8 4 14
1 1 12
1 6 0 1 8 3 16 8
1 1 12
0 17 5 10 2 5 15 12 2 5 14 12 2 0 1 1 15 19 4
1 2 5 7
1 13 12 2 0 17 17 12 19 18 19 19 18 18 8
1 1 12
1 21 15 8 2 3 18 1 17 17 17 7 17 7 17 7 17 7 17 17 17 7 17
0 1 7
1 8 0 8 8 18 18 15 5 12
0 5 4 17 9 3 8
1 5 0 17 7 17 3
0 6 1 2 5 14 11 0
1 8 12 2 15 7 14 15 10 14
0 13 2 17 3 13 1 16 6 5 9 1 16 5 9
0 11 8 8 2 14 14 14 14 14 14 14 1
1 5 0 1 8 4 18
1 9 0 1 18 18 11 8 18 1 17
1 9 12 2 0 8 8 10 2 7 8
1 15 15 7 14 8 4 14 14 14 14 14 14 14 14 14 14
0 4 18 5 19 0
0 4 8 4 7 15
0 5 19 18 5 19 4
0 3 16 15 8
0 11 8 8 2 14 14 14 14 14 14 14 1
0 3 0 7 5
1 8 19 9 14 15 3 13 1 7
0 3 0 6 15
1 7 5 15 10 2 5 15 10
0 7 5 3 17 16 13 11 18
1 6 0 4 19 4 0 14
0 16 5 16 8 16 15 1 16 8 1 7 12 1 0 18 17 0
1 12 2 7 7 7 17 3 13 1 7 13 1 7
1 15 12 2 3 18 1 7 17 7 17 17 17 7 17 17 17
1 6 0 17 18 1 7 17
0 7 5 11 4 19 4 6 2
0 10 19 1 7 7 12 12 1 7 7 17
0 7 0 4 17 12 19 17 2
0 7 5 11 4 7 4 11 2
1 1 12
1 13 3 5 15 18 18 10 18 12 2 19 12 17 2
0 3 7 15 12
0 4 15 0 11 5
0 7 15 10 0 8 7 10 1
1 26 2 19 1 7 17 17 7 17 17 17 7 17 17 17 17 17 17 7 17 7 17 17 17 17 7 17
0 18 15 7 14 0 8 8 4 15 1 13 1 13 1 16 5 9 1 7
1 4 3 18 1 17
0 3 0 1 10
0 9 5 13 2 7 4 13 1 7 12
1 11 10 2 15 7 14 15 8 2 8 4 14
1 5 10 2 0 4 17
1 8 19 18 18 18 0 2 0 14
1 10 15 10 14 0 8 17 9 0 10 4
0 8 2 9 1 17 17 7 17 17
1 1 12
1 4 0 2 7 15
1 16 5 13 9 2 9 2 17 16 12 8 9 2 2 11 11 18
0 2 13 3
1 16 10 2 2 8 10 4 4 11 1 8 19 10 8 15 0 12
1 11 5 13 17 1 7 17 16 15 11 11 18
0 5 5 14 19 3 2
1 8 3 15 8 4 5 18 19 16
0 7 5 5 5 19 8 10 19
1 1 10
1 2 2 19
0 7 15 8 2 15 2 0 8
1 6 10 2 19 9 10 10
0 8 2 9 1 17 17 7 17 17
1 24 19 8 11 1 4 10 14 3 7 19 1 17 7 17 7 17 7 17 7 17 7 17 7 17
0 11 3 18 12 12 10 12 2 12 12 12 1
1 8 19 18 18 18 0 2 0 14
1 12 3 18 12 4 15 4 12 5 14 0 1 18
1 8 3 19 12 4 15 4 3 13
0 16 5 15 5 15 0 9 2 12 1 7 17 1 7 12 0 2
0 10 3 16 11 0 0 0 0 0 11 5
0 7 15 10 0 8 7 10 1
0 6 2 0 1 4 7 14
1 10 0 1 4 10 14 2 19 1 7 17
1 1 12
1 8 10 2 5 13 2 11 4 2
0 4 3 17 16 5
1 8 2 17 4 11 11 4 6 2
1 1 12
1 10 19 4 7 14 12 2 3 0 11 14
0 2 17 0
0 4 7 2 17 3
0 7 10 8 8 4 14 1 14
0 9 3 5 15 4 10 10 12 10 5
1 6 5 14 2 15 19 1
0 3 10 11 12
1 6 5 14 0 8 18 1
1 16 2 19 1 17 7 17 7 17 7 17 7 17 7 17 7 17
1 5 19 8 3 8 1
0 3 7 6 17
1 14 10 2 19 18 18 18 2 0 11 0 0 12 5 8
1 7 10 2 5 14 10 2 12
1 1 12
1 14 15 8 2 5 1 8 1 7 17 16 12 13 4 2
0 6 10 2 15 3 17 18
1 8 3 8 18 9 14 18 19 15
1 17 19 8 17 4 7 8 1 7 2 7 0 12 1 12 18 3 8
1 13 2 15 7 15 17 9 8 17 10 12 2 18 1
1 5 19 9 5 4 7
0 7 3 6 18 17 17 16 17
1 20 3 17 19 6 11 2 7 7 15 19 1 17 7 17 7 17 17 7 17 17
1 1 10
1 11 15 7 14 3 8 18 8 11 8 0 14
1 11 0 2 7 18 1 17 7 17 17 7 17
1 2 5 7
0 4 15 7 11 18
1 9 19 9 5 4 8 2 2 17 0
0 4 11 12 2 10
1 10 5 15 15 8 2 10 2 3 0 5
0 2 16 8
0 4 6 9 0 8
1 17 15 8 2 19 18 10 17 9 12 14 4 7 14 5 11 11 2
0 9 5 12 15 12 2 8 4 14 14
0 4 4 3 4 14
0 3 1 4 10
1 5 15 7 14 3 15
0 3 5 19 11
1 1 10
0 8 9 15 8 2 12 2 15 10
1 10 3 17 10 10 3 3 3 5 15 15
1 24 10 2 10 2 0 2 18 1 7 17 17 7 17 7 17 17 7 17 17 17 7 17 7 17
1 7 15 10 14 3 0 0 14
1 19 2 17 5 4 7 14 10 2 3 7 18 1 7 17 17 17 17 7 17
0 6 6 10 10 5 5 7
1 9 2 0 0 0 12 5 8 8 8
0 3 3 3 0
1 16 3 8 4 14 19 19 18 4 19 10 8 17 9 3 19 19
1 7 5 15 12 2 8 4 14
1 4 2 17 9 19
1 5 19 1 7 15 19
1 7 3 5 15 10 4 3 4
1 1 10
0 4 5 2 19 2
1 14 12 2 0 17 17 15 3 5 5 7 7 5 5 5
0 7 2 3 2 2 2 11 8
1 5 2 15 8 10 17
1 9 5 7 8 1 7 17 16 18 8
0 3 14 4 2
1 15 3 19 4 15 10 4 18 15 8 2 5 14 19 18 19
0 3 14 15 19
0 8 19 10 2 2 10 10 2 15
0 7 17 9 1 15 19 12 1
0 6 19 18 15 17 4 16
1 10 19 18 18 4 4 11 1 12 17 2
1 9 15 8 2 12 2 3 19 12 4
1 7 3 15 18 12 1 7 17
0 19 12 2 2 18 4 15 10 17 5 15 10 4 17 14 15 5 12 10 2
1 7 0 2 17 9 17 15 18
1 8 19 1 18 12 1 17 17 17
1 5 0 17 7 15 18
0 11 0 2 7 18 7 17 17 17 17 7 17
1 12 3 17 10 10 12 3 0 4 11 4 3 4
1 8 3 15 7 8 10 1 4 10
0 15 12 2 3 15 18 1 11 17 7 17 10 7 17 17 17
1 8 10 2 0 2 7 0 12 5
1 4 3 17 19 6
0 3 12 19 19
0 2 10 6
1 10 15 10 14 0 8 17 9 0 10 4
0 4 1 5 0 5
1 1 10
1 3 12 2 2
1 1 12
0 6 19 6 4 8 7 15
1 22 19 8 11 4 11 2 8 4 14 19 16 19 18 11 4 18 19 9 4 11 11 2
1 4 0 2 15 19
1 13 3 7 19 4 15 10 8 5 15 10 2 0 14
0 17 3 18 4 15 4 9 7 0 11 17 2 1 13 17 13 11 18
1 8 2 8 10 17 7 17 4 1
1 7 15 10 14 2 18 12 4
1 1 10
1 7 0 17 7 17 15 3 5
0 8 2 17 10 13 5 0 19 17
1 7 19 12 11 2 5 15 15
0 13 3 15 7 17 3 13 1 7 13 1 7 13 7
0 4 5 9 11 2
1 32 2 5 15 4 4 7 1 8 12 8 1 7 2 1 1 8 9 2 9 2 17 1 7 9 2 9 2 12 8 1 7 12
1 9 19 4 8 2 2 15 5 15 15
0 20 5 7 1 2 1 0 12 1 15 14 10 2 0 8 15 17 15 3 5 7
1 1 12
1 24 19 8 11 1 4 10 14 3 7 19 1 17 7 17 7 17 7 17 7 17 7 17 7 17
0 5 18 10 14 2 19
1 1 10
1 5 15 7 14 15 8
1 10 10 2 5 13 9 2 12 0 17 1
1 5 15 10 14 19 12
1 4 12 2 0 1
1 18 2 19 1 17 17 17 7 17 17 7 17 17 7 17 7 17 17 17
1 3 5 15 19
1 6 0 8 8 4 5 12
0 7 10 2 3 4 15 5 15
0 16 5 3 12 11 15 18 7 17 17 17 17 17 7 17 7 17
0 3 12 17 9
0 5 8 0 4 3 4
1 5 3 0 0 0 12
0 23 5 1 6 7 8 16 8 12 1 18 12 14 8 4 14 14 14 14 14 14 14 14 14
1 6 10 2 10 2 8 4
0 4 10 5 11 2
1 1 12
1 3 3 0 5
1 23 0 8 19 4 15 18 18 10 18 5 13 2 15 10 2 0 8 17 15 17 16 5 1
1 5 3 0 12 5 8
0 16 5 15 5 15 0 9 2 12 1 7 17 1 7 12 0 2
0 8 19 4 8 19 8 17 0 1
1 16 10 2 12 2 12 2 19 8 17 15 9 1 16 5 1 13
0 5 1 4 2 15 14
1 8 3 15 8 4 5 18 19 16
0 4 18 12 2 14
0 4 0 0 7 8
0 2 4 8
1 4 5 15 2 19
1 11 0 1 9 9 16 15 17 5 9 19 6
1 13 5 1 0 9 2 17 1 7 17 16 13 4 18
0 2 10 6
1 20 19 18 18 18 12 2 3 19 12 4 15 4 3 13 1 16 5 9 1 7
1 4 2 0 12 5
0 5 3 15 7 14 9
1 4 2 19 12 12
0 3 6 16 2
0 4 2 13 7 17
1 28 12 2 10 2 15 7 14 5 14 5 13 17 1 7 9 2 2 13 9 2 2 7 8 16 18 10 2 5
0 3 5 18 5
1 16 10 2 2 8 10 4 4 11 1 8 19 10 8 15 0 12
1 9 3 17 19 3 0 2 0 12 5
0 11 14 2 15 7 8 14 11 11 4 17 18
0 5 10 17 2 3 18
0 8 15 8 2 19 17 1 10 19
0 7 19 11 12 6 10 17 2
1 8 15 8 2 0 4 3 14 12
1 14 15 8 2 5 1 8 1 7 17 16 12 13 4 2
1 16 15 10 14 2 7 0 0 11 0 0 12 5 8 8 8 8
1 9 12 2 19 1 15 17 19 10 4
1 12 15 7 14 3 15 15 0 12 5 8 8 8
0 28 19 18 3 16 15 11 5 15 1 10 8 17 14 10 17 5 2 4 7 0 9 18 2 15 5 3 4 19
1 12 0 17 17 14 19 19 19 19 18 11 17 5
1 9 3 5 15 18 8 18 2 18 1
1 23 2 18 4 15 4 14 10 18 5 1 1 15 14 10 2 12 2 0 4 4 17 9 15
1 5 2 17 10 10 12
0 5 10 19 2 0 5
0 7 5 10 1 12 13 11 18
0 5 7 0 4 19 18
1 17 5 14 15 7 14 19 1 15 5 15 10 4 11 1 1 18 12
0 2 17 10
1 1 10
0 3 8 15 10
0 14 0 8 17 14 9 15 17 16 5 9 1 16 5 9
0 8 10 12 2 14 10 13 1 17
0 9 5 1 9 0 17 16 13 11 2
0 13 10 2 19 4 10 14 10 2 10 1 2 5 2
1 11 2 5 15 10 17 18 1 17 7 17 17
1 8 0 4 17 10 10 12 10 4
1 5 3 17 10 6 17
0 13 15 1 10 14 2 7 5 15 10 0 12 17 17
1 1 10
1 5 3 19 12 12 4
0 3 4 14 18
0 3 17 5 18
1 11 19 8 4 11 1 4 7 14 3 0 14
1 29 12 2 0 4 19 10 2 15 19 1 17 7 17 17 7 17 17 17 17 7 17 17 17 17 17 7 17 17 17
1 11 10 2 3 17 14 19 19 18 17 0 4
1 4 2 7 0 5
1 5 0 17 7 18 4
1 14 12 2 0 17 17 15 3 5 5 7 7 5 5 5
1 6 3 5 15 4 5 8
0 14 0 8 19 14 12 1 17 19 7 17 7 17 17 17
1 16 3 17 5 9 14 15 14 10 17 0 14 3 2 19 12 4
0 4 14 5 2 7
1 15 0 1 18 18 4 17 15 3 7 7 7 5 5 7 5
0 4 11 13 8 4
0 4 8 12 14 11
1 9 3 17 19 3 0 2 0 12 5
1 9 5 13 12 8 16 12 13 11 2
0 14 8 4 11 8 14 14 2 14 14 1 14 14 14 14
1 6 0 17 0 0 0 12
1 16 0 17 19 12 12 1 17 17 7 17 7 17 17 17 7 17
1 1 10
0 7 0 8 7 16 8 4 5
1 16 3 17 15 17 16 5 1 13 1 7 13 1 16 5 17 7
1 15 15 8 2 10 2 8 4 14 14 14 14 14 14 14 14
0 11 5 13 17 16 13 4 5 16 4 6 2
1 12 15 10 14 15 10 14 3 17 19 3 5 14
1 7 0 17 18 1 17 17 17
1 7 3 7 18 1 17 17 17
0 7 2 3 2 2 2 11 8
1 10 10 2 12 2 0 17 15 15 17 18
0 12 5 2 0 19 17 11 1 7 16 9 2 12
0 10 12 16 17 0 4 18 3 1 9 17
1 12 3 8 10 2 8 10 17 17 0 3 10 4
1 12 12 2 2 5 15 18 4 8 2 0 2 7
1 11 2 18 1 7 17 7 17 7 17 7 17
0 9 18 1 5 15 10 8 10 18 4
1 4 15 10 14 12
0 4 8 17 5 0
0 3 8 1 10
0 11 0 19 7 12 4 15 15 2 12 17 2
1 1 12
0 5 15 3 10 10 1
1 6 10 2 3 7 19 1
1 1 10
0 6 10 2 17 12 2 7
0 7 19 4 8 2 10 0 4
1 2 3 5
0 8 3 5 18 4 11 4 4 18
0 9 5 1 0 17 16 15 15 6 4
1 4 5 1 0 12
0 14 3 5 15 10 4 15 10 14 17 2 2 17 15 1
0 8 19 15 15 16 1 2 7 5
0 5 1 15 7 19 4
1 5 2 0 0 11 14
1 2 3 5
1 2 2 8
1 1 12
1 19 0 4 11 1 4 7 14 2 15 5 15 18 12 11 4 18 12 2 12
1 24 10 2 10 2 0 2 18 1 7 17 17 7 17 7 17 17 7 17 17 17 7 17 7 17
1 19 0 1 8 11 2 19 1 7 17 7 17 17 17 17 17 7 17 17 17
1 2 3 5
0 3 17 2 5
1 6 5 15 5 15 2 19
1 11 3 17 14 10 11 1 12 11 17 17 19
1 5 2 7 0 0 5
1 24 5 15 12 2 0 8 8 10 1 8 17 5 1 5 15 18 18 18 19 10 1 9 0 4
1 6 2 15 17 15 1 13
1 5 19 1 7 15 19
1 9 19 4 10 14 2 0 0 0 14
0 7 8 12 2 5 0 1 5
1 7 15 7 14 3 18 12 12
1 1 10
1 16 2 19 1 17 7 17 7 17 7 17 7 17 7 17 7 17
1 4 12 2 0 8
1 20 0 2 19 1 7 17 7 17 7 17 7 17 7 17 7 17 17 17 7 17
1 1 12
0 11 3 1 7 18 4 15 18 16 6 10 1
1 12 19 9 3 13 1 16 5 17 7 13 1 7
1 6 3 17 14 10 17 18
1 1 10
1 8 3 19 12 4 15 4 3 13
0 17 12 2 3 7 17 11 7 1 8 9 16 2 9 2 17 12 1
1 6 15 7 14 19 4 10
1 12 10 2 19 4 7 14 2 19 12 12 1 17
1 6 2 8 10 1 4 7
1 4 2 18 4 15
1 26 5 1 0 12 1 8 9 2 9 2 17 16 15 14 15 7 14 10 2 8 4 14 14 14 14 14
1 9 19 9 10 3 10 2 8 4 14
1 13 10 2 19 4 10 14 19 1 19 12 4 15 15
1 11 12 2 5 13 12 0 2 15 0 17 18
0 5 1 4 2 15 14
1 12 5 7 1 15 1 0 17 16 15 11 11 18
0 6 0 4 12 17 2 2
0 2 8 10
1 5 0 4 4 4 18
1 9 15 10 14 2 8 10 4 19 15
1 6 12 2 2 0 11 14
1 8 2 7 18 4 15 18 1 15
1 4 10 2 0 2
0 5 5 11 4 13 18
0 12 15 7 14 5 7 3 8 15 7 3 9 4
1 12 0 8 5 15 18 1 7 19 4 15 4 12
1 12 12 2 5 15 12 2 3 17 12 0 1 18
0 2 1 11
1 9 15 7 14 2 0 11 0 0 14
1 18 15 8 2 5 15 5 15 2 15 7 17 9 6 1 13 1 7 13
0 17 0 1 12 4 8 2 10 2 12 2 15 10 14 0 2 8 9
1 8 0 8 8 18 18 15 5 12
0 12 19 9 15 9 17 15 1 16 5 0 1 13
1 5 5 15 3 19 12
0 3 4 10 12
0 7 5 7 13 0 9 2 12
0 7 12 2 15 7 9 8 5
0 2 14 5
1 18 5 14 19 1 5 15 18 18 18 11 17 5 15 10 2 15 19 4
1 6 12 2 19 8 11 8
0 4 10 8 4 9
1 12 2 7 7 7 17 3 13 1 7 13 1 7
1 5 2 17 0 12 3
0 8 3 11 15 5 1 1 18 5
1 1 12
0 3 12 15 18
1 7 5 11 11 4 4 11 18
1 10 0 8 15 17 14 15 3 13 1 7
0 6 3 3 7 4 0 4
0 18 15 7 14 0 8 8 4 15 1 13 1 13 1 16 5 9 1 7
1 12 0 8 8 18 1 8 10 4 11 2 17 18
0 5 16 17 19 0 5
1 22 15 8 2 19 1 19 12 1 7 17 17 17 17 7 17 7 17 17 7 17 7 17
0 4 3 11 16 15
1 1 10
1 4 10 2 0 2
1 6 2 8 10 1 4 7
0 4 1 4 8 8
0 6 8 2 5 18 12 12
1 4 15 10 14 12
1 10 10 2 12 2 0 17 15 15 17 18
1 9 15 10 14 19 1 15 17 15 1
0 4 19 2 8 4
0 5 3 15 19 1 6
1 1 10
1 24 5 7 0 12 8 1 7 12 1 8 12 1 8 12 0 9 2 9 2 17 16 13 11 18
1 1 10
1 6 0 4 11 4 19 15
0 6 8 18 4 14 14 8
0 11 15 5 15 8 4 14 1 14 14 14 14
0 7 19 18 19 16 0 11 19
0 3 13 1 2
1 2 3 5
1 3 12 2 2
1 1 12
1 14 19 18 10 18 5 1 1 8 12 8 16 13 4 2
1 12 0 1 8 4 3 12 18 4 3 0 3 10
1 1 12
1 5 15 8 2 12 2
0 10 19 1 7 7 12 12 1 7 7 17
0 6 9 8 14 10 6 15
0 3 2 12 19
0 10 12 11 2 12 19 9 1 11 4 5
1 11 10 2 15 7 14 15 8 2 8 4 14
0 4 19 13 18 0
1 27 2 7 5 15 10 8 19 4 15 4 5 4 7 14 5 7 1 15 13 12 0 17 1 7 9 2 12
1 4 3 8 4 3
1 18 10 2 19 18 15 5 8 4 17 5 9 9 14 9 12 10 2 19
1 1 10
0 8 2 17 10 13 5 0 19 17
1 5 19 4 8 2 8
0 7 10 2 2 19 8 1 1
0 3 8 4 9
1 1 10
1 12 19 9 12 2 18 4 15 10 4 18 0 1
0 5 2 8 16 1 5
1 15 3 19 4 15 10 4 18 15 8 2 5 14 19 18 19
1 11 5 13 9 2 12 1 18 0 17 0 14
0 17 9 19 4 15 18 8 19 14 4 19 19 6 9 3 17 3 19
1 11 19 18 19 19 15 0 3 10 14 10 3
0 6 9 8 14 10 6 15
0 4 2 11 11 8
0 8 0 11 19 10 17 16 19 4
0 19 10 2 0 0 6 10 2 5 7 1 8 12 0 12 8 16 13 4 18
0 5 2 4 3 3 5
1 11 19 9 15 3 7 5 5 7 5 7 7
1 6 15 8 2 2 15 19
0 5 16 3 18 12 12
1 6 19 9 14 18 17 3
0 6 5 14 3 0 1 14
0 3 19 6 16
1 6 19 12 11 4 3 4
1 1 10
1 8 15 7 14 10 2 2 0 5
1 16 15 10 14 5 1 0 12 0 12 1 13 11 4 4 11 2
0 3 12 17 9
0 6 10 2 5 17 8 19
1 1 10
1 17 2 18 1 17 7 17 17 17 7 17 7 17 7 17 17 7 17
0 12 15 7 14 2 17 19 9 17 3 17 17 1
0 16 4 19 8 17 15 3 13 1 19 16 5 9 1 16 5 9
0 4 17 17 4 4
1 4 12 2 19 12
1 1 10
1 8 12 2 15 7 14 15 10 14
0 5 3 15 8 9 15
0 8 8 4 14 0 6 14 14 14
0 4 5 14 16 4
1 9 19 9 10 6 4 4 18 12 2
1 10 10 2 15 10 14 8 4 14 14 14
0 4 8 7 5 1
1 1 12
1 11 12 2 0 2 15 15 0 12 5 8 8
1 6 15 8 2 12 2 10
1 9 2 7 18 12 1 17 17 7 17
1 7 3 5 15 10 4 3 4
1 6 3 17 14 10 17 18
1 18 15 8 2 5 7 1 12 8 2 1 0 17 16 8 17 1 7 2
1 7 2 15 19 12 1 7 17
0 3 8 4 15
1 4 2 17 9 19
1 22 12 2 5 14 5 15 19 12 11 2 17 3 13 1 7 13 1 7 13 1 7 13
0 4 5 6 12 15
1 19 0 4 11 1 4 7 14 2 15 5 15 18 12 11 4 18 12 2 12
1 16 19 18 19 19 18 4 4 18 0 8 7 8 18 12 17 2
0 13 5 7 1 12 12 12 12 13 4 4 4 6 2
0 11 19 6 8 10 4 4 13 17 0 18 17
0 8 15 7 14 2 2 8 13 15
1 6 10 2 19 9 10 10
1 12 0 1 18 19 16 16 16 19 18 4 19 15
1 6 15 8 2 15 8 2
1 7 0 2 8 18 12 17 2
1 8 5 1 8 1 7 9 2 12
1 5 19 1 0 11 14
0 29 5 15 5 15 9 2 17 16 8 9 2 12 1 15 13 2 1 0 12 0 19 16 8 17 16 14 13 11 18
0 8 5 14 1 6 1 1 18 10
0 31 12 2 19 9 9 16 15 18 1 17 17 7 7 17 7 17 0 17 7 17 17 7 17 17 10 7 17 17 1 7 17
0 3 1 6 10
1 21 15 8 2 10 2 10 2 12 2 2 15 8 10 17 19 4 15 18 8 3 4
0 6 3 3 7 4 0 4
0 5 12 4 2 18 5
1 14 12 2 12 2 10 2 5 15 12 2 5 7 8 1
1 5 15 7 14 5 1
0 8 12 2 5 14 17 12 2 10
0 6 0 2 19 4 11 5
0 4 12 6 2 10
1 7 3 0 11 12 5 8 8
0 7 15 7 14 5 17 11 4
1 3 3 0 5
1 13 19 12 11 4 17 5 1 8 10 2 0 0 14
1 11 12 2 5 13 12 0 2 15 0 17 18
1 32 2 5 15 10 8 18 12 4 15 4 9 19 10 3 3 5 7 8 1 7 9 2 9 2 17 1 7 2 14 0 1 9
1 8 10 2 19 8 17 15 1 13
1 3 0 17 18
1 10 15 7 14 3 15 15 0 0 0 5
0 6 12 6 2 10 2 3
1 10 5 13 2 13 2 15 8 4 14 14
1 9 3 19 4 15 10 4 17 15 3
1 14 5 7 8 1 7 12 0 9 2 9 2 17 16 18
0 3 14 2 17
1 1 10
0 11 1 9 15 5 10 2 2 4 5 2 2
0 14 5 7 12 8 2 1 1 15 1 8 16 13 11 18
0 6 19 8 19 18 7 19
1 8 3 7 0 12 5 8 8 8
1 8 5 1 8 16 12 18 8 4
0 7 15 8 2 15 2 0 8
1 8 2 8 4 0 3 3 19 8
1 11 8 4 14 14 14 14 14 14 14 14 14
1 16 3 17 5 9 14 15 14 10 17 0 14 3 2 19 12 4
0 14 19 0 1 1 19 12 12 1 7 17 17 7 17 17
1 16 2 8 10 1 12 11 4 18 12 2 2 8 18 12 17 2
0 4 10 4 2 10
1 7 2 17 9 16 0 11 5
1 16 2 8 18 8 3 12 14 18 18 18 19 8 11 8 8 15
1 1 10
0 4 5 2 19 2
1 16 10 2 12 2 12 2 19 8 17 15 9 1 16 5 1 13
1 7 0 17 7 17 15 3 5
0 7 0 4 17 12 19 17 2
1 11 0 4 11 1 12 11 17 19 1 17 17
1 5 5 15 3 19 12
0 6 19 8 19 18 7 19
1 7 19 8 4 3 6 1 13
1 17 0 4 17 0 14 10 14 3 10 2 19 18 15 3 13 1 7
0 8 0 2 8 5 5 15 4 18
0 9 18 15 3 8 8 4 19 11 3
1 10 12 2 12 2 12 2 8 4 14 14
1 1 10
0 4 19 16 3 5
1 1 10
1 15 19 18 10 4 3 18 4 17 19 3 2 18 1 7 17
1 5 0 4 17 12 12
0 6 3 4 10 8 18 6
1 30 0 2 15 19 12 12 12 1 17 7 17 7 17 17 17 7 17 7 17 17 7 17 7 17 17 17 17 7 17 17
0 4 8 4 14 10
1 10 10 2 10 2 3 17 4 11 4 18
1 11 5 13 9 2 12 1 8 2 11 4 2
0 8 2 18 10 4 4 15 15 15
1 8 5 15 12 2 3 19 4 15
1 4 2 18 12 1
1 8 19 18 18 11 17 19 12 1
1 6 0 17 18 1 7 17
1 9 19 4 8 2 8 4 14 14 14
1 20 5 13 17 16 18 5 1 8 16 8 2 15 15 7 14 0 1 18 15 18
1 1 12
1 7 15 7 14 10 2 2 8
0 2 3 1
0 6 2 4 7 9 0 11
0 4 0 19 15 8
0 20 12 2 12 2 0 13 2 10 8 4 10 19 16 16 19 18 0 17 18 5
1 7 5 15 3 0 11 12 5
0 4 11 10 3 18
1 3 12 2 2
1 6 2 19 12 1 7 17
0 3 8 10 4
0 3 0 10 2
0 3 17 13 11
0 10 2 17 14 12 10 18 5 14 2 18
1 5 15 8 2 15 7
0 11 3 14 17 17 6 3 13 10 1 7 13
1 6 0 4 11 2 0 14
1 1 10
1 1 12
0 7 0 4 18 5 14 17 3
0 6 10 2 9 0 11 5
0 1 7
1 16 12 2 15 8 2 12 2 5 11 4 4 4 4 4 16 18
1 12 0 2 15 8 10 4 19 4 5 12 11 1
0 4 15 0 11 5
1 11 8 4 14 14 14 14 14 14 14 14 14
0 7 2 18 1 19 7 17 16
1 1 10
0 20 5 1 0 2 1 10 8 1 7 9 2 12 2 12 0 12 1 18 15 10
0 8 5 13 12 0 2 15 12 12
1 5 10 2 0 4 17
1 8 5 1 8 1 7 9 2 12
0 3 6 17 5
1 9 5 13 12 8 16 15 11 4 18
0 6 14 3 7 19 17 0
1 37 3 5 15 4 3 13 1 16 5 9 1 7 13 1 16 5 3 5 5 5 7 5 5 7 7 7 7 7 7 5 7 5 5 5 5 7 5
0 3 12 17 10
1 7 10 2 2 0 11 12 5
1 8 5 14 10 2 2 15 5 15
0 7 15 7 14 5 17 11 4
1 24 15 8 2 19 9 3 13 1 16 5 9 1 16 5 17 16 5 9 1 16 5 3 7 7
0 4 8 4 14 10
1 7 0 2 8 18 9 3 13
1 1 12
1 8 19 1 18 1 7 17 17 17
1 1 10
1 4 19 8 3 4
0 6 15 15 7 13 14 12
1 3 3 15 15
1 13 3 7 19 4 15 10 8 5 15 10 2 0 14
1 5 12 2 2 18 1
0 3 1 1 19
0 20 5 1 0 2 1 10 8 1 7 9 2 12 2 12 0 12 1 18 15 10
1 8 19 9 14 15 3 13 1 7
0 7 19 12 11 11 4 3 15
1 9 19 18 10 19 4 4 1 0 12
1 5 12 2 19 9 18
1 5 10 2 3 0 14
0 8 10 2 0 19 1 14 19 17
1 1 10
0 5 5 14 1 4 14
1 18 10 2 5 14 2 19 4 15 18 12 11 8 5 15 4 9 15 2
0 5 3 7 7 4 18
0 4 3 5 9 14
0 6 13 10 2 2 0 14
1 9 2 17 10 6 18 3 17 19 6
1 10 2 18 12 12 12 12 1 7 17 17
1 5 10 2 19 4 10
1 1 10
0 6 2 0 1 1 19 4
0 2 13 10
1 8 2 8 4 0 3 3 19 8
0 3 15 8 18
0 13 3 5 2 15 16 18 12 2 11 4 9 15 1
1 6 12 2 2 18 12 1
0 5 5 11 4 13 18
0 3 10 11 12
1 6 0 1 8 19 4 18
1 5 2 7 0 0 5
1 1 12
0 2 16 15
0 10 0 7 9 1 4 10 14 17 9 18
0 6 2 2 19 12 1 17
0 1 7
1 13 15 10 14 3 8 18 18 15 10 10 12 10 4
0 4 2 4 19 14
0 16 5 14 15 10 14 5 13 2 13 9 2 10 2 11 4 18
0 10 12 0 8 18 11 12 12 4 15 15
0 2 19 5
1 7 19 8 18 15 7 14 12
1 19 19 1 15 15 8 4 12 5 15 10 2 19 12 11 1 9 5 4 8
1 1 10
1 23 5 13 17 1 7 12 0 17 16 15 1 0 9 2 12 1 18 0 17 17 19 6 18
1 7 12 2 12 2 2 8 15
0 5 3 3 5 15 15
1 9 2 0 0 0 12 5 8 8 8
1 8 12 2 10 2 5 14 2 18
0 14 0 1 12 11 1 12 11 17 7 7 0 0 2 14
1 5 3 0 12 5 8
0 7 8 9 14 14 19 18 14
1 6 19 4 7 14 8 4
0 7 0 4 18 5 14 17 3
1 5 2 8 4 3 13
0 11 5 10 0 17 4 12 3 4 15 6 15
0 9 14 2 15 0 10 11 4 11 12
0 8 3 3 2 8 4 14 14 14
0 14 8 4 11 8 14 14 2 14 14 1 14 14 14 14
1 26 5 13 17 16 8 17 1 7 17 1 7 12 8 16 8 12 1 8 12 8 16 13 11 4 6 2
1 1 10
1 1 10
0 3 5 3 6
1 49 5 7 0 12 0 9 2 12 0 2 7 8 16 8 9 2 12 0 12 8 1 7 9 2 9 2 2 13 17 16 12 15 7 1 15 1 1 18 19 12 11 8 5 15 10 2 18 1 17
0 6 2 8 11 15 13 1
0 5 10 19 8 18 1
0 4 2 13 7 17
0 5 15 8 2 2 12
0 6 7 3 5 4 12 4
0 6 16 7 7 12 3 0
1 12 19 9 19 10 14 6 11 8 15 5 15 15
1 5 12 2 5 14 12
0 9 1 16 1 0 2 15 19 4 8
1 21 5 13 12 0 2 11 11 4 16 4 17 4 16 4 4 11 4 16 4 6 18
0 10 0 7 9 1 4 10 14 17 9 18
0 6 0 2 19 4 11 5
0 8 8 8 14 14 17 14 11 14
1 6 10 2 19 18 10 19
0 10 8 14 3 17 14 16 18 15 12 18
0 11 0 4 19 9 4 5 18 18 19 8 4
1 8 2 15 8 18 8 17 0 12
0 8 19 7 14 1 18 15 9 0
0 2 18 18
1 1 12
1 5 2 17 0 3 6
0 9 12 2 11 0 8 0 11 17 17
1 4 3 18 1 17
1 7 5 7 1 15 11 4 2
1 2 3 5
0 3 0 6 14
0 6 5 14 3 0 1 14
0 4 19 8 15 15
1 9 0 2 0 0 11 0 12 5 8
0 6 10 2 5 17 8 19
1 2 3 5
1 1 12
0 4 17 19 8 2
1 11 3 17 14 10 11 1 12 11 17 17 19
0 3 10 6 19
0 7 5 7 5 15 10 17 18
1 1 10
1 8 5 7 8 16 15 11 11 18
1 9 3 7 19 4 15 4 9 0 10
0 1 7
0 10 0 17 4 15 18 8 11 0 10 14
1 4 10 2 15 7
1 7 0 2 18 12 1 17 17
1 13 5 1 0 9 2 17 1 7 17 16 13 4 18
1 3 2 7 5
1 14 2 19 4 15 10 8 5 15 10 17 7 0 0 14
0 3 15 18 5
1 9 3 8 10 17 7 17 14 15 18
1 12 3 18 12 4 15 4 12 5 14 0 1 18
0 9 14 2 15 0 10 11 4 11 12
0 9 15 10 14 5 18 11 13 11 2
1 8 12 2 15 10 14 0 2 7
1 12 0 4 19 18 18 10 11 8 8 10 8 7
0 8 12 2 11 8 4 14 14 14
0 6 2 0 12 5 9 8
1 5 2 15 5 15 15
1 3 2 19 4
0 3 6 12 3
1 5 19 9 15 3 7
1 1 12
0 5 8 6 4 14 14
0 3 0 7 5
0 14 3 5 15 10 4 15 10 14 17 2 2 17 15 1
1 8 19 1 18 12 1 17 17 17
1 2 5 7
1 5 0 17 15 18 4
1 5 3 7 19 12 1
0 14 5 1 1 18 0 8 19 12 12 4 15 10 19 4
1 6 19 12 11 2 19 4
0 3 14 15 19
0 10 8 14 3 17 14 16 18 15 12 18
1 5 3 0 0 11 14
0 5 0 8 13 10 14
0 5 10 17 2 3 18
1 8 12 2 10 2 5 14 2 18
1 49 5 7 0 12 0 9 2 12 0 2 7 8 16 8 9 2 12 0 12 8 1 7 9 2 9 2 2 13 17 16 12 15 7 1 15 1 1 18 19 12 11 8 5 15 10 2 18 1 17
1 8 12 2 12 2 19 1 0 5
1 6 15 7 14 19 4 10
1 5 3 15 18 4 15
1 1 12
1 1 10
1 5 0 8 7 17 18
1 9 19 8 4 4 19 10 4 4 18
0 10 12 16 17 0 4 18 3 1 9 17
0 11 0 0 1 18 18 17 5 7 0 12 5
0 9 5 13 2 7 4 13 1 7 12
0 8 12 2 3 8 11 11 0 1
0 8 16 8 18 4 14 14 14 14
0 10 0 15 14 15 7 14 2 6 15 15
1 8 12 2 2 15 18 1 7 17
1 15 19 4 8 2 12 2 5 11 4 4 16 4 4 11 2
0 3 4 7 1
0 7 12 5 8 4 2 15 7
0 5 0 1 8 1 5
1 5 2 0 0 11 5
0 5 0 4 7 2 6
1 11 5 14 3 15 8 4 19 10 3 10 4
1 4 5 1 8 1
1 4 15 10 14 12
1 7 2 7 15 7 15 5 15
1 16 10 2 10 2 19 12 11 17 8 4 5 4 7 14 12 2
0 8 0 18 15 19 3 0 15 5
1 14 0 1 18 19 19 19 19 18 19 18 18 10 17 3
1 25 0 8 5 15 10 4 11 1 12 11 1 9 9 19 6 3 18 1 8 17 15 17 16 5 3
1 5 3 7 0 0 14
1 8 3 18 12 4 15 4 0 4
1 32 2 5 15 10 8 18 12 4 15 4 9 19 10 3 3 5 7 8 1 7 9 2 9 2 17 1 7 2 14 0 1 9
1 18 10 2 19 18 15 5 8 4 17 5 9 9 14 9 12 10 2 19
1 28 2 7 18 4 15 4 9 19 3 10 2 19 12 11 8 5 15 10 2 17 5 12 11 2 18 4 15 15
0 4 10 18 8 1
0 10 5 0 17 1 0 8 12 1 15 7
0 5 2 3 1 8 4
0 7 17 12 2 3 18 15 15
0 1 7
0 12 15 7 14 2 17 19 9 17 3 17 17 1
1 16 15 10 14 19 1 7 19 4 15 4 10 6 17 10 3 3
1 7 15 8 2 19 9 12 12
1 8 5 13 9 2 12 0 17 1
1 8 5 14 10 2 2 15 5 15
1 15 19 4 8 2 12 2 5 11 4 4 16 4 4 11 2
0 3 9 18 2
0 4 3 14 7 8
1 1 10
1 1 10
1 9 15 8 2 5 1 1 18 3 7
1 3 3 0 5
1 9 19 8 17 19 6 19 10 1 12
0 5 11 1 12 17 2
0 7 16 8 10 2 10 13 4
0 12 10 2 16 7 8 16 12 7 15 3 11 14
1 2 2 8
0 5 2 8 16 1 5
0 5 19 2 1 17 8
1 29 2 19 12 1 7 17 7 17 17 17 7 17 7 17 7 17 17 7 17 17 7 17 17 7 17 7 17 7 17
0 4 2 4 19 14
1 5 2 15 15 0 5
0 17 15 7 14 12 2 19 18 19 19 19 16 19 10 3 15 10 12
1 15 2 17 9 14 9 12 19 9 0 12 3 15 7 14 10
0 7 5 10 1 12 13 11 18
1 12 10 2 5 14 15 10 14 10 2 2 18 4
0 3 7 15 12
0 6 19 15 19 18 12 13
1 12 2 17 19 10 12 10 14 6 18 8 4 14
1 4 2 7 19 4
1 6 19 18 18 4 19 15
0 6 16 7 7 12 3 0
0 8 17 3 13 1 1 8 16 5
0 11 5 13 9 2 14 15 10 14 2 0 14
1 20 5 13 17 16 18 5 1 8 16 8 2 15 15 7 14 0 1 18 15 18
0 7 5 3 11 4 18 8 2
0 6 2 0 1 4 7 14
1 11 5 13 9 2 12 1 18 0 17 0 14
0 11 14 15 10 14 5 11 11 4 4 11 2
0 3 15 10 6
1 9 5 13 12 8 16 12 13 11 2
0 20 12 2 12 2 0 13 2 10 8 4 10 19 16 16 19 18 0 17 18 5
0 7 5 3 11 4 18 8 2
1 6 5 11 11 4 6 2
0 7 10 8 8 4 14 1 14
1 7 2 5 15 10 8 18 4
0 5 0 8 13 10 14
0 19 19 12 11 17 5 19 15 4 14 10 17 5 4 10 14 2 19 15 14
1 1 10
0 5 3 0 19 2 15
0 10 17 7 6 8 4 11 11 4 4 2
1 7 5 1 1 12 13 11 2
1 9 5 14 0 1 1 19 12 1 17
0 3 15 13 10
0 4 8 4 7 15
1 6 2 5 15 18 4 10
0 14 3 18 1 7 17 17 17 7 17 17 17 9 17 17
0 4 8 12 14 11
0 3 1 8 6
1 11 0 4 11 1 12 11 17 19 1 17 17
0 8 15 7 14 2 2 8 13 15
1 13 12 2 0 17 17 12 19 18 19 19 18 18 8
1 10 19 9 5 4 7 14 3 7 17 18
0 5 19 8 4 17 16
1 17 19 8 17 4 7 8 1 7 2 7 0 12 1 12 18 3 8
0 11 1 15 8 19 10 2 2 0 12 5 8
0 4 17 19 2 1
1 11 10 2 3 17 14 19 19 18 17 0 4
0 7 17 9 1 15 19 12 1
0 6 15 7 14 3 13 14
1 8 10 2 2 8 10 17 15 15
0 7 5 3 17 16 13 11 18
1 8 12 2 3 17 10 6 18 8
1 3 2 18 12
0 11 3 15 5 15 10 2 7 15 4 18 1
0 8 2 18 10 4 4 15 15 15
0 5 2 3 1 8 4
1 6 10 2 3 15 0 12
1 9 15 7 14 10 2 19 12 17 2
1 9 19 4 10 14 2 0 0 0 14
1 5 19 9 5 4 7
1 5 0 1 9 9 4
1 1 10
1 4 12 2 0 8
0 7 15 2 8 5 15 10 15
1 4 3 19 1 17
1 10 5 1 0 2 7 8 16 13 11 18
0 3 12 13 5
1 14 0 17 19 1 7 17 17 17 7 17 7 17 17 17
0 8 5 14 1 6 1 1 18 10
1 8 10 2 8 4 14 14 14 14
1 5 5 14 10 2 10
0 3 12 19 6
1 6 10 2 15 8 2 10
1 9 0 4 3 17 10 19 10 1 1
0 4 8 17 5 0
0 3 12 3 15
0 4 2 12 4 15
1 5 3 15 7 0 14
1 15 2 7 5 15 18 1 17 4 13 12 1 12 13 11 2
1 7 0 17 18 1 17 7 17
1 8 0 4 17 10 10 12 10 4
0 5 16 10 2 8 4
1 12 15 10 14 10 2 15 8 2 8 4 14 14
1 4 5 15 3 18
0 4 1 4 8 8
1 29 12 2 0 4 19 10 2 15 19 1 17 7 17 17 7 17 17 17 17 7 17 17 17 17 17 7 17 17 17
1 9 5 14 0 1 1 19 12 1 17
1 12 19 1 5 15 18 8 3 14 1 7 15 5
1 15 12 2 0 8 19 4 15 18 1 7 17 10 6 17 14
1 17 15 8 2 19 18 10 17 9 12 14 4 7 14 5 11 11 2
1 6 0 2 0 11 12 5
0 2 8 13
1 11 10 2 5 7 8 16 18 0 4 11 17
0 10 12 2 19 12 2 9 5 1 1 17
0 4 4 11 6 4
1 5 0 17 7 18 4
0 3 16 15 8
1 15 15 10 14 10 2 19 18 19 16 19 19 19 18 17 18
1 9 2 8 18 8 18 5 11 11 18
1 1 10
0 6 12 0 4 16 15 10
1 21 10 2 3 8 10 17 17 5 1 19 4 15 4 12 10 2 12 2 2 18 12
0 3 1 8 6
1 5 12 2 19 9 18
1 9 5 14 12 2 3 0 0 12 5
1 7 3 0 11 12 5 8 8
1 5 19 8 3 8 1
0 5 3 15 8 9 15
1 7 10 2 5 14 10 2 12
1 3 19 9 10
1 5 5 13 2 14 8
1 18 0 8 8 10 17 7 19 1 7 17 17 7 17 17 17 17 7 17
0 1 7
1 1 12
0 6 0 4 12 17 2 2
1 8 12 2 5 14 0 17 7 19
1 7 0 1 9 10 10 14 6
1 12 10 2 5 14 15 10 14 10 2 2 18 4
0 6 2 16 0 0 11 5
1 9 0 1 12 11 17 19 1 7 17
1 6 12 2 19 1 8 15
0 2 18 18
1 9 3 19 4 15 10 4 17 15 3
0 26 3 19 19 4 15 12 11 4 18 15 5 15 4 15 17 7 13 1 5 13 1 7 13 1 7 13
0 2 1 11
1 1 10
0 4 10 14 19 4
1 5 0 17 17 5 12
0 8 2 9 1 10 5 15 8 19
0 12 2 8 4 5 0 11 8 7 17 10 10 14
1 1 10
0 9 1 3 5 15 4 13 15 19 9
0 15 1 0 8 18 1 7 17 17 7 18 17 7 17 7 17
0 5 12 4 2 18 5
1 5 5 13 9 2 12
1 9 3 7 19 4 15 4 9 0 10
1 6 10 2 5 11 11 18
0 7 8 4 14 14 14 14 10
1 1 12
1 5 5 13 9 2 12
0 15 12 2 3 15 18 1 11 17 7 17 10 7 17 17 17
1 8 2 15 18 4 15 4 19 6
1 10 15 7 14 8 4 14 14 14 14 14
1 3 0 2 8
1 18 2 19 1 17 17 17 7 17 17 7 17 17 7 17 7 17 17 17
0 4 4 3 4 14
0 7 19 11 12 6 10 17 2
1 3 2 18 12
1 6 15 8 2 2 15 19
1 8 10 2 19 8 17 15 1 13
0 11 16 10 2 4 0 8 18 13 12 4 15
1 1 12
1 8 3 19 12 1 7 17 17 17
0 3 6 17 5
1 10 5 13 2 13 2 15 8 4 14 14
0 5 8 18 15 7 14
1 6 0 2 18 12 12 4
1 17 5 14 15 7 14 19 1 15 5 15 10 4 11 1 1 18 12
1 15 12 2 3 18 1 7 17 7 17 17 17 7 17 17 17
1 5 3 7 17 0 4
0 7 15 2 8 5 15 10 15
1 7 0 17 0 0 11 11 5
0 13 15 10 14 15 10 14 3 0 1 18 19 18 16
1 5 0 2 7 0 14
1 14 5 7 8 1 7 12 0 9 2 9 2 17 16 18
0 3 8 18 14
0 2 16 2
1 16 5 13 9 2 9 2 17 16 12 8 9 2 2 11 11 18
1 6 12 2 2 0 11 14
1 4 10 2 0 4
0 19 10 2 0 0 6 10 2 5 7 1 8 12 0 12 8 16 13 4 18
0 12 8 8 14 14 14 14 14 14 14 2 7 14
0 6 2 4 14 14 14 14
1 4 2 19 12 12
1 9 15 7 14 2 0 11 0 0 14
0 3 15 0 7
1 9 3 19 12 12 4 15 18 4 7
0 16 2 19 4 15 18 8 4 3 9 3 17 0 4 19 4 18
1 5 0 17 15 18 4
0 6 2 4 7 9 0 11
0 3 16 13 15
1 16 12 2 0 8 18 1 7 17 7 17 7 17 17 17 7 17
1 5 2 17 9 6 3
1 1 10
0 8 17 13 5 9 2 6 14 8
1 19 0 4 19 18 8 17 10 3 19 4 10 14 2 17 4 15 2 0 14
0 6 3 4 10 8 18 6
1 9 12 2 15 10 14 8 4 14 14
0 3 17 13 0
1 18 5 1 0 12 1 8 2 15 12 2 8 4 14 14 14 14 14 14
1 11 12 2 2 8 18 12 11 2 0 12 5
0 3 14 2 17
1 7 5 15 10 2 5 15 10
0 19 12 2 2 18 4 15 10 17 5 15 10 4 17 14 15 5 12 10 2
1 6 5 7 0 2 14 12
1 8 10 2 8 4 14 14 14 14
1 11 8 4 14 14 14 14 14 14 14 14 14
1 1 10
0 9 18 1 5 15 10 8 10 18 4
1 10 0 4 18 5 1 0 12 1 18 8
1 10 15 7 14 3 7 7 18 4 15 15
1 5 0 8 17 4 7
0 2 13 0
0 16 0 8 18 12 1 7 17 7 17 17 17 7 17 10 7 17
1 11 19 8 18 12 2 0 2 19 4 15 15
0 3 13 2 12
0 13 19 9 12 3 17 9 17 19 19 10 9 12 19
0 6 17 14 8 5 1 2
1 1 12
0 4 2 12 4 15
0 8 5 7 5 15 19 12 17 2
1 11 3 5 15 10 2 0 11 0 11 0 5
0 15 15 7 14 5 13 2 14 0 1 1 18 4 15 4 1
1 15 19 18 19 16 19 10 18 19 1 8 4 15 9 1 7
0 15 0 4 3 19 12 6 4 10 10 10 2 3 6 18 10
0 26 2 1 18 6 3 1 7 17 7 17 7 17 17 17 6 17 17 17 10 17 17 7 17 7 17 4
1 7 19 1 17 19 6 17 10
1 7 15 10 14 3 0 0 14
1 12 2 5 15 18 8 4 19 10 2 0 0 5
1 5 0 4 4 4 18
1 8 3 7 0 12 5 8 8 8
0 4 19 12 17 6
1 5 15 10 14 15 10
1 2 3 5
1 7 3 7 18 1 17 17 17
0 3 15 18 5
1 9 19 1 15 8 10 17 0 0 14
1 3 19 1 15
0 3 14 9 0
1 1 12
0 31 15 7 14 5 1 8 16 15 13 12 0 9 2 17 16 15 13 17 16 18 10 2 0 1 9 1 5 15 10 2 5
1 4 3 19 1 17
0 7 0 16 1 7 0 0 14
1 12 12 2 2 5 15 18 4 8 2 0 2 7
0 2 17 10
1 13 12 2 15 7 14 3 17 4 14 0 4 17 18
1 16 2 8 18 8 3 12 14 18 18 18 19 8 11 8 8 15
1 19 10 2 15 7 14 3 17 14 10 18 15 7 14 5 14 2 7 8 18
0 9 2 7 15 12 11 0 18 12 5
1 1 10
1 23 5 7 8 1 7 9 2 12 0 17 16 18 5 14 12 2 0 2 15 19 12 12 1
0 6 5 13 0 12 13 16
0 15 15 7 14 5 14 19 4 14 8 4 14 14 14 12 16
0 4 12 10 2 4
1 1 12
1 7 12 2 12 2 2 8 15
1 9 12 2 19 1 15 17 19 10 4
0 11 12 2 0 8 5 15 4 5 6 17 18
0 4 2 11 11 8
1 22 5 7 0 12 8 16 12 8 9 2 17 16 8 17 16 18 12 2 8 4 14 14
1 10 19 4 8 2 0 4 19 18 18 19
1 1 12
0 4 18 2 1 16
1 15 0 17 8 4 19 6 18 2 8 18 9 5 4 10 14
1 8 5 15 12 2 3 19 4 15
0 5 8 6 4 14 14
0 10 0 1 9 10 3 0 10 14 6 3
0 11 5 7 0 13 9 2 17 16 18 15 8
0 6 0 7 12 11 17 5
1 8 15 10 14 10 2 15 8 2
1 5 0 17 17 4 15
0 6 2 2 19 12 1 17
0 4 18 2 1 16
0 3 12 3 15
1 25 0 8 7 17 10 6 17 5 12 11 1 4 7 14 19 9 10 6 3 14 4 8 2 8 4
1 1 12
1 4 2 8 4 18
1 18 5 14 19 1 5 15 18 18 18 11 17 5 15 10 2 15 19 4
0 2 19 5
0 12 5 15 13 4 19 6 3 8 12 9 18 1
0 11 15 7 14 10 2 0 17 1 4 1 17
0 6 8 11 5 11 4 1
0 2 12 17
0 8 2 19 10 18 5 11 14 18
1 10 10 2 15 10 14 8 4 14 14 14
0 11 15 14 0 17 17 19 6 4 18 18 15
1 16 15 10 14 2 7 0 0 11 0 0 12 5 8 8 8 8
1 12 12 2 10 2 12 2 19 1 17 10 10 4
1 5 19 18 10 18 12
0 12 15 7 14 5 7 3 8 15 7 3 9 4
0 13 3 17 4 15 10 11 17 7 0 11 0 11 14
0 3 8 11 4
1 5 2 0 0 11 14
0 13 2 5 0 18 9 0 12 10 12 9 6 3 4
1 5 0 17 17 4 15
1 8 10 2 2 19 12 4 15 15
1 4 3 17 19 6
1 22 12 2 12 2 5 7 8 1 7 12 1 15 7 8 1 7 12 1 12 8 2 15
1 9 3 8 4 0 12 6 17 14 19
0 8 19 10 2 2 10 10 2 15
0 7 8 4 14 14 14 14 10
1 10 3 7 17 9 15 2 2 2 5 5
1 1 10
1 11 10 2 12 2 3 15 0 11 0 12 5
0 4 0 19 15 8
0 25 0 2 15 18 1 11 17 7 17 17 7 17 7 17 15 7 17 17 17 7 17 17 7 6 17
0 4 7 4 14 14
1 8 5 7 8 16 15 15 8 4
1 6 10 2 3 15 0 12
1 10 19 18 18 4 4 11 1 12 17 2
0 4 15 0 11 7
1 20 3 17 19 6 11 2 7 7 15 19 1 17 7 17 7 17 17 7 17 17
1 4 2 7 0 5
1 3 2 7 5
1 10 5 13 2 14 10 2 0 2 0 12
0 11 15 14 0 17 17 19 6 4 18 18 15
1 4 2 18 12 1
1 8 3 18 12 4 15 4 0 4
0 15 15 7 14 5 13 2 14 0 1 1 18 4 15 4 1
0 4 5 9 11 2
1 20 2 15 17 5 9 14 18 3 17 18 18 10 2 2 17 19 3 0 1 9
1 1 12
1 15 10 2 19 4 7 14 3 17 9 15 5 5 2 5 2
1 10 2 7 7 8 18 1 7 5 15 15
1 14 10 2 19 18 18 18 2 0 11 0 0 12 5 8
0 5 12 5 19 11 18
1 5 5 13 12 0 2
0 6 2 16 0 0 11 5
0 7 0 2 7 10 4 8 17
0 8 10 11 19 2 12 13 2 8
0 3 2 12 19
1 1 10
0 3 14 4 2
1 9 12 2 15 10 14 8 4 14 14
1 2 5 7
1 7 15 7 14 3 8 18 12
1 22 15 8 2 19 1 19 12 1 7 17 17 17 17 7 17 7 17 17 7 17 7 17
0 13 0 2 7 17 5 1 5 10 8 8 18 1 19
0 4 16 0 6 2
1 4 12 2 19 1
1 14 5 7 1 12 8 17 16 15 15 19 8 17 3 13
0 6 8 2 7 17 12 19
0 20 5 7 1 2 1 0 12 1 15 14 10 2 0 8 15 17 15 3 5 7
0 10 12 2 19 12 2 9 5 1 1 17
1 16 3 17 15 1 13 1 16 5 9 1 7 13 1 16 5 3
0 3 0 12 2
1 4 0 8 17 3
0 2 13 10
1 7 3 18 1 7 17 7 17
1 6 15 8 2 15 8 2
0 4 15 7 11 18
1 11 3 7 19 4 15 18 1 19 4 15 15
1 11 10 2 12 2 0 1 18 10 4 17 18
0 22 12 2 2 17 14 18 4 11 8 15 17 9 6 1 15 1 18 16 3 17 7 13
1 22 0 4 17 5 12 11 1 4 7 14 12 2 2 18 4 15 18 18 15 15 17 7
1 6 2 7 17 12 15 8
1 20 5 14 10 2 5 13 12 0 2 15 5 14 0 4 4 4 3 6 3 7
1 6 0 4 11 2 0 14
1 1 12
0 9 5 1 0 17 16 15 15 6 4
1 9 10 2 3 0 0 11 0 11 14
1 5 12 2 5 14 12
1 11 2 15 18 12 12 4 15 4 15 17 7
1 6 0 2 19 4 15 15
0 3 16 5 10
0 2 17 3
1 8 5 7 1 12 12 13 11 2
1 25 0 8 7 17 10 6 17 5 12 11 1 4 7 14 19 9 10 6 3 14 4 8 2 8 4
0 6 19 18 15 17 4 16
0 4 19 18 18 8
1 5 12 2 3 19 1
1 6 15 10 14 19 9 18
1 10 5 11 4 4 17 4 6 4 6 2
1 1 10
0 3 7 17 2
0 14 0 8 1 2 7 17 17 7 17 17 7 17 17 17
1 1 10
1 13 5 13 9 2 9 2 17 16 15 14 3 0 5
1 19 3 7 8 4 12 0 17 18 12 4 15 10 8 15 18 1 17 7 17
1 9 19 12 11 8 0 12 5 8 8
1 15 15 7 14 8 4 14 14 14 14 14 14 14 14 14 14
1 13 10 2 5 14 19 8 19 18 1 18 4 15 15
1 4 5 15 3 18
1 6 0 2 15 17 3 13
0 7 9 12 2 2 7 8 15
1 5 15 8 2 5 7
1 7 19 8 3 8 17 10 1
0 8 16 8 18 4 14 14 14 14
1 12 0 2 15 8 10 4 19 4 5 12 11 1
0 14 3 18 1 7 17 17 17 7 17 17 17 9 17 17
0 6 10 2 11 9 2 10
0 3 9 19 7
1 12 5 13 17 16 18 3 15 8 18 9 14 19
0 9 7 6 16 18 7 14 3 18 12
0 16 5 3 12 11 15 18 7 17 17 17 17 17 7 17 7 17
1 6 15 7 14 2 7 19
1 2 3 5
1 10 15 10 14 5 15 3 5 15 10 17
0 7 10 2 11 19 4 1 2
0 22 15 8 2 15 8 19 15 9 7 14 5 15 2 7 17 4 17 11 11 4 16 2
0 11 19 6 8 10 4 4 13 17 0 18 17
0 2 13 0
0 16 3 17 5 9 11 19 7 18 12 12 1 7 5 7 17 17
1 7 0 2 18 12 1 17 17
1 5 19 8 18 15 8
0 6 2 8 11 15 13 1
1 9 2 18 12 12 12 12 12 12 4
0 19 19 12 11 17 5 19 15 4 14 10 17 5 4 10 14 2 19 15 14
1 22 5 15 10 2 15 10 14 10 2 15 10 14 3 18 4 15 4 5 8 18 15 10
0 11 19 4 7 14 7 5 1 8 16 18 8
0 2 12 8
1 21 5 13 12 8 1 7 9 2 2 15 12 2 0 17 17 0 14 3 0 2 17
0 13 0 4 11 1 9 5 1 7 19 5 12 4 15
0 5 19 18 5 19 4
0 3 12 19 6
1 24 5 1 1 15 15 0 8 15 7 15 18 12 1 7 17 17 17 7 17 7 17 17 7 17
1 14 10 2 3 5 15 4 5 1 17 12 19 18 15 3
1 11 0 1 12 11 1 12 11 2 5 15 15
1 3 19 4 8
0 4 3 0 9 5
1 17 0 4 17 0 14 10 14 3 10 2 19 18 15 3 13 1 7
1 6 19 4 10 14 8 4
1 1 10
0 10 3 16 11 0 0 0 0 0 11 5
1 6 12 2 15 10 14 10
1 5 15 10 14 19 12
1 14 0 4 17 14 10 3 17 15 0 14 10 14 10 4
0 9 2 5 15 4 12 3 5 9 3
0 6 0 15 3 0 0 5
1 16 15 10 14 3 15 5 15 18 18 10 11 4 18 10 2 19
1 8 0 4 11 4 4 18 8 4
1 6 0 4 11 4 19 15
0 3 10 6 19
1 6 19 4 10 14 8 4
1 6 5 14 0 8 18 1
0 3 6 13 12
1 5 0 1 9 9 4
1 13 0 2 17 14 18 18 12 2 10 2 2 19 4
0 8 3 5 18 4 11 4 4 18
1 3 19 4 8
0 8 2 18 12 14 1 17 12 17
0 4 15 0 11 7
1 20 10 2 15 10 14 2 17 5 9 9 3 16 16 19 15 10 6 11 8 5
1 9 5 7 0 12 8 16 13 11 18
0 12 10 2 16 7 8 16 12 7 15 3 11 14
1 5 19 9 12 15 10
1 10 10 2 5 15 10 2 0 8 19 4
0 10 0 17 4 15 18 8 11 0 10 14
1 5 2 8 4 3 13
0 5 3 17 19 17 5
0 14 12 7 18 2 5 1 1 13 4 4 6 4 17 16
0 7 12 2 14 9 8 12 14
1 22 5 15 10 2 15 10 14 10 2 15 10 14 3 18 4 15 4 5 8 18 15 10
0 11 0 17 5 15 10 8 19 1 17 8 17
1 2 3 17
1 1 10
1 6 12 2 2 18 12 1
1 6 15 10 14 19 9 18
0 5 11 16 0 3 2
0 12 2 15 15 18 17 12 1 17 7 7 17 17
1 9 0 2 15 17 4 14 8 4 14
1 13 5 1 0 12 8 16 12 18 10 2 3 17 14
1 8 19 18 18 11 17 19 12 1
0 2 16 15
1 8 19 18 15 10 6 11 2 5
1 1 12
1 3 19 4 8
0 1 7
1 18 15 8 2 5 7 1 12 8 2 1 0 17 16 8 17 1 7 2
0 17 2 0 11 12 5 8 8 8 8 8 8 8 17 15 8 8 8
0 6 8 4 14 19 14 14
1 4 12 2 19 8
0 5 16 10 2 8 4
0 4 5 3 4 12
0 16 4 19 8 17 15 3 13 1 19 16 5 9 1 16 5 9
0 3 10 11 0
1 7 12 2 3 19 1 7 17
0 3 10 1 2
0 9 8 6 2 14 14 14 14 14 14
1 11 10 2 19 18 10 11 1 9 9 0 6
0 3 0 4 13
1 5 5 13 2 14 8
1 12 19 9 19 10 14 6 11 8 15 5 15 15
1 6 10 2 10 2 8 4
1 6 19 18 18 4 19 15
0 8 10 2 0 19 1 14 19 17
1 30 0 2 15 19 12 12 12 1 17 7 17 7 17 17 17 7 17 7 17 17 7 17 7 17 17 17 17 7 17 17
0 7 19 18 19 16 0 11 19
0 9 19 4 8 2 17 7 18 4 15
0 12 15 7 14 0 4 4 18 11 12 8 4 14
1 21 15 8 2 10 2 10 2 12 2 2 15 8 10 17 19 4 15 18 8 3 4
0 4 15 3 14 8
1 5 0 1 8 4 18
1 5 3 0 0 11 5
0 14 3 18 12 7 17 18 17 17 7 17 17 7 17 17
0 9 15 2 3 4 0 14 6 19 16
0 6 4 10 14 14 0 8
0 15 0 8 8 4 19 10 14 6 19 10 8 16 15 12 18
0 9 7 3 18 0 8 17 5 17 2
1 8 12 2 15 7 14 3 15 5
0 15 1 0 8 18 1 7 17 17 7 18 17 7 17 7 17
1 5 2 17 0 12 3
1 3 5 15 19
0 10 1 5 4 10 14 19 12 16 17 2
0 3 8 6 13
0 8 0 2 8 5 5 15 4 18
1 1 10
1 7 5 7 0 2 15 3 5
1 9 12 2 0 8 0 0 0 11 5
0 3 8 1 10
1 10 10 2 5 15 10 2 0 8 19 4
0 12 2 7 19 12 4 15 1 4 3 10 10 3
1 14 5 7 1 12 8 17 16 15 15 19 8 17 3 13
1 15 3 17 4 1 8 1 7 17 16 8 12 0 2 13 12
0 8 2 9 1 10 5 15 8 19
1 8 3 19 1 17 17 17 7 17
1 4 19 8 17 18
