2379 20
1 4 18 4 4 7
0 10 19 18 3 7 5 14 17 13 18 18
1 21 7 19 3 13 3 11 6 11 19 6 11 5 14 1 4 0 19 8 18 17 6
1 6 18 7 15 17 13 6
0 8 5 10 6 15 4 15 12 4
0 2 11 0
1 14 13 1 6 4 4 7 4 0 4 16 3 13 3 8
0 5 13 16 17 5 15
0 4 8 15 12 11
0 3 13 6 18
0 2 0 11
1 11 18 14 17 16 14 2 0 14 1 7 6
0 8 8 13 18 5 6 4 4 1
0 1 5
0 8 8 13 18 5 1 10 12 18
0 8 19 9 14 19 3 13 3 16
0 10 4 15 4 6 4 9 8 1 12 12
1 4 6 16 2 7
1 7 8 4 1 8 7 8 13
1 5 6 16 2 13 6
1 24 13 0 4 1 17 0 18 0 8 9 19 5 15 5 19 8 6 15 15 15 15 4 15 4
1 8 7 2 0 14 1 3 2 11
1 9 7 5 14 1 6 11 13 18 18
1 14 8 13 7 4 18 18 1 1 9 9 9 9 9 9
1 6 6 4 6 2 0 14
1 15 18 17 6 14 17 13 11 5 14 1 7 13 6 17 0
0 4 6 18 10 16
1 19 7 5 14 1 4 0 4 1 9 6 15 15 15 15 15 15 4 7 4
0 7 1 14 6 15 13 15 9
1 4 18 17 18 6
1 9 13 0 6 15 15 15 4 7 4
1 13 7 5 14 1 3 13 3 15 9 8 13 15 16
1 4 7 13 18 18
0 17 18 14 14 19 6 11 14 5 14 17 13 18 18 18 18 18 18
0 3 13 16 7
1 4 7 13 18 18
1 13 18 17 13 15 13 6 15 15 15 15 4 15 4
1 8 13 1 1 18 5 14 7 14
0 4 6 6 6 2
1 34 13 0 4 1 9 4 8 19 8 18 9 19 1 9 4 8 18 14 7 3 1 9 18 14 0 6 15 15 15 15 15 4 7 4
0 9 13 8 17 19 5 19 5 2 11
1 9 7 17 16 11 3 16 11 4 8
0 6 7 5 14 11 3 2
1 7 6 6 5 14 17 19 10
1 9 18 14 2 0 14 1 3 16 6
1 13 18 7 15 14 19 6 3 11 6 11 17 16 2
1 7 13 1 1 7 1 10 12
1 11 8 7 7 5 14 17 2 0 14 17 13
0 10 4 16 17 2 8 7 5 4 18 18
1 16 8 3 2 11 5 14 17 19 7 18 14 17 16 15 9 15
0 18 13 9 5 5 2 9 18 8 17 1 18 17 18 17 6 14 13 18
0 4 16 12 5 12
1 5 7 5 14 17 13
0 14 18 14 19 4 7 4 19 5 19 8 19 1 2 10
1 7 6 16 5 10 0 10 6
1 4 8 3 16 2
1 11 8 7 7 5 14 17 2 0 14 17 13
1 18 18 16 7 13 5 7 4 19 1 0 1 3 19 5 8 6 17 0
1 7 8 3 13 11 13 18 18
0 18 13 2 9 4 5 15 8 18 9 19 8 19 5 15 8 4 1 15
1 6 13 5 1 8 7 6
1 9 6 8 15 15 15 5 8 7 15
1 5 6 16 1 3 8
0 11 18 7 15 6 3 16 9 18 12 9 12
0 4 7 6 5 17
0 4 1 12 17 16
1 2 13 15
0 4 3 15 3 12
0 18 13 7 2 17 14 16 6 0 15 13 6 15 15 15 15 4 7 4
0 19 6 16 2 7 2 0 14 19 6 11 5 14 16 17 9 12 2 11 13
1 9 18 7 15 4 4 16 3 13 11
0 2 10 14
0 14 13 5 16 10 5 4 6 7 15 6 16 2 5 19
1 18 13 5 2 8 13 4 5 15 1 8 13 4 8 18 14 6 17 0
0 9 3 8 13 4 8 7 1 1 9
0 4 19 3 16 1
1 12 18 17 18 6 3 15 0 4 7 15 17 15
1 12 13 0 19 8 19 1 17 0 4 1 2 15
1 17 18 4 2 3 8 0 4 8 18 0 8 9 19 5 4 19 6
1 9 8 4 8 9 4 16 7 7 13
1 9 6 8 15 15 15 5 8 7 15
1 7 6 11 13 7 14 7 14
1 15 13 5 2 14 8 9 19 8 4 8 6 15 4 1 4
1 6 7 19 3 13 3 6
0 8 13 5 4 7 15 5 8 15
1 11 13 2 17 0 4 5 8 5 6 17 0
1 6 13 1 8 6 3 8
0 4 7 5 0 6
0 2 4 15
1 10 6 15 9 8 13 0 15 15 14 19
1 7 7 17 16 14 13 18 18
1 7 7 19 13 7 1 1 9
1 7 7 2 0 14 1 13 18
0 7 13 9 15 19 15 4 4
0 7 19 4 8 16 16 5 10
1 4 13 16 5 12
0 16 13 13 16 8 19 8 19 8 19 1 9 4 6 4 7 4
1 13 8 7 13 0 6 15 15 15 15 15 4 7 4
1 20 7 19 3 16 8 15 5 18 16 4 15 13 19 1 8 13 19 1 2 15
1 8 8 6 11 13 18 18 18 18
1 9 18 6 3 16 1 3 1 17 15
0 7 5 18 13 18 8 7 6
0 4 18 9 7 13
1 9 6 11 6 11 2 8 1 13 18
0 11 13 1 16 7 15 7 15 14 8 13 5
1 9 7 19 3 2 3 14 2 8 1
1 8 13 15 13 6 15 4 1 4
0 6 8 17 7 19 4 6
1 12 13 2 0 5 2 0 16 5 8 1 8 12
1 9 18 7 15 4 4 17 8 7 15
1 8 8 6 3 1 17 8 12 12
0 4 7 0 17 0
1 12 8 13 18 5 4 4 14 7 15 10 12 11
0 4 19 0 14 0
1 4 7 19 4 8
1 7 8 3 2 3 14 13 18
0 3 18 8 0
0 11 8 7 8 6 11 2 8 13 18 18 18
0 9 18 16 6 11 8 2 17 8 6
1 7 7 19 3 2 11 13 18
1 11 8 3 16 8 15 5 6 15 9 15 15
0 4 8 4 2 2
0 7 8 17 13 18 14 18 0
0 3 10 18 9
0 4 5 6 17 2
0 4 7 4 9 15
1 12 13 1 3 15 8 6 15 15 15 4 19 4
0 2 13 5
1 8 8 4 0 18 14 8 9 4
1 9 6 11 4 1 6 14 13 18 18
1 21 13 0 4 1 9 19 5 4 8 3 13 3 4 4 1 14 19 3 2 3 14
0 19 6 5 6 17 2 3 8 15 5 8 4 0 19 8 6 15 4 7 4
1 7 18 17 8 13 7 11 12
0 5 6 11 14 12 16
1 9 7 5 14 17 2 8 17 13 18
0 9 7 18 13 13 8 13 18 3 18
0 2 17 2
0 10 13 2 4 8 12 4 12 0 2 5
1 24 13 0 4 1 17 0 18 0 8 9 19 5 15 5 19 8 6 15 15 15 15 4 15 4
0 17 14 7 5 14 17 18 18 18 18 18 18 18 18 16 18 18 18
1 24 8 7 13 2 8 13 18 0 16 8 4 1 0 8 9 8 16 1 9 18 9 18 2 15
0 3 17 1 7
0 2 3 8
1 2 18 6
0 9 14 1 13 8 2 7 1 0 4
1 11 6 16 1 11 17 2 11 13 18 18 18
1 13 7 2 0 14 17 5 14 1 3 13 11 5 14
0 13 18 14 19 13 11 13 18 18 18 18 18 18 18
1 11 6 14 19 6 3 6 13 18 18 18 18
0 12 1 16 18 17 6 6 15 7 1 10 12 11
1 10 7 19 4 5 8 9 4 18 7 13
0 15 6 16 1 12 3 4 14 19 6 11 13 18 18 18 18
0 3 18 10 15
1 12 8 3 16 14 19 3 13 11 5 14 1 13
1 16 18 7 15 4 4 16 4 5 2 8 13 6 15 4 15 4
0 10 8 5 11 16 16 1 11 2 8 1
1 7 7 17 16 15 9 15 14
0 13 8 4 5 0 18 0 8 16 1 0 4 0 6
0 3 18 10 15
0 5 6 6 11 0 14
1 15 13 7 4 19 8 18 14 7 4 4 16 7 13 1 19
0 16 0 8 6 3 11 1 4 2 0 18 0 0 6 4 15 4
1 10 7 17 16 4 14 2 0 14 1 12
0 9 13 8 9 12 3 1 14 0 15
1 4 13 16 5 12
1 9 13 16 1 9 18 17 2 17 8
1 4 6 1 16 12
1 11 18 14 17 16 14 2 0 14 1 7 6
0 6 12 6 13 18 18 18
0 9 8 13 15 13 18 15 4 15 4
0 5 17 9 3 8 15
0 9 6 6 18 5 14 16 17 7 10
0 9 8 6 3 14 17 19 7 7 15
1 13 13 1 16 1 3 8 15 15 5 13 2 2 15
0 3 8 17 10
0 5 7 2 14 0 14
1 9 13 5 15 13 6 15 4 15 4
0 3 7 2 13
1 10 6 11 4 0 19 8 6 4 7 4
1 9 7 5 14 17 19 6 3 11 12
0 16 6 4 11 6 11 13 18 3 18 18 18 18 18 18 4 16
1 8 6 16 9 7 15 4 4 6
1 7 6 16 5 10 0 10 6
1 21 8 3 2 11 2 8 1 4 16 5 8 16 5 15 8 6 15 15 4 19 4
0 8 13 2 6 4 15 4 15 4
0 5 9 8 4 8 10
1 10 13 1 6 7 15 14 2 8 17 13
1 10 18 16 7 18 4 2 18 8 13 18
0 11 18 1 4 15 15 17 18 6 3 11 10
1 9 13 5 2 9 4 1 14 1 19
1 3 8 13 18
0 4 8 12 14 8
0 11 13 10 8 13 18 3 5 1 10 12 11
1 12 13 2 0 5 2 0 16 5 8 1 8 12
1 11 8 3 2 3 6 19 13 7 15 10 12
1 7 18 16 7 6 1 14 13
1 15 13 8 9 19 8 4 5 15 5 8 16 8 19 1 8
1 10 13 1 16 2 7 17 13 11 19 10
1 12 6 15 0 2 1 18 5 11 14 18 5 12
0 4 18 16 15 12
0 5 13 1 18 14 18
0 23 8 6 3 6 5 14 17 2 8 17 19 7 6 16 2 7 5 14 0 7 17 12 12
0 3 11 16 12
0 16 18 15 4 1 3 7 11 4 4 16 5 10 3 10 10 15
0 28 13 4 15 2 13 19 1 9 18 9 19 5 12 4 15 8 19 5 2 9 1 8 13 4 8 18 0 6
0 12 8 1 4 16 19 8 15 1 14 6 17 0
1 6 6 4 14 19 12 12
0 9 18 3 2 8 4 2 8 1 12
1 11 13 2 17 16 8 4 8 4 5 2 11
0 6 8 7 14 7 14 18
1 6 13 0 18 17 1 1
0 21 6 4 6 5 14 17 17 2 11 5 14 17 5 14 1 4 6 0 6 17 0
1 13 7 17 16 8 5 13 8 9 12 0 5 5 5
0 2 4 15
1 21 7 19 3 13 3 11 6 11 19 6 11 5 14 1 4 0 19 8 18 17 6
1 22 6 6 19 6 3 1 4 15 15 7 15 7 15 7 15 6 11 2 0 14 1 10
1 3 6 14 13
1 7 7 2 0 14 1 12 12
0 9 7 19 0 3 2 3 1 11 13
1 20 13 0 4 8 4 5 12 4 19 1 0 15 13 18 17 0 6 4 19 4
0 17 16 5 15 5 8 1 18 6 15 17 9 8 9 13 8 9 12
0 18 6 5 5 7 5 14 7 6 19 14 7 7 2 0 14 17 13 18
1 17 13 5 0 18 9 18 9 4 1 0 15 13 4 1 17 2 8
1 7 7 19 3 2 11 17 2
0 16 13 7 12 1 0 1 8 3 15 12 19 1 0 2 0 8
0 3 17 1 7
0 18 13 2 9 4 5 15 8 18 9 19 8 19 5 15 8 4 1 15
0 3 6 6 8
0 2 10 14
1 10 6 11 7 6 16 4 19 8 2 15
1 8 6 1 6 11 13 18 18 18
1 10 7 19 6 11 17 16 1 4 4 7
1 2 18 4
1 10 13 8 9 15 5 15 5 4 19 7
0 8 6 16 19 13 0 14 1 12
1 15 7 19 3 13 3 16 5 10 9 10 10 10 9 10 1
1 10 6 15 9 8 13 9 8 13 14 12
1 5 8 6 3 6 13
1 7 7 2 0 14 1 12 12
1 7 7 17 16 14 13 18 18
1 28 13 1 3 8 15 13 19 5 12 3 5 19 5 15 8 4 5 15 8 4 5 8 7 4 8 6 17 0
0 3 10 13 8
0 4 8 16 17 0
0 11 8 4 16 8 18 5 5 8 9 2 11
0 6 8 17 7 19 4 6
0 10 13 0 5 6 5 8 1 17 7 15
1 9 18 7 15 4 4 17 8 7 15
0 4 8 11 8 10
0 10 8 3 13 11 8 1 4 9 1 1
1 10 6 4 1 4 4 4 4 6 3 8
1 2 18 6
0 12 6 16 4 19 8 4 8 5 10 3 10 1
1 7 18 4 15 4 9 15 15
0 11 2 14 16 18 8 13 5 5 17 2 11
0 8 7 5 2 0 8 17 8 14
1 7 8 6 3 8 15 5 15
1 8 6 16 9 4 15 4 17 9
0 13 14 13 2 9 6 15 15 15 15 4 7 2 4
1 13 18 6 3 11 6 11 5 14 1 4 1 19 6
1 5 18 7 4 6 7
1 9 13 15 13 4 1 0 6 17 0
0 8 18 13 7 4 15 5 2 11
0 4 12 13 5 18
1 4 7 13 18 18
1 21 13 5 5 16 8 4 1 9 18 17 5 2 8 13 6 15 15 15 4 19 4
1 12 7 2 0 14 1 13 7 4 15 10 12 11
1 8 8 3 13 11 2 8 1 10
0 3 18 4 18
1 4 6 4 6 13
1 9 18 17 8 3 2 3 14 5 14
1 12 18 6 11 5 14 17 5 14 17 19 13 18
0 7 8 3 2 11 17 7 4
0 18 8 6 11 2 0 14 17 13 18 18 18 18 18 14 18 18 18 18
1 7 6 1 6 11 2 8 17
0 5 8 19 17 4 4
0 6 4 19 6 1 17 0
1 18 8 13 18 5 18 18 14 7 14 18 5 18 18 1 1 9 9 9
0 18 6 4 15 0 4 3 11 3 13 3 6 11 11 5 14 17 13 18
1 5 18 4 4 17 15
0 5 13 14 4 7 4
0 23 6 11 4 0 4 1 7 0 7 3 8 4 1 8 13 19 18 5 15 3 8 18 8
1 6 18 16 13 7 15 1
0 7 7 19 13 15 11 9 9
0 2 13 5
1 2 18 6
0 3 11 3 12
0 4 8 15 5 15
1 8 8 4 0 18 14 8 9 4
0 22 7 19 7 13 7 19 1 0 2 8 9 14 8 9 8 16 1 0 16 5 8 8
1 16 13 0 4 1 14 8 9 8 5 16 1 14 1 18 18 7
1 21 13 0 19 5 19 1 8 13 19 5 4 17 3 2 11 2 0 14 1 3 2
1 10 18 14 17 13 11 13 18 18 18 18
0 6 7 3 8 17 14 15
0 11 13 15 13 18 0 5 6 15 4 19 12
0 8 13 0 6 15 11 4 7 4
1 7 18 7 15 4 2 19 7
0 8 8 13 18 5 1 9 9 9
0 17 13 8 9 0 19 5 19 1 9 12 7 6 15 15 4 19 4
0 5 6 15 15 18 16
1 7 13 0 19 1 17 1 8
0 10 13 2 8 13 6 15 8 4 7 4
1 3 8 13 18
1 12 6 16 9 14 2 8 1 4 16 1 2 15
1 8 7 17 13 3 16 5 10 1
1 13 8 3 13 11 5 14 17 5 14 1 7 6 8
0 11 6 14 19 6 14 3 16 3 4 19 8
0 4 18 14 10 6
1 7 8 4 0 4 1 2 15
0 8 7 6 15 6 17 1 13 18
0 8 13 0 4 8 18 18 6 0
0 3 19 13 8
1 9 7 17 16 11 3 16 11 4 8
0 16 18 14 16 16 9 15 16 3 16 18 1 7 15 17 13 15
0 2 10 6
1 2 18 4
0 10 7 4 8 8 13 4 17 7 18 14
1 26 8 3 2 3 8 15 15 5 13 16 8 19 8 19 8 4 8 4 5 15 8 6 15 4 1 4
1 8 13 5 1 18 7 19 12 12
1 13 13 15 13 4 8 18 0 15 13 6 4 7 4
0 16 14 17 10 13 3 14 2 8 17 2 0 13 14 12 17 13
0 4 13 12 18 14
0 2 12 13
0 11 6 11 8 11 19 13 18 5 15 10 12
0 2 3 10
0 10 4 1 17 19 5 14 17 7 18 5
0 3 9 17 4
0 8 18 13 7 4 15 5 2 11
1 11 7 5 14 17 19 4 1 16 7 7 13
1 11 6 4 15 0 15 4 9 8 13 15 16
1 6 6 15 9 8 13 0
0 7 18 4 8 4 18 15 16
1 5 18 4 15 15 6
0 7 18 17 7 17 16 14 11
1 15 8 7 6 6 19 3 13 3 14 17 16 4 11 13 18
1 11 18 6 11 19 3 16 6 17 2 3 15
0 4 7 2 8 9
1 23 13 2 0 8 9 15 5 8 16 1 14 16 1 8 13 18 9 18 8 13 18 17 15
0 3 4 3 7
1 9 8 6 11 5 14 17 19 12 12
0 10 4 16 17 2 8 7 5 4 18 18
0 3 14 12 10
0 7 10 3 7 4 6 7 15
0 4 7 19 2 10
1 6 18 16 7 8 6 11
1 16 7 19 7 7 5 14 1 7 6 8 5 18 4 2 19 7
0 13 18 7 4 17 9 11 15 7 15 15 15 19 15
0 7 7 19 13 15 11 9 9
1 10 13 0 19 1 8 13 6 4 15 4
1 9 18 7 15 4 4 16 3 13 11
1 8 7 17 13 11 17 16 1 7
0 2 3 16
1 34 18 17 7 5 14 1 6 3 4 4 6 17 2 11 2 0 14 1 6 3 8 5 7 5 14 1 13 7 18 1 1 9 9 9
1 13 13 15 13 4 8 18 0 15 13 6 4 7 4
1 2 13 15
0 11 5 8 6 11 11 7 0 9 14 16 10
0 13 3 18 16 7 13 5 16 8 6 15 15 19 4
1 17 6 16 4 19 8 7 7 5 14 17 5 14 17 2 0 14 1
1 14 18 6 11 17 2 11 17 13 3 14 13 18 18 18
0 4 1 8 7 15
0 13 14 13 2 9 6 15 15 15 15 4 7 2 4
0 3 19 5 13
1 13 6 8 15 15 15 5 13 16 8 4 1 2 15
1 6 18 7 4 14 12 15
0 7 13 11 1 18 9 8 13
0 12 8 4 15 9 19 5 15 8 19 5 15 5
1 17 13 0 18 17 15 13 4 8 18 17 5 5 8 9 4 8 13
1 13 7 17 16 11 6 3 14 19 3 13 11 5 14
0 4 11 6 16 18
1 14 18 14 2 0 14 17 5 14 17 13 18 18 18 18
0 6 0 8 6 5 8 10
1 8 6 1 6 11 13 18 18 18
0 5 6 1 7 5 0
1 15 18 4 4 17 13 7 3 5 2 9 5 15 1 14 1
0 9 13 8 9 12 3 1 14 0 15
1 7 7 2 0 14 17 19 10
1 7 13 16 5 19 5 12 0
1 7 18 7 15 4 4 6 11
1 8 7 19 13 7 14 7 11 1
0 7 13 3 12 8 1 18 15
1 14 7 5 14 1 6 3 6 17 13 11 19 7 8 10
1 4 7 13 18 18
0 18 11 4 2 1 7 11 14 5 7 8 14 18 5 4 14 2 10 12
1 5 18 17 18 16 6
0 4 11 6 16 18
1 4 6 16 2 18
0 6 0 8 6 5 8 10
1 12 8 7 13 2 0 15 13 6 15 4 7 4
1 10 18 17 13 1 3 4 17 3 16 2
0 5 7 13 19 18 18
0 12 6 1 18 6 4 3 1 4 4 4 4 14
1 3 18 16 6
1 10 8 7 13 5 0 4 8 4 5 12
1 20 6 16 4 19 8 2 8 4 0 4 5 2 9 5 19 1 14 6 17 0
1 7 13 8 9 4 3 2 11
0 11 8 15 18 9 7 15 5 15 8 7 4
0 5 11 9 11 5 14
1 2 18 6
0 6 19 2 4 13 16 6
0 12 8 4 16 5 12 3 8 4 5 4 7 2
1 9 8 4 5 15 13 4 1 2 15
1 10 13 15 13 4 1 14 1 6 4 4
0 7 18 14 7 19 6 7 18
1 5 7 19 6 11 13
0 4 18 16 8 10
0 5 6 8 15 15 7
0 4 8 12 7 3
1 10 8 7 18 17 18 6 3 15 15 16
0 7 6 15 14 13 19 13 12
0 21 7 17 16 4 16 6 14 13 2 9 19 8 19 5 2 9 8 6 15 19 4
1 8 6 1 14 5 14 17 13 18
1 5 6 14 2 8 17
0 28 18 14 0 14 1 6 3 1 7 4 9 8 13 9 8 13 0 18 7 5 14 17 2 8 17 17 16 2
1 13 7 5 14 1 3 13 3 15 9 8 13 15 16
0 4 8 2 16 12
0 5 19 15 6 4 0
1 5 8 3 2 3 6
0 11 6 11 8 11 19 13 18 5 15 10 12
0 2 19 2
1 20 7 19 4 2 9 4 8 4 8 18 0 7 4 15 8 4 8 18 2 15
0 8 2 6 17 13 11 19 12 12
0 2 9 17
1 8 8 7 8 13 7 15 1 9
0 2 10 6
0 17 13 0 19 5 8 0 16 8 4 7 19 8 6 15 4 19 4
1 13 6 8 15 15 15 5 13 16 8 4 1 2 15
1 8 6 1 14 5 14 17 13 18
1 3 18 4 2
0 7 2 8 3 16 8 15 15
1 35 18 17 8 4 7 4 15 8 4 8 18 9 18 17 16 8 19 8 4 1 17 5 8 9 15 5 12 3 5 8 0 6 4 15 4
0 6 13 0 6 4 7 11
1 11 13 8 9 8 1 8 7 13 1 17 13
1 14 8 13 18 5 15 1 9 9 9 9 9 9 9 9
0 3 7 0 10
0 6 6 14 6 19 11 13
1 8 18 7 4 6 17 6 11 13
0 3 15 15 15
1 10 6 15 9 8 13 9 8 13 14 12
0 2 1 8
1 8 18 14 5 14 17 13 18 18
0 2 1 15
0 2 8 4
1 8 13 1 3 19 5 4 19 7
0 6 6 13 5 1 19 7
1 5 18 17 8 3 2
1 10 6 8 15 5 7 19 4 6 17 0
1 10 13 2 0 15 13 6 15 4 1 4
0 13 9 18 6 3 7 17 10 13 3 8 5 18 15
0 5 7 16 7 8 12
1 5 7 5 14 17 13
1 8 6 4 6 13 18 18 18 18
0 12 18 8 4 4 4 12 2 3 4 3 2 11
0 3 9 6 15
0 9 10 13 2 3 4 16 9 14 14
1 4 18 17 18 7
1 10 13 7 4 19 5 2 9 1 2 15
0 6 0 6 17 18 15 15
1 17 13 5 2 0 16 8 18 0 16 1 8 13 6 15 4 19 4
1 9 13 8 9 19 1 0 6 17 0
0 4 18 13 4 18
0 9 6 11 13 18 5 15 11 10 12
0 8 3 7 10 5 17 2 18 14
0 6 1 3 6 17 15 16
1 5 18 14 19 12 12
1 7 7 2 8 1 7 8 10
1 9 18 7 4 14 12 15 15 15 15
1 9 7 2 0 14 17 17 16 4 2
1 26 8 3 2 3 8 15 15 5 13 16 8 19 8 19 8 4 8 4 5 15 8 6 15 4 1 4
1 9 13 8 9 19 1 0 6 17 0
0 9 18 8 13 3 13 11 1 8 10
0 9 7 5 14 17 13 1 18 2 18
1 9 8 4 2 9 4 5 4 17 6
0 8 2 6 17 13 11 19 12 12
0 4 13 16 7 15
1 10 8 3 13 11 2 0 14 17 5 14
1 5 6 14 17 16 2
0 15 13 8 10 19 10 15 18 14 16 1 9 6 4 19 4
1 4 18 14 17 2
0 2 4 10
0 16 7 19 4 7 8 9 2 4 19 8 4 8 6 4 19 4
1 14 18 17 6 1 14 2 0 14 17 13 18 18 18 18
0 7 13 3 12 8 1 18 15
0 12 8 7 6 4 1 17 8 7 18 4 15 6
0 22 3 2 11 5 14 17 17 16 16 17 1 3 16 1 11 19 6 11 5 14 1 10
1 22 8 6 11 17 13 11 19 4 7 4 12 3 1 14 1 6 14 17 16 1 16 13
0 14 18 6 11 2 8 17 19 4 16 8 11 1 18 15
0 7 5 18 13 18 8 7 6
0 2 19 2
1 12 18 17 7 17 16 11 13 18 5 18 11 1
1 7 7 5 14 1 4 5 15
0 14 13 5 16 10 5 4 6 7 15 6 16 2 5 19
1 9 8 13 7 14 7 4 14 7 14
0 6 12 18 6 3 11 12
0 19 13 7 3 1 16 12 5 12 4 2 9 5 4 16 2 7 14 17 19
0 2 2 19
0 4 1 8 9 12
0 3 3 18 6
0 1 5
1 4 8 6 3 4
0 2 17 5
1 7 6 1 4 4 14 17 16
1 2 13 15
1 8 7 17 2 3 8 15 15 15
1 2 13 15
1 9 13 5 0 6 15 15 4 7 4
1 4 8 3 16 2
0 4 18 5 4 11
1 7 13 5 5 5 6 17 0
0 9 7 17 3 14 2 8 10 1 0
1 2 18 4
0 3 9 9 8
1 2 13 15
0 10 8 7 9 1 3 8 11 18 13 15
1 9 7 17 16 11 13 18 5 11 12
1 3 6 14 13
0 2 1 15
1 11 13 5 16 5 19 8 6 15 4 15 4
0 8 18 17 7 18 18 18 18 6
1 8 7 17 16 14 17 16 4 2
1 5 6 1 7 4 12
0 3 15 2 6
1 9 7 5 14 1 6 11 13 18 18
1 8 13 16 5 19 8 18 2 15
0 9 7 10 18 1 19 17 6 5 15
1 18 6 4 8 5 7 17 2 3 14 17 16 14 19 3 13 3 6 19
0 8 7 16 7 15 0 11 17 13
1 17 6 1 6 3 1 14 17 2 11 5 14 17 17 16 14 13 18
1 7 7 5 14 1 3 16 2
0 5 13 16 8 13 19
0 10 8 6 7 8 5 7 18 18 18 18
1 5 6 15 6 14 13
1 8 13 16 5 19 5 4 19 7
0 6 18 16 7 14 7 1
1 14 8 7 13 5 8 9 4 3 15 8 6 4 19 4
1 14 18 7 4 17 9 8 9 16 14 16 17 9 8 9
0 5 4 8 7 4 12
1 7 13 0 18 9 18 0 8
1 5 13 7 4 8 6
0 9 16 2 0 1 13 4 8 12 12
0 4 8 16 17 0
0 7 7 6 15 0 2 19 6
0 5 6 18 4 2 1
0 8 6 16 19 13 0 14 1 12
1 10 6 6 5 14 17 5 14 1 12 12
1 6 8 3 13 11 17 2
0 5 8 3 8 10 13
0 3 8 9 12
0 3 17 16 6
1 7 13 16 5 4 3 8 15
0 7 17 17 1 12 16 2 19
1 16 18 4 2 17 6 3 15 6 6 11 13 18 18 18 18 18
1 5 6 16 2 8 10
0 5 7 17 3 1 4
0 7 6 8 1 5 8 12 12
0 2 3 10
1 8 6 11 7 8 13 18 5 12
1 11 13 7 4 8 5 1 18 13 6 17 0
0 7 16 14 17 16 4 6 18
1 3 6 14 13
1 12 6 16 4 19 8 2 8 3 2 11 19 10
0 11 18 7 15 6 3 16 9 18 12 9 12
1 7 18 4 15 4 9 15 15
1 9 18 14 17 16 14 19 3 16 1
1 5 8 7 6 11 6
0 4 5 14 1 10
1 12 8 13 7 1 1 9 9 9 9 9 9 9
0 16 8 0 11 2 0 14 1 9 3 13 11 14 16 14 13 18
0 18 8 6 11 2 0 14 17 13 18 18 18 18 18 14 18 18 18 18
1 9 8 4 8 9 4 16 7 7 13
1 20 8 6 11 17 2 11 17 13 3 14 17 2 11 17 16 4 4 15 6 6
1 19 13 8 9 12 4 15 1 17 2 9 6 15 15 15 15 15 4 19 4
0 23 8 4 4 16 1 9 4 8 19 8 5 15 1 14 0 4 5 8 8 9 15 1 16
1 16 7 5 14 1 6 11 17 2 11 17 13 3 15 9 15 15
1 13 18 17 13 15 13 6 15 15 15 15 4 15 4
0 3 11 3 12
0 10 15 7 10 17 3 14 0 2 0 16
1 23 6 1 4 15 15 14 5 14 1 6 11 19 4 7 3 8 6 15 15 15 4 1 4
0 5 18 8 15 15 4
0 2 10 5
1 9 18 17 8 3 13 11 5 14 1
1 10 13 8 9 12 3 8 6 4 1 4
1 9 13 16 5 19 5 4 1 7 15
0 11 13 9 2 17 8 9 2 9 5 1 8
1 5 8 3 13 3 8
1 11 18 17 7 2 8 17 19 4 6 17 0
1 3 13 2 8
0 9 16 11 17 13 19 6 3 15 12
1 13 7 2 8 17 2 8 1 6 11 13 18 18 18
0 11 13 0 18 0 5 0 6 11 4 19 10
1 11 7 5 14 17 19 4 1 16 7 7 13
1 18 8 13 18 5 18 18 14 7 14 18 5 18 18 1 1 9 9 9
0 22 18 8 11 19 6 3 14 2 14 1 15 4 8 9 12 4 19 8 6 4 7 4
0 3 10 13 8
0 12 8 7 6 4 1 17 8 7 18 4 15 6
1 10 8 4 16 8 18 9 6 4 19 4
1 15 18 14 2 0 14 17 2 0 14 17 13 18 18 18 18
0 2 11 14
0 8 13 16 8 9 12 4 14 11
0 21 7 17 16 4 16 6 14 13 2 9 19 8 19 5 2 9 8 6 15 19 4
1 10 13 1 16 2 7 17 13 11 19 10
1 5 6 16 1 3 8
1 7 7 17 16 15 9 15 14
1 10 18 17 13 1 3 4 17 3 16 2
0 2 2 8
0 5 7 13 19 18 18
1 8 7 17 2 3 8 15 15 15
0 17 13 16 5 8 7 3 5 12 3 1 17 15 13 6 4 19 6
0 4 6 9 5 2
1 8 6 16 9 4 15 4 17 9
1 7 13 2 9 6 4 1 4
0 5 13 16 17 5 15
0 8 13 0 4 8 18 18 6 0
1 10 18 4 15 4 6 14 13 18 18 18
0 14 7 19 3 16 1 4 3 4 6 6 11 5 14 17
0 3 16 16 2
1 4 8 6 3 6
1 9 8 6 3 8 15 15 15 15 15
0 1 5
1 7 18 7 15 4 4 6 11
1 9 7 19 4 0 6 15 4 19 4
0 10 13 1 6 9 4 4 14 8 13 18
0 2 1 15
1 10 8 3 13 11 17 16 6 13 18 18
1 5 7 19 6 11 13
1 9 8 3 13 11 5 14 17 5 14
1 10 18 7 15 4 15 15 4 2 19 7
1 4 18 6 3 11
0 5 18 16 18 2 12
0 7 6 11 8 13 2 2 14
0 5 6 8 15 15 7
0 3 18 13 9
1 4 13 5 5 8
0 8 3 7 10 5 17 2 18 14
0 21 7 2 8 2 15 1 16 11 6 3 14 5 14 17 19 7 6 8 5 18 4
0 12 18 4 2 17 6 11 13 18 18 12 18 18
1 13 8 3 13 11 5 14 17 5 14 1 7 6 8
1 8 7 5 14 17 2 0 14 1
1 7 13 16 5 4 3 8 15
0 7 9 5 8 3 8 18 13
0 2 3 15
1 13 7 5 14 17 5 14 1 6 3 8 15 5 18
1 5 7 5 14 17 13
1 9 8 4 2 9 4 5 4 17 6
0 10 18 16 7 13 2 14 5 5 19 1
0 7 1 14 6 15 13 15 9
1 6 18 4 2 17 4 8
1 7 13 0 19 1 17 1 8
0 5 13 5 9 13 4
0 5 6 8 19 13 19
1 5 13 7 4 8 6
1 5 18 6 3 6 13
1 9 6 16 2 7 2 8 1 3 2
0 10 18 16 7 13 2 14 5 5 19 1
1 3 18 4 2
1 7 6 6 13 18 18 18 18
1 2 13 15
1 9 7 17 16 6 5 14 1 4 8
1 21 7 19 7 8 3 13 3 16 7 7 2 0 14 1 3 16 11 13 7 15 1
1 8 6 4 6 13 18 18 18 18
0 13 18 7 4 17 9 11 15 7 15 15 15 19 15
0 2 4 10
0 7 7 5 14 16 10 5 14
0 9 8 13 15 13 18 15 4 15 4
0 6 15 5 14 17 18 9
1 5 18 17 7 13 18
1 2 18 6
0 5 6 6 11 0 14
1 8 6 6 19 6 3 8 5 15
0 33 13 19 1 17 8 13 19 8 19 1 0 0 19 5 19 1 0 0 4 8 18 9 18 15 9 18 9 4 5 4 3 2 11
1 2 18 6
0 6 7 5 14 11 3 2
1 13 13 0 19 5 15 5 15 5 15 8 4 1 8
1 9 18 6 3 16 5 10 3 10 6
1 15 6 8 5 18 17 8 7 6 1 17 18 6 11 5 14
0 9 18 3 2 8 4 2 8 1 12
0 1 5
0 9 18 8 13 3 13 11 1 8 10
1 7 18 17 6 16 9 4 2
1 19 13 7 4 15 8 4 5 15 5 4 3 8 15 13 6 15 4 19 4
0 9 8 4 18 19 5 4 16 4 19
0 10 6 1 16 15 12 15 7 1 10 12
0 2 2 19
1 12 6 14 19 4 2 17 5 0 18 0 5 15
1 20 6 16 4 19 8 2 8 4 0 4 5 2 9 5 19 1 14 6 17 0
0 6 4 12 15 5 17 12
1 8 8 6 11 2 0 14 1 10
1 2 18 4
1 7 8 4 1 8 7 8 13
1 21 8 3 2 11 2 8 1 4 16 5 8 16 5 15 8 6 15 15 4 19 4
1 8 8 13 18 5 14 18 5 15
0 14 7 19 3 16 1 4 3 4 6 6 11 5 14 17
0 5 13 8 3 16 4
0 5 6 18 4 2 1
0 2 14 1
1 10 13 15 13 18 9 4 1 14 2 8
0 4 19 6 4 2
0 22 7 5 14 17 5 14 1 4 7 4 19 5 4 18 13 2 9 1 6 16 4 6
1 10 8 7 13 5 0 4 8 4 5 12
0 10 8 5 11 16 16 1 11 2 8 1
1 5 18 17 8 3 2
0 23 8 4 4 16 1 9 4 8 19 8 5 15 1 14 0 4 5 8 8 9 15 1 16
0 3 13 6 12
0 5 4 8 7 4 12
0 4 8 10 7 1
0 2 17 2
0 3 8 12 8
0 8 7 6 15 6 17 1 13 18
1 10 13 7 3 1 8 13 6 4 19 4
1 16 18 7 15 4 2 3 2 9 5 4 16 1 3 16 4 19
0 9 0 16 5 4 16 19 3 3 1
0 7 5 14 17 2 14 12 12
1 5 8 4 1 6 7
1 14 13 2 0 0 4 8 19 8 4 1 0 6 17 0
1 11 18 4 2 16 5 10 10 10 3 10 15
1 23 13 2 0 8 9 15 5 8 16 1 14 16 1 8 13 18 9 18 8 13 18 17 15
1 11 13 2 17 16 8 4 8 4 5 2 11
1 14 13 1 8 4 7 3 5 15 8 6 15 4 7 4
1 13 7 2 0 14 17 5 14 1 3 13 11 5 14
1 4 7 13 18 18
1 22 7 2 0 14 1 3 13 3 14 2 0 14 1 6 3 1 7 15 6 3 4 6
1 10 6 15 9 8 13 17 9 13 12 15
0 3 6 18 14
0 6 14 13 5 18 6 14
1 13 13 1 16 1 3 8 15 15 5 13 2 2 15
1 18 6 16 9 4 4 14 5 14 17 17 16 14 2 0 14 1 12 12
0 4 1 18 19 12
0 16 13 7 12 1 0 1 8 3 15 12 19 1 0 2 0 8
0 3 8 9 12
0 28 6 1 16 7 7 2 0 10 14 1 3 2 3 4 14 17 13 3 1 3 6 3 16 1 11 13 18 18
1 15 18 7 15 17 7 19 4 5 2 8 13 18 0 5 8
0 10 13 2 4 8 12 4 12 0 2 5
1 5 13 2 14 7 0
1 21 13 5 16 5 15 8 19 8 4 5 4 6 7 4 6 4 2 18 8 12 12
1 14 18 7 4 17 9 8 9 16 14 16 17 9 8 9
0 10 6 13 11 4 8 6 1 3 17 0
0 2 12 2
0 3 18 13 9
0 19 6 16 2 7 2 0 14 19 6 11 5 14 16 17 9 12 2 11 13
0 7 6 11 8 13 2 2 14
1 17 13 8 9 15 1 8 13 18 17 16 5 15 1 17 16 1 8
1 8 7 2 0 14 17 2 0 14
1 11 18 17 7 2 8 17 19 4 6 17 0
1 3 8 13 18
0 10 13 0 5 6 5 8 1 17 7 15
0 15 7 5 14 17 2 8 2 0 14 1 7 18 17 18 7
1 7 18 7 4 17 9 12 15
1 6 6 4 6 2 0 14
0 6 6 14 6 19 11 13
0 9 6 16 5 12 0 10 10 10 15
1 9 18 14 19 7 7 5 14 1 12
0 8 2 10 14 8 17 17 12 18
1 7 8 3 16 8 15 15 15
1 9 6 14 17 13 3 8 15 5 15
0 14 7 13 2 18 18 18 5 18 18 18 5 18 1 18
1 7 13 5 5 5 6 17 0
1 16 7 5 14 1 6 11 17 2 11 17 13 3 15 9 15 15
0 4 18 14 19 2
1 23 18 17 6 6 17 16 4 14 2 8 17 19 3 13 3 16 7 8 3 2 11 13 18
1 5 13 1 18 13 8
1 4 18 4 4 7
1 16 18 7 15 14 17 2 11 5 14 1 3 16 16 5 10 6
0 10 17 2 13 8 15 12 5 13 6 15
0 22 18 8 11 19 6 3 14 2 14 1 15 4 8 9 12 4 19 8 6 4 7 4
1 6 18 7 4 9 15 14
0 11 8 4 16 8 18 5 5 8 9 2 11
0 5 18 6 2 3 2
0 39 7 5 14 1 7 6 8 15 5 13 7 4 19 8 19 5 19 1 17 15 13 17 8 9 4 0 17 9 19 8 4 1 8 13 6 15 4 19 4
1 4 7 17 13 11
0 4 12 8 4 3
0 4 13 3 11 4
0 13 15 7 5 14 17 19 4 2 0 16 1 2 15
0 3 19 13 8
1 13 7 19 3 2 3 6 13 18 18 18 18 18 18
0 17 13 8 9 0 19 5 19 1 9 12 7 6 15 15 4 19 4
0 7 13 11 1 18 9 8 13
1 10 6 4 1 4 4 4 4 6 3 8
0 7 16 8 13 11 18 10 11
0 11 13 7 4 15 8 5 13 15 13 18 8
1 10 13 2 17 0 4 8 19 5 2 11
0 9 8 4 2 2 17 1 12 10 12
1 8 8 4 7 4 19 1 2 15
1 3 8 13 18
1 5 13 1 18 13 8
0 5 13 9 15 1 19
1 7 6 14 17 2 11 2 8
0 4 8 4 2 2
1 10 7 17 16 4 14 2 0 14 1 12
1 9 18 14 19 7 7 5 14 1 12
1 2 13 15
0 6 17 8 15 3 11 4
0 17 6 16 0 3 1 6 3 4 4 19 8 4 19 1 11 19 12
1 10 6 8 5 6 14 5 14 17 2 8
1 4 6 4 1 6
1 9 13 16 5 19 5 4 1 7 15
0 2 9 12
0 9 13 2 9 6 0 14 4 15 13
0 4 12 13 12 13
1 18 6 11 4 8 9 19 1 9 19 1 17 1 3 15 5 4 19 6
0 13 18 14 13 18 18 18 9 18 7 18 18 18 18
1 9 13 16 1 9 18 17 2 17 8
0 5 13 9 15 1 19
0 3 18 6 15
1 17 13 0 18 17 15 13 4 8 18 17 5 5 8 9 4 8 13
1 16 13 0 4 1 14 15 13 4 1 0 5 2 0 6 17 0
0 3 2 11 4
0 6 14 13 5 18 6 14
1 6 18 17 6 4 16 1
1 14 7 19 7 7 19 7 6 8 15 5 6 8 5 8
0 5 7 19 12 3 0
1 10 13 7 4 19 5 2 9 1 2 15
0 4 5 19 3 16
1 16 13 15 13 19 1 9 4 1 14 16 8 6 15 4 1 4
0 4 18 2 16 12
1 5 6 16 2 8 10
1 31 13 2 0 7 4 19 8 19 1 17 2 17 2 0 16 8 4 5 4 17 3 13 3 4 14 2 0 14 1 12 12
0 16 18 14 16 16 9 15 16 3 16 18 1 7 15 17 13 15
0 14 18 7 0 15 15 15 5 6 6 0 17 16 8 15
1 5 18 16 7 13 8
1 26 6 16 4 19 8 5 10 10 10 3 10 9 10 3 10 3 10 9 10 0 10 0 10 0 10 15
0 16 13 13 16 8 19 8 19 8 19 1 9 4 6 4 7 4
0 7 10 10 15 6 11 17 13
1 5 18 4 2 6 4
0 6 18 16 7 14 7 1
0 21 7 2 8 2 15 1 16 11 6 3 14 5 14 17 19 7 6 8 5 18 4
0 10 8 3 4 6 17 14 17 13 3 2
0 6 18 1 10 18 6 13
1 10 7 17 13 11 2 0 14 1 12 12
1 16 7 19 7 7 5 14 1 7 6 8 5 18 4 2 19 7
1 7 6 16 4 19 8 2 15
0 9 7 5 14 17 13 1 18 2 18
0 11 13 9 2 17 8 9 2 9 5 1 8
0 6 18 18 13 1 18 18
0 22 3 2 11 5 14 17 17 16 16 17 1 3 16 1 11 19 6 11 5 14 1 10
1 13 18 6 3 14 5 14 1 13 18 5 11 11 1
1 10 18 14 17 13 11 13 18 18 18 18
1 4 8 6 3 4
0 4 7 5 0 6
0 16 6 1 4 15 15 6 3 14 2 1 6 3 1 16 4 15
1 27 13 0 4 8 19 8 19 1 17 8 9 15 1 17 16 1 9 18 14 7 4 15 1 14 7 0 5
1 7 6 11 13 7 14 7 15
1 9 13 1 3 2 9 8 18 14 7
0 11 8 7 8 6 11 2 8 13 18 18 18
1 5 7 2 0 14 17
1 7 6 16 5 10 3 10 6
0 3 18 8 0
0 11 18 4 15 4 0 4 7 15 13 7 15
0 5 7 16 7 8 12
0 15 19 6 3 8 5 8 15 13 18 5 18 1 9 9 9
0 10 7 17 10 4 14 8 1 3 13 2
0 11 13 15 13 18 0 5 6 15 4 19 12
1 8 18 14 5 14 17 13 18 18
1 8 13 2 17 15 13 18 2 15
1 13 7 2 8 17 2 8 1 6 11 13 18 18 18
1 8 7 2 0 14 1 7 18 6
1 4 6 8 5 18
0 5 7 13 15 18 18
1 7 7 17 16 6 17 16 2
1 17 6 1 6 3 1 14 17 2 11 5 14 17 17 16 14 13 18
0 5 7 5 18 14 10
0 6 13 12 14 11 2 11
1 12 13 7 3 5 19 5 8 1 8 6 11 13
0 8 7 2 8 14 1 7 16 8
1 12 7 17 16 6 19 7 7 17 16 1 17 18
0 11 18 6 11 17 13 11 3 17 13 3 4
0 8 7 16 7 15 0 11 17 13
0 13 7 2 8 16 17 2 0 14 1 13 18 5 12
0 3 5 17 15
1 9 7 2 0 14 17 17 16 4 2
1 9 18 16 6 11 13 18 18 18 18
0 5 6 12 14 9 18
1 13 18 16 3 13 3 4 6 19 6 11 19 12 12
1 4 7 13 18 18
0 4 7 2 8 9
0 4 7 13 10 18
1 6 8 6 3 16 4 19
0 9 13 2 0 6 6 4 1 3 4
1 12 7 17 16 6 19 7 7 17 16 1 17 18
0 3 11 5 15
0 7 8 7 7 18 4 19 4
0 4 18 8 12 12
1 7 13 7 4 8 1 8 12
0 17 16 5 15 5 8 1 18 6 15 17 9 8 9 13 8 9 12
0 16 14 17 10 13 3 14 2 8 17 2 0 13 14 12 17 13
0 8 8 11 0 4 8 2 14 2
1 13 8 7 13 0 6 15 15 15 15 15 4 7 4
0 6 7 19 19 16 1 7
0 4 18 14 0 4
0 5 14 1 6 15 13
1 4 7 13 18 18
1 5 8 13 18 5 15
1 20 8 6 11 17 2 11 17 13 3 14 17 2 11 17 16 4 4 15 6 6
1 16 18 4 2 17 6 3 15 6 6 11 13 18 18 18 18 18
0 9 16 11 17 13 19 6 3 15 12
1 9 18 16 6 11 13 18 18 18 18
0 14 7 13 2 18 18 18 5 18 18 18 5 18 1 18
0 3 2 15 12
0 4 7 13 10 18
1 21 13 0 4 1 9 19 5 4 8 3 13 3 4 4 1 14 19 3 2 3 14
0 6 4 19 6 1 17 0
0 2 17 5
1 10 18 6 11 5 14 17 5 14 1 6
0 5 3 7 5 2 17
1 5 13 5 5 1 16
1 6 18 4 4 16 12 12
1 4 7 13 18 18
1 7 7 2 0 14 17 19 10
0 2 15 19
1 10 6 11 7 8 3 16 16 5 10 1
1 12 7 17 2 3 14 19 3 2 3 15 15 16
0 23 6 11 4 0 4 1 7 0 7 3 8 4 1 8 13 19 18 5 15 3 8 18 8
0 10 8 7 9 1 3 8 11 18 13 15
1 3 18 16 6
0 8 8 13 18 3 7 7 9 18
0 3 18 1 16
0 5 13 15 7 13 18
0 3 9 8 7
1 37 6 1 16 3 16 11 7 7 5 14 17 17 16 8 5 13 16 1 9 18 14 8 9 19 5 4 16 4 19 8 5 10 9 10 0 10 1
1 14 8 3 16 1 16 6 3 14 2 0 14 1 12 12
0 3 6 7 2
1 9 13 15 13 4 1 0 6 17 0
1 2 18 6
0 4 3 15 3 12
1 9 7 19 7 18 4 4 14 19 10
1 10 6 16 4 19 8 4 19 8 2 15
1 7 18 16 7 6 1 14 13
0 8 8 4 7 6 8 5 6 2
1 4 7 13 18 18
0 5 18 4 4 2 4
0 13 8 4 7 4 12 4 19 8 8 12 18 14 15
1 5 6 15 9 15 9
1 6 6 16 9 16 12 12
1 6 18 16 3 2 3 2
0 3 3 16 1
0 6 18 5 17 4 19 13
0 6 7 19 19 16 1 7
1 8 7 2 0 14 17 2 0 14
0 4 6 19 1 2
0 9 6 16 5 12 0 10 10 10 15
0 8 8 13 18 6 5 13 14 18
0 4 7 19 2 10
1 2 13 15
1 14 6 14 17 2 11 17 2 3 6 5 14 17 19 10
1 11 7 5 14 17 17 16 11 7 7 19 10
0 4 18 16 15 12
0 1 5
0 3 3 18 6
0 4 15 18 8 11
0 2 16 4
1 6 18 4 4 16 12 12
1 9 8 3 2 3 11 13 18 5 12
1 17 7 17 13 3 6 13 18 18 18 18 18 18 18 18 18 18 18
1 22 7 2 0 14 1 3 13 3 14 2 0 14 1 6 3 1 7 15 6 3 4 6
0 7 13 2 12 17 2 2 15
1 11 8 6 11 17 16 16 7 13 6 17 0
1 8 18 4 15 15 6 11 13 18
1 7 7 5 14 1 4 5 15
0 8 8 13 18 5 6 4 4 1
1 10 13 2 0 15 13 6 15 4 1 4
0 8 18 2 1 14 4 9 7 2
1 10 8 3 13 11 17 16 6 13 18 18
1 18 18 7 15 7 4 0 4 17 18 4 2 1 7 11 4 14 7 12
1 6 6 6 2 0 14 17
0 17 6 14 5 14 17 19 7 8 8 7 13 0 4 8 18 2 15
1 8 7 2 8 1 4 6 17 0
0 16 12 12 7 19 4 18 13 9 2 9 18 1 0 6 17 0
0 3 13 6 18
1 7 13 8 9 4 3 2 11
1 14 18 16 13 7 18 11 11 14 7 18 1 1 9 9
0 10 2 9 7 2 0 14 3 15 17 16
1 3 8 13 18
1 2 18 4
1 17 13 7 4 15 1 0 2 14 8 9 19 8 6 15 4 15 4
1 5 18 16 7 13 8
1 6 13 16 8 18 2 15
1 6 7 17 13 11 13 18
0 9 7 5 14 17 17 19 16 7 12
1 4 18 17 18 6
1 11 6 14 19 6 3 6 13 18 18 18 18
1 2 6 11
1 8 8 13 7 18 1 10 12 11
1 11 7 5 14 17 2 0 14 17 2 8 1
0 9 14 5 14 3 15 13 3 11 10
1 7 7 2 8 1 13 7 12
1 7 6 14 5 14 17 17 2
0 4 6 18 10 16
1 4 8 3 16 2
0 18 11 4 2 1 7 11 14 5 7 8 14 18 5 4 14 2 10 12
0 9 16 2 0 1 13 4 8 12 12
1 9 18 6 3 16 5 10 3 10 6
1 6 8 6 3 16 4 19
0 7 19 4 8 16 16 5 10
1 7 6 4 16 2 18 7 15
0 14 9 7 13 2 7 17 8 9 8 5 5 12 4 12
0 8 6 14 4 13 18 18 18 18
0 2 5 6
0 11 5 8 6 11 11 7 0 9 14 16 10
0 8 6 14 4 13 18 18 18 18
0 6 6 18 13 8 9 6
1 11 13 7 3 8 4 5 12 3 1 17 7
1 7 18 7 15 4 2 19 7
0 7 7 11 19 17 1 0 12
1 8 6 11 7 8 13 18 5 12
1 9 13 0 4 1 0 7 4 2 11
1 14 8 13 7 4 18 18 1 1 9 9 9 9 9 9
0 10 7 14 9 11 14 1 6 11 17 13
1 24 8 7 13 2 8 13 18 0 16 8 4 1 0 8 9 8 16 1 9 18 9 18 2 15
1 6 6 4 1 16 12 12
1 4 8 3 16 2
0 7 10 10 15 6 11 17 13
1 9 7 5 14 17 17 16 11 6 11
0 9 18 16 6 11 8 2 17 8 6
1 10 6 11 13 18 5 4 14 7 15 1
0 8 8 7 6 16 5 10 7 6
1 8 8 6 3 1 17 8 12 12
0 3 6 15 5
0 13 3 18 16 7 13 5 16 8 6 15 15 19 4
1 9 6 1 16 6 11 5 14 1 10
0 12 8 4 1 6 14 5 14 1 6 3 16 16
1 6 13 16 5 4 8 10
1 3 8 13 18
1 11 18 6 11 19 3 16 6 17 2 3 15
0 11 18 1 4 15 15 17 18 6 3 11 10
1 5 6 14 2 8 17
1 6 13 0 18 17 1 1
0 20 18 6 3 4 8 5 7 15 13 5 14 17 13 3 14 17 13 3 16 8
0 7 18 6 1 4 2 19 6
1 29 6 4 16 1 11 19 6 3 1 16 4 2 8 13 18 0 16 1 14 7 3 1 0 1 6 4 15 4 0
0 2 2 8
0 4 8 2 16 12
1 9 18 14 19 13 18 5 11 15 1
0 2 8 4
1 8 8 4 7 4 8 6 17 0
1 12 13 1 3 15 8 6 15 15 15 4 19 4
0 10 13 15 13 10 4 8 6 4 7 4
1 10 13 2 17 0 4 8 19 5 2 11
1 13 8 7 13 15 13 4 5 15 8 6 4 15 4
1 35 18 17 8 4 7 4 15 8 4 8 18 9 18 17 16 8 19 8 4 1 17 5 8 9 15 5 12 3 5 8 0 6 4 15 4
0 21 15 18 6 3 16 4 19 8 1 11 2 0 3 14 17 17 13 11 16 13 18
0 4 1 8 7 15
0 6 18 6 16 3 9 10
1 4 6 14 17 16
0 11 13 0 18 0 5 0 6 11 4 19 10
0 4 6 16 6 10
0 4 6 8 5 9
1 5 7 5 14 17 13
1 16 13 0 4 1 14 15 13 4 1 0 5 2 0 6 17 0
1 11 18 17 6 14 17 2 3 15 6 16 13
1 8 6 15 14 12 15 15 15 15
1 7 7 2 0 14 1 12 12
0 10 6 1 16 15 12 15 7 1 10 12
0 10 15 7 10 17 3 14 0 2 0 16
0 4 8 19 6 17
1 7 18 7 4 17 9 12 15
1 3 18 16 6
0 3 8 6 19
0 4 8 11 8 10
1 6 18 7 15 17 13 6
0 9 14 5 14 3 15 13 3 11 10
0 2 5 10
0 5 6 15 18 16 14
0 5 16 7 5 14 19
0 4 6 17 7 11
0 2 4 5
0 5 6 16 5 0 19
0 10 18 16 19 18 14 18 5 2 10 12
0 6 3 13 13 11 13 7
1 5 18 17 7 13 18
0 5 6 8 19 13 19
1 4 6 4 1 14
1 22 8 6 11 17 13 11 19 4 7 4 12 3 1 14 1 6 14 17 16 1 16 13
1 6 6 1 14 13 18 18
0 7 2 8 3 16 8 15 15
1 12 6 15 14 13 16 17 9 8 9 12 15 15
1 10 18 16 4 1 1 7 14 18 5 12
1 16 18 7 15 14 17 2 11 5 14 1 3 16 16 5 10 6
0 14 18 4 0 15 4 6 11 19 3 16 4 6 18 18
1 7 6 14 5 14 17 17 2
0 15 7 5 14 17 2 8 2 0 14 1 7 18 17 18 7
1 5 18 17 7 17 2
0 8 15 11 14 3 1 16 15 16
0 2 17 13
1 5 6 4 11 3 13
1 18 6 4 8 5 7 17 2 3 14 17 16 14 19 3 13 3 6 19
1 28 13 1 3 8 15 13 19 5 12 3 5 19 5 15 8 4 5 15 8 4 5 8 7 4 8 6 17 0
1 9 18 6 3 16 1 3 1 17 15
1 7 8 3 13 3 6 2 8
1 9 7 19 3 16 1 17 18 16 10
1 31 13 2 0 7 4 19 8 19 1 17 2 17 2 0 16 8 4 5 4 17 3 13 3 4 14 2 0 14 1 12 12
1 19 13 2 14 16 5 8 15 13 18 8 13 19 1 17 8 9 4 19 6
0 7 10 3 7 4 6 7 15
0 4 12 8 4 3
0 5 13 0 4 0 15
0 15 6 8 15 5 18 17 7 2 0 14 17 17 2 19 8
0 6 8 14 4 9 1 15
0 10 4 1 17 19 5 14 17 7 18 5
1 2 13 15
0 14 13 15 19 8 10 1 14 7 1 15 1 1 16 8
1 13 13 5 16 8 19 5 8 2 17 7 0 5 5
0 25 0 13 5 15 13 19 5 19 5 15 8 4 8 19 5 15 8 4 5 2 9 8 19 5 2
1 34 13 0 4 1 9 4 8 19 8 18 9 19 1 9 4 8 18 14 7 3 1 9 18 14 0 6 15 15 15 15 15 4 7 4
0 28 18 14 0 14 1 6 3 1 7 4 9 8 13 9 8 13 0 18 7 5 14 17 2 8 17 17 16 2
0 4 4 3 11 12
1 2 13 15
1 9 8 13 18 5 11 14 7 4 14
1 20 13 2 9 18 0 7 3 5 8 5 0 18 9 18 8 13 19 1 2 15
1 5 8 13 7 4 14
1 7 7 17 13 11 5 14 17
0 10 6 13 11 4 8 6 1 3 17 0
0 14 13 0 18 14 1 16 2 7 15 2 10 17 1 13
0 24 18 16 13 18 5 15 11 1 9 9 9 9 9 9 9 9 10 9 9 9 9 9 17 9
1 9 18 14 19 13 18 5 11 15 1
1 6 6 11 7 13 1 16
0 6 0 6 17 18 15 15
0 4 18 17 11 7
0 2 3 8
0 10 16 2 18 17 8 2 6 11 5 14
1 8 8 7 8 13 7 15 1 9
1 14 6 6 5 14 1 4 1 1 7 15 1 9 9 9
0 8 5 10 6 15 4 15 12 4
0 6 17 1 6 7 15 6
1 20 7 19 3 16 8 15 5 18 16 4 15 13 19 1 8 13 19 1 2 15
0 2 15 19
0 6 13 12 14 11 2 11
0 4 11 11 7 18
1 10 6 8 5 18 4 2 8 13 7 12
0 4 8 15 5 15
1 5 18 17 8 7 18
1 9 18 7 4 14 12 15 15 15 15
1 11 6 16 1 11 17 2 11 13 18 18 18
1 15 13 5 2 14 8 9 19 8 4 8 6 15 4 1 4
0 3 18 5 3
0 6 1 7 0 4 7 4
1 13 7 5 14 17 19 3 16 15 17 9 8 9 12
0 5 13 15 7 13 18
1 10 8 7 18 17 18 6 3 15 15 16
0 22 6 2 8 17 17 16 6 2 0 14 18 2 0 14 17 19 7 7 2 0 14 17
0 8 13 0 6 15 11 4 7 4
0 3 9 8 7
1 13 18 6 3 14 5 14 1 13 18 5 11 11 1
0 10 8 3 13 11 8 1 4 9 1 1
1 10 7 19 4 5 8 9 4 18 7 13
1 16 6 1 14 5 14 17 2 8 1 13 18 5 11 11 15 1
1 4 18 7 15 14
1 7 8 3 13 11 13 18 18
1 11 7 2 0 14 1 7 8 6 11 2 8
1 5 6 16 2 6 8
1 17 18 4 2 3 8 0 4 8 18 0 8 9 19 5 4 19 6
1 2 18 6
1 10 7 19 3 13 11 5 14 17 19 6
0 7 18 1 17 18 7 11 19
0 9 7 10 18 1 19 17 6 5 15
1 2 18 6
1 15 8 3 16 11 4 8 9 19 1 8 13 4 1 2 15
1 9 18 14 17 16 14 19 3 16 1
0 8 8 13 18 5 1 10 12 18
1 3 8 13 18
0 9 8 6 3 14 17 19 7 7 15
1 6 18 4 4 17 8 10
0 10 13 7 3 5 15 13 1 16 2 15
1 8 7 5 14 1 7 8 7 15
1 4 7 17 13 11
1 19 13 2 14 8 9 15 8 18 0 16 8 18 17 2 9 6 4 1 4
0 5 13 3 16 1 15
1 10 18 4 15 4 6 14 13 18 18 18
1 5 8 4 16 1 8
1 4 18 7 15 14
1 5 18 4 15 15 6
0 4 6 11 13 7
1 9 8 3 2 11 17 13 3 15 14
1 13 6 1 6 3 4 11 7 7 2 0 14 1 10
0 33 13 19 1 17 8 13 19 8 19 1 0 0 19 5 19 1 0 0 4 8 18 9 18 15 9 18 9 4 5 4 3 2 11
1 4 7 13 18 18
0 10 8 6 7 8 5 7 18 18 18 18
1 4 6 4 16 1
0 9 7 17 3 14 2 8 10 1 0
1 2 18 6
1 13 6 1 6 3 4 11 7 7 2 0 14 1 10
0 8 13 2 14 5 16 1 14 11
1 7 13 1 1 7 1 10 12
1 8 8 13 7 18 1 10 12 11
1 8 8 6 11 17 2 11 13 18
1 6 13 1 6 17 8 10
0 5 8 12 10 11 19
0 2 0 1
0 8 18 2 1 14 4 9 7 2
0 6 8 13 1 10 17 1
0 7 18 17 18 7 18 13 6
0 8 13 13 19 1 17 2 17 6
0 8 15 11 14 3 1 16 15 16
1 18 6 1 17 13 2 0 16 8 19 5 12 4 8 5 1 18 13 1
0 6 6 13 5 1 19 7
0 4 6 3 14 1
1 11 13 7 4 8 5 1 18 13 6 17 0
1 14 18 6 11 17 2 11 17 13 3 14 13 18 18 18
0 6 7 16 1 11 7 13
0 10 13 1 1 18 5 7 11 1 10 12
0 16 6 6 17 6 11 19 4 5 7 0 5 5 5 5 5 5
0 2 9 12
1 3 18 4 2
0 11 8 3 16 6 2 8 13 18 18 18 18
1 9 13 5 0 6 15 15 4 7 4
1 6 18 16 13 7 15 1
0 6 12 6 13 18 18 18
0 4 8 16 15 10
0 12 8 4 16 5 12 3 8 4 5 4 7 2
0 14 6 1 6 11 17 6 3 8 5 6 6 18 18 18
0 4 1 18 19 12
1 2 18 6
0 6 13 6 6 19 7 15
1 8 13 16 5 19 8 18 2 15
0 7 5 14 17 2 14 12 12
1 6 8 13 7 15 1 9
0 12 18 12 17 18 4 2 15 4 6 16 12 12
1 17 13 8 9 15 1 8 13 18 17 16 5 15 1 17 16 1 8
0 4 1 3 13 2
0 8 18 16 7 14 2 4 1 19
1 10 7 5 14 1 6 3 14 17 13 3
1 9 6 1 16 6 11 5 14 1 10
0 2 17 13
0 11 13 15 13 13 10 14 0 18 2 17 12
0 3 17 16 6
1 13 7 17 16 8 5 13 8 9 12 0 5 5 5
0 14 13 4 5 15 13 6 15 15 3 4 5 15 18 4
1 21 13 5 5 16 8 4 1 9 18 17 5 2 8 13 6 15 15 15 4 19 4
0 24 18 16 13 18 5 15 11 1 9 9 9 9 9 9 9 9 10 9 9 9 9 9 17 9
0 7 18 7 4 9 9 15 15
1 15 18 17 8 7 6 6 2 0 14 1 3 16 16 2 8
0 11 8 4 4 9 2 1 17 5 1 19 7
1 7 7 17 13 11 5 14 17
1 21 7 19 7 8 3 13 3 16 7 7 2 0 14 1 3 16 11 13 7 15 1
0 5 7 8 5 14 12
1 6 8 3 13 11 13 18
1 4 6 8 5 18
0 23 18 7 4 0 4 16 4 1 3 8 16 8 19 8 18 18 8 13 6 12 4 15 4
0 4 19 6 4 2
0 11 18 16 13 18 18 1 9 9 9 9 9
0 5 8 12 10 11 19
1 6 13 1 8 6 3 8
1 8 7 5 14 17 2 0 14 1
0 20 18 6 3 4 8 5 7 15 13 5 14 17 13 3 14 17 13 3 16 8
1 14 13 1 8 4 7 3 5 15 8 6 15 4 7 4
0 13 9 18 6 3 7 17 10 13 3 8 5 18 15
0 3 8 12 8
0 7 7 5 13 18 5 12 14
1 10 6 16 4 19 8 4 19 8 2 15
1 11 13 2 17 0 4 5 8 5 6 17 0
1 18 13 5 2 8 13 4 5 15 1 8 13 4 8 18 14 6 17 0
1 10 18 17 13 0 6 15 15 4 19 4
1 5 18 4 2 6 4
0 17 6 17 16 6 2 8 1 11 5 14 17 5 14 1 6 11 13
0 2 10 13
1 3 18 16 6
0 6 1 3 6 17 15 16
0 6 17 18 19 15 16 10
1 9 7 19 3 2 3 14 2 8 1
0 4 7 0 17 0
0 3 5 17 15
1 14 18 17 7 5 14 17 19 6 3 4 11 13 7 1
0 8 18 17 2 0 14 19 4 15
0 3 4 8 14
0 3 18 7 16
0 4 19 7 17 2
0 9 13 18 18 18 18 18 18 18 18
1 14 18 16 4 5 1 1 7 4 14 18 5 14 7 15
1 10 18 6 11 5 14 17 5 14 1 6
1 7 7 5 14 1 3 16 2
1 4 7 13 18 18
1 7 13 2 9 6 4 1 4
1 16 18 17 6 14 19 4 0 4 5 4 3 12 0 5 5 5
0 7 18 14 7 19 6 7 18
1 18 18 16 7 13 5 7 4 19 1 0 1 3 19 5 8 6 17 0
0 7 13 6 4 16 4 7 4
1 2 18 6
0 2 5 10
1 2 13 15
0 8 16 6 15 14 13 8 9 13
0 8 18 13 14 2 8 3 5 14
0 12 6 14 15 14 8 9 8 9 16 14 16 12
0 17 6 16 0 3 1 6 3 4 4 19 8 4 19 1 11 19 12
0 4 5 6 17 2
0 4 7 4 9 15
1 5 8 4 2 0 6
0 5 7 2 8 18 10
0 3 17 7 8
1 2 18 4
0 4 19 8 2 15
0 5 8 3 8 10 13
0 5 13 16 8 13 19
1 6 6 1 17 8 12 12
0 5 9 8 4 8 10
1 8 6 11 3 16 6 19 12 12
0 18 13 18 4 8 19 8 18 17 0 4 1 14 13 4 8 6 17 0
0 5 13 8 17 5 1
1 19 7 5 14 1 4 0 4 1 9 6 15 15 15 15 15 15 4 7 4
1 6 18 16 3 2 3 2
0 7 19 18 7 17 4 0 15
1 11 8 3 13 3 15 14 13 8 9 13 16
0 3 2 15 12
1 5 6 16 2 6 8
0 2 11 14
1 7 7 2 8 1 6 11 13
0 4 7 11 19 10
0 7 14 2 0 14 1 1 11
1 10 6 8 5 6 14 5 14 17 2 8
1 11 6 15 14 8 9 13 13 8 9 13 16
1 10 18 7 15 4 15 15 4 2 19 7
1 2 13 15
0 9 2 8 5 6 8 15 5 13 8
1 9 6 11 6 11 2 8 1 13 18
1 11 13 8 9 8 1 8 7 13 1 17 13
1 12 7 17 2 3 14 19 3 2 3 15 15 16
0 6 12 2 14 2 11 15
1 15 18 17 6 14 17 13 11 5 14 1 7 13 6 17 0
0 10 7 17 12 16 14 13 18 18 18 18
0 3 18 15 12
1 8 7 2 0 14 1 3 2 11
1 13 8 7 18 14 2 8 17 5 14 17 13 18 18
0 2 4 15
0 16 12 12 7 19 4 18 13 9 2 9 18 1 0 6 17 0
1 16 8 6 11 17 16 8 5 18 6 11 2 8 1 7 6 2
1 10 6 11 7 8 3 16 16 5 10 1
1 13 7 5 14 17 5 14 1 6 3 8 15 5 18
0 4 15 18 8 11
0 4 8 19 6 17
1 13 7 5 14 17 19 3 16 15 17 9 8 9 12
0 18 13 9 5 5 2 9 18 8 17 1 18 17 18 17 6 14 13 18
0 5 7 19 12 3 0
0 3 11 16 12
1 7 8 6 3 8 15 5 15
1 6 18 4 2 8 4 15
1 6 13 5 1 8 7 6
0 9 9 6 18 4 4 4 17 4 7
1 17 13 5 0 18 9 18 9 4 1 0 15 13 4 1 17 2 8
0 3 11 16 18
1 8 13 15 13 6 15 4 19 4
0 6 6 11 7 18 10 15
0 6 6 14 14 17 5 14
1 12 6 11 13 7 14 18 5 4 15 10 12 11
0 6 8 7 14 7 14 18
1 12 8 4 16 8 19 8 6 15 15 4 7 4
1 14 13 2 0 0 4 8 19 8 4 1 0 6 17 0
0 17 0 8 17 5 18 6 11 19 3 13 11 18 18 18 18 18 18
0 3 17 7 8
1 9 13 0 4 1 0 7 4 2 11
0 2 17 19
1 4 18 17 18 7
0 2 12 13
0 23 6 16 5 10 10 10 3 10 3 10 10 10 3 10 0 10 0 10 9 10 9 10 10
0 3 8 15 10
1 11 13 0 4 1 0 0 19 5 4 19 1
1 2 13 15
1 6 7 19 13 7 4 12
0 12 18 6 11 5 14 1 7 8 7 8 6 17
0 2 13 16
0 3 6 16 15
0 10 17 2 13 8 15 12 5 13 6 15
0 7 16 7 2 0 7 17 8
1 8 13 2 17 15 13 18 2 15
1 9 7 17 16 6 5 14 1 4 8
0 12 6 1 18 6 4 3 1 4 4 4 4 14
1 4 6 16 2 18
1 19 13 2 14 8 9 15 8 18 0 16 8 18 17 2 9 6 4 1 4
0 18 6 4 15 0 4 3 11 3 13 3 6 11 11 5 14 17 13 18
0 2 3 16
0 14 6 16 9 16 7 8 4 7 13 7 0 5 5 5
0 16 6 1 4 15 15 6 3 14 2 1 6 3 1 16 4 15
0 2 5 6
0 2 12 2
0 2 1 15
1 13 7 2 0 14 17 5 14 1 13 18 5 11 12
0 6 7 16 1 11 7 13
0 9 13 2 0 6 6 4 1 3 4
0 4 3 13 3 5
1 2 18 4
0 8 13 16 8 9 12 4 14 11
1 11 13 7 3 8 4 5 12 3 1 17 7
0 13 18 14 13 18 18 18 9 18 7 18 18 18 18
0 4 19 8 2 15
1 10 7 17 16 1 6 3 16 2 6 2
0 8 18 13 14 2 8 3 5 14
0 5 10 5 14 13 14
0 2 16 4
0 7 5 7 18 19 6 7 5
0 3 7 8 18
1 20 13 2 9 18 0 7 3 5 8 5 0 18 9 18 8 13 19 1 2 15
1 6 6 4 14 19 12 12
0 7 13 8 9 14 19 4 2
0 4 3 12 2 11
0 8 18 5 1 6 15 14 12 15
0 22 7 19 7 13 7 19 1 0 2 8 9 14 8 9 8 16 1 0 16 5 8 8
0 11 8 6 14 19 3 18 8 8 7 11 15
0 16 8 0 11 2 0 14 1 9 3 13 11 14 16 14 13 18
0 5 14 1 6 15 13
1 9 6 16 2 7 2 8 1 3 2
1 8 6 16 2 18 6 11 13 18
1 5 13 7 3 5 12
1 14 6 4 14 5 14 17 5 14 1 3 2 3 11 10
1 10 6 1 6 3 8 15 15 15 5 15
0 13 6 11 3 10 16 6 3 14 13 18 18 18 18
1 6 7 17 13 11 13 18
0 3 16 14 1
1 7 18 4 15 15 16 12 12
1 12 6 16 4 19 8 2 8 3 2 11 19 10
1 13 7 2 0 14 17 5 14 1 13 18 5 11 12
0 3 18 15 12
0 4 11 11 7 18
0 3 6 7 2
0 5 11 9 11 5 14
0 2 4 15
0 4 12 7 18 15
1 7 18 17 6 16 9 4 2
1 8 13 1 1 18 5 14 7 14
1 7 7 19 3 13 11 5 14
0 13 7 2 8 16 17 2 0 14 1 13 18 5 12
0 11 13 10 8 13 18 3 5 1 10 12 11
1 9 7 5 14 1 3 13 11 19 10
1 4 6 4 16 1
0 7 8 17 13 18 14 18 0
0 4 16 3 12 12
0 4 7 18 12 7
0 2 7 6
1 4 6 4 1 6
0 6 11 9 11 1 19 1
1 7 8 3 2 3 14 13 18
1 18 6 1 6 11 5 14 17 2 8 17 17 16 1 14 2 8 17 19
1 10 13 8 9 15 5 15 5 4 19 7
1 6 7 17 16 11 4 8
1 8 7 5 14 17 5 14 17 13
0 7 8 3 2 11 17 7 4
0 6 15 5 14 17 18 9
1 8 18 4 15 15 6 11 13 18
1 12 13 0 19 8 19 1 17 0 4 1 2 15
1 6 13 8 9 15 1 8
0 10 18 16 18 11 8 5 14 14 19 13
0 4 6 9 5 2
1 11 8 3 2 3 6 19 13 7 15 10 12
0 3 13 16 5
1 19 13 8 9 12 4 15 1 17 2 9 6 15 15 15 15 15 4 19 4
0 12 1 16 18 17 6 6 15 7 1 10 12 11
1 7 6 1 6 11 2 8 17
0 8 18 17 2 0 14 19 4 15
1 13 7 17 16 11 6 3 14 19 3 13 11 5 14
1 10 13 7 3 1 8 13 6 4 19 4
0 14 18 14 19 4 7 4 19 5 19 8 19 1 2 10
1 4 6 14 5 14
1 8 13 5 1 3 12 4 2 11
1 6 18 16 7 8 6 11
0 22 7 5 14 17 5 14 1 4 7 4 19 5 4 18 13 2 9 1 6 16 4 6
1 22 6 6 19 6 3 1 4 15 15 7 15 7 15 7 15 6 11 2 0 14 1 10
0 7 13 8 9 14 19 4 2
0 4 6 16 6 10
1 14 18 16 13 7 18 11 11 14 7 18 1 1 9 9
0 9 12 14 2 14 2 8 1 11 10
1 15 18 17 13 0 19 5 4 16 5 10 3 10 10 10 15
1 2 18 6
1 13 13 1 3 15 8 18 14 1 3 15 1 2 15
1 2 13 15
1 13 8 3 16 16 9 6 3 15 0 4 14 13 18
0 3 15 18 15
0 11 13 1 16 7 15 7 15 14 8 13 5
1 3 6 14 13
1 14 6 1 14 2 0 14 17 17 13 3 4 6 5 14
0 15 19 6 3 8 5 8 15 13 18 5 18 1 9 9 9
1 11 18 16 4 0 18 0 0 6 4 15 4
0 13 8 4 5 0 18 0 8 16 1 0 4 0 6
1 4 6 16 2 7
0 4 12 13 12 13
0 3 15 2 6
1 10 6 6 2 8 1 13 7 14 7 12
0 37 1 16 4 15 13 19 8 19 5 19 5 4 6 14 17 13 11 2 0 14 1 7 8 3 13 11 17 16 14 4 0 4 8 19 5 2 11
0 4 6 3 14 1
0 10 18 16 18 11 8 5 14 14 19 13
1 10 6 15 9 8 13 0 15 15 14 19
1 14 8 7 13 5 8 9 4 3 15 8 6 4 19 4
0 4 7 2 3 17
1 6 13 2 14 1 19 6
1 8 7 5 14 17 2 8 1 13
1 16 18 7 15 4 4 16 4 5 2 8 13 6 15 4 15 4
1 7 13 1 3 19 5 8 15
0 7 18 6 1 4 2 19 6
0 23 18 7 4 0 4 16 4 1 3 8 16 8 19 8 18 18 8 13 6 12 4 15 4
0 5 2 4 19 3 2
1 8 6 16 1 11 13 18 18 18
1 10 7 19 3 13 3 16 9 14 19 13
0 4 7 18 12 7
1 11 13 0 18 0 16 5 15 1 0 1 19
1 8 8 6 11 17 2 11 13 18
0 11 13 7 4 15 8 5 13 15 13 18 8
0 2 1 8
1 9 8 6 3 8 15 15 15 15 15
0 10 16 2 18 17 8 2 6 11 5 14
0 5 2 5 14 1 10
0 3 13 13 15
1 8 18 4 2 3 4 18 8 12
1 12 13 16 1 9 4 8 19 8 6 4 19 4
0 9 18 19 8 17 12 2 6 17 15
0 8 6 4 15 9 13 9 8 13
1 5 7 2 0 14 17
1 13 8 7 13 15 13 4 5 15 8 6 4 15 4
0 4 12 7 18 15
1 12 7 2 0 14 17 13 18 18 18 18 18 18
0 7 17 19 11 18 18 18 18
1 10 6 16 7 8 3 2 3 14 5 14
0 7 18 17 6 7 16 11 12
1 11 7 2 0 14 1 7 8 6 11 2 8
0 3 7 2 13
0 8 10 14 2 0 14 17 5 14
1 8 6 1 6 3 6 2 0 14
0 8 6 17 10 2 3 8 15 15
1 9 7 19 3 16 1 17 18 16 10
0 7 6 8 1 5 8 12 12
1 11 8 3 13 3 15 14 13 8 9 13 16
1 8 7 17 13 11 17 16 1 7
1 4 7 13 18 18
1 7 6 16 7 18 7 4 12
1 5 8 3 16 1 6
1 10 6 11 7 6 16 4 19 8 2 15
1 19 13 2 14 16 5 8 15 13 18 8 13 19 1 17 8 9 4 19 6
0 6 13 8 19 9 2 11
1 9 6 15 17 9 12 15 15 15 15
0 5 7 4 14 17 13
1 15 18 7 15 17 7 19 4 5 2 8 13 18 0 5 8
1 5 6 14 17 16 2
0 10 4 15 4 6 4 9 8 1 12 12
1 10 6 14 19 6 3 14 5 14 1 6
1 20 13 0 18 14 16 5 19 8 4 8 19 8 18 17 7 4 19 5 4 6
0 8 18 6 11 2 19 0 14 17
1 9 6 8 5 13 0 6 4 1 4
1 6 6 6 19 3 16 2
1 9 8 13 18 5 11 14 7 4 14
0 15 13 16 0 4 8 6 15 15 15 15 4 1 16 15 4
0 13 6 11 3 10 16 6 3 14 13 18 18 18 18
1 9 18 16 4 15 13 6 4 1 4
0 4 3 13 3 5
0 8 6 4 15 9 13 9 8 13
1 11 6 15 14 8 9 13 13 8 9 13 16
0 2 0 1
0 8 10 14 2 0 14 17 5 14
0 5 16 7 5 14 19
1 10 7 19 6 11 17 16 1 4 4 7
1 14 18 17 6 1 14 2 0 14 17 13 18 18 18 18
0 5 3 7 5 2 17
1 8 18 4 2 3 4 18 8 12
1 5 7 5 14 17 13
0 5 10 5 14 13 14
0 7 13 2 12 17 2 2 15
1 10 18 17 18 4 2 1 18 5 15 1
0 10 13 15 13 6 15 19 4 17 7 4
0 3 6 6 8
0 3 10 13 2
0 5 8 16 8 5 15
0 4 7 11 19 10
0 14 13 4 5 15 13 6 15 15 3 4 5 15 18 4
0 10 7 17 12 16 14 13 18 18 18 18
0 7 7 6 15 0 2 19 6
0 2 7 6
0 4 8 16 15 10
1 7 8 3 16 16 2 6 6
1 10 13 1 6 7 15 14 2 8 17 13
0 7 13 0 4 16 4 19 4
0 11 7 4 9 8 13 6 4 2 3 2 16
1 5 18 7 4 6 7
0 8 6 17 10 2 3 8 15 15
0 13 15 7 5 14 17 19 4 2 0 16 1 2 15
0 5 6 8 15 0 5
0 11 2 14 16 18 8 13 5 5 17 2 11
1 9 6 11 4 1 6 14 13 18 18
1 7 8 3 16 16 2 6 6
1 14 8 13 18 5 15 1 9 9 9 9 9 9 9 9
0 14 18 6 11 2 8 17 19 4 16 8 11 1 18 15
0 4 6 6 6 2
0 4 13 16 7 15
1 8 6 16 2 18 6 11 13 18
1 10 8 6 11 17 16 6 13 18 18 18
1 14 13 1 6 4 4 7 4 0 4 16 3 13 3 8
1 9 7 5 14 17 19 6 3 11 12
0 4 4 4 17 15
0 3 7 0 10
0 11 18 14 5 1 3 13 3 4 16 4 19
1 12 6 15 14 13 16 17 9 8 9 12 15 15
1 10 7 13 18 18 18 18 18 18 18 18
0 4 5 19 3 16
0 6 6 14 14 17 5 14
0 4 18 14 0 4
0 6 17 8 15 3 11 4
0 12 7 3 1 9 18 0 16 1 6 16 1 8
1 4 7 13 18 18
1 9 8 4 5 15 13 4 1 2 15
0 9 8 4 18 19 5 4 16 4 19
0 12 18 12 17 18 4 2 15 4 6 16 12 12
0 3 15 18 15
1 7 18 7 4 14 13 13 13
1 19 7 5 14 17 19 4 0 19 1 8 13 18 17 15 13 6 4 1 4
1 8 8 13 18 5 14 18 5 15
0 16 7 19 4 7 8 9 2 4 19 8 4 8 6 4 19 4
1 12 6 14 19 4 2 17 5 0 18 0 5 15
1 12 13 5 5 1 18 13 2 9 6 4 7 4
1 5 13 1 3 2 11
1 11 8 3 16 8 15 5 6 15 9 15 15
1 8 6 8 15 5 8 7 13 15
0 5 7 2 10 0 1
1 10 18 17 13 0 6 15 15 4 19 4
1 8 8 3 13 11 2 8 1 10
0 10 13 15 13 6 15 19 4 17 7 4
0 4 19 3 16 1
0 9 2 8 5 6 8 15 5 13 8
1 6 7 19 3 13 3 6
1 17 7 17 13 3 15 14 13 8 9 13 8 9 8 9 13 13 12
1 9 7 19 4 0 6 15 4 19 4
1 3 13 2 8
0 6 7 3 8 17 14 15
1 6 13 1 6 17 8 10
1 10 7 19 3 13 11 5 14 17 19 6
1 6 8 7 6 1 17 15
0 7 1 4 2 16 5 10 6
0 11 18 16 13 18 18 1 9 9 9 9 9
0 7 6 15 6 8 13 15 16
0 8 8 13 18 3 7 7 9 18
1 7 7 2 8 1 13 7 12
0 4 8 12 7 3
0 1 5
1 2 18 6
0 12 8 1 4 16 19 8 15 1 14 6 17 0
0 5 8 16 8 5 15
0 11 2 8 10 1 4 15 13 6 4 7 4
0 6 18 18 13 1 18 18
0 14 13 15 19 8 10 1 14 7 1 15 1 1 16 8
0 4 7 2 3 17
0 2 19 2
1 10 6 6 2 8 1 13 7 14 7 12
0 14 6 1 6 11 17 6 3 8 5 6 6 18 18 18
1 8 8 3 2 3 6 19 12 12
1 2 18 6
0 5 7 17 3 1 4
1 12 8 7 13 2 0 15 13 6 15 4 7 4
1 20 13 0 18 14 16 5 19 8 4 8 19 8 18 17 7 4 19 5 4 6
1 4 6 14 17 16
0 5 19 1 16 5 13
0 5 7 10 2 1 13
1 12 7 2 0 14 1 13 7 4 15 10 12 11
0 12 18 8 4 4 4 12 2 3 4 3 2 11
0 6 6 5 14 17 17 2
0 12 13 7 2 3 8 4 4 6 15 15 0 4
1 8 8 6 11 2 0 14 1 10
0 7 16 7 2 0 7 17 8
1 4 7 17 13 11
1 6 8 6 3 14 13 18
0 7 6 8 5 5 2 2 15
0 10 13 1 6 9 4 4 14 8 13 18
0 9 12 14 2 14 2 8 1 11 10
0 8 8 11 0 4 8 2 14 2
0 8 8 13 18 5 1 9 9 9
1 6 18 4 2 17 4 8
1 6 7 17 16 11 4 8
0 3 13 6 12
0 6 13 6 6 19 7 15
0 5 6 15 15 18 16
1 12 8 3 16 14 19 3 13 11 5 14 1 13
1 7 13 8 9 19 5 8 15
1 9 13 0 4 1 17 16 8 18 8
0 3 15 15 15
1 5 18 6 3 14 13
1 6 6 6 19 3 16 2
1 19 13 0 19 5 15 5 19 1 0 16 5 19 8 19 8 6 4 19 4
0 3 7 17 8
0 12 18 6 11 5 14 1 7 8 7 8 6 17
0 7 18 7 4 9 9 15 15
0 5 13 8 17 5 1
1 4 6 4 6 13
1 12 13 7 3 5 19 5 8 1 8 6 11 13
1 6 13 8 9 15 1 8
0 7 14 2 0 14 1 1 11
0 5 7 2 14 0 14
0 7 9 5 8 3 8 18 13
0 18 13 7 2 17 14 16 6 0 15 13 6 15 15 15 15 4 7 4
0 17 14 7 5 14 17 18 18 18 18 18 18 18 18 16 18 18 18
0 5 8 19 17 4 4
0 3 17 11 11
1 12 8 4 16 8 19 8 6 15 15 4 7 4
1 13 7 19 3 2 3 6 13 18 18 18 18 18 18
1 18 18 7 15 7 4 0 4 17 18 4 2 1 7 11 4 14 7 12
1 5 18 4 4 17 15
0 12 6 16 4 19 8 4 8 5 10 3 10 1
0 23 8 6 3 6 5 14 17 2 8 17 19 7 6 16 2 7 5 14 0 7 17 12 12
0 10 13 2 8 13 6 15 8 4 7 4
0 8 7 2 8 14 1 7 16 8
1 7 18 7 4 6 4 15 15
0 7 8 7 7 18 4 19 4
1 12 13 5 5 1 18 13 2 9 6 4 7 4
0 1 5
1 19 7 5 14 17 19 4 0 19 1 8 13 18 17 15 13 6 4 1 4
1 7 13 0 18 9 18 0 8
0 3 8 6 19
1 5 8 3 2 3 6
1 8 7 19 13 7 14 7 11 1
1 8 18 7 4 6 17 6 11 13
0 14 9 7 13 2 7 17 8 9 8 5 5 12 4 12
0 6 8 3 0 13 11 5
1 13 13 5 16 8 19 5 8 2 17 7 0 5 5
0 8 13 0 6 15 4 19 7 4
1 6 8 3 13 11 13 18
0 6 3 13 13 11 13 7
0 7 13 0 4 6 4 7 4
0 2 8 4
1 18 6 1 6 11 5 14 17 2 8 17 17 16 1 14 2 8 17 19
1 19 13 0 19 5 15 5 19 1 0 16 5 19 8 19 8 6 4 19 4
0 9 13 7 3 1 9 19 5 17 11
0 7 16 14 17 16 4 6 18
0 4 7 13 19 13
1 7 18 6 11 17 2 11 13
1 9 8 3 13 11 5 14 17 5 14
1 7 7 19 3 13 11 5 14
0 11 8 13 7 18 14 6 5 10 15 9 9
0 2 0 11
0 9 18 19 8 17 12 2 6 17 15
1 5 6 1 4 4 4
1 35 13 15 13 18 8 13 19 8 19 8 19 8 19 1 17 0 4 5 15 8 18 0 1 8 4 7 4 8 7 4 2 9 1 17 15
1 8 6 11 3 16 6 19 12 12
1 26 6 16 4 19 8 5 10 10 10 3 10 9 10 3 10 3 10 9 10 0 10 0 10 0 10 15
0 9 8 9 16 4 1 7 2 15 7
1 8 7 17 16 14 17 16 4 2
1 6 18 4 4 17 8 10
0 4 18 13 4 18
1 3 18 16 6
0 2 10 13
0 4 5 14 1 10
1 7 7 17 2 3 14 13 18
0 5 18 4 2 18 1
0 10 2 9 7 2 0 14 3 15 17 16
0 9 8 15 5 1 11 5 14 6 11
0 10 7 17 10 4 14 8 1 3 13 2
0 15 13 1 7 13 19 2 9 8 18 9 3 6 4 19 10
0 7 0 7 11 2 15 8 14
0 17 18 14 14 19 6 11 14 5 14 17 13 18 18 18 18 18 18
0 7 13 0 4 6 4 7 4
1 4 7 13 18 18
1 8 7 17 13 3 16 5 10 1
0 3 16 16 2
1 6 18 16 13 7 4 1
1 22 13 0 19 1 0 0 4 5 8 1 16 9 16 4 16 8 18 0 8 9 8 6
0 5 7 2 8 18 10
0 7 7 5 14 16 10 5 14
0 7 17 7 13 18 4 18 18
0 7 0 7 11 2 15 8 14
1 10 6 8 5 18 4 2 8 13 7 12
1 23 18 17 6 6 17 16 4 14 2 8 17 19 3 13 3 16 7 8 3 2 11 13 18
0 3 9 6 15
1 9 8 6 11 5 14 17 19 12 12
1 9 13 0 6 15 15 15 4 7 4
0 7 13 6 4 16 4 7 4
1 6 6 11 7 13 1 16
0 15 13 7 19 4 8 0 19 8 19 8 18 17 6 17 0
1 10 13 8 9 12 3 8 6 4 1 4
1 10 13 0 19 1 8 13 6 4 15 4
0 8 18 14 13 1 18 18 18 18
1 5 13 2 14 7 0
0 4 19 0 14 0
0 9 3 8 13 4 8 7 1 1 9
1 14 18 14 2 0 14 17 5 14 17 13 18 18 18 18
1 5 8 6 3 6 13
1 5 8 13 18 5 15
0 3 11 5 15
1 8 6 6 17 16 16 5 10 15
1 12 18 17 7 17 16 11 13 18 5 18 11 1
0 6 1 7 0 4 7 4
0 7 18 17 6 7 16 11 12
0 9 6 11 13 18 5 15 11 10 12
1 12 18 17 18 6 3 15 0 4 7 15 17 15
0 11 8 7 17 13 8 13 14 18 18 2 6
1 5 6 16 1 3 16
0 5 6 1 7 5 0
1 11 18 16 4 0 18 0 0 6 4 15 4
0 9 14 1 13 8 2 7 1 0 4
0 9 8 6 11 17 16 4 15 13 6
0 7 13 9 15 19 15 4 4
0 2 3 15
0 6 13 8 19 9 2 11
1 2 18 4
1 7 8 4 16 5 8 2 8
0 2 17 19
1 8 13 5 1 18 7 19 12 12
1 7 7 17 16 6 17 16 2
1 15 8 7 6 6 19 3 13 3 14 17 16 4 11 13 18
0 9 0 16 5 4 16 19 3 3 1
0 5 13 8 3 16 4
0 4 4 3 11 12
1 12 13 16 1 9 4 8 19 8 6 4 19 4
1 8 6 6 17 16 16 5 10 15
0 16 6 6 17 6 11 19 4 5 7 0 5 5 5 5 5 5
0 3 3 17 11
1 22 13 0 19 1 0 0 4 5 8 1 16 9 16 4 16 8 18 0 8 9 8 6
0 7 13 14 13 6 4 19 4
1 6 18 16 13 7 4 1
0 4 7 17 18 18
1 8 8 3 2 3 6 19 12 12
0 4 7 13 19 13
0 4 8 19 14 12
1 6 6 4 8 5 13 6
0 17 13 0 19 5 8 0 16 8 4 7 19 8 6 15 4 19 4
1 5 8 4 1 6 7
0 9 7 19 0 3 2 3 1 11 13
1 13 6 6 5 14 1 4 16 1 17 8 9 2 11
1 12 6 15 0 2 1 18 5 11 14 18 5 12
1 6 6 1 17 8 12 12
1 11 18 4 2 16 5 10 10 10 3 10 15
1 4 8 3 16 2
1 9 13 5 15 13 6 15 4 15 4
0 4 1 3 13 2
1 15 18 14 2 0 14 17 2 0 14 17 13 18 18 18 18
0 7 18 4 8 4 18 15 16
0 6 17 18 19 15 16 10
1 6 18 17 6 4 16 1
1 8 13 1 3 19 5 4 19 7
1 11 13 5 16 5 19 8 6 15 4 15 4
1 14 7 5 14 1 6 3 6 17 13 11 19 7 8 10
0 3 3 17 11
0 5 6 11 14 12 16
0 6 6 18 13 8 9 6
1 7 8 4 2 0 1 19 1
0 11 7 4 9 8 13 6 4 2 3 2 16
1 17 7 17 13 3 6 13 18 18 18 18 18 18 18 18 18 18 18
1 7 13 1 3 19 5 8 15
1 12 6 14 5 14 1 3 2 11 13 18 18 18
0 7 17 7 13 18 4 18 18
0 9 8 6 11 17 16 4 15 13 6
0 8 8 13 18 6 5 13 14 18
0 16 13 6 6 0 17 13 3 19 6 17 3 1 0 17 8 17
0 8 6 4 5 7 14 1 12 12
1 18 6 1 17 13 2 0 16 8 19 5 12 4 8 5 1 18 13 1
1 14 6 1 14 2 0 14 17 17 13 3 4 6 5 14
0 6 4 1 15 18 14 13
1 14 6 6 19 3 2 11 2 0 14 17 17 16 15 12
0 3 6 16 15
0 4 18 16 8 10
1 6 8 7 6 1 17 15
0 3 18 5 3
0 9 13 7 3 1 9 19 5 17 11
0 5 19 15 6 4 0
0 4 15 0 14 7
0 6 12 18 6 3 11 12
0 10 18 16 19 18 14 18 5 2 10 12
1 6 6 4 8 5 13 6
1 7 13 16 5 19 5 12 0
0 4 3 5 15 0
0 6 13 0 6 4 7 11
0 3 4 8 14
0 10 13 15 13 10 4 8 6 4 7 4
0 5 13 1 18 14 18
1 10 18 16 4 1 1 7 14 18 5 12
1 20 7 19 4 2 9 4 8 4 8 18 0 7 4 15 8 4 8 18 2 15
0 3 17 11 11
1 4 7 13 18 18
0 23 13 7 4 9 8 18 17 1 3 4 1 7 14 7 1 1 9 9 9 9 9 9 9
1 5 6 16 1 3 16
0 6 12 3 16 3 8 1
0 5 2 5 14 1 10
1 10 6 15 9 8 13 17 9 13 12 15
0 11 18 4 15 4 0 4 7 15 13 7 15
1 14 6 14 17 2 11 17 2 3 6 5 14 17 19 10
1 30 7 17 16 6 5 14 1 4 8 9 12 3 5 4 17 3 13 11 19 4 5 15 13 4 8 18 14 6 17 0
1 10 6 8 15 5 7 19 4 6 17 0
1 10 6 6 5 14 17 5 14 1 12 12
0 25 0 13 5 15 13 19 5 19 5 15 8 4 8 19 5 15 8 4 5 2 9 8 19 5 2
1 8 7 2 8 1 4 6 17 0
0 5 6 8 4 12 15
0 6 18 6 16 3 9 10
0 16 6 4 11 6 11 13 18 3 18 18 18 18 18 18 4 16
1 7 7 17 2 3 14 13 18
0 15 13 16 0 4 8 6 15 15 15 15 4 1 16 15 4
1 10 6 16 7 8 3 2 3 14 5 14
1 2 13 15
0 4 19 7 17 2
1 6 13 16 8 18 2 15
1 7 6 1 4 4 14 17 16
0 9 7 18 13 13 8 13 18 3 18
1 8 6 15 14 12 15 15 15 15
0 7 17 19 11 18 18 18 18
1 4 18 14 17 2
0 7 18 1 17 18 7 11 19
0 14 13 9 18 14 6 8 2 8 14 12 0 13 2 8
1 5 18 17 7 17 2
0 17 0 8 17 5 18 6 11 19 3 13 11 18 18 18 18 18 18
0 3 7 3 18
1 13 13 0 19 5 15 5 15 5 15 8 4 1 8
0 10 8 13 18 15 17 10 1 12 2 11
1 9 18 16 4 15 13 6 4 1 4
1 11 18 17 6 14 17 2 3 15 6 16 13
0 5 7 4 14 17 13
0 4 5 7 17 13
1 15 18 6 3 11 7 13 8 9 4 1 7 11 11 11 15
1 16 6 1 14 5 14 17 2 8 1 13 18 5 11 11 15 1
0 4 16 12 5 12
1 5 13 5 5 1 16
1 16 18 7 15 4 2 3 2 9 5 4 16 1 3 16 4 19
1 5 6 15 6 14 13
0 5 18 4 2 18 1
0 3 8 17 10
1 3 8 13 18
1 14 13 1 6 14 19 7 13 16 5 19 5 4 6 16
1 15 8 3 16 11 4 8 9 19 1 8 13 4 1 2 15
1 12 8 13 7 1 1 9 9 9 9 9 9 9
0 5 6 15 18 16 14
0 4 4 4 17 15
1 9 18 17 8 3 2 3 14 5 14
1 7 18 7 4 6 4 15 15
1 12 18 6 11 5 14 17 5 14 17 19 13 18
0 5 18 8 15 15 4
1 8 13 5 1 3 12 4 2 11
0 4 15 0 14 7
1 13 8 3 16 16 9 6 3 15 0 4 14 13 18
0 4 8 15 12 11
0 5 13 6 4 19 4
1 9 8 3 2 3 11 13 18 5 12
0 8 8 4 7 6 8 5 6 2
0 6 8 13 1 10 17 1
0 2 11 0
0 5 13 6 4 19 4
0 7 5 7 18 19 6 7 5
1 13 6 6 5 14 1 4 16 1 17 8 9 2 11
1 9 13 1 18 6 11 7 8 6 11
0 6 17 1 6 7 15 6
0 11 8 13 7 18 14 6 5 10 15 9 9
1 6 6 4 4 11 12 12
1 17 7 17 13 3 15 14 13 8 9 13 8 9 8 9 13 13 12
0 9 13 8 17 19 5 19 5 2 11
0 6 18 1 10 18 6 13
1 15 18 17 8 7 6 6 2 0 14 1 3 16 16 2 8
0 15 1 0 19 5 19 8 1 0 2 10 10 15 4 1 4
1 3 8 13 18
1 11 6 4 15 0 15 4 9 8 13 15 16
1 5 7 2 0 14 17
0 11 8 4 4 9 2 1 17 5 1 19 7
0 9 19 8 4 15 13 6 4 7 4
1 16 13 0 4 1 14 8 9 8 5 16 1 14 1 18 18 7
0 11 2 8 10 1 4 15 13 6 4 7 4
1 5 6 4 1 16 10
1 6 13 16 8 18 2 15
1 6 6 16 9 16 12 12
1 17 18 6 3 4 11 3 13 11 17 16 16 9 7 4 9 15 14
0 4 18 14 19 2
1 6 6 4 1 16 12 12
1 8 7 5 14 17 2 0 14 17
0 15 6 16 1 12 3 4 14 19 6 11 13 18 18 18 18
0 16 13 6 6 0 17 13 3 19 6 17 3 1 0 17 8 17
0 3 14 12 10
0 9 8 15 5 1 11 5 14 6 11
0 7 16 8 13 11 18 10 11
0 6 12 3 16 3 8 1
0 2 13 16
0 10 13 1 1 18 5 7 11 1 10 12
1 5 18 17 18 16 6
1 6 8 3 13 11 17 2
0 4 6 11 13 7
1 6 6 15 0 15 4 6
0 3 3 16 1
1 8 8 4 7 4 8 6 17 0
0 2 4 5
1 6 18 7 4 9 15 14
1 9 13 0 4 1 17 16 8 18 8
0 4 18 9 7 13
1 19 7 2 0 14 1 7 18 7 15 17 13 15 13 6 15 15 4 7 4
0 11 18 14 5 1 3 13 3 4 16 4 19
0 3 9 11 11
1 5 6 4 11 3 13
0 18 13 18 4 8 19 8 18 17 0 4 1 14 13 4 8 6 17 0
1 3 13 2 8
1 5 18 14 19 12 12
0 13 18 14 19 13 11 13 18 18 18 18 18 18 18
0 23 6 16 5 10 10 10 3 10 3 10 10 10 3 10 0 10 0 10 9 10 9 10 10
1 11 7 5 14 17 17 16 11 7 7 19 10
0 8 18 14 5 15 14 17 18 18
0 6 18 5 17 4 19 13
0 6 18 4 2 7 9 15
1 25 13 15 13 4 5 8 1 8 3 2 11 5 14 17 19 4 1 16 9 4 15 15 6 3 2
1 5 13 1 3 2 11
0 10 13 2 4 13 6 15 15 4 19 4
0 6 19 2 4 13 16 6
1 15 18 4 4 17 13 7 3 5 2 9 5 15 1 14 1
1 12 8 13 18 5 4 4 14 7 15 10 12 11
0 39 7 5 14 1 7 6 8 15 5 13 7 4 19 8 19 5 19 1 17 15 13 17 8 9 4 0 17 9 19 8 4 1 8 13 6 15 4 19 4
1 10 6 14 19 6 3 14 5 14 1 6
1 6 6 15 0 15 4 6
0 7 6 15 14 13 19 13 12
0 2 14 19
0 10 6 6 7 3 16 1 5 19 8 9
0 9 9 6 18 4 4 4 17 4 7
0 15 6 8 15 5 18 17 7 2 0 14 17 17 2 19 8
1 15 7 19 3 13 3 16 5 10 9 10 10 10 9 10 1
0 7 6 15 6 8 13 15 16
1 11 7 5 14 17 2 0 14 17 2 8 1
0 1 5
0 3 13 16 5
1 8 7 5 14 1 7 8 7 15
1 13 6 4 11 13 18 5 15 1 9 9 9 9 9
1 7 6 6 13 18 18 18 18
0 7 18 17 7 17 16 14 11
1 10 6 11 13 18 5 4 14 7 15 1
0 3 8 15 10
1 2 18 4
0 4 18 17 11 7
0 12 7 3 1 9 18 0 16 1 6 16 1 8
1 9 7 17 16 11 13 18 5 11 12
0 10 6 6 7 3 16 1 5 19 8 9
1 10 6 11 4 0 19 8 6 4 7 4
0 10 13 2 4 13 6 15 15 4 19 4
0 8 18 17 7 18 18 18 18 6
1 14 6 4 14 5 14 17 5 14 1 3 2 3 11 10
1 9 18 4 15 4 17 9 13 16 12
1 15 6 8 5 18 17 8 7 6 1 17 18 6 11 5 14
1 13 13 2 9 19 8 4 1 9 6 15 4 19 4
1 14 8 3 16 1 16 6 3 14 2 0 14 1 12 12
0 3 8 12 3
1 11 8 6 11 17 16 16 7 13 6 17 0
1 13 8 7 18 14 2 8 17 5 14 17 13 18 18
0 21 6 4 6 5 14 17 17 2 11 5 14 17 5 14 1 4 6 0 6 17 0
1 6 6 6 2 0 14 17
1 10 6 1 6 3 8 15 15 15 5 15
0 3 18 4 18
1 8 6 1 6 3 6 2 0 14
0 28 13 4 15 2 13 19 1 9 18 9 19 5 12 4 15 8 19 5 2 9 1 8 13 4 8 18 0 6
0 9 6 10 8 3 13 3 4 4 2
1 2 18 6
1 10 8 3 13 11 2 0 14 17 5 14
1 21 13 0 19 5 19 1 8 13 19 5 4 17 3 2 11 2 0 14 1 3 2
1 4 18 4 4 6
1 29 6 4 16 1 11 19 6 3 1 16 4 2 8 13 18 0 16 1 14 7 3 1 0 1 6 4 15 4 0
1 3 8 13 18
1 10 13 15 13 4 1 14 1 6 4 4
0 14 18 7 0 15 15 15 5 6 6 0 17 16 8 15
1 8 13 16 5 19 5 4 19 7
1 20 13 0 4 8 4 5 12 4 19 1 0 15 13 18 17 0 6 4 19 4
0 5 18 16 18 2 12
0 5 7 17 18 2 11
1 5 18 6 3 14 13
1 9 18 17 18 7 4 0 4 17 15
0 4 8 10 7 1
1 10 8 6 11 17 16 6 13 18 18 18
1 2 13 15
1 16 8 6 11 17 16 8 5 18 6 11 2 8 1 7 6 2
1 7 13 8 9 19 5 8 15
0 22 6 2 8 17 17 16 6 2 0 14 18 2 0 14 17 19 7 7 2 0 14 17
0 5 13 5 9 13 4
0 5 6 8 15 0 5
0 3 7 17 8
1 9 8 13 7 14 7 4 14 7 14
0 8 2 6 16 9 4 15 4 14
1 5 13 7 3 5 12
1 14 13 1 6 14 19 7 13 16 5 19 5 4 6 16
1 17 6 16 4 19 8 7 7 5 14 17 5 14 17 2 0 14 1
1 9 7 5 14 17 2 8 17 13 18
0 4 18 11 7 13
0 15 13 8 9 8 2 6 13 18 14 2 5 17 2 0 7
0 6 4 12 15 5 17 12
1 5 18 17 6 8 15
1 4 7 19 4 8
0 8 2 10 14 8 17 17 12 18
0 8 13 2 6 4 15 4 15 4
1 16 8 3 2 11 5 14 17 19 7 18 14 17 16 15 9 15
1 17 13 5 2 0 16 8 18 0 16 1 8 13 6 15 4 19 4
0 20 8 4 3 1 19 9 4 8 18 9 17 15 13 19 8 19 6 4 19 4
1 5 18 17 6 8 15
0 6 6 5 14 17 17 2
0 3 10 13 2
0 11 18 6 11 17 13 11 3 17 13 3 4
0 6 18 5 14 7 14 18
1 10 7 13 18 18 18 18 18 18 18 18
1 8 13 15 13 6 15 4 1 4
1 2 6 11
0 8 18 16 7 14 2 4 1 19
1 7 7 2 0 14 1 13 18
1 15 18 6 3 11 7 13 8 9 4 1 7 11 11 11 15
0 8 7 5 2 0 8 17 8 14
0 13 13 16 14 19 8 9 0 16 5 2 9 1 8
0 7 7 11 19 17 1 0 12
0 1 5
1 2 18 6
1 14 18 17 7 5 14 17 19 6 3 4 11 13 7 1
1 8 7 5 14 17 5 14 17 13
1 9 18 14 2 0 14 1 3 16 6
1 18 6 11 4 8 9 19 1 9 19 1 17 1 3 15 5 4 19 6
0 4 1 12 17 16
1 6 8 6 3 14 13 18
1 6 6 1 14 13 18 18
0 7 17 19 6 11 2 8 17
0 8 18 4 15 16 10 2 2 8
1 4 6 4 1 14
1 9 18 17 8 3 13 11 5 14 1
1 7 7 2 8 1 6 11 13
0 5 7 13 15 18 18
0 13 8 4 7 4 12 4 19 8 8 12 18 14 15
1 10 8 4 16 8 18 9 6 4 19 4
0 14 13 0 18 14 1 16 2 7 15 2 10 17 1 13
1 7 7 2 8 1 7 8 10
0 15 13 8 10 19 10 15 18 14 16 1 9 6 4 19 4
0 8 18 5 1 6 15 14 12 15
0 7 6 8 5 5 2 2 15
1 21 6 16 2 13 5 7 3 8 19 1 0 7 3 5 8 0 6 15 4 19 4
0 2 13 16
0 23 13 7 4 9 8 18 17 1 3 4 1 7 14 7 1 1 9 9 9 9 9 9 9
0 10 18 14 19 4 0 6 7 4 15 4
0 12 6 14 15 14 8 9 8 9 16 14 16 12
0 10 13 7 3 5 15 13 1 16 2 15
1 6 6 4 4 11 12 12
1 17 13 7 4 15 1 0 2 14 8 9 19 8 6 15 4 15 4
0 5 7 5 18 14 10
1 2 18 4
0 7 19 18 7 17 4 0 15
0 8 13 0 6 15 4 19 7 4
0 17 6 17 16 6 2 8 1 11 5 14 17 5 14 1 6 11 13
1 13 6 4 11 13 18 5 15 1 9 9 9 9 9
1 12 6 16 9 14 2 8 1 4 16 1 2 15
1 18 6 16 9 4 4 14 5 14 17 17 16 14 2 0 14 1 12 12
1 5 6 15 9 15 9
0 2 10 5
0 10 18 14 19 4 0 6 7 4 15 4
0 8 6 4 5 7 14 1 12 12
1 14 7 17 16 14 19 3 16 14 2 0 14 17 19 6
0 9 18 14 5 14 17 17 16 8 12
0 4 19 18 7 16
1 7 6 16 7 18 7 4 12
1 7 8 4 2 0 1 19 1
0 3 10 18 9
1 5 6 4 1 16 10
0 6 18 5 14 7 14 18
1 5 8 13 7 4 14
0 15 13 1 7 13 19 2 9 8 18 9 3 6 4 19 10
0 1 5
1 27 13 0 4 8 19 8 19 1 17 8 9 15 1 17 16 1 9 18 14 7 4 15 1 14 7 0 5
0 12 18 4 2 17 6 11 13 18 18 12 18 18
1 2 13 15
0 5 13 14 4 7 4
0 20 8 4 3 1 19 9 4 8 18 9 17 15 13 19 8 19 6 4 19 4
1 7 7 19 3 2 11 13 18
1 7 8 3 13 3 6 2 8
1 4 6 1 16 12
0 5 7 2 10 0 1
1 6 13 2 14 1 19 6
0 7 13 14 13 6 4 19 4
0 6 11 9 11 1 19 1
1 21 6 16 2 13 5 7 3 8 19 1 0 7 3 5 8 0 6 15 4 19 4
0 4 3 5 15 0
1 19 7 2 0 14 1 7 18 7 15 17 13 15 13 6 15 15 4 7 4
0 10 8 7 1 3 2 11 5 17 13 18
0 10 19 18 3 7 5 14 17 13 18 18
1 21 13 5 16 5 15 8 19 8 4 5 4 6 7 4 6 4 2 18 8 12 12
0 4 7 17 18 18
0 3 18 1 16
1 9 18 4 15 4 17 9 13 16 12
0 10 8 13 18 15 17 10 1 12 2 11
0 11 8 7 17 13 8 13 14 18 18 2 6
1 7 6 16 4 19 8 2 15
0 5 13 3 16 1 15
1 12 6 11 13 7 14 18 5 4 15 10 12 11
1 4 7 13 18 18
0 8 8 7 6 16 5 10 7 6
1 9 7 5 14 17 17 16 11 6 11
0 18 6 5 5 7 5 14 7 6 19 14 7 7 2 0 14 17 13 18
0 11 8 3 16 6 2 8 13 18 18 18 18
0 5 18 6 2 3 2
1 14 7 19 7 7 19 7 6 8 15 5 6 8 5 8
1 8 6 8 15 5 8 7 13 15
0 8 18 6 11 2 19 0 14 17
1 14 6 6 19 3 2 11 2 0 14 17 17 16 15 12
0 4 16 3 12 12
0 9 7 5 14 17 17 19 16 7 12
0 4 3 12 2 11
0 28 6 1 16 7 7 2 0 10 14 1 3 2 3 4 14 17 13 3 1 3 6 3 16 1 11 13 18 18
0 3 16 14 1
0 37 1 16 4 15 13 19 8 19 5 19 5 4 6 14 17 13 11 2 0 14 1 7 8 3 13 11 17 16 14 4 0 4 8 19 5 2 11
1 8 6 6 19 6 3 8 5 15
0 4 8 19 14 12
0 3 3 4 7
0 5 18 4 4 2 4
1 10 7 19 3 13 3 16 9 14 19 13
1 9 18 17 18 7 4 0 4 17 15
0 5 2 4 19 3 2
0 5 7 10 2 1 13
1 8 13 15 13 6 15 4 19 4
0 4 18 2 16 12
1 25 13 15 13 4 5 8 1 8 3 2 11 5 14 17 19 4 1 16 9 4 15 15 6 3 2
0 4 6 8 5 9
0 5 19 1 16 5 13
0 14 13 9 18 14 6 8 2 8 14 12 0 13 2 8
0 3 11 16 18
1 30 7 17 16 6 5 14 1 4 8 9 12 3 5 4 17 3 13 11 19 4 5 15 13 4 8 18 14 6 17 0
1 7 6 14 17 2 11 2 8
1 9 13 1 3 2 9 8 18 14 7
1 11 7 13 18 18 18 18 18 18 18 18 18
0 7 7 5 13 18 5 12 14
1 11 13 0 4 1 0 0 19 5 4 19 1
0 2 14 1
0 4 18 11 7 13
0 2 18 13
1 6 7 19 13 7 4 12
1 13 13 1 3 15 8 18 14 1 3 15 1 2 15
0 2 9 17
0 5 13 0 4 0 15
0 9 8 9 16 4 1 7 2 15 7
1 11 13 0 18 0 16 5 15 1 0 1 19
1 2 6 11
0 6 8 14 4 9 1 15
1 6 13 16 5 4 8 10
0 15 1 0 19 5 19 8 1 0 2 10 10 15 4 1 4
1 15 18 17 13 0 19 5 4 16 5 10 3 10 10 10 15
0 8 18 4 15 16 10 2 2 8
0 12 8 4 15 9 19 5 15 8 19 5 15 5
1 6 8 13 7 15 1 9
1 16 13 15 13 19 1 9 4 1 14 16 8 6 15 4 1 4
1 7 8 4 16 5 8 2 8
1 19 13 7 4 15 8 4 5 15 5 4 3 8 15 13 6 15 4 19 4
0 9 6 6 18 5 14 16 17 7 10
0 11 8 15 18 9 7 15 5 15 8 7 4
1 5 18 6 3 6 13
1 5 6 1 4 4 4
1 11 7 13 18 18 18 18 18 18 18 18 18
1 7 7 19 3 2 11 17 2
1 2 18 6
0 3 13 16 7
1 14 7 17 16 14 19 3 16 14 2 0 14 17 19 6
1 7 13 7 4 8 1 8 12
0 7 1 4 2 16 5 10 6
0 4 5 7 17 13
0 7 17 19 6 11 2 8 17
1 4 6 14 5 14
1 4 6 14 5 14
1 14 6 6 5 14 1 4 1 1 7 15 1 9 9 9
1 9 8 3 2 11 17 13 3 15 14
1 10 13 15 13 18 9 4 1 14 2 8
1 4 18 6 3 11
1 13 18 7 15 14 19 6 3 11 6 11 17 16 2
1 14 18 16 4 5 1 1 7 4 14 18 5 14 7 15
0 4 1 8 9 12
0 3 6 15 5
0 8 16 6 15 14 13 8 9 13
0 5 7 8 5 14 12
0 6 18 4 2 7 9 15
0 3 7 3 18
1 10 18 17 18 4 2 1 18 5 15 1
1 9 13 5 2 9 4 1 14 1 19
0 6 6 11 7 18 10 15
0 3 4 3 7
1 35 13 15 13 18 8 13 19 8 19 8 19 8 19 1 17 0 4 5 15 8 18 0 1 8 4 7 4 8 7 4 2 9 1 17 15
0 8 13 5 4 7 15 5 8 15
0 3 18 6 15
0 9 6 10 8 3 13 3 4 4 2
1 10 7 5 14 1 6 3 14 17 13 3
1 7 8 3 16 8 15 15 15
1 34 18 17 7 5 14 1 6 3 4 4 6 17 2 11 2 0 14 1 6 3 8 5 7 5 14 1 13 7 18 1 1 9 9 9
0 10 8 7 1 3 2 11 5 17 13 18
1 9 7 5 14 1 3 13 11 19 10
0 4 18 14 10 6
0 3 13 13 15
1 8 7 5 14 17 2 0 14 17
0 4 7 6 5 17
0 5 6 16 5 0 19
0 4 13 3 11 4
1 12 6 14 5 14 1 3 2 11 13 18 18 18
1 9 6 14 17 13 3 8 15 5 15
0 4 12 13 5 18
1 4 18 4 4 6
1 9 13 1 18 6 11 7 8 6 11
1 2 6 11
1 7 6 1 4 2 18 7 13
0 16 18 15 4 1 3 7 11 4 4 16 5 10 3 10 10 15
0 8 13 13 19 1 17 2 17 6
0 10 8 3 4 6 17 14 17 13 3 2
0 12 13 7 2 3 8 4 4 6 15 15 0 4
1 16 6 11 6 3 16 9 6 11 19 13 18 5 4 11 18 12
1 8 6 16 9 7 15 4 4 6
0 5 6 12 14 9 18
0 3 18 7 16
1 3 13 2 8
1 13 18 16 3 13 3 4 6 19 6 11 19 12 12
1 7 7 19 13 7 1 1 9
1 10 7 17 13 11 2 0 14 1 12 12
0 3 2 11 4
0 3 9 9 8
0 9 19 8 4 15 13 6 4 7 4
1 16 18 17 6 14 19 4 0 4 5 4 3 12 0 5 5 5
0 4 6 17 7 11
1 8 7 5 14 17 2 8 1 13
0 11 6 14 19 6 14 3 16 3 4 19 8
1 12 7 2 0 14 17 13 18 18 18 18 18 18
1 9 6 8 5 13 0 6 4 1 4
0 3 3 4 7
0 21 15 18 6 3 16 4 19 8 1 11 2 0 3 14 17 17 13 11 16 13 18
1 5 18 17 8 7 18
1 5 6 1 7 4 12
0 3 19 5 13
0 10 7 14 9 11 14 1 6 11 17 13
1 5 7 2 0 14 17
0 3 9 17 4
1 5 8 3 13 3 8
0 4 8 12 14 8
0 5 6 8 4 12 15
0 3 7 8 18
1 7 18 17 8 13 7 11 12
0 14 6 16 9 16 7 8 4 7 13 7 0 5 5 5
1 3 6 14 13
0 10 7 4 8 8 13 4 17 7 18 14
0 15 13 7 19 4 8 0 19 8 19 8 18 17 6 17 0
0 5 17 9 3 8 15
1 7 6 6 5 14 17 19 10
0 4 6 19 1 2
0 16 0 8 6 3 11 1 4 2 0 18 0 0 6 4 15 4
0 8 18 14 13 1 18 18 18 18
1 7 6 4 16 2 18 7 15
1 8 8 4 7 4 19 1 2 15
1 4 8 6 3 6
0 8 19 9 14 19 3 13 3 16
0 1 5
1 23 6 1 4 15 15 14 5 14 1 6 11 19 4 7 3 8 6 15 15 15 4 1 4
0 9 8 4 2 2 17 1 12 10 12
0 2 18 13
0 7 17 17 1 12 16 2 19
1 7 6 11 13 7 14 7 15
0 3 6 18 14
1 8 6 16 1 11 13 18 18 18
1 5 8 3 16 1 6
1 15 13 7 4 19 8 18 14 7 4 4 16 7 13 1 19
1 37 6 1 16 3 16 11 7 7 5 14 17 17 16 8 5 13 16 1 9 18 14 8 9 19 5 4 16 4 19 8 5 10 9 10 0 10 1
1 7 8 4 0 4 1 2 15
1 10 18 16 7 18 4 2 18 8 13 18
0 7 13 0 4 16 4 19 4
0 4 19 18 7 16
0 8 2 6 16 9 4 15 4 14
0 9 18 14 5 14 17 17 16 8 12
0 4 18 5 4 11
0 17 13 16 5 8 7 3 5 12 3 1 17 15 13 6 4 19 6
1 4 13 5 5 8
0 4 13 12 18 14
0 9 10 13 2 3 4 16 9 14 14
0 3 8 12 3
0 17 6 14 5 14 17 19 7 8 8 7 13 0 4 8 18 2 15
1 7 6 1 4 2 18 7 13
1 15 13 8 9 19 8 4 5 15 5 8 16 8 19 1 8
0 6 12 2 14 2 11 15
0 6 4 1 15 18 14 13
1 7 18 4 15 15 16 12 12
0 6 8 3 0 13 11 5
1 9 7 19 7 18 4 4 14 19 10
1 16 6 11 6 3 16 9 6 11 19 13 18 5 4 11 18 12
0 2 3 15
0 8 18 14 5 15 14 17 18 18
0 2 14 19
0 9 13 2 9 6 0 14 4 15 13
1 8 7 2 0 14 1 7 18 6
1 6 18 4 2 8 4 15
0 4 18 8 12 12
1 7 6 11 13 7 14 7 14
0 19 13 7 3 1 16 12 5 12 4 2 9 5 4 16 2 7 14 17 19
0 9 13 18 18 18 18 18 18 18 18
0 19 6 5 6 17 2 3 8 15 5 8 4 0 19 8 6 15 4 7 4
1 9 6 15 17 9 12 15 15 15 15
1 13 18 6 3 11 6 11 5 14 1 4 1 19 6
0 1 5
1 7 18 6 11 17 2 11 13
1 13 13 2 9 19 8 4 1 9 6 15 4 19 4
0 12 8 4 1 6 14 5 14 1 6 3 16 16
1 6 18 7 4 14 12 15
0 14 18 4 0 15 4 6 11 19 3 16 4 6 18 18
0 8 13 2 14 5 16 1 14 11
1 5 8 4 16 1 8
0 5 7 17 18 2 11
0 7 18 17 18 7 18 13 6
1 7 18 7 4 14 13 13 13
1 17 18 6 3 4 11 3 13 11 17 16 16 9 7 4 9 15 14
1 7 6 16 5 10 3 10 6
1 5 6 16 2 13 6
1 10 7 17 16 1 6 3 16 2 6 2
0 11 8 6 14 19 3 18 8 8 7 11 15
1 6 6 15 9 8 13 0
0 3 9 11 11
0 13 13 16 14 19 8 9 0 16 5 2 9 1 8
1 5 8 7 6 11 6
0 15 13 8 9 8 2 6 13 18 14 2 5 17 2 0 7
0 11 13 15 13 13 10 14 0 18 2 17 12
1 5 8 4 2 0 6
1 8 8 6 11 13 18 18 18 18
1 6 13 16 8 18 2 15
