2843 20
1 9 2 3 14 6 0 5 0 19 18
1 47 2 5 9 2 11 5 18 11 5 18 11 5 4 18 17 19 12 4 7 4 7 19 19 19 19 14 12 4 7 19 14 12 19 4 7 19 14 12 4 7 4 7 4 7 14 12 19
1 12 2 5 0 19 12 14 10 2 11 5 6 15
1 11 2 3 3 9 7 0 9 3 11 5 5
1 9 5 19 12 18 8 10 5 5 19
1 7 3 6 7 15 6 14 3
1 12 10 2 11 5 14 6 19 3 17 15 3 14
1 8 14 12 12 12 5 12 12 5
1 7 17 15 12 13 14 7 9
0 8 17 18 6 0 3 0 0 18
0 7 2 17 1 3 4 10 18
1 13 10 14 8 0 10 1 3 2 2 0 6 15 15
1 10 17 18 6 14 13 3 6 15 15 15
0 1 11
1 7 10 14 8 5 8 8 19
1 11 17 15 3 17 11 9 9 9 9 6 18
1 14 2 3 14 0 8 9 9 9 9 9 9 9 9 9
1 5 5 19 12 18 1
0 3 3 6 13
0 11 10 2 11 5 4 18 9 13 12 14 5
1 9 17 12 9 7 1 5 8 7 9
0 2 7 13
1 10 2 3 10 12 8 14 5 0 19 18
1 10 17 18 6 4 13 5 3 14 7 9
0 4 19 15 12 3
1 8 14 5 12 12 5 12 12 12
0 6 10 0 5 1 19 18
0 7 4 6 5 2 5 19 16
0 14 5 18 9 18 5 4 14 14 5 5 12 5 5 3
1 20 14 5 5 12 5 12 12 12 12 5 5 12 12 5 12 5 5 12 5 12
0 17 3 14 12 10 3 13 2 13 15 6 7 15 6 7 15 6 7
1 11 5 0 19 12 1 12 8 2 19 1 0
0 1 11
1 9 10 2 11 5 4 18 6 19 18
1 10 17 18 8 6 3 5 0 0 19 18
1 13 5 9 3 16 10 0 0 19 12 0 6 15 15
0 5 15 3 11 8 5
0 7 5 14 2 0 6 15 15
1 7 5 9 14 1 5 0 7
0 6 8 12 10 5 5 5
0 21 17 11 9 9 6 3 3 14 9 16 19 0 6 15 15 9 15 15 15 15 15
0 6 16 17 8 9 17 18
1 12 10 14 8 8 0 0 19 3 17 18 19 18
1 11 10 10 12 4 0 19 12 16 5 5 0
0 2 8 7
1 16 14 12 12 5 12 5 12 12 12 12 12 5 5 5 5 5
0 4 6 9 14 17
1 16 2 2 1 12 4 19 3 10 14 0 6 14 13 3 3 11
1 19 10 0 3 3 18 11 5 0 11 3 2 7 0 6 2 11 5 4 13
1 10 10 14 6 0 0 5 0 5 19 18
0 2 13 11
1 16 5 9 18 11 5 3 10 9 0 3 11 9 10 1 2 11
1 15 17 12 9 16 19 3 5 9 4 2 7 7 17 19 8
1 7 14 5 12 12 12 5 5
1 8 2 5 9 18 11 5 18 11
0 12 5 9 14 16 15 16 1 19 0 12 8 7
1 10 5 0 5 0 9 14 13 3 18 11
1 7 17 12 9 8 9 6 15
1 25 17 12 9 1 12 17 19 12 4 7 14 12 14 12 14 12 14 12 19 14 12 14 12 4 7
1 14 2 3 4 16 9 14 17 19 12 4 7 14 12 19
1 7 2 3 4 2 7 17 0
1 7 10 3 14 14 2 2 10
0 38 3 6 14 9 13 12 0 15 6 14 13 15 6 3 6 4 3 6 14 9 3 13 3 10 6 9 17 9 13 15 6 7 15 6 14 3 13 3
0 4 12 5 2 0
0 3 5 15 8
0 6 14 12 8 7 11 5
0 4 14 14 14 5
0 11 17 12 9 0 4 9 6 15 15 15 15
0 4 3 13 15 7
1 20 2 2 5 17 19 12 19 14 12 4 7 4 7 19 4 7 14 12 19 19
1 10 3 6 14 13 15 6 7 15 6 7
0 4 17 11 17 2
0 14 2 3 18 11 5 14 17 19 12 12 4 7 4 7
1 4 5 9 14 4
0 6 2 2 2 5 4 5
1 8 17 18 19 3 17 15 3 14
0 0 
0 0 
0 4 10 3 4 11
1 4 10 3 10 8
1 29 10 2 11 5 4 0 0 3 2 8 5 9 0 3 2 10 5 0 5 0 0 9 4 16 9 4 2 9 0
0 6 13 10 11 13 6 14
1 6 17 18 9 13 5 3
0 8 10 3 3 12 12 3 4 11
0 2 3 6
1 13 5 0 0 0 9 4 16 19 12 2 9 19 8
0 6 15 2 2 2 9 1
0 8 12 14 9 2 5 9 17 8
1 25 14 12 12 5 12 12 12 5 12 5 12 5 5 12 12 5 12 12 12 5 5 5 5 12 12
0 9 2 18 13 19 16 5 9 2 11
1 13 3 6 14 3 6 3 13 9 3 6 3 6 3
1 11 17 15 12 1 12 8 2 7 17 19 8
0 4 19 6 9 15
1 3 17 12 8
0 5 3 6 1 6 13
0 8 10 3 3 12 12 3 4 11
0 3 16 12 15
0 35 11 0 5 9 1 14 6 0 0 0 0 5 5 0 5 0 9 0 11 11 11 3 2 1 12 8 7 1 10 12 1 5 8 7 9
0 7 10 3 16 0 19 3 3
1 12 3 6 14 3 13 3 6 9 13 15 6 7
1 8 14 5 12 5 5 12 5 5
1 28 2 2 5 4 9 3 14 14 14 16 10 5 9 3 10 6 10 12 4 0 19 12 1 12 1 14 7 9
1 9 10 2 11 5 4 2 7 19 8
0 16 5 19 3 3 6 14 9 15 6 6 14 3 13 3 6 13
1 11 5 0 0 9 14 8 18 16 15 9 18
1 18 5 19 12 16 9 3 9 13 19 3 5 5 9 2 11 5 18 11
1 11 2 3 18 11 5 6 15 15 15 15 15
0 5 12 14 6 15 7
1 9 14 12 5 12 12 12 12 5 5
1 10 10 0 3 5 9 6 15 15 15 15
0 4 5 11 11 5
1 8 10 3 16 10 19 12 18 1
1 17 17 12 8 9 6 12 7 6 19 12 10 19 3 2 5 19 18
0 3 17 10 8
1 9 5 9 3 10 9 13 14 7 9
1 16 17 12 9 5 13 3 0 11 3 2 5 1 5 8 7 9
0 2 5 16
1 8 17 18 9 10 5 9 6 15
1 16 3 6 7 15 6 14 13 15 6 7 15 6 7 15 6 7
0 9 16 17 9 2 7 7 8 1 19
1 15 2 2 7 4 9 3 2 5 0 9 2 11 5 2 11
1 5 5 0 0 19 18
1 11 5 0 0 0 0 5 9 0 11 11 11
1 14 10 14 4 9 18 11 5 4 7 17 19 12 14 12
0 13 10 18 11 19 5 8 0 3 2 10 11 9 0
1 10 2 5 19 3 10 2 11 5 14 1
0 16 2 2 1 15 2 11 17 5 2 11 5 18 11 5 18 11
0 5 19 3 2 14 16
1 4 2 3 2 11
1 7 10 10 12 0 9 8 19
0 5 9 5 12 12 12
1 15 5 5 9 3 11 5 9 2 11 5 3 9 13 5 19
1 9 2 3 6 15 15 15 15 15 15
0 8 15 3 6 13 15 6 14 13
1 10 5 19 3 2 2 14 3 6 7 15
1 18 17 18 6 14 6 9 10 12 6 0 5 9 4 2 19 1 19 8
0 26 10 2 11 5 2 11 5 10 1 1 18 11 5 0 3 18 0 5 9 3 11 19 2 9 16 0
1 7 5 19 3 2 2 8 0
1 15 10 0 3 3 2 11 5 0 3 3 3 2 3 0 11
1 28 3 6 14 13 15 6 7 15 6 7 15 6 14 3 6 9 9 9 9 13 15 6 7 15 6 14 9 3
0 4 9 8 9 5
1 5 5 5 5 9 0
1 7 5 9 0 3 3 6 15
0 9 2 2 17 0 14 1 13 14 2
1 17 5 9 18 11 5 4 0 3 16 10 0 5 5 5 5 19 18
1 21 3 6 7 15 6 7 15 6 14 13 15 6 14 13 15 6 7 15 6 7 15
1 14 5 19 12 18 0 19 3 17 18 9 5 1 14 7
0 4 2 1 3 19
1 12 5 9 10 1 6 15 15 15 15 15 15 15
0 14 2 5 0 5 19 3 5 4 19 12 7 14 16 17
1 19 14 12 5 5 5 12 12 5 5 12 12 12 5 12 5 5 12 5 5
0 5 14 5 12 7 5
1 9 17 18 8 6 3 10 10 12 1
0 10 11 5 19 9 5 11 17 8 12 10
1 11 2 5 9 10 12 17 19 12 19 4 7
1 12 2 3 14 17 19 12 4 7 14 12 4 7
0 9 0 3 13 6 14 3 13 8 15
0 5 2 3 15 15 15
0 20 2 3 3 2 3 0 11 3 5 0 9 3 14 2 2 12 2 7 9 0
1 8 14 5 12 12 5 12 12 12
0 4 19 10 6 15
0 4 2 12 9 0
1 10 5 0 9 10 12 1 5 3 14 7
1 14 2 3 2 11 5 4 0 0 3 3 10 12 13 5
0 2 6 18
0 19 2 2 18 6 9 9 14 6 0 0 9 4 10 5 9 6 15 3 15
0 14 2 5 0 5 19 3 5 4 19 12 7 14 16 17
1 7 10 14 17 19 12 14 12
0 5 2 3 5 0 19
0 4 2 17 0 14
0 6 5 13 12 9 15 15
0 8 4 17 11 12 9 4 6 9
0 4 11 9 9 9
1 12 5 19 3 17 15 3 17 11 9 6 3 14
1 7 10 3 11 19 3 5 5
0 5 1 18 3 1 11
0 4 11 14 5 5
1 10 10 0 3 5 0 19 12 2 9 0
1 10 2 3 10 12 17 19 12 19 4 7
0 10 5 9 4 4 5 2 12 19 1 19
0 11 7 10 15 6 15 15 15 15 15 3 15
0 31 12 3 6 14 9 13 15 6 14 3 13 3 6 13 13 15 6 15 6 14 9 9 3 6 9 9 9 3 3 9 3
1 5 17 12 9 14 3
1 10 2 5 9 2 11 5 10 1 4 16
1 6 3 6 14 9 9 3
1 15 14 5 12 12 12 12 12 5 5 12 5 12 12 5 5
1 14 2 5 19 3 10 2 11 5 6 15 15 15 15 15
1 15 10 18 11 5 10 12 17 19 12 19 19 19 14 12 19
1 13 2 2 14 10 3 14 2 5 5 19 3 17 11
0 4 17 12 11 9
0 0 
0 17 3 17 3 6 13 15 6 14 3 6 9 9 9 9 4 13 15
1 6 10 10 12 4 0 19
0 4 12 11 12 12
0 3 16 12 15
0 13 14 5 12 5 5 5 17 12 5 4 3 5 12
0 6 2 19 3 17 15 8
1 15 14 5 5 5 5 5 12 5 5 12 12 12 12 12 5
0 20 5 11 12 5 19 4 17 19 12 19 19 4 7 14 12 19 19 14 1 19
0 7 5 0 18 0 5 5 0
0 5 3 10 0 19 18
0 10 2 3 17 11 9 9 19 9 6 18
0 9 2 3 2 11 5 14 1 14 9
1 12 17 18 6 4 8 0 5 9 18 11 5 0
1 10 17 18 8 9 6 3 2 5 19 18
1 10 17 18 8 9 6 3 2 5 19 18
0 3 10 15 6
1 25 17 12 9 1 12 17 19 12 4 7 14 12 14 12 14 12 14 12 19 14 12 14 12 4 7
1 6 17 12 19 12 16 19
1 14 10 14 17 19 12 19 4 7 14 12 19 4 7 19
1 5 2 5 9 14 0
0 3 5 16 18
0 26 10 2 11 5 2 11 5 10 1 1 18 11 5 0 3 18 0 5 9 3 11 19 2 9 16 0
0 19 14 7 12 12 12 5 14 5 5 5 5 5 5 12 5 12 5 5 17
0 0 
1 5 17 12 6 0 11
1 7 17 18 19 3 2 2 16
0 15 10 4 7 0 6 2 11 5 10 12 13 2 5 19 18
0 7 2 18 10 11 5 13 18
1 10 10 0 3 5 5 5 0 9 6 15
0 10 10 4 5 4 16 6 13 5 19 18
1 6 5 19 3 5 19 18
1 8 2 5 9 0 3 5 19 18
0 3 14 19 8
0 2 0 7
0 8 10 0 11 11 3 2 19 18
1 28 3 6 14 3 13 3 13 9 13 15 6 14 3 6 13 15 6 14 3 13 9 9 3 6 13 15 6 7
0 8 10 6 5 3 1 15 15 15
1 16 17 12 9 5 13 3 0 11 3 2 5 1 5 8 7 9
1 28 3 6 14 9 9 13 15 6 14 9 3 6 13 15 6 14 9 3 13 3 13 9 9 9 3 6 9 3
1 4 2 3 3 11
0 17 2 5 19 12 10 9 3 1 11 12 9 10 12 1 5 0 7
1 13 3 6 7 15 6 14 9 9 13 15 6 7 15
1 4 10 14 0 8
1 12 10 14 4 5 19 12 13 5 3 14 7 9
1 13 2 2 5 6 0 5 5 9 10 1 6 15 15
0 5 2 5 3 0 0
1 12 10 3 14 10 6 6 15 15 15 15 15 15
0 7 17 9 11 3 17 15 18
1 22 10 4 5 17 19 12 19 14 12 19 4 7 14 12 14 12 14 12 14 12 14 12
1 32 10 10 1 14 17 19 12 4 7 14 12 19 19 4 7 19 19 4 7 19 4 7 4 7 19 19 14 12 14 12 4 7
0 19 10 4 8 9 18 11 5 3 14 2 5 0 5 0 5 9 6 15 19
0 12 2 2 8 5 0 14 0 8 9 6 3 5
0 6 14 13 8 3 2 11
0 17 5 19 3 5 3 5 9 10 12 0 9 5 8 14 1 7 9
1 7 2 5 19 12 2 7 18
1 23 2 5 9 3 9 17 3 19 3 5 5 19 12 10 19 3 5 9 2 11 5 6 15
1 8 2 3 0 3 5 9 4 10
1 15 10 10 1 2 11 5 14 13 2 1 1 3 11 19 18
0 12 17 11 9 6 12 9 1 16 13 0 9 16
0 8 10 10 10 12 4 0 5 0
0 6 5 19 9 12 5 7
0 5 17 11 6 19 14
1 40 10 4 16 5 19 12 10 19 3 10 14 8 18 8 10 5 5 19 12 16 19 3 10 2 11 5 10 1 3 16 10 9 14 1 5 3 5 8 7 9
0 4 6 14 18 13
1 2 17 12
0 4 5 9 14 5
0 14 13 18 19 12 18 0 8 11 12 18 4 5 19 18
0 5 2 5 3 0 0
1 5 10 4 10 19 18
0 2 9 7
0 6 2 5 0 14 18 6
0 6 14 14 13 5 9 15
1 31 17 12 9 7 0 19 3 10 0 3 2 5 8 8 5 5 19 12 0 4 14 10 3 10 8 9 6 12 14 17 12
1 8 17 12 9 18 13 5 5 0
0 8 2 0 16 10 1 5 0 9
0 12 17 12 19 12 7 8 2 3 9 19 1 0
1 12 10 14 4 5 19 12 13 5 3 14 7 9
1 6 14 12 12 5 12 5
0 11 2 2 1 12 5 9 17 11 5 18 11
0 14 2 3 0 1 11 3 5 9 3 11 9 6 15 15
0 4 2 17 0 14
0 20 10 3 16 10 19 12 18 4 5 5 5 5 5 5 0 3 19 0 6 15
1 4 10 14 4 0
1 26 5 5 19 3 17 18 19 12 7 17 19 12 19 19 19 4 7 14 12 14 12 19 14 12 4 7
0 18 10 4 18 0 8 9 9 9 6 12 18 17 19 2 12 4 7 19
0 4 11 16 5 14
0 7 14 19 13 12 17 5 5
0 11 10 6 2 15 15 11 0 16 15 15 15
1 4 14 5 5 12
1 21 17 18 6 0 3 5 0 9 2 11 5 2 11 5 14 6 19 12 2 9 0
0 16 10 4 15 8 1 1 18 11 5 6 9 15 15 15 15 15
0 7 5 19 18 11 5 3 15
1 15 3 6 7 15 6 7 15 6 14 9 3 6 3 13 3
0 5 9 4 5 5 18
0 11 17 12 9 0 4 9 6 15 15 15 15
0 0 
0 26 5 19 3 3 6 14 13 14 3 13 9 9 13 15 7 6 7 15 6 14 13 15 6 14 13 15
1 6 2 2 2 7 9 0
1 9 14 12 12 5 12 5 5 5 5
1 3 14 12 12
1 12 10 14 17 19 12 14 12 19 14 12 4 7
0 18 10 3 1 16 10 5 6 0 0 9 0 11 11 3 5 2 3 11
1 8 5 0 0 9 6 15 15 15
1 9 2 5 5 9 4 13 14 7 9
1 9 5 0 0 19 12 10 9 6 15
1 6 2 2 14 14 12 5
0 4 6 6 5 3
1 7 17 12 9 13 14 7 9
1 13 5 9 0 11 3 3 4 5 16 17 16 16 16
1 21 14 12 5 12 5 12 5 12 12 5 5 12 12 5 5 5 5 5 5 12 5
0 4 8 17 11 6
0 17 17 12 6 4 8 9 18 19 5 3 11 19 12 7 8 14 5
1 6 5 5 5 5 0 19
0 7 10 18 11 5 15 15 15
1 13 17 15 3 14 5 5 5 12 12 5 12 12 5
0 8 10 10 12 13 12 5 19 18
0 12 12 19 12 8 19 12 13 5 3 5 0 9
1 8 14 12 5 5 5 5 12 12
0 8 3 6 15 6 7 15 6 15
1 7 17 11 6 12 13 14 7
0 4 3 11 6 3
1 7 17 11 6 12 13 14 7
1 5 10 4 2 7 18
0 4 2 5 0 18
0 3 14 7 5
0 9 10 6 15 4 19 15 15 15 15
1 19 17 12 8 9 9 9 6 3 17 18 19 3 17 11 9 9 6 12 13
1 4 2 5 9 0
0 2 11 17
1 11 10 10 1 6 15 15 15 15 15 15 15
0 4 17 1 1 18
1 26 2 3 18 11 5 10 1 4 14 2 2 16 5 5 19 3 14 12 5 5 12 12 5 5 5 12
1 16 5 9 10 1 14 6 19 12 1 12 0 9 13 14 7 9
1 10 14 12 12 5 5 12 12 5 5 12
0 3 2 10 3
1 34 5 5 0 0 0 5 5 9 0 11 11 11 3 2 8 9 3 9 7 11 19 3 2 5 5 9 3 10 6 2 11 5 4 16
0 4 12 18 7 19
0 14 10 4 1 12 8 16 19 3 10 4 10 16 19 18
0 3 19 15 15
1 7 17 15 12 16 0 19 18
1 8 17 12 19 3 3 6 14 13
0 12 5 5 14 5 0 9 18 12 10 19 4 7
1 8 5 0 19 12 0 6 15 15
0 0 
1 5 2 2 5 16 15
1 14 3 6 14 3 13 9 9 3 13 13 15 6 14 13
1 7 5 0 9 3 2 5 19
0 4 11 16 5 14
0 10 12 9 5 13 5 9 10 12 13 5
1 3 14 12 12
1 4 5 9 14 4
1 31 10 0 11 11 11 3 2 0 2 11 5 18 11 5 2 11 5 0 3 5 19 3 5 9 18 11 5 4 13 14 7
1 7 17 12 9 13 14 7 9
0 5 8 14 5 5 12
0 4 2 0 19 18
0 17 5 0 5 5 4 9 0 3 3 18 11 5 2 11 5 6 15
1 12 3 6 14 9 13 15 6 14 13 15 6 7
0 13 10 4 14 17 12 9 13 5 3 0 5 7 9
0 4 7 7 12 17
1 8 14 12 5 5 5 12 12 5
0 3 6 2 11
1 6 2 5 5 9 14 16
0 11 5 9 3 10 8 3 6 12 8 19 18
0 6 2 19 3 17 15 8
0 6 3 6 14 18 9 13
0 5 12 19 6 6 15
1 8 5 5 0 19 3 10 18 11
1 5 5 19 12 16 0
0 0 
1 19 14 12 5 5 5 12 12 5 5 12 12 12 5 12 5 5 12 5 5
1 8 10 2 11 5 10 1 2 11
0 5 10 15 17 12 8
0 3 19 17 15
0 6 10 14 17 19 17 12
1 15 2 3 14 13 5 19 3 5 5 5 9 10 12 13 5
1 18 17 18 6 14 6 9 10 12 6 0 5 9 4 2 19 1 19 8
1 19 2 3 3 14 9 9 5 9 2 11 5 2 11 5 6 15 15 15 15
0 8 14 5 0 0 0 0 19 18
1 15 10 0 3 3 2 11 5 0 3 3 3 2 3 0 11
1 8 2 2 14 2 3 4 5 6
1 6 2 2 8 0 0 5
0 22 3 6 15 6 14 13 15 6 18 14 3 13 9 9 13 15 6 14 9 3 6 13
1 7 14 12 5 12 5 12 12
0 13 2 11 5 19 12 0 3 4 2 0 10 12 1
0 8 14 19 5 12 12 5 12 12
0 11 17 11 6 9 15 6 12 8 16 0 16
1 12 5 0 5 0 19 12 14 2 5 9 14 16
0 7 18 2 9 12 5 12 17
1 14 2 2 16 9 18 11 5 14 1 5 3 14 7 9
1 26 5 9 4 8 9 2 11 5 4 18 6 9 2 11 5 6 15 15 15 15 15 15 15 15 15 15
0 15 17 15 12 10 0 2 11 5 14 17 19 12 19 19 19
0 13 10 13 2 11 5 6 15 15 15 15 15 15 15
1 7 3 6 14 3 6 9 3
0 11 14 12 12 0 5 12 5 12 5 12 5
1 11 17 18 6 3 10 9 5 1 5 0 7
0 4 5 12 9 0
1 7 10 10 1 0 11 11 11
0 6 0 9 4 16 0 5
1 6 5 0 0 5 19 18
0 48 5 5 5 5 9 16 3 16 10 0 19 3 2 5 0 9 3 16 10 9 14 17 19 12 19 14 12 4 7 19 19 3 12 19 19 19 19 4 7 14 12 4 7 19 4 4 7 19
1 22 10 18 11 5 3 2 2 8 5 0 19 12 10 5 9 10 1 2 11 5 6 15
1 20 17 11 9 9 9 6 3 5 0 9 10 12 8 18 13 5 9 6 15 15
0 5 8 14 5 5 12
1 12 2 3 10 12 6 0 19 12 2 17 19 8
1 22 2 2 0 0 3 2 18 13 3 14 8 0 4 16 0 0 0 0 5 19 3 14
0 8 14 6 12 5 13 2 12 5
0 4 3 11 18 17
1 51 2 2 7 8 1 1 3 16 10 19 12 14 2 5 0 19 12 10 5 5 5 19 3 10 0 3 5 9 10 1 3 9 19 12 2 18 6 5 9 4 1 12 6 0 0 9 2 11 5 14 1
0 4 6 5 5 5
0 18 3 6 14 3 6 13 15 13 12 9 13 15 6 7 15 6 19 7
0 9 10 18 18 11 5 13 0 3 18
1 7 17 12 8 9 9 9 6
1 4 2 3 18 11
1 11 5 0 9 3 2 5 19 3 10 18 11
1 8 17 12 9 14 5 5 19 18
0 7 14 3 11 9 15 15 7
1 11 14 12 12 12 12 12 5 12 12 12 5
1 7 17 11 6 12 2 19 8
1 9 2 3 10 12 1 5 0 7 9
1 24 2 2 14 3 6 14 9 9 3 6 13 15 6 7 15 6 7 15 6 14 9 9 13 15
1 23 14 5 5 5 5 12 12 5 12 5 5 5 5 12 12 5 5 5 5 12 5 12 5
1 12 10 3 9 12 11 5 0 19 12 14 17 11
0 5 18 5 9 3 11
0 0 
1 16 17 11 9 6 3 10 4 5 0 6 3 10 9 10 19 18
1 12 17 15 3 3 6 7 15 6 14 9 9 13
1 10 2 3 18 11 5 6 15 15 15 15
0 9 17 13 15 17 19 3 17 11 18
1 15 17 12 9 16 19 3 5 9 4 2 7 7 17 19 8
1 14 2 2 5 13 5 9 10 1 4 13 5 8 7 9
0 5 2 3 15 15 15
1 10 5 9 3 2 3 6 15 15 15 15
1 10 5 0 5 19 12 14 3 6 14 3
0 5 15 3 11 8 5
0 5 14 9 4 13 12
0 4 14 2 6 12
1 16 14 5 5 5 5 12 5 5 5 12 5 5 5 5 12 12
1 12 2 2 0 4 1 12 6 9 4 18 6 19
0 3 5 9 18
1 21 3 6 14 9 9 3 6 9 9 13 15 6 14 13 15 6 14 13 15 6 7
1 19 10 0 3 3 18 11 5 0 11 3 2 7 0 6 2 11 5 4 13
1 6 2 2 8 0 0 19
1 14 5 5 5 9 3 14 10 8 6 12 13 5 0 7
0 12 2 10 12 8 7 9 6 19 12 0 18 11
1 9 2 5 0 9 6 15 15 15 15
1 10 2 2 14 5 9 10 1 6 15 15
1 15 10 2 11 5 0 3 3 4 18 6 0 5 0 19 18
0 2 8 7
0 5 10 1 16 1 0
0 2 11 19
1 17 3 6 14 3 13 3 13 13 15 6 14 9 13 15 6 14 3
1 17 14 5 5 12 5 5 12 5 5 5 5 12 5 12 12 12 5
0 7 13 1 5 3 5 0 7
0 11 10 2 11 5 4 18 9 13 12 14 5
1 23 2 3 10 12 0 8 9 9 6 12 16 19 3 2 5 9 18 11 5 10 12 0 8
0 14 9 0 3 14 0 8 18 6 3 14 5 5 12 12
0 4 17 2 18 11
0 14 5 18 9 18 5 4 14 14 5 5 12 5 5 3
0 4 10 3 0 11
0 7 17 15 3 15 14 5 18
1 5 10 4 10 19 18
1 4 17 15 12 10
1 27 17 18 19 12 18 8 7 8 8 5 9 14 17 19 12 19 4 7 19 14 12 14 12 4 7 4 7
1 8 2 3 10 12 4 0 19 18
0 22 3 6 7 15 6 14 13 15 6 14 9 13 15 6 14 3 13 13 15 7 6 7
1 7 17 11 6 12 2 19 8
0 15 2 5 3 17 18 9 7 8 1 0 5 0 7 0 9
0 3 17 14 12
0 2 4 11
0 15 5 5 0 5 1 3 3 16 10 9 4 10 3 11 19
1 13 2 2 5 4 19 12 0 4 16 5 9 18 11
0 7 18 4 2 7 12 17 0
1 11 5 9 10 12 8 7 1 5 0 7 9
1 5 17 12 9 14 3
1 12 5 5 19 3 17 18 9 7 13 3 0 11
1 8 2 5 19 12 5 4 19 18
0 3 14 14 5
0 8 2 4 5 0 9 3 11 19
0 13 14 12 5 5 5 10 5 5 12 12 12 19 12
1 8 17 12 9 14 3 6 7 15
1 11 5 9 3 10 8 9 6 12 5 16 17
0 9 3 5 9 3 2 4 2 9 0
0 10 10 4 5 4 16 6 13 5 19 18
1 9 17 11 6 3 2 2 18 6 5
1 4 2 3 18 11
1 20 14 12 5 12 5 12 12 12 12 12 5 12 5 12 5 5 12 5 5 12
1 6 17 18 6 0 3 5
0 2 8 14
0 8 2 2 10 5 10 19 3 14
1 10 5 9 18 11 5 10 1 10 12 6
1 8 10 2 11 5 10 1 2 11
0 3 5 19 2
0 4 14 5 6 5
0 12 2 5 19 9 6 9 9 0 5 0 5 10
0 2 4 5
1 5 17 12 6 18 11
0 2 9 7
0 13 17 5 3 14 5 12 5 5 12 5 12 5 12
0 0 
0 4 10 6 19 15
1 7 2 3 4 2 7 17 0
1 9 2 5 0 9 18 11 5 2 11
1 13 17 12 19 12 5 17 19 12 4 7 19 14 12
0 27 14 5 5 5 12 5 5 5 12 12 12 5 5 12 5 12 5 5 5 12 12 4 14 5 12 12 12
1 27 3 6 7 15 6 7 15 6 14 3 13 3 6 9 3 6 13 15 6 14 9 3 13 9 3 13 3
0 3 13 14 5
1 7 2 3 18 11 5 2 11
1 25 3 6 14 9 3 6 9 13 15 6 14 3 6 13 15 6 7 15 6 7 15 6 14 13 15
1 7 10 14 13 5 9 2 11
0 5 3 6 7 15 15
0 6 15 18 4 2 13 11
1 11 10 14 4 0 9 10 12 1 14 7 9
0 32 2 2 16 9 2 11 5 18 11 9 5 18 11 5 3 2 2 14 3 6 7 15 6 14 9 13 15 6 7 15 6 7
0 7 17 14 15 5 12 14 12
0 7 1 18 2 7 19 7 19
1 6 10 10 1 4 10 19
1 15 10 3 2 2 8 9 4 16 5 0 0 5 0 19 18
1 10 5 19 3 3 6 7 15 6 7 15
1 7 5 0 9 14 6 0 19
1 10 2 3 10 12 1 5 3 14 7 9
0 2 9 5
0 8 10 10 10 12 4 0 5 0
0 7 14 6 0 5 17 15 18
1 31 2 2 18 17 19 12 19 4 7 19 4 7 4 7 19 19 4 7 4 7 14 12 14 12 4 7 19 19 19 14 12
0 12 5 9 14 16 15 16 1 19 0 12 8 7
0 8 2 9 3 6 5 15 15 15
1 5 10 4 7 8 8
0 9 10 4 3 6 14 13 15 6 7
0 9 2 2 17 0 14 1 13 14 2
0 6 8 12 10 5 5 5
1 10 10 4 1 1 10 12 1 5 0 7
0 9 10 10 1 3 2 5 3 19 18
0 12 17 12 19 12 7 8 2 3 9 19 1 0
1 17 10 18 11 5 3 2 3 0 3 2 1 1 4 5 1 14 7
0 13 14 5 1 12 5 12 12 12 5 5 5 5 5
1 6 2 5 19 12 5 16
1 16 5 0 5 0 19 12 1 1 0 3 2 5 17 19 12 19
1 16 2 5 0 9 3 2 2 0 10 12 16 15 16 1 14 7
0 13 10 13 2 11 5 6 15 15 15 15 15 15 15
1 6 2 2 10 9 2 11
1 7 10 3 11 19 3 5 5
0 4 10 17 4 6
1 11 5 0 19 12 1 12 8 2 19 1 0
0 8 10 18 11 5 19 6 15 15
1 8 2 3 2 11 5 4 7 16
1 22 10 18 11 5 3 2 2 8 5 0 19 12 10 5 9 10 1 2 11 5 6 15
1 7 3 6 7 15 6 14 3
1 12 17 18 6 4 8 0 5 9 18 11 5 0
1 21 10 2 11 5 18 11 5 3 14 11 9 3 10 6 14 0 19 3 17 18 8
0 2 14 19
1 4 2 3 2 11
0 14 3 6 7 6 14 3 13 3 13 9 9 3 6 3
1 4 17 12 6 0
0 13 2 11 5 19 12 0 3 4 2 0 10 12 1
1 16 2 5 0 9 3 2 2 0 10 12 16 15 16 1 14 7
0 4 12 11 12 12
1 22 17 12 6 10 1 10 1 0 3 3 3 14 16 10 0 19 12 13 5 8 7 9
1 16 5 0 5 0 19 12 1 1 0 3 2 5 17 19 12 19
1 7 10 10 12 4 9 18 11
0 42 17 15 12 18 13 2 0 10 12 15 19 12 14 12 19 4 7 14 12 3 19 14 12 14 12 4 7 4 7 14 12 19 14 12 4 7 14 12 14 12 4 7
1 4 14 5 5 12
0 8 14 19 5 12 12 5 12 12
0 3 5 19 2
0 5 3 9 10 12 13
1 7 2 3 0 3 3 2 11
0 14 10 3 4 16 19 12 8 11 5 4 13 14 7 6
1 16 2 3 18 11 5 4 5 4 19 3 17 12 6 3 11 5
0 8 2 5 0 11 6 12 9 15
1 7 5 5 5 19 3 14 5
1 13 2 5 0 19 12 1 1 6 15 15 15 15 15
1 10 2 2 0 3 11 9 6 15 15 15
1 9 5 5 0 0 19 12 18 0 8
0 8 6 7 15 19 14 9 9 5
0 0 
1 19 3 6 7 15 6 14 13 15 6 7 15 6 7 15 6 14 9 9 3
1 16 2 5 5 5 0 9 4 1 12 6 5 19 12 13 14 7
0 5 17 5 3 9 0
1 9 14 12 5 5 5 12 5 5 12
1 2 17 12
0 8 5 2 9 3 4 8 7 3
0 5 17 17 17 10 6
0 15 17 12 16 0 9 14 19 17 19 12 10 4 7 14 12
0 7 17 1 18 5 8 14 18
1 10 2 3 14 8 0 4 2 7 19 8
1 8 10 10 1 3 10 8 6 18
1 10 3 6 7 15 6 7 15 6 7 15
1 9 14 12 12 12 12 5 5 12 5
0 2 14 11
1 15 10 3 10 9 14 5 9 18 11 5 0 11 3 3 0
0 16 2 2 1 1 3 2 2 5 8 10 5 9 15 15 15 15
1 7 14 12 12 5 5 12 5
1 6 17 18 8 6 3 14
1 11 2 3 14 6 5 9 18 11 5 0 11
0 4 8 6 15 9
0 9 9 9 14 13 5 12 12 5 16
0 5 14 3 15 12 12
1 9 5 9 18 11 5 14 1 14 7
1 14 2 2 0 18 11 5 10 1 2 11 5 10 1 0
1 31 17 12 9 7 0 19 3 10 0 3 2 5 8 8 5 5 19 12 0 4 14 10 3 10 8 9 6 12 14 17 12
1 11 10 4 16 19 3 10 18 11 5 18 11
1 6 17 12 8 9 6 18
0 10 14 5 12 12 5 5 5 2 12 5
1 11 5 0 9 3 2 5 19 3 10 18 11
0 11 11 14 12 5 12 5 12 17 5 12 12
0 8 11 2 0 10 12 16 17 16
1 13 3 6 7 15 6 14 3 13 3 13 3 13 13
0 23 5 3 6 7 15 16 6 14 3 13 3 13 3 6 9 13 15 6 14 13 15 6 7
0 13 2 5 5 5 19 3 5 0 6 19 3 9 3
0 12 12 17 11 6 12 1 12 6 14 10 6 15
1 6 2 3 3 9 17 3
0 3 10 9 13
0 5 14 5 4 12 12
1 10 14 5 5 5 12 12 5 5 5 5
0 8 10 14 17 1 19 6 4 7
1 10 10 18 11 5 4 13 5 8 7 9
0 7 14 3 11 9 15 15 7
1 26 17 15 3 14 12 12 12 12 5 5 5 12 5 12 12 5 5 12 5 5 12 12 5 12 12 12
0 11 14 5 5 12 12 12 15 12 12 5 5
1 6 2 3 4 14 17 11
1 3 14 12 12
1 20 10 0 11 3 3 2 11 5 0 3 5 0 19 12 1 12 1 14 7 9
1 7 14 5 5 12 12 12 5
0 17 17 12 6 4 8 9 18 19 5 3 11 19 12 7 8 14 5
0 8 17 11 6 8 12 4 5 19
1 8 2 5 0 9 6 15 15 15
0 18 10 0 17 3 5 5 4 18 0 14 6 10 12 1 5 3 1 9
0 12 2 3 14 10 6 10 11 5 0 6 15 15
0 6 5 5 18 13 19 3
0 12 10 10 12 17 12 14 12 19 14 8 14 16
0 8 17 19 12 9 10 16 19 18
0 14 3 6 7 6 14 3 13 3 13 9 9 3 6 3
1 15 5 5 9 3 11 5 9 2 11 5 3 9 13 5 19
1 22 2 2 0 0 3 2 18 13 3 14 8 0 4 16 0 0 0 0 5 19 3 14
1 11 10 18 11 5 10 1 3 14 9 12 11
0 17 18 7 11 9 9 3 5 0 0 0 19 12 14 5 19 12 8
0 17 2 5 19 12 10 9 3 1 11 12 9 10 12 1 5 0 7
0 8 10 10 12 13 12 5 19 18
1 6 2 5 0 5 19 18
1 7 5 19 12 18 6 19 18
0 34 10 3 12 0 5 0 19 12 8 0 19 12 0 18 11 19 5 2 11 5 3 16 10 5 19 3 17 18 9 7 13 14 14 5
0 3 3 2 11
1 13 5 9 10 1 18 11 5 3 14 16 10 9 0
1 10 17 12 9 7 8 10 0 9 14 16
1 4 10 10 12 16
1 8 10 4 8 19 12 13 14 7
1 8 5 5 5 19 12 16 5 19
1 8 5 19 12 13 5 0 7 9
0 0 
0 3 6 13 12
0 2 11 11
1 7 17 11 9 9 6 12 13
0 14 2 5 0 19 3 17 18 19 11 12 0 12 17 12
0 9 10 6 15 4 19 15 15 15 15
1 9 10 4 5 13 2 2 19 1 19
0 7 2 3 19 11 5 3 9
1 7 10 4 0 6 15 15 15
0 4 2 1 3 19
1 12 5 19 3 2 3 18 11 5 6 15 15 15
1 14 2 2 1 1 14 13 3 18 11 5 0 11 11 11
1 14 2 3 2 11 5 4 0 0 3 3 10 12 13 5
1 9 2 5 9 3 11 0 5 19 18
1 4 10 10 12 16
0 7 5 5 6 8 5 12 12
0 8 14 12 10 5 12 6 5 5
1 7 5 0 9 14 6 0 19
0 4 17 14 19 6
1 6 2 3 10 12 6 0
0 3 3 2 11
1 5 2 5 0 9 0
0 13 2 5 0 0 8 12 18 6 19 3 3 2 5
1 11 5 0 0 9 14 8 18 16 15 9 18
1 8 2 5 0 9 6 15 15 15
0 9 2 4 14 2 3 14 0 8 18
1 8 17 11 6 12 18 0 9 10
0 9 10 5 5 19 12 13 14 7 9
1 14 2 2 5 13 5 9 10 1 4 13 5 8 7 9
1 13 10 3 2 5 5 0 9 4 16 0 9 4 13
0 9 3 6 7 15 16 13 15 6 7
1 4 10 3 11 19
1 17 10 10 1 3 9 9 5 0 5 0 0 0 9 10 1 6 15
0 12 14 5 6 12 12 5 5 5 5 12 5 5
1 10 10 0 11 3 3 2 11 5 6 15
1 3 14 12 12
1 12 5 19 3 17 15 3 17 11 9 6 3 14
0 3 14 11 6
1 12 10 18 11 5 18 11 5 2 11 5 18 11
0 11 5 9 3 3 17 15 17 8 2 7 18
0 9 10 0 0 3 2 6 10 7 19
1 7 10 14 8 5 8 8 19
0 2 14 11
0 15 17 15 3 3 6 14 3 13 9 3 6 9 9 13 13
1 8 10 0 11 3 5 9 0 11
0 3 16 18 12
1 13 3 6 7 15 6 14 9 9 13 15 6 7 15
1 11 5 9 4 7 6 9 0 3 5 19 18
1 8 14 5 5 12 5 12 5 5
1 13 5 0 0 0 9 4 16 19 12 2 9 19 8
1 17 2 3 3 9 9 9 3 9 13 9 0 11 11 3 5 19 18
0 9 3 6 14 3 13 9 0 13 3
0 7 14 6 0 5 17 15 18
1 9 2 2 1 12 1 5 8 7 9
0 5 1 5 17 19 18
1 12 3 6 7 15 6 7 15 6 7 15 6 7
1 8 2 5 5 5 0 0 19 18
0 6 17 14 9 5 0 17
0 6 3 1 10 17 11 3
0 4 1 19 8 6
0 8 17 18 6 15 15 1 15 15
1 10 10 0 11 3 3 2 11 5 6 15
1 6 10 10 1 3 14 10
1 3 14 12 12
1 10 17 18 6 14 13 3 6 15 15 15
1 15 17 11 9 9 9 6 12 7 8 14 17 15 12 7 6
1 18 2 2 16 19 3 5 19 3 5 19 12 13 5 3 5 8 7 9
1 19 3 6 7 15 6 14 13 15 6 7 15 6 14 13 15 6 14 13 15
0 7 14 5 5 5 5 1 5
0 0 
0 7 14 5 5 12 19 5 18
0 5 14 2 8 14 4
1 5 2 2 18 13 5
1 21 2 2 0 10 1 4 5 8 1 12 4 0 0 9 10 12 1 5 0 7 9
0 11 16 1 19 8 0 9 3 11 5 19 18
1 10 17 18 9 13 5 3 5 0 7 9
0 2 4 5
0 16 2 5 0 3 5 0 0 0 19 3 12 2 11 5 6 15
0 3 13 18 2
0 5 18 5 9 3 11
1 13 5 9 0 11 3 3 4 5 16 17 16 16 16
0 5 2 17 15 3 5
1 8 10 4 18 17 19 12 14 12
1 16 10 2 11 5 14 13 2 1 1 4 5 1 5 0 7 9
0 23 5 0 9 10 1 0 11 3 3 14 6 0 9 4 13 5 3 13 5 0 10 7 9
0 18 14 16 12 5 7 5 12 5 12 5 11 5 12 5 16 5 5 12
0 2 3 6
1 6 10 4 14 5 0 0
0 2 16 1
1 25 5 5 0 19 12 1 12 17 19 12 4 7 14 12 19 4 7 4 7 14 12 4 7 4 7
1 5 14 12 12 12 12
0 2 0 4
1 6 2 5 9 10 1 0
0 11 5 9 3 10 8 3 6 12 8 19 18
1 8 2 5 19 3 3 6 7 15
0 20 10 3 16 10 19 12 18 4 5 5 5 5 5 5 0 3 19 0 6 15
0 5 10 15 17 12 8
1 8 17 12 8 6 12 2 9 0
1 23 2 3 10 12 0 8 9 9 6 12 16 19 3 2 5 9 18 11 5 10 12 0 8
0 2 2 13
0 7 17 19 3 2 2 2 18
0 7 17 14 15 5 12 14 12
0 9 15 2 3 0 3 2 3 6 7
0 3 3 7 6
1 12 2 3 4 14 5 5 9 4 14 14 12 12
0 26 10 14 4 9 4 7 4 9 4 18 8 8 5 19 12 8 0 5 9 4 14 2 13 2 9 0
1 3 5 5 5
0 4 10 12 2 11
0 3 14 10 15
0 5 3 9 10 12 13
0 32 17 9 11 6 12 16 0 5 0 17 9 14 16 15 16 5 13 2 7 17 19 12 4 7 14 12 19 4 7 4 7 19
0 4 14 2 6 12
1 11 3 6 14 3 6 9 3 6 3 13 3
1 14 2 3 18 11 5 3 14 14 2 3 10 1 6 15
1 16 2 3 10 1 3 10 19 12 16 9 14 8 13 14 7 9
1 10 3 6 7 15 6 14 3 13 9 3
1 5 2 5 5 19 18
0 22 3 6 7 15 6 14 13 15 6 14 9 13 15 6 14 3 13 13 15 7 6 7
0 6 2 2 1 1 6 3
0 11 17 11 3 5 9 6 15 12 15 8 15
1 10 3 6 7 15 6 14 3 6 13 15
1 8 5 0 9 3 10 19 3 3
0 5 5 0 17 19 18
1 8 5 19 3 2 2 2 9 0
0 7 5 8 7 18 10 19 9
0 6 10 14 0 1 19 18
0 2 2 13
0 12 3 14 12 3 5 5 5 12 12 12 12 12
1 12 10 14 17 19 12 19 14 12 4 7 4 7
0 3 11 17 11
0 3 16 18 12
1 8 10 4 18 17 19 12 14 12
0 5 2 3 3 0 5
0 10 5 18 0 5 18 11 5 14 6 5
1 15 5 5 19 12 7 17 19 12 19 19 19 19 14 12 19
0 19 10 4 14 2 3 10 1 10 6 10 1 2 11 14 5 0 15 15 15
1 4 2 3 6 15
0 5 2 5 0 9 18
1 21 10 0 3 5 9 4 7 4 5 9 0 11 3 2 1 1 14 8 13 14 7
0 18 17 18 8 7 6 3 2 2 1 12 13 3 0 11 11 11 11 11
0 12 3 6 14 9 13 12 6 0 3 0 13 13
0 13 10 18 19 11 5 0 16 10 0 19 12 18 0
0 35 11 0 5 9 1 14 6 0 0 0 0 5 5 0 5 0 9 0 11 11 11 3 2 1 12 8 7 1 10 12 1 5 8 7 9
1 10 5 5 19 3 10 6 15 15 15 15
1 7 17 15 12 13 14 7 9
1 5 10 3 2 5 5
0 0 
1 10 3 6 7 15 6 14 9 3 6 13
1 19 10 18 11 5 2 11 5 3 11 5 5 9 10 12 0 6 0 11 11
1 13 10 14 8 0 10 1 3 2 2 0 6 15 15
1 15 10 14 0 6 2 11 5 3 10 9 7 13 2 18 4
0 6 2 2 4 19 3 8
1 4 5 0 0 0
0 8 7 10 1 18 11 5 18 11
1 28 5 9 4 1 12 13 5 9 18 11 5 4 8 5 19 12 5 8 5 16 15 16 0 6 4 13 14 7
0 17 10 2 11 5 3 14 10 2 11 5 19 11 6 17 15 15 15
0 11 5 5 5 19 12 10 0 15 8 9 0
1 12 10 10 1 10 1 14 8 8 0 19 12 13
1 8 10 4 14 2 2 7 16 15
0 5 0 2 5 16 0
0 36 12 9 7 0 9 7 4 9 3 9 13 5 9 4 16 0 9 3 9 12 11 5 5 5 0 3 10 14 0 9 13 5 3 5 9 7
0 6 10 15 10 10 12 16
0 5 14 5 7 5 5
1 6 2 2 5 16 17 16
0 5 9 9 18 19 18
0 9 5 5 12 12 12 12 12 12 5
1 20 14 12 5 12 5 12 12 12 12 12 5 12 5 12 5 5 12 5 5 12
1 13 2 5 0 0 9 3 9 12 11 9 14 16 17
0 0 
0 19 5 0 9 14 6 19 10 12 8 14 2 5 0 0 4 0 9 6 9
0 27 17 15 3 3 6 19 7 15 6 14 3 13 3 3 14 3 8 6 9 3 13 13 15 6 14 9 3
1 5 17 12 6 0 11
0 4 2 3 15 11
0 48 5 3 17 19 12 14 5 19 12 8 9 2 11 5 14 8 18 17 19 12 19 14 12 4 7 14 12 14 12 19 14 12 19 19 19 4 7 14 12 4 7 4 14 12 14 12 2 12
0 13 5 12 3 12 5 12 12 5 12 12 12 12 5
0 6 10 8 1 0 18 11
0 20 5 9 0 11 11 3 2 16 5 19 12 14 17 18 4 14 6 5 19 18
0 51 5 5 0 9 10 12 17 12 19 19 4 7 14 12 19 4 7 4 7 14 12 19 19 19 19 14 12 14 9 14 12 14 12 14 12 4 7 19 19 14 12 4 7 19 14 12 4 7 4 7 19
0 3 10 8 11
1 8 5 5 9 4 18 17 19 12
1 13 10 3 14 14 2 3 4 0 6 15 15 15 15
0 5 2 5 0 9 18
0 0 
1 46 2 3 2 11 5 4 18 17 19 12 4 7 14 12 19 19 4 7 14 12 19 14 12 14 12 19 19 19 4 7 14 12 14 12 19 14 12 4 7 4 7 14 12 19 4 7
0 10 3 14 5 13 9 15 5 6 14 3
1 8 2 2 16 5 19 3 17 11
1 10 10 4 1 1 10 12 1 5 0 7
1 9 5 9 10 1 18 11 5 14 0
1 13 5 9 18 11 5 10 1 4 14 3 6 14 3
0 26 10 5 9 10 3 16 0 9 19 12 14 5 5 0 19 3 5 9 10 1 18 11 5 10 1 0
0 15 10 18 11 5 14 9 12 12 11 9 4 7 4 5 19
0 7 14 5 5 12 19 5 18
1 18 17 12 6 18 11 5 10 12 13 2 14 10 4 14 3 6 14 3
1 8 5 0 9 3 10 19 3 3
0 2 8 14
0 13 19 2 5 6 0 0 19 3 2 3 10 12 6
1 16 10 3 10 8 9 6 3 10 10 1 4 5 1 14 7 9
1 6 2 5 19 12 5 16
0 6 6 14 9 13 15 3
1 8 14 5 12 5 12 5 5 5
1 15 10 3 10 8 9 9 9 6 3 2 5 0 9 2 11
0 8 17 11 9 4 8 1 18 11
1 13 5 5 19 3 2 3 3 9 7 11 19 12 16
0 2 3 6
0 9 2 5 5 0 11 3 5 19 18
1 19 17 15 12 7 4 9 14 17 19 12 14 12 19 19 14 12 19 4 7
1 9 2 2 8 19 12 1 1 6 15
1 15 17 11 9 9 9 6 12 7 8 14 17 15 12 7 6
0 5 2 13 5 8 7
1 5 2 5 0 9 0
1 15 5 5 19 12 7 17 19 12 19 19 19 19 14 12 19
0 14 18 11 6 3 14 5 14 5 12 12 5 12 12 12
0 9 18 19 12 0 4 13 14 7 9
1 16 10 3 10 8 9 6 3 10 10 1 4 5 1 14 7 9
1 15 3 6 14 3 6 9 3 13 3 6 13 15 6 7 15
1 3 14 12 12
1 16 2 2 1 12 4 19 3 10 14 0 6 14 13 3 3 11
0 12 10 4 0 18 11 5 3 13 10 8 18 6
1 14 2 3 18 11 5 3 14 14 2 3 10 1 6 15
0 13 17 9 18 17 19 12 0 14 12 14 12 14 12
1 15 17 11 9 9 9 6 3 5 0 5 0 19 12 8 19
1 16 10 2 11 5 14 13 2 1 1 4 5 1 5 0 7 9
1 9 5 0 9 10 12 6 9 2 11
0 4 11 14 5 12
0 3 10 8 11
1 3 14 12 12
1 17 10 18 11 5 3 2 3 0 3 2 1 1 4 5 1 14 7
0 4 2 12 9 0
1 2 17 12
0 5 18 17 0 13 18
1 6 14 12 12 5 12 5
0 6 5 5 18 19 5 8
1 6 2 2 5 8 16 19
1 12 5 0 9 3 10 19 12 2 7 7 17 0
1 4 2 5 5 19
0 6 3 6 14 4 2 15
1 10 2 3 14 8 0 4 2 7 19 8
1 10 10 10 1 14 8 14 3 6 7 15
0 8 3 6 11 5 4 14 17 8
0 8 3 6 7 16 15 6 14 13
0 26 2 10 19 3 3 6 14 9 9 3 6 3 13 13 15 6 7 15 6 14 9 9 13 15 6 7
1 6 17 18 6 0 3 5
1 11 10 0 11 3 3 3 16 10 9 2 11
1 6 2 3 14 4 5 19
0 5 3 4 6 14 3
1 6 2 5 5 5 19 18
1 9 10 2 11 5 14 17 19 12 19
0 11 14 5 5 12 12 12 15 12 12 5 5
1 6 2 3 14 1 14 7
1 5 2 3 3 16 10
1 5 5 0 0 19 18
0 3 1 17 6
0 11 17 12 3 0 10 1 2 11 2 5 0
0 6 10 14 17 19 17 12
0 26 17 15 3 17 18 0 8 6 3 2 5 12 0 9 2 11 5 18 13 2 7 1 14 10 7 9
1 7 17 15 3 17 15 12 16
1 24 5 9 4 7 6 5 5 9 18 11 5 4 18 16 17 16 16 16 16 16 16 16 16 16
1 3 14 12 12
1 17 17 18 6 3 16 10 9 14 16 17 16 16 16 16 16 16 16
0 4 11 10 2 11
0 0 
1 8 14 12 12 12 5 12 12 5
0 6 7 11 18 6 14 13
1 6 2 5 0 5 19 18
0 18 10 10 15 3 16 10 9 2 11 5 2 11 5 6 15 15 15 15
0 15 3 9 6 0 5 15 6 14 14 3 6 3 13 13 15
0 5 9 5 12 12 12
1 18 3 6 14 9 3 13 9 9 3 13 13 15 6 14 3 13 13 15
1 8 14 5 5 5 12 12 5 12
0 10 2 3 17 11 9 9 19 9 6 18
1 16 5 5 9 10 1 14 8 10 9 2 11 5 14 8 2 18
1 10 3 6 7 15 6 14 3 6 13 15
0 9 16 17 9 2 7 7 8 1 19
1 7 17 12 9 18 4 19 18
0 7 5 5 8 4 7 9 0
1 8 3 6 14 13 15 6 7 15
0 6 5 5 18 13 19 3
0 3 13 18 2
0 4 14 8 5 12
1 16 3 6 14 3 6 3 13 13 15 6 14 9 9 3 6 3
0 6 6 7 15 15 7 17
0 8 1 8 19 3 13 5 19 18
0 3 17 11 19
0 4 9 6 15 15
0 5 13 9 0 2 13
0 8 2 2 10 5 10 19 3 14
1 5 17 15 12 8 19
1 11 10 2 11 5 0 11 11 11 3 3 0
1 13 10 2 11 5 4 1 1 0 11 3 2 7 16
0 9 14 8 12 12 5 0 12 12 12
1 11 17 15 12 1 12 8 2 7 17 19 8
0 4 12 0 2 14
0 4 5 4 9 4
0 16 10 3 11 6 10 12 4 0 19 0 12 14 5 7 19 18
0 3 9 11 11
0 9 10 4 5 17 19 12 14 12 4
1 10 2 3 10 12 8 14 5 0 19 18
0 3 17 5 15
0 5 9 9 18 19 18
0 5 11 14 4 6 15
1 7 2 2 16 9 6 15 15
1 9 10 2 11 5 14 17 19 12 19
1 7 17 15 3 2 5 0 19
1 28 10 14 17 19 12 4 7 4 7 19 4 7 19 19 4 7 19 4 7 4 7 4 7 14 12 19 14 12
0 11 5 5 5 9 10 1 14 10 19 14 5
0 8 3 6 15 6 7 15 6 15
1 8 3 6 14 13 15 6 7 15
0 1 11
1 3 14 12 12
1 17 10 10 1 3 9 9 5 0 5 0 0 0 9 10 1 6 15
1 12 14 12 5 5 12 5 5 5 5 5 12 5
1 3 17 12 8
0 8 17 18 6 15 15 1 15 15
0 2 11 19
1 6 2 3 14 1 14 7
0 10 2 2 1 12 1 14 16 15 14 0
1 17 3 6 14 3 13 3 13 13 15 6 14 9 13 15 6 14 3
0 7 3 6 14 13 15 18 7
1 12 17 12 9 16 9 0 3 3 4 8 5 19
0 4 17 2 18 11
1 6 5 5 5 5 0 19
0 2 1 11
0 0 
1 8 2 2 7 17 19 12 19 19
0 5 5 2 14 19 18
0 8 17 12 16 0 3 3 17 11
1 9 17 11 6 3 2 2 18 6 5
0 12 5 0 5 9 2 11 5 10 12 8 0 6
1 25 17 18 6 4 18 17 19 12 4 7 14 12 14 12 14 12 14 12 14 12 19 14 12 4 7
1 6 17 18 9 13 5 3
0 16 10 4 15 8 1 1 18 11 5 6 9 15 15 15 15 15
0 4 11 14 5 12
0 6 3 18 14 19 18 18
0 4 2 16 9 2
0 26 5 19 3 3 6 14 13 14 3 13 9 9 13 15 7 6 7 15 6 14 13 15 6 14 13 15
0 5 8 7 2 7 11
1 46 2 3 2 11 5 4 18 17 19 12 4 7 14 12 19 19 4 7 14 12 19 14 12 14 12 19 19 19 4 7 14 12 14 12 19 14 12 4 7 4 7 14 12 19 4 7
1 6 10 10 1 3 14 10
0 6 4 2 6 2 5 4
0 9 5 5 2 19 12 7 11 16 1
1 7 2 2 18 1 14 7 9
1 6 14 12 5 12 12 12
1 10 2 3 18 11 5 6 15 15 15 15
0 12 17 11 9 6 12 9 1 16 13 0 9 16
1 11 17 11 6 3 10 18 11 5 6 15 15
1 4 10 3 10 8
1 14 10 14 17 19 12 19 4 7 14 12 19 4 7 19
1 8 2 5 9 18 11 5 18 11
1 8 14 12 5 5 5 5 12 12
1 12 3 6 7 15 6 7 15 6 14 3 6 13
1 8 10 0 11 3 5 9 0 11
0 3 16 3 7
0 5 14 9 2 12 12
0 2 5 3
1 28 3 6 14 3 13 3 13 9 13 15 6 14 3 6 13 15 6 14 3 13 9 9 3 6 13 15 6 7
0 2 16 1
1 18 3 6 14 9 3 13 9 9 3 13 13 15 6 14 3 13 13 15
0 17 10 3 10 19 3 10 10 1 3 0 6 9 4 13 5 8 7
0 3 17 1 15
0 26 5 3 13 2 5 9 5 0 19 1 12 14 2 2 0 0 11 11 3 0 11 3 7 3 0 11
0 9 2 12 7 17 16 12 0 12 19
0 18 2 2 0 2 11 5 18 11 5 10 1 18 11 5 12 16 10 5
0 9 5 12 5 5 12 1 5 5 5
1 18 2 2 16 19 3 5 19 3 5 19 12 13 5 3 5 8 7 9
1 6 2 5 5 9 14 16
0 10 2 2 0 2 11 14 3 2 5 2
1 8 5 0 19 12 13 14 7 9
1 47 2 5 9 2 11 5 18 11 5 18 11 5 4 18 17 19 12 4 7 4 7 19 19 19 19 14 12 4 7 19 14 12 19 4 7 19 14 12 4 7 4 7 4 7 14 12 19
1 7 5 0 0 5 5 0 0
0 3 5 9 18
1 10 5 9 18 11 5 10 1 10 12 6
0 13 10 10 12 1 2 11 5 4 13 12 5 7 9
1 8 14 12 12 5 5 5 5 12
1 4 2 5 5 19
1 8 14 5 5 5 12 12 5 12
0 4 5 9 2 13
1 7 5 9 18 11 5 18 11
1 7 10 3 9 7 11 19 18
0 5 14 5 7 5 5
0 5 3 11 13 19 7
0 15 14 17 12 12 5 5 5 18 12 5 5 12 5 5 12
0 13 5 5 9 4 13 8 5 9 6 15 12 15 15
0 8 2 5 9 2 5 5 19 18
1 5 10 4 18 16 15
1 8 5 5 0 19 3 10 18 11
1 13 10 14 0 19 3 14 5 12 12 5 5 5 5
1 5 17 12 6 18 11
1 10 5 5 0 19 12 5 13 2 5 1
1 15 10 10 1 2 11 5 14 13 2 1 1 3 11 19 18
1 23 17 18 9 16 5 9 2 11 5 2 11 5 0 3 3 10 12 16 17 16 16 16 16
0 6 7 5 6 4 0 11
0 3 14 19 8
0 7 3 6 7 15 14 13 15
1 11 17 18 19 12 13 5 3 5 0 7 9
0 7 3 6 7 15 14 13 15
1 5 17 12 9 18 6
0 14 2 3 18 11 5 14 17 19 12 12 4 7 4 7
1 10 2 5 9 10 12 0 9 7 0 19
1 3 10 3 9
0 4 11 5 11 12
1 3 14 12 12
1 10 3 6 14 13 15 6 7 15 6 7
0 2 11 17
1 9 10 2 11 5 4 18 6 19 18
1 15 3 6 7 15 6 7 15 6 14 9 3 6 3 13 3
0 7 2 18 10 11 5 13 18
0 12 10 18 11 5 14 1 19 12 4 7 14 12
0 9 8 10 6 15 6 13 9 18 11
1 15 5 0 9 0 11 3 3 4 1 12 17 19 12 14 12
0 5 5 3 0 6 18
0 7 10 6 7 15 12 15 15
1 13 17 12 6 18 11 5 2 11 5 6 15 15 15
0 12 12 19 12 8 19 12 13 5 3 5 0 9
0 11 14 5 16 5 5 12 5 12 5 12 12
1 22 10 0 3 5 5 9 18 11 5 2 11 5 3 16 10 0 5 9 6 15 15 15
1 40 10 4 16 5 19 12 10 19 3 10 14 8 18 8 10 5 5 19 12 16 19 3 10 2 11 5 10 1 3 16 10 9 14 1 5 3 5 8 7 9
0 3 3 12 0
1 9 10 3 10 6 6 15 15 15 15
1 10 14 5 5 5 12 5 5 5 12 5
0 4 6 6 5 3
0 12 2 2 7 10 19 3 5 0 9 6 15 15
0 13 17 5 3 14 5 12 5 5 12 5 12 5 12
0 15 17 15 12 10 0 2 11 5 14 17 19 12 19 19 19
0 3 11 17 11
0 22 10 18 11 5 10 12 0 12 0 0 18 11 8 5 2 11 5 2 11 5 6 15
1 7 17 15 3 17 11 9 6
0 0 
0 5 3 11 13 19 7
1 12 10 0 3 2 5 8 0 14 16 17 16 16
1 7 14 5 12 12 12 5 5
0 6 2 3 10 1 12 1
0 0 
1 17 10 0 11 11 11 11 3 5 19 3 14 12 12 5 12 5 12
1 9 14 12 5 12 12 12 12 5 5
1 31 5 9 3 16 10 9 10 1 10 1 18 11 5 18 11 5 14 8 10 19 12 1 12 0 8 9 6 12 14 14 5
0 10 14 8 5 5 6 5 4 12 5 5
1 18 17 11 9 6 12 5 6 19 3 10 6 15 15 15 15 15 15 15
1 9 17 11 6 3 17 12 6 2 11
1 3 17 12 8
0 8 3 10 7 14 5 15 6 11
0 3 3 12 5
0 7 10 18 11 5 15 15 15
1 14 5 0 0 5 5 0 0 5 9 18 11 5 2 11
1 10 14 12 12 12 12 5 12 12 12 12
0 3 2 14 11
1 8 10 4 8 19 12 13 14 7
0 4 17 3 9 18
1 14 2 5 9 4 1 12 6 9 4 16 5 9 2 11
1 5 10 3 9 13 19
0 3 14 3 16
1 14 2 5 5 9 14 13 5 0 9 4 14 14 5 5
0 4 12 5 2 0
0 3 3 6 13
0 3 14 11 6
0 2 4 5
1 10 3 6 14 3 13 13 15 6 7 15
0 26 17 15 3 17 18 0 8 6 3 2 5 12 0 9 2 11 5 18 13 2 7 1 14 10 7 9
0 2 4 11
0 0 
1 7 5 9 4 0 6 15 15
1 6 10 10 1 4 10 19
1 6 17 12 6 14 4 19
0 10 2 3 10 1 14 0 9 19 3 3
0 7 12 12 19 8 19 12 12
1 4 14 5 5 12
1 10 14 5 12 5 12 12 5 12 12 12
1 4 17 15 12 16
1 10 2 5 19 3 10 2 11 5 14 1
1 9 10 18 11 5 2 11 5 2 11
0 2 15 0
1 9 17 18 8 6 3 10 10 12 1
0 7 5 5 8 4 7 9 0
1 3 14 12 12
0 8 14 5 0 0 0 0 19 18
0 12 14 14 12 12 5 5 12 5 5 5 12 5
0 3 6 13 12
0 4 9 6 15 15
0 4 19 17 15 18
0 8 10 6 15 15 19 15 15 15
1 5 5 5 0 5 19
1 6 2 2 10 9 18 11
0 6 2 2 4 19 3 8
1 7 17 18 19 12 5 4 5
1 10 14 5 5 5 12 5 5 5 12 5
0 8 10 1 12 16 9 6 15 15
0 3 1 17 6
0 5 8 7 2 7 11
1 22 10 4 5 17 19 12 19 14 12 19 4 7 14 12 14 12 14 12 14 12 14 12
0 9 2 4 14 2 3 14 0 8 18
1 11 10 10 12 4 0 19 12 16 5 5 0
0 4 17 3 9 18
1 14 10 14 4 9 18 11 5 4 7 17 19 12 14 12
0 8 15 19 18 0 3 9 9 9
1 4 2 3 6 15
0 3 14 3 16
1 3 17 12 8
1 4 2 2 8 5
1 13 5 9 18 11 5 10 1 4 14 3 6 14 3
0 4 9 10 4 17
0 10 2 3 10 1 14 0 9 19 3 3
0 2 15 11
1 2 17 12
0 3 8 3 6
0 8 6 7 15 19 14 9 9 5
1 14 2 5 5 9 14 13 5 0 9 4 14 14 5 5
1 23 14 5 5 5 5 12 12 5 12 5 5 5 5 12 12 5 5 5 5 12 5 12 5
1 4 2 3 2 11
0 4 2 18 7 6
1 6 2 5 0 19 3 3
1 12 17 15 12 14 17 18 19 12 7 4 0 5
1 5 2 2 18 13 5
1 13 5 9 3 16 10 0 0 19 12 0 6 15 15
1 5 5 5 0 5 19
0 31 12 3 6 14 9 13 15 6 14 3 13 3 6 13 13 15 6 15 6 14 9 9 3 6 9 9 9 3 3 9 3
0 4 3 11 18 17
1 14 17 11 6 12 16 9 10 1 10 1 14 8 7 16
1 7 10 2 11 5 4 16 5
0 2 0 7
1 11 14 12 12 12 12 12 5 12 12 12 5
1 7 17 18 19 3 2 2 16
0 2 8 14
0 16 7 5 4 19 3 10 18 10 11 5 10 12 16 15 9 0
0 8 5 19 0 14 0 16 0 14
0 4 3 11 6 3
1 7 5 9 2 11 5 6 15
0 7 14 19 13 12 17 5 5
0 18 12 6 7 15 6 14 9 9 3 6 3 13 9 9 9 9 13 15
0 18 10 10 15 3 16 10 9 2 11 5 2 11 5 6 15 15 15 15
0 5 12 19 6 6 15
1 8 5 5 9 4 18 17 19 12
1 9 10 14 4 19 12 5 16 15 0
0 7 0 11 14 6 5 3 9
1 13 5 9 6 15 15 15 15 15 15 15 15 15 15
1 21 2 2 0 10 1 4 5 8 1 12 4 0 0 9 10 12 1 5 0 7 9
1 12 17 18 19 3 17 18 19 3 3 6 7 15
1 11 5 19 3 2 3 4 1 1 6 15 15
1 9 2 3 3 16 10 5 5 0 0
1 6 14 12 5 12 12 12
0 8 2 0 16 10 1 5 0 9
0 3 5 15 8
1 8 5 5 0 9 14 13 5 5
0 5 17 15 12 12 19
1 8 5 19 3 2 2 2 9 0
1 8 17 12 9 2 17 19 1 0
1 10 3 6 7 15 6 7 15 6 7 15
1 4 5 0 0 0
1 4 2 3 2 11
1 7 10 18 11 5 6 15 15
1 27 17 18 19 12 18 8 7 8 8 5 9 14 17 19 12 19 4 7 19 14 12 14 12 4 7 4 7
1 19 14 12 12 5 5 12 5 12 12 5 12 5 5 12 5 5 12 5 5
0 34 10 3 12 0 5 0 19 12 8 0 19 12 0 18 11 19 5 2 11 5 3 16 10 5 19 3 17 18 9 7 13 14 14 5
0 11 14 12 17 5 12 12 12 5 5 12 12
0 7 17 2 15 2 14 0 8
0 8 14 12 10 5 12 6 5 5
1 12 2 3 0 3 5 0 9 2 11 5 3 11
0 4 19 17 15 18
0 2 18 8
1 19 10 18 11 5 2 11 5 3 11 5 5 9 10 12 0 6 0 11 11
1 24 5 5 0 9 0 3 2 7 17 19 12 14 12 14 12 14 12 19 19 4 7 19 14 12
0 6 14 15 15 5 12 12
0 5 17 15 12 12 19
0 10 14 5 5 11 12 5 12 13 12 5
1 12 5 0 5 0 19 12 14 2 5 9 14 16
1 14 3 6 14 13 15 6 7 15 6 7 15 6 14 13
1 28 5 9 4 1 12 13 5 9 18 11 5 4 8 5 19 12 5 8 5 16 15 16 0 6 4 13 14 7
1 10 5 19 3 3 6 7 15 6 7 15
0 19 5 0 0 19 12 17 5 0 9 0 11 11 11 11 3 5 9 6 15
0 17 18 7 11 9 9 3 5 0 0 0 19 12 14 5 19 12 8
0 11 5 5 5 19 12 10 0 15 8 9 0
0 4 11 9 9 9
0 7 17 19 3 2 2 2 18
1 12 2 5 5 19 3 10 0 11 3 3 6 15
1 7 17 18 6 10 1 18 11
0 5 2 3 3 6 6
0 12 17 0 9 6 2 11 5 0 11 13 11 11
1 5 5 19 12 16 0
1 9 2 3 4 1 12 1 5 8 7
1 10 14 12 5 12 5 12 5 5 12 5
1 9 17 12 9 7 1 5 8 7 9
0 5 10 4 1 1 6
0 0 
0 6 10 16 14 0 5 13
1 4 2 3 2 11
0 18 3 6 14 13 15 6 14 9 9 3 13 13 15 6 7 6 14 13
1 13 2 5 9 0 11 3 2 18 1 5 0 7 9
1 9 14 5 12 12 12 5 12 5 12
0 38 3 6 14 9 13 12 0 15 6 14 13 15 6 3 6 4 3 6 14 9 3 13 3 10 6 9 17 9 13 15 6 7 15 6 14 3 13 3
0 4 8 6 15 9
0 9 18 19 12 0 4 13 14 7 9
0 12 10 10 12 17 12 14 12 19 14 8 14 16
1 14 5 5 5 19 12 14 17 18 6 2 11 5 6 15
1 10 2 5 9 10 12 0 9 7 0 19
0 10 2 2 9 19 14 3 10 6 15 15
1 12 10 14 17 19 12 19 14 12 4 7 4 7
0 14 19 3 1 3 5 10 12 13 2 18 0 9 5 16
1 10 2 2 14 5 9 10 1 6 15 15
1 12 5 0 0 9 0 3 2 13 5 0 7 9
1 10 2 2 0 2 11 5 0 11 11 11
1 9 14 12 12 5 12 5 5 5 5
0 18 2 2 0 2 11 5 18 11 5 10 1 18 11 5 12 16 10 5
0 12 3 6 14 9 13 12 6 0 3 0 13 13
0 5 15 12 6 1 15
1 18 17 18 8 9 9 6 12 18 4 19 12 14 14 12 5 5 12 5
0 20 2 3 3 2 3 0 11 3 5 0 9 3 14 2 2 12 2 7 9 0
0 3 3 12 0
1 9 10 4 14 2 2 13 14 7 9
0 17 10 2 11 5 3 14 10 2 11 5 19 11 6 17 15 15 15
1 12 2 3 10 12 6 0 19 12 2 17 19 8
1 14 3 6 14 3 13 9 9 3 13 13 15 6 14 13
0 0 
1 8 2 2 7 17 19 12 19 19
0 16 10 3 11 6 10 12 4 0 19 0 12 14 5 7 19 18
0 11 5 9 3 3 17 15 17 8 2 7 18
0 9 3 11 8 9 10 12 4 19 18
0 20 17 12 8 15 9 6 3 10 2 11 5 2 11 5 0 1 10 12 16 15
0 6 5 12 3 8 14 12
1 9 17 18 19 12 1 12 16 15 18
1 28 10 14 17 19 12 4 7 4 7 19 4 7 19 19 4 7 19 4 7 4 7 4 7 14 12 19 14 12
1 13 2 5 5 19 3 2 5 19 3 3 6 14 13
0 15 17 12 16 0 9 14 19 17 19 12 10 4 7 14 12
0 4 7 17 15 18
0 8 17 12 6 12 16 17 16 16
1 7 17 15 3 17 11 9 6
1 8 5 0 0 19 3 3 6 7
0 18 14 16 12 5 7 5 12 5 12 5 11 5 12 5 16 5 5 12
0 3 11 5 19
0 9 17 11 15 11 9 9 6 5 16
0 4 17 18 10 9
1 9 14 12 5 5 12 5 5 12 12
0 5 9 4 5 5 18
0 9 15 2 3 0 3 2 3 6 7
1 11 5 9 18 11 5 2 11 5 10 12 0
0 4 11 14 5 5
0 13 10 10 1 0 0 14 3 10 12 4 9 18 11
1 20 2 3 14 8 8 19 12 0 0 11 11 3 2 7 4 0 5 9 2 11
0 5 1 18 3 1 11
0 3 14 10 15
1 5 10 3 10 19 18
0 7 0 11 14 6 5 3 9
1 12 2 5 5 0 19 3 3 6 7 15 6 7
0 6 6 7 15 15 7 17
1 6 14 12 5 12 12 12
0 8 12 14 9 2 5 9 17 8
0 9 17 18 8 8 9 6 3 14 12
1 5 2 3 3 16 10
1 4 10 0 3 5
0 5 18 3 15 13 15
0 32 17 9 11 6 12 16 0 5 0 17 9 14 16 15 16 5 13 2 7 17 19 12 4 7 14 12 19 4 7 4 7 19
1 11 2 3 0 3 5 9 18 11 5 6 15
0 8 1 8 19 3 13 5 19 18
1 8 3 6 14 13 15 6 14 3
1 14 17 12 19 3 5 9 3 16 10 0 9 6 15 15
1 15 5 19 3 14 5 5 5 12 5 12 12 5 12 12 5
0 11 5 5 5 9 10 1 14 10 19 14 5
1 9 5 0 0 5 9 4 10 19 18
1 17 14 5 5 12 5 5 12 5 5 5 5 12 5 12 12 12 5
0 16 5 9 18 11 5 7 0 11 3 5 0 0 9 14 6 5
1 10 10 0 3 5 5 5 0 9 6 15
0 5 16 12 7 19 2
0 14 5 0 5 9 14 16 13 17 18 16 16 18 16 16
0 3 10 0 12
0 4 12 18 7 19
0 10 17 11 9 18 3 5 5 5 0 19
1 5 10 3 10 8 6
1 18 3 6 7 15 6 14 9 13 15 6 14 9 3 13 3 13 13 15
0 4 5 15 5 14
0 18 2 5 19 3 12 18 8 18 4 5 19 12 2 7 7 17 19 8
0 3 15 12 8
0 5 14 16 5 5 12
0 4 19 6 9 15
0 5 12 18 5 17 2
0 2 1 11
0 31 2 5 0 0 0 0 5 5 9 18 11 5 18 11 5 10 12 13 10 17 5 12 14 12 11 7 19 14 12 19 19
1 13 10 4 8 5 9 18 11 5 2 11 5 6 15
1 9 2 5 5 19 3 2 3 6 15
0 8 17 18 6 0 3 0 0 18
1 17 2 5 0 9 3 9 9 0 5 5 5 19 3 2 2 8 0
1 10 14 5 5 5 12 12 12 12 12 12
1 9 5 19 3 17 18 19 12 14 14
1 16 3 6 7 15 6 14 9 3 13 3 13 3 6 3 13 3
0 3 10 15 6
1 34 3 6 7 15 6 14 9 3 13 13 15 6 14 3 6 3 6 3 6 3 6 9 9 9 3 13 9 9 3 6 3 13 13 15
1 19 17 12 8 9 9 9 6 3 17 18 19 3 17 11 9 9 6 12 13
0 4 5 11 11 5
0 5 13 14 11 1 12
1 7 2 3 4 13 14 7 9
1 17 5 9 18 11 5 4 0 3 16 10 0 5 5 5 5 19 18
0 6 7 5 6 4 0 11
0 6 2 5 0 14 18 6
1 13 3 6 7 15 6 14 3 13 3 13 3 13 13
1 18 5 5 19 12 8 5 5 5 9 14 6 19 12 18 17 19 12 19
1 8 17 18 19 3 17 15 3 14
0 3 11 14 16
1 10 10 14 6 0 0 5 0 5 19 18
1 8 14 5 12 5 5 12 12 12
1 16 5 9 10 1 14 6 19 12 1 12 0 9 13 14 7 9
1 8 14 12 5 12 5 5 12 12
1 29 5 0 9 14 8 16 19 3 10 14 17 19 12 4 7 14 12 14 12 14 12 19 4 7 14 12 19 4 7
0 6 3 1 10 17 11 3
0 3 8 18 19
1 7 2 5 9 2 11 5 0
1 12 2 5 5 19 3 10 0 11 3 3 6 15
0 11 6 9 3 14 3 2 1 1 14 5 18
1 12 17 18 9 0 4 1 1 18 11 5 6 15
0 10 5 9 4 4 5 2 12 19 1 19
0 10 2 5 9 10 12 6 0 19 16 18
1 10 10 4 18 17 19 12 14 12 14 12
1 15 3 6 14 3 6 9 3 13 3 6 13 15 6 7 15
0 8 2 5 19 18 3 5 0 16
0 3 11 11 0
1 8 2 2 16 5 19 3 17 11
1 8 2 3 0 3 5 9 4 10
0 3 17 11 19
1 12 3 6 7 15 6 7 15 6 7 15 6 7
0 0 
0 11 6 9 3 14 3 2 1 1 14 5 18
0 29 10 3 10 8 9 11 6 12 16 0 19 3 5 19 3 17 12 6 14 8 10 5 19 12 13 5 0 7 9
0 3 19 17 15
1 4 2 3 2 11
1 4 2 3 6 15
0 9 3 6 14 3 13 9 0 13 3
1 11 10 14 4 0 9 10 12 1 14 7 9
1 12 2 2 0 4 1 12 6 9 4 18 6 19
1 27 5 5 9 3 10 8 9 6 12 0 3 11 5 0 19 12 10 0 5 5 0 9 6 15 15 15 15
1 13 17 18 6 2 11 5 3 14 16 10 9 18 11
1 27 2 3 10 12 0 19 3 17 18 6 14 17 19 12 4 7 19 14 12 14 12 4 7 14 12 14 12
0 0 
0 3 18 6 18
0 5 6 2 3 18 11
0 12 5 0 5 9 2 11 5 10 12 8 0 6
0 6 17 13 10 7 19 18
1 9 10 3 11 0 9 4 8 19 18
1 14 2 2 14 2 5 19 12 16 19 12 5 16 17 16
1 6 3 6 14 9 9 3
1 55 10 18 11 5 10 12 8 0 10 1 2 11 5 0 3 2 5 13 5 0 0 5 9 4 1 1 2 11 5 3 10 9 18 0 6 10 12 6 5 9 2 11 5 10 1 0 3 2 8 9 4 10 9 6 15
1 9 2 3 3 16 10 5 5 0 0
0 17 2 3 14 8 1 12 6 0 19 19 3 17 15 12 13 14 7
0 3 7 7 15
0 7 3 6 14 13 15 18 7
1 13 10 3 2 5 5 0 9 4 16 0 9 4 13
1 7 14 12 5 12 5 12 12
1 6 5 0 0 9 4 16
1 6 2 2 8 0 0 5
0 6 17 13 10 7 19 18
1 7 17 12 8 9 9 9 6
1 9 10 18 11 5 3 14 16 10 0
1 14 10 14 4 9 10 1 10 12 8 18 0 8 6 18
0 26 5 3 13 2 5 9 5 0 19 1 12 14 2 2 0 0 11 11 3 0 11 3 7 3 0 11
0 0 
1 7 5 5 19 12 10 5 19
0 0 
0 2 1 4
1 2 17 12
0 16 2 0 4 13 1 8 10 5 19 3 3 18 11 5 2 11
1 18 17 12 6 18 11 5 10 12 13 2 14 10 4 14 3 6 14 3
1 8 10 3 11 0 0 19 12 16
1 10 2 3 3 10 19 12 7 1 14 7
1 11 17 11 9 9 6 3 5 9 14 16 17
0 6 13 10 11 13 6 14
0 5 3 1 3 13 7
1 20 10 3 14 10 6 3 9 12 11 19 12 8 5 0 0 5 5 19 12 16
0 8 14 5 14 4 5 12 1 5
1 26 5 5 19 3 17 18 19 12 7 17 19 12 19 19 19 4 7 14 12 14 12 19 14 12 4 7
0 16 5 19 3 3 6 14 9 15 6 6 14 3 13 3 6 13
0 7 5 19 18 11 5 3 15
1 9 2 5 19 12 0 10 1 18 11
1 7 5 0 9 3 2 5 19
1 9 2 5 19 3 10 4 2 9 0
0 42 17 15 12 18 13 2 0 10 12 15 19 12 14 12 19 4 7 14 12 3 19 14 12 14 12 4 7 4 7 14 12 19 14 12 4 7 14 12 14 12 4 7
0 9 14 5 12 1 5 12 5 10 6
0 5 14 9 4 13 12
1 4 2 3 4 13
0 12 12 17 11 6 12 1 12 6 14 10 6 15
1 13 17 12 19 12 5 17 19 12 4 7 19 14 12
1 23 10 2 11 5 10 12 17 19 12 4 7 19 19 19 4 7 14 12 14 12 14 12 19
0 8 11 18 14 8 6 14 9 3
0 23 5 3 6 7 15 16 6 14 3 13 3 13 3 6 9 13 15 6 14 13 15 6 7
0 0 
1 9 17 18 19 12 1 12 16 15 18
0 6 10 14 0 1 19 18
0 0 
0 2 12 5
0 8 4 3 2 9 16 8 16 0
0 11 5 9 0 3 3 2 4 4 14 2 5
0 5 5 0 17 19 18
1 21 14 12 5 12 5 12 5 12 12 5 5 12 12 5 5 5 5 5 5 12 5
1 10 14 5 5 5 12 12 12 12 12 12
1 21 10 14 0 8 9 6 3 10 2 11 5 10 12 8 5 13 2 2 17 19 8
1 5 17 15 12 8 19
0 5 13 14 11 1 12
1 2 17 12
0 13 5 12 3 12 5 12 12 5 12 12 12 12 5
1 7 2 2 18 1 14 7 9
1 8 10 0 11 3 2 5 4 0
0 9 10 4 5 17 19 12 14 12 4
0 16 2 0 4 13 1 8 10 5 19 3 3 18 11 5 2 11
1 9 10 4 0 4 0 18 11 5 0
1 12 10 18 11 5 18 11 5 2 11 5 18 11
1 9 2 2 7 0 6 6 15 15 15
0 2 7 18
0 2 7 3
1 6 17 12 6 14 4 19
1 9 2 3 14 6 0 5 0 19 18
0 5 2 13 5 8 7
1 15 5 0 9 0 11 3 3 4 1 12 17 19 12 14 12
0 16 3 6 15 15 2 7 15 6 7 15 6 14 9 3 6 13
0 7 2 0 2 13 14 7 9
0 11 10 0 5 0 0 5 9 4 13 14 14
1 6 17 15 12 2 17 0
1 13 14 5 12 12 12 12 5 12 5 5 12 5 12
0 15 5 9 2 10 1 14 1 5 13 3 9 14 7 19 9
0 6 14 5 11 5 5 12
1 8 5 0 19 12 13 14 7 9
1 7 10 3 14 14 2 2 10
1 8 17 12 9 14 3 6 7 15
0 26 10 14 4 9 4 7 4 9 4 18 8 8 5 19 12 8 0 5 9 4 14 2 13 2 9 0
0 40 10 0 3 3 3 0 3 6 3 2 11 5 0 3 3 3 11 7 0 9 10 12 8 1 5 1 14 17 19 12 14 12 4 7 19 4 7 19 4 7
0 5 11 3 6 6 15
1 4 2 3 6 15
0 7 2 11 6 6 15 9 15
1 14 2 2 16 9 18 11 5 14 1 5 3 14 7 9
1 10 14 12 12 12 12 5 12 12 12 12
1 6 17 12 8 9 6 18
1 8 2 5 0 0 19 12 16 5
0 8 19 18 5 3 6 15 15 15
0 4 9 10 4 17
1 6 17 12 19 12 16 19
1 15 17 12 8 6 3 14 5 12 12 12 5 5 5 5 12
0 7 3 6 0 7 15 14 13
1 9 5 0 9 10 1 3 16 10 5
1 16 10 0 11 3 2 14 3 6 14 9 9 3 6 3 13 13
1 6 17 18 19 12 7 1
0 9 2 18 13 19 16 5 9 2 11
1 19 3 6 7 15 6 14 13 15 6 7 15 6 14 13 15 6 14 13 15
1 9 5 19 3 5 19 12 0 14 16
1 8 2 2 0 14 0 6 2 11
0 8 14 5 5 5 12 12 2 12
1 6 2 2 10 5 19 18
1 6 5 19 3 2 5 5
0 4 10 6 19 15
0 5 6 2 3 18 11
1 15 17 11 9 9 9 6 3 5 0 5 0 19 12 8 19
0 7 3 11 7 15 6 14 9
1 10 2 5 19 3 17 18 6 6 15 15
1 31 2 2 18 17 19 12 19 4 7 19 4 7 4 7 19 19 4 7 4 7 14 12 14 12 4 7 19 19 19 14 12
0 4 2 3 15 11
0 13 2 5 0 0 8 12 18 6 19 3 3 2 5
1 7 10 10 1 0 11 11 11
0 4 10 10 18 11
0 10 5 5 5 19 10 0 3 5 19 18
0 15 14 17 12 12 5 5 5 18 12 5 5 12 5 5 12
0 13 14 5 1 12 5 12 12 12 5 5 5 5 5
0 0 
1 3 5 5 5
1 10 2 2 14 5 5 19 3 10 18 11
0 5 2 2 5 3 11
1 15 5 19 12 10 9 2 11 5 3 10 9 7 8 7 6
1 5 10 4 18 16 15
1 9 2 2 1 12 1 5 8 7 9
1 5 5 0 0 19 18
1 13 14 12 5 12 5 12 12 12 5 5 5 12 12
1 12 5 19 3 2 3 18 11 5 6 15 15 15
1 24 5 9 4 7 6 5 5 9 18 11 5 4 18 16 17 16 16 16 16 16 16 16 16 16
0 12 14 12 5 5 5 12 5 7 12 5 12 5
1 11 2 3 18 11 5 2 11 5 6 15 15
1 12 17 18 9 0 4 1 1 18 11 5 6 15
1 10 10 14 0 19 3 2 2 0 2 11
0 4 0 3 6 15
1 11 10 0 11 3 2 7 1 5 0 7 9
0 4 10 19 2 11
1 6 2 5 5 5 19 18
1 7 17 18 6 10 1 18 11
0 0 
1 5 10 3 10 8 6
1 5 17 12 9 14 14
0 7 5 18 19 12 14 14 12
0 8 3 6 11 5 4 14 17 8
1 10 3 6 14 3 6 13 15 6 14 13
0 3 3 7 6
0 4 6 9 14 17
1 14 10 14 4 9 10 1 10 12 8 18 0 8 6 18
1 18 17 15 12 10 0 9 18 11 5 4 16 5 9 18 11 5 2 11
0 4 5 9 14 5
0 11 16 1 19 8 0 9 3 11 5 19 18
0 16 17 11 6 14 10 14 8 1 1 10 6 15 15 15 1 15
0 17 10 18 11 12 5 0 3 5 19 12 9 17 11 9 9 6 18
0 12 2 5 19 9 6 9 9 0 5 0 5 10
0 3 5 18 11
1 14 2 5 19 3 10 2 11 5 6 15 15 15 15 15
1 20 10 0 11 3 3 2 11 5 0 3 5 0 19 12 1 12 1 14 7 9
1 12 3 6 14 3 6 9 9 9 3 6 13 15
1 2 17 12
0 0 
0 25 5 9 10 1 14 4 0 0 9 2 10 11 5 4 14 17 18 6 3 11 19 3 14 5 12
1 26 2 3 18 11 5 10 1 4 14 2 2 16 5 5 19 3 14 12 5 5 12 12 5 5 5 12
0 9 10 0 0 3 2 6 10 7 19
1 5 2 3 14 4 19
1 10 14 12 12 5 5 12 12 5 5 12
1 6 5 9 4 14 10 0
0 9 10 5 5 19 12 13 14 7 9
0 10 5 18 0 5 18 11 5 14 6 5
1 6 2 2 14 14 12 5
1 6 2 2 8 0 0 19
1 13 2 5 5 9 3 10 6 14 0 8 9 6 18
0 9 14 8 12 12 5 0 12 12 12
0 15 2 5 3 17 18 9 7 8 1 0 5 0 7 0 9
0 7 5 14 2 0 6 15 15
1 3 17 12 8
1 9 10 4 14 2 2 13 14 7 9
1 13 2 5 9 18 11 5 4 16 5 0 5 19 18
1 9 2 5 0 9 18 11 5 2 11
0 3 13 14 5
0 11 12 0 2 0 11 11 3 2 7 1 19
1 14 10 14 8 10 0 9 6 15 15 15 15 15 15 15
1 16 10 3 11 9 4 0 3 9 12 0 9 18 11 5 6 15
0 11 3 6 7 15 15 7 15 10 5 16 7
0 5 6 4 16 6 15
1 8 10 0 11 3 2 18 13 5
0 0 
1 6 10 4 16 0 19 18
1 13 2 5 9 18 11 5 4 16 5 0 5 19 18
0 13 10 10 12 1 2 11 5 4 13 12 5 7 9
1 7 17 11 6 3 3 6 7
1 21 17 18 6 0 3 5 0 9 2 11 5 2 11 5 14 6 19 12 2 9 0
0 15 10 14 4 0 5 5 19 3 18 19 18 12 10 5 19
1 7 10 0 11 3 2 16 5
0 3 14 1 5
0 5 12 5 12 5 5
1 14 2 5 9 4 1 12 6 9 4 16 5 9 2 11
0 0 
1 6 2 2 5 8 16 19
1 6 2 2 2 19 1 0
0 7 14 5 5 5 5 1 5
1 10 17 18 9 10 9 6 15 15 15 15
0 25 10 0 3 2 1 2 5 18 11 5 0 3 3 10 12 6 19 12 2 19 1 19 1 1 0
1 8 17 12 19 12 14 10 18 11
1 5 2 5 9 14 0
1 3 10 3 9
0 16 5 5 15 18 12 0 19 12 14 10 4 13 14 3 6 7
0 0 
1 10 10 10 1 14 8 14 3 6 7 15
1 5 2 5 5 19 18
1 8 2 3 0 3 2 10 5 19
0 14 17 15 3 14 5 6 5 12 12 5 12 12 5 12
0 12 5 5 14 5 0 9 18 12 10 19 4 7
1 8 10 3 16 10 19 12 18 1
1 7 10 14 17 19 12 14 12
0 31 2 5 0 0 0 0 5 5 9 18 11 5 18 11 5 10 12 13 10 17 5 12 14 12 11 7 19 14 12 19 19
1 12 5 5 19 3 17 18 9 7 13 3 0 11
0 4 2 0 19 18
0 4 10 12 2 11
1 5 14 12 12 12 12
0 7 17 13 3 3 6 14 13
1 11 5 19 3 2 3 4 1 1 6 15 15
1 34 3 6 7 15 6 14 9 3 13 13 15 6 14 3 6 3 6 3 6 3 6 9 9 9 3 13 9 9 3 6 3 13 13 15
1 9 5 0 9 10 12 6 9 2 11
1 9 17 18 19 12 10 9 3 14 10
0 8 17 11 9 4 8 1 18 11
0 4 5 9 2 13
1 11 17 11 9 9 6 3 5 9 14 16 17
0 7 10 3 16 0 19 3 3
0 6 5 19 9 12 5 7
1 11 10 18 11 5 10 1 3 14 9 12 11
0 3 15 1 18
1 6 10 4 14 5 0 0
1 9 2 3 6 15 15 15 15 15 15
1 13 2 5 5 9 3 10 6 14 0 8 9 6 18
1 13 14 5 12 12 12 12 5 12 5 5 12 5 12
1 13 2 2 5 4 19 12 0 4 16 5 9 18 11
1 9 5 0 0 5 9 4 10 19 18
0 8 10 6 5 3 1 15 15 15
1 7 14 5 5 12 5 5 12
0 17 10 18 11 12 5 0 3 5 19 12 9 17 11 9 9 6 18
0 11 10 10 1 16 2 3 18 11 5 14 1
0 7 12 12 19 8 19 12 12
1 5 17 12 8 9 6
1 5 17 18 8 9 6
0 18 4 6 7 15 14 14 3 13 9 3 8 9 3 9 3 13 13 3
0 19 10 4 14 2 3 10 1 10 6 10 1 2 11 14 5 0 15 15 15
0 3 3 12 5
0 3 11 14 16
0 6 5 3 3 6 0 13
1 11 10 10 1 6 15 15 15 15 15 15 15
0 11 3 6 7 0 15 6 7 15 6 7 16
1 11 5 9 18 11 5 2 11 5 10 12 0
1 10 17 18 8 6 3 5 0 0 19 18
0 4 3 6 7 6
0 4 19 10 6 15
0 24 10 10 12 13 5 3 14 8 0 3 4 16 5 18 11 13 10 1 10 12 0 19 11 18
0 4 10 19 2 11
0 6 3 6 14 18 9 13
0 16 10 2 16 2 8 8 4 1 12 8 0 18 3 17 16 10
1 8 10 4 14 2 2 7 16 15
1 4 14 5 5 12
1 6 5 0 0 9 4 16
1 24 5 9 14 8 18 17 19 12 19 14 12 4 7 19 19 4 7 19 14 12 19 14 12 19
1 7 17 11 6 3 3 6 7
1 27 2 2 0 3 14 11 9 10 12 13 3 10 1 4 0 14 17 19 12 19 19 19 14 12 19 14 12
1 19 17 15 12 18 17 19 12 14 12 19 19 14 12 14 12 4 7 4 7
0 6 0 9 12 12 0 12
1 15 10 3 14 2 5 5 9 4 7 4 19 3 17 18 19
1 15 3 6 14 13 15 6 7 15 6 14 13 15 6 14 13
0 8 4 6 14 14 3 6 11 13
1 22 14 12 12 12 5 12 12 5 12 5 5 5 5 5 5 5 5 5 12 12 5 12
1 19 2 3 3 14 9 9 5 9 2 11 5 2 11 5 6 15 15 15 15
1 7 17 11 6 12 2 17 0
1 13 17 15 3 14 5 5 5 12 12 5 12 12 5
0 2 16 19
1 19 14 12 12 5 5 12 5 12 12 5 12 5 5 12 5 5 12 5 5
1 7 10 4 8 0 19 3 14
1 34 5 5 0 0 0 5 5 9 0 11 11 11 3 2 8 9 3 9 7 11 19 3 2 5 5 9 3 10 6 2 11 5 4 16
1 17 10 18 11 5 4 5 8 10 0 9 3 2 5 9 6 15 15
1 8 14 5 12 5 5 12 5 5
0 9 14 10 1 0 14 0 14 7 9
0 6 3 16 9 3 13 13
0 26 10 5 9 10 3 16 0 9 19 12 14 5 5 0 19 3 5 9 10 1 18 11 5 10 1 0
0 18 12 6 7 15 6 14 9 9 3 6 3 13 9 9 9 9 13 15
1 11 10 0 11 3 2 7 1 5 0 7 9
0 9 2 12 7 17 16 12 0 12 19
0 11 14 5 16 5 5 12 5 12 5 12 12
0 4 11 5 11 12
0 9 17 11 15 11 9 9 6 5 16
1 15 10 3 10 8 9 9 9 6 3 2 5 0 9 2 11
0 0 
0 10 12 9 5 13 5 9 10 12 13 5
1 7 10 0 11 3 3 14 4
1 13 14 5 12 5 12 12 12 5 12 5 5 5 12
1 9 2 5 0 9 6 15 15 15 15
1 6 10 10 1 4 14 14
1 13 2 3 0 3 2 10 5 9 14 1 5 0 7
0 9 3 11 8 9 10 12 4 19 18
1 7 2 3 0 3 3 2 11
1 9 17 15 12 7 4 0 9 2 11
1 11 2 3 4 10 9 6 15 15 15 15 15
1 13 10 14 0 19 3 14 5 12 12 5 5 5 5
0 10 3 6 14 14 3 6 9 3 13 3
0 10 14 5 5 11 12 5 12 13 12 5
0 6 0 6 10 17 19 12
0 5 11 14 4 6 15
0 5 3 4 6 14 3
1 10 2 5 19 3 17 18 6 6 15 15
1 18 2 3 10 12 8 0 10 1 10 12 0 9 10 9 4 7 4 19
0 10 3 14 5 13 9 15 5 6 14 3
1 6 5 19 12 7 16 17
1 16 14 5 5 5 5 12 5 5 5 12 5 5 5 5 12 12
1 8 2 5 0 0 19 12 16 5
1 10 3 6 14 3 13 13 15 6 7 15
0 3 17 14 12
0 4 10 3 4 11
0 11 14 12 17 5 12 12 12 5 5 12 12
1 27 2 3 10 12 0 19 3 17 18 6 14 17 19 12 4 7 19 14 12 14 12 4 7 14 12 14 12
0 0 
1 8 14 5 5 12 5 12 5 5
1 13 5 9 10 1 18 11 5 3 14 16 10 9 0
1 4 2 3 6 15
0 10 14 5 12 12 5 5 5 2 12 5
0 3 17 1 15
0 3 8 18 19
1 7 5 9 18 11 5 18 11
0 5 14 5 4 12 12
1 15 10 18 11 5 10 12 17 19 12 19 19 19 14 12 19
0 10 10 17 10 12 4 19 3 10 2 11
0 18 10 0 17 3 5 5 4 18 0 14 6 10 12 1 5 3 1 9
0 0 
1 8 2 3 2 11 5 4 7 16
1 10 17 12 6 3 10 9 8 0 19 18
0 2 5 16
0 48 5 3 17 19 12 14 5 19 12 8 9 2 11 5 14 8 18 17 19 12 19 14 12 4 7 14 12 14 12 19 14 12 19 19 19 4 7 14 12 4 7 4 14 12 14 12 2 12
0 6 2 6 18 19 18 18
0 18 3 6 14 13 15 6 14 9 9 3 13 13 15 6 7 6 14 13
0 14 10 3 4 16 19 12 8 11 5 4 13 14 7 6
0 18 2 5 19 3 12 18 8 18 4 5 19 12 2 7 7 17 19 8
1 6 5 0 0 5 19 18
0 4 11 10 2 11
0 2 12 0
1 5 17 12 9 14 14
0 51 5 5 0 9 10 12 17 12 19 19 4 7 14 12 19 4 7 4 7 14 12 19 19 19 19 14 12 14 9 14 12 14 12 14 12 4 7 19 19 14 12 4 7 19 14 12 4 7 4 7 19
0 9 17 13 15 17 19 3 17 11 18
1 7 10 0 3 2 13 14 7
1 9 2 5 19 12 0 10 1 18 11
0 3 4 15 19
1 9 14 12 5 5 5 12 5 5 12
0 5 19 3 2 14 16
1 12 17 18 19 3 17 18 19 3 3 6 7 15
0 7 3 6 7 14 3 13 13
1 14 3 6 14 13 15 6 7 15 6 7 15 6 14 13
0 22 2 3 0 3 2 5 13 2 0 10 1 12 13 3 18 11 5 2 11 5 18 11
1 4 17 15 12 16
0 6 12 9 14 0 14 12
1 15 5 9 18 11 5 18 11 5 0 3 3 6 15 15 15
1 6 10 14 13 5 19 18
1 15 10 3 2 2 8 9 4 16 5 0 0 5 0 19 18
1 9 10 0 11 11 3 2 5 16 17
1 19 17 15 12 18 17 19 12 14 12 19 19 14 12 14 12 4 7 4 7
0 12 10 4 6 16 4 0 9 4 2 17 1 0
1 7 17 18 19 12 5 4 5
1 12 17 15 3 3 6 7 15 6 14 9 9 13
0 5 14 5 12 7 5
1 11 10 10 12 6 0 0 0 19 3 5 19
0 3 5 18 16
0 7 5 5 6 8 5 12 12
1 19 10 0 11 11 11 3 2 1 1 2 11 5 4 1 1 14 8 8 0
1 10 10 0 3 5 9 6 15 15 15 15
0 9 17 18 8 8 9 6 3 14 12
1 15 5 19 12 10 9 2 11 5 3 10 9 7 8 7 6
1 12 3 6 7 15 6 14 3 13 13 15 6 7
1 28 2 2 5 4 9 3 14 14 14 16 10 5 9 3 10 6 10 12 4 0 19 12 1 12 1 14 7 9
0 0 
0 4 9 2 18 19
1 18 3 6 7 15 6 14 9 13 15 6 14 9 3 13 3 13 13 15
1 12 2 3 0 3 5 0 9 2 11 5 3 11
0 4 17 11 17 2
1 14 2 2 10 0 9 3 16 10 9 18 11 5 18 11
1 12 17 12 9 16 9 0 3 3 4 8 5 19
0 24 10 10 12 13 5 3 14 8 0 3 4 16 5 18 11 13 10 1 10 12 0 19 11 18
0 10 10 14 4 5 0 4 6 5 15 3
0 5 15 12 6 1 15
1 29 5 0 9 14 8 16 19 3 10 14 17 19 12 4 7 14 12 14 12 14 12 19 4 7 14 12 19 4 7
1 4 2 3 3 11
1 14 2 3 14 0 8 9 9 9 9 9 9 9 9 9
0 13 15 3 14 7 4 5 0 19 3 3 6 7 15
0 19 5 0 9 14 6 19 10 12 8 14 2 5 0 0 4 0 9 6 9
0 9 5 5 2 19 12 7 11 16 1
0 11 3 6 7 0 15 6 7 15 6 7 16
0 9 8 10 6 15 6 13 9 18 11
1 9 10 4 0 4 0 18 11 5 0
0 8 3 6 7 16 15 6 14 13
1 26 5 0 5 19 3 3 6 14 13 15 6 14 3 6 3 6 13 15 6 14 3 6 3 13 9 13
0 5 14 16 5 5 12
0 9 9 9 14 13 5 12 12 5 16
1 10 14 12 5 12 5 12 5 5 12 5
0 14 16 10 13 6 0 9 6 15 15 15 15 15 13 8
0 9 10 4 3 6 14 13 15 6 7
0 26 14 12 5 12 5 12 5 12 5 5 12 5 12 1 12 5 5 12 12 5 5 12 5 12 8 12
0 12 14 12 5 5 5 12 5 7 12 5 12 5
1 15 2 2 8 9 14 4 19 3 5 19 3 10 3 9 17
1 6 2 3 14 13 2 8
0 5 12 6 10 4 8
0 4 9 8 9 5
1 14 2 2 1 1 14 13 3 18 11 5 0 11 11 11
0 6 5 9 14 15 18 1
1 5 14 12 12 12 12
1 11 17 15 12 14 3 6 7 15 6 14 3
0 20 5 11 12 5 19 4 17 19 12 19 19 4 7 14 12 19 19 14 1 19
0 0 
0 3 10 16 14
0 14 13 18 19 12 18 0 8 11 12 18 4 5 19 18
1 8 3 6 14 13 15 6 7 15
0 8 10 1 12 16 9 6 15 15
0 6 12 9 14 0 14 12
1 9 10 0 11 11 3 2 5 16 17
1 10 10 2 11 5 2 11 5 6 15 15
1 7 17 11 6 12 2 17 0
0 6 10 0 5 1 19 18
0 3 5 6 5
1 9 17 18 19 12 10 9 3 14 10
0 8 10 0 3 8 0 0 19 18
1 5 17 11 6 12 8
1 11 17 11 6 3 10 18 11 5 6 15 15
1 3 14 12 12
0 40 10 0 3 3 3 0 3 6 3 2 11 5 0 3 3 3 11 7 0 9 10 12 8 1 5 1 14 17 19 12 14 12 4 7 19 4 7 19 4 7
1 7 10 14 4 5 9 2 11
0 5 12 14 6 15 7
1 11 5 0 0 0 0 5 9 0 11 11 11
1 10 5 19 12 16 5 0 9 4 2 18
1 23 10 2 11 5 10 12 17 19 12 4 7 19 19 19 4 7 14 12 14 12 14 12 19
0 0 
1 9 2 2 7 0 6 6 15 15 15
0 7 14 11 9 13 6 12 10
1 10 3 6 14 13 15 6 7 15 6 7
0 1 11
1 6 2 2 10 5 19 18
1 8 14 5 12 5 12 5 5 5
0 6 3 11 11 3 5 5
1 9 17 15 3 3 6 14 9 9 13
0 8 17 11 6 8 12 4 5 19
1 5 10 0 3 5 0
0 10 2 2 9 19 14 3 10 6 15 15
0 5 3 6 7 15 15
1 10 10 4 18 17 19 12 14 12 14 12
1 10 10 0 3 5 0 19 12 2 9 0
0 6 0 9 12 12 0 12
0 2 9 5
1 13 17 11 6 3 17 18 6 2 11 5 6 15 15
0 11 10 10 1 16 2 3 18 11 5 14 1
0 8 14 6 12 5 13 2 12 5
0 4 0 3 6 15
1 9 5 5 0 0 19 12 18 0 8
1 10 17 18 9 13 5 3 5 0 7 9
1 10 14 12 12 12 5 12 5 5 12 5
1 6 10 10 1 0 3 5
1 8 14 12 5 5 5 12 12 5
1 19 10 18 11 5 0 11 3 3 3 14 16 10 0 19 3 5 0 19 18
1 10 5 9 4 13 5 3 5 8 7 9
1 12 2 5 5 0 19 3 3 6 7 15 6 7
1 13 2 5 9 4 8 9 10 1 4 2 7 17 0
0 7 2 2 2 19 14 1 0
0 7 18 2 9 12 5 12 17
0 4 14 8 5 12
0 5 0 2 5 16 0
1 14 17 12 19 3 5 9 3 16 10 0 9 6 15 15
0 14 2 5 0 19 3 17 18 19 11 12 0 12 17 12
1 8 10 10 1 3 10 8 6 18
1 8 2 5 19 3 3 6 7 15
1 12 3 6 7 15 6 7 15 6 14 3 6 13
1 13 14 5 12 5 12 12 12 5 12 5 5 5 12
0 19 5 0 0 19 12 17 5 0 9 0 11 11 11 11 3 5 9 6 15
0 0 
1 13 10 0 3 3 14 6 9 4 16 19 12 8 5
0 4 14 5 6 5
1 11 17 18 6 3 10 9 5 1 5 0 7
0 5 17 17 17 10 6
1 7 17 11 9 9 6 12 13
0 8 10 10 5 12 1 5 7 10
0 7 17 13 3 3 6 14 13
0 0 
1 7 10 4 5 17 19 12 19
1 11 2 3 14 6 5 9 18 11 5 0 11
0 8 10 18 11 5 19 6 15 15
1 14 3 6 14 9 3 13 3 13 3 6 3 13 13 15
0 12 2 10 12 8 7 9 6 19 12 0 18 11
0 11 3 6 7 15 15 7 15 10 5 16 7
1 22 10 0 3 5 5 9 18 11 5 2 11 5 3 16 10 0 5 9 6 15 15 15
0 0 
1 15 14 5 5 5 12 12 12 5 5 12 12 5 12 5 5
1 7 2 3 4 13 14 7 9
1 7 3 6 7 15 6 14 3
1 29 2 3 18 11 5 2 11 5 0 3 3 10 12 8 7 13 5 9 18 11 5 10 1 2 11 5 3 11 19
1 8 5 0 19 3 10 4 2 18
1 13 5 9 18 11 5 0 3 2 14 17 15 12 13
1 7 10 0 11 3 2 16 5
0 0 
0 22 2 3 0 3 2 5 13 2 0 10 1 12 13 3 18 11 5 2 11 5 18 11
1 4 14 5 5 12
0 19 5 3 3 2 16 10 8 10 1 0 11 11 11 11 4 11 3 5 5
0 13 10 18 19 11 5 0 16 10 0 19 12 18 0
0 13 10 2 11 5 10 1 18 7 5 6 15 15 15
0 5 2 17 15 3 5
0 9 10 10 1 3 2 5 3 19 18
0 0 
1 30 2 2 5 17 19 12 14 12 4 7 4 7 4 7 14 12 14 12 14 12 19 14 12 19 14 12 14 12 14 12
0 11 2 3 8 14 4 16 10 5 9 14 6
1 25 14 12 12 5 12 12 12 5 12 5 12 5 5 12 12 5 12 12 12 5 5 5 5 12 12
0 7 17 19 3 3 5 5 12
1 28 3 6 14 13 15 6 7 15 6 7 15 6 14 3 6 9 9 9 9 13 15 6 7 15 6 14 9 3
1 8 2 5 19 12 5 4 19 18
1 9 10 18 11 5 10 12 6 5 0
1 24 17 18 6 4 1 12 0 8 6 12 7 13 3 2 11 5 0 11 3 2 13 5 0 7
1 7 5 9 14 1 5 0 7
0 16 2 2 1 15 2 11 17 5 2 11 5 18 11 5 18 11
0 9 10 2 1 19 12 14 12 14 12
1 13 10 4 8 5 9 18 11 5 2 11 5 6 15
0 2 15 11
0 6 4 6 10 3 13 15
1 14 3 6 14 9 3 13 3 13 3 6 3 13 13 15
1 12 5 0 0 5 0 9 14 13 5 0 19 18
0 9 14 5 12 1 5 12 5 10 6
1 14 2 2 0 18 11 5 10 1 2 11 5 10 1 0
1 18 2 2 8 9 10 1 14 4 9 3 2 3 3 2 2 13 5 3
0 4 2 16 9 2
1 4 10 10 12 16
0 7 2 3 19 11 5 3 9
1 9 2 5 19 3 10 4 2 9 0
1 17 10 6 15 15 15 15 15 15 15 15 15 15 15 15 15 15 15
1 25 5 5 0 19 12 1 12 17 19 12 4 7 14 12 19 4 7 4 7 14 12 4 7 4 7
0 0 
0 2 7 2
0 8 17 12 16 0 3 3 17 11
0 7 5 19 3 7 5 15 6
0 6 5 3 3 6 0 13
0 6 4 6 10 3 13 15
0 3 10 16 14
0 12 2 2 7 10 19 3 5 0 9 6 15 15
1 9 14 12 12 12 12 5 5 12 5
0 5 16 12 7 19 2
1 8 10 0 11 3 2 5 4 0
1 17 10 10 1 3 10 9 10 9 10 1 18 11 5 3 10 8 9
0 8 10 14 17 1 19 6 4 7
0 1 11
1 22 5 0 0 0 5 19 3 14 5 12 5 5 5 12 12 5 12 5 5 5 5 5
1 11 2 3 4 10 9 6 15 15 15 15 15
1 9 5 9 18 11 5 10 1 0 11
0 14 9 0 3 14 0 8 18 6 3 14 5 5 12 12
1 8 3 6 14 9 9 3 6 13
0 17 14 5 4 12 12 18 12 19 5 12 9 5 5 5 12 12 12
1 12 2 2 18 0 9 5 16 15 16 17 19 12
1 12 2 5 0 19 12 14 10 2 11 5 6 15
1 5 2 3 14 8 13
1 9 5 9 10 1 18 11 5 14 0
0 13 10 2 11 5 10 1 18 7 5 6 15 15 15
1 9 17 11 6 3 17 12 6 2 11
1 9 14 12 5 12 5 12 12 5 12
1 5 2 2 5 16 15
0 2 18 10
1 21 3 6 7 15 6 7 15 6 14 13 15 6 14 13 15 6 7 15 6 7 15
1 8 3 6 14 13 15 6 7 15
1 11 2 5 9 10 12 17 19 12 19 4 7
0 6 2 6 18 19 18 18
1 17 2 5 0 9 3 9 9 0 5 5 5 19 3 2 2 8 0
1 6 2 2 1 1 2 11
1 31 2 5 5 9 18 11 5 4 1 12 17 19 12 19 14 12 14 12 4 7 4 7 4 7 4 7 14 12 19 14 12
1 15 2 3 3 16 10 19 12 5 8 0 3 11 9 6 15
0 11 19 0 0 7 19 12 18 8 0 5 11
1 5 10 0 3 5 0
1 27 5 5 9 3 10 8 9 6 12 0 3 11 5 0 19 12 10 0 5 5 0 9 6 15 15 15 15
1 4 17 12 6 0
1 4 5 9 14 1
1 3 14 12 12
0 8 10 6 15 15 19 15 15 15
0 4 6 17 8 6
1 10 5 9 4 13 5 3 5 8 7 9
0 8 10 0 11 11 3 2 19 18
0 20 5 9 0 11 11 3 2 16 5 19 12 14 17 18 4 14 6 5 19 18
0 3 14 5 13
0 22 10 18 11 5 10 12 0 12 0 0 18 11 8 5 2 11 5 2 11 5 6 15
1 18 2 5 19 12 18 4 5 19 12 16 9 10 12 17 19 12 14 12
0 22 3 6 14 13 17 15 6 12 14 3 6 9 13 15 6 14 6 3 6 1 13 15
0 19 2 2 18 6 9 9 14 6 0 0 9 4 10 5 9 6 15 3 15
0 8 13 2 5 9 10 12 10 19
1 7 17 15 3 2 5 0 19
0 15 3 9 6 0 5 15 6 14 14 3 6 3 13 13 15
1 3 14 12 12
0 2 12 0
0 15 5 9 4 0 3 9 7 19 19 19 3 3 19 15 18
1 10 2 2 14 5 5 19 3 10 18 11
0 22 3 6 15 6 14 13 15 6 18 14 3 13 9 9 13 15 6 14 9 3 6 13
0 7 2 2 2 19 14 1 0
1 26 5 9 4 8 9 2 11 5 4 18 6 9 2 11 5 6 15 15 15 15 15 15 15 15 15 15
0 7 19 13 17 15 12 10 17
0 12 3 14 12 3 5 5 5 12 12 12 12 12
0 5 2 3 3 6 6
1 24 5 9 14 8 18 17 19 12 19 14 12 4 7 19 19 4 7 19 14 12 19 14 12 19
1 11 10 2 11 5 10 12 1 5 0 7 9
1 10 10 2 11 5 3 10 9 10 19 18
1 4 2 5 9 0
1 55 10 18 11 5 10 12 8 0 10 1 2 11 5 0 3 2 5 13 5 0 0 5 9 4 1 1 2 11 5 3 10 9 18 0 6 10 12 6 5 9 2 11 5 10 1 0 3 2 8 9 4 10 9 6 15
1 8 14 5 12 5 5 12 12 12
0 11 17 11 6 14 3 14 5 5 5 5 18
0 18 10 4 18 0 8 9 9 9 6 12 18 17 19 2 12 4 7 19
0 7 8 2 3 1 11 6 0
0 14 17 15 3 14 5 6 5 12 12 5 12 12 5 12
1 2 17 12
1 22 5 0 0 0 5 19 3 14 5 12 5 5 5 12 12 5 12 5 5 5 5 5
0 5 5 5 19 19 7
0 6 14 15 15 5 12 12
0 5 3 10 0 19 18
1 14 5 5 5 19 12 14 17 18 6 2 11 5 6 15
1 8 2 5 9 4 1 1 0 11
0 4 10 6 15 13
0 27 14 5 5 5 12 5 5 5 12 12 12 5 5 12 5 12 5 5 5 12 12 4 14 5 12 12 12
1 14 10 14 8 10 0 9 6 15 15 15 15 15 15 15
1 6 5 19 3 2 5 5
0 0 
1 9 17 15 3 3 6 14 9 9 13
1 7 10 18 11 5 6 15 15
1 4 10 3 11 19
0 19 10 4 8 9 18 11 5 3 14 2 5 0 5 0 5 9 6 15 19
1 17 5 9 0 3 3 6 15 15 15 15 15 15 15 15 15 15 15
1 12 2 3 4 14 5 5 9 4 14 14 12 12
0 5 11 3 6 6 15
0 2 16 19
0 10 2 2 1 12 1 14 16 15 14 0
1 6 10 14 8 8 19 18
0 10 3 6 7 15 6 5 15 6 7 15
1 11 3 6 14 3 6 9 3 6 3 13 3
0 8 2 4 5 0 9 3 11 19
0 4 17 15 4 18
0 0 
0 4 14 11 8 17
0 15 5 5 0 5 1 3 3 16 10 9 4 10 3 11 19
0 16 5 9 18 11 5 7 0 11 3 5 0 0 9 14 6 5
0 11 19 0 0 7 19 12 18 8 0 5 11
1 8 10 3 11 0 0 19 12 16
1 13 2 2 5 6 0 5 5 9 10 1 6 15 15
1 16 10 3 11 9 4 0 3 9 12 0 9 18 11 5 6 15
0 9 5 12 5 5 12 1 5 5 5
0 6 4 2 6 2 5 4
1 13 2 5 9 0 11 3 2 18 1 5 0 7 9
1 13 14 12 5 12 5 12 12 12 5 5 5 12 12
1 6 2 2 10 9 2 11
0 4 2 5 0 18
1 6 10 14 13 5 19 18
0 0 
0 3 2 14 11
1 14 2 2 10 0 9 3 16 10 9 18 11 5 18 11
1 10 10 14 13 2 0 6 15 15 15 15
1 6 17 11 9 9 9 9
1 15 5 19 3 14 5 5 5 12 5 12 12 5 12 12 5
1 11 2 3 3 9 7 0 9 3 11 5 5
1 11 5 9 4 7 6 9 0 3 5 19 18
1 28 3 6 14 9 9 13 15 6 14 9 3 6 13 15 6 14 9 3 13 3 13 9 9 9 3 6 9 3
1 16 3 6 7 15 6 14 13 15 6 7 15 6 14 9 9 13
1 6 10 10 12 16 15 0
0 9 5 5 12 12 12 12 12 12 5
0 6 16 17 8 9 17 18
0 8 17 19 12 9 10 16 19 18
1 9 5 9 18 11 5 14 1 14 7
0 10 14 8 5 5 6 5 4 12 5 5
1 3 14 12 12
0 8 15 3 6 13 15 6 14 13
0 16 2 2 1 1 3 2 2 5 8 10 5 9 15 15 15 15
0 2 4 5
0 6 14 14 13 5 9 15
1 4 2 3 6 15
1 2 17 12
0 5 17 11 6 19 14
1 5 2 2 5 16 17
1 4 2 3 18 11
0 4 7 17 15 18
0 3 15 13 18
0 6 0 6 10 17 19 12
1 5 5 5 0 0 19
1 11 17 15 12 14 3 6 7 15 6 14 3
1 17 10 0 11 11 11 11 3 5 19 3 14 12 12 5 12 5 12
1 6 2 3 4 14 17 11
0 9 17 12 6 4 1 7 1 18 11
1 7 5 9 18 11 5 2 11
0 3 4 15 19
1 15 2 3 3 16 10 19 12 5 8 0 3 11 9 6 15
0 13 5 0 6 9 0 3 2 0 4 2 7 19 8
0 3 17 10 8
1 12 10 3 9 12 11 5 0 19 12 14 17 11
0 16 2 12 9 4 10 9 2 11 5 0 11 3 5 0 19 18
0 7 17 19 3 3 5 5 12
0 11 10 6 2 15 15 11 0 16 15 15 15
0 0 
0 4 5 4 9 4
1 10 10 2 11 5 3 10 9 10 19 18
0 5 3 1 3 13 7
1 18 5 19 12 16 9 3 9 13 19 3 5 5 9 2 11 5 18 11
0 8 3 10 7 14 5 15 6 11
1 13 2 2 14 10 3 14 2 5 5 19 3 17 11
1 18 17 11 9 6 12 5 6 19 3 10 6 15 15 15 15 15 15 15
1 8 17 12 19 3 3 6 14 13
0 7 19 10 0 2 3 5 8
0 3 13 6 7
1 8 5 0 19 3 10 4 2 18
0 8 10 0 3 8 0 0 19 18
0 28 17 11 9 9 9 9 6 3 2 3 15 10 19 12 10 0 0 5 19 3 5 9 3 9 13 19 12 2
1 18 17 18 6 4 0 0 11 11 3 5 9 10 12 8 5 8 7 4
0 3 14 14 5
1 7 10 0 3 2 13 14 7
1 3 5 5 5
0 5 3 6 14 1 15
1 8 2 3 0 3 2 10 5 19
1 15 14 5 5 5 5 5 12 5 5 12 12 12 12 12 5
0 20 17 12 8 15 9 6 3 10 2 11 5 2 11 5 0 1 10 12 16 15
0 7 18 4 2 7 12 17 0
0 3 2 10 3
1 7 10 14 8 14 3 6 7
0 4 3 13 15 7
1 9 14 5 12 12 12 5 12 5 12
0 3 5 16 18
1 18 17 18 8 9 9 6 12 18 4 19 12 14 14 12 5 5 12 5
1 6 17 18 19 12 7 1
1 17 10 18 11 5 4 5 8 10 0 9 3 2 5 9 6 15 15
0 16 17 11 6 14 10 14 8 1 1 10 6 15 15 15 1 15
0 13 5 5 9 4 13 8 5 9 6 15 12 15 15
1 4 10 14 4 0
1 8 10 18 11 5 6 15 15 15
0 5 10 1 16 1 0
0 8 14 5 14 4 5 12 1 5
0 2 15 0
1 16 2 5 5 5 0 9 4 1 12 6 5 19 12 13 14 7
1 19 10 0 11 11 11 3 2 1 1 2 11 5 4 1 1 14 8 8 0
1 7 2 5 9 2 11 5 0
0 4 10 17 4 6
0 7 3 6 0 7 15 14 13
0 2 18 10
0 11 5 5 9 2 11 5 3 9 9 9 18
0 10 2 5 5 19 12 8 5 5 9 18
0 3 14 7 5
1 6 17 12 8 9 6 18
1 10 14 12 12 12 5 12 5 5 12 5
1 7 10 4 8 0 19 3 14
1 18 17 18 6 4 0 0 11 11 3 5 9 10 12 8 5 8 7 4
0 2 1 4
0 7 5 18 19 12 14 14 12
0 3 17 5 15
0 7 2 12 4 11 7 10 5
0 5 3 6 1 6 13
1 7 10 14 8 14 3 6 7
1 12 5 9 10 1 6 15 15 15 15 15 15 15
1 13 5 9 6 15 15 15 15 15 15 15 15 15 15
1 9 14 12 5 12 5 12 12 5 12
1 9 5 19 12 18 8 10 5 5 19
0 32 2 2 16 9 2 11 5 18 11 9 5 18 11 5 3 2 2 14 3 6 7 15 6 14 9 13 15 6 7 15 6 7
1 7 5 9 10 12 6 9 0
1 32 10 10 1 14 17 19 12 4 7 14 12 19 19 4 7 19 19 4 7 19 4 7 4 7 19 19 14 12 14 12 4 7
0 0 
1 18 17 15 12 10 0 9 18 11 5 4 16 5 9 18 11 5 2 11
0 16 2 12 9 4 10 9 2 11 5 0 11 3 5 0 19 18
1 12 5 9 18 11 5 3 10 9 10 9 2 11
0 4 9 2 18 19
0 17 14 5 4 12 12 18 12 19 5 12 9 5 5 5 12 12 12
0 10 13 11 3 3 9 12 16 11 6 7
0 7 3 11 7 15 6 14 9
0 7 5 19 3 7 5 15 6
0 11 11 14 12 5 12 5 12 17 5 12 12
1 12 5 0 0 5 0 9 14 13 5 0 19 18
1 10 17 18 6 4 13 5 3 14 7 9
1 13 17 12 6 18 11 5 2 11 5 6 15 15 15
0 9 3 6 7 15 16 13 15 6 7
1 24 5 5 0 9 0 3 2 7 17 19 12 14 12 14 12 14 12 19 19 4 7 19 14 12
0 9 9 12 5 5 8 12 12 12 5
0 15 10 12 6 8 2 1 5 19 11 18 2 11 5 18 11
0 6 8 0 19 15 14 14
0 9 2 3 2 11 5 14 1 14 9
0 4 10 6 15 13
0 27 17 15 3 3 6 19 7 15 6 14 3 13 3 3 14 3 8 6 9 3 13 13 15 6 14 9 3
0 10 17 11 9 18 3 5 5 5 0 19
1 25 17 18 6 4 18 17 19 12 4 7 14 12 14 12 14 12 14 12 14 12 19 14 12 4 7
1 4 14 5 5 12
1 2 17 12
0 9 14 3 3 6 14 13 15 14 3
1 10 2 5 9 2 11 5 10 1 4 16
1 7 17 12 9 18 4 19 18
0 2 13 11
1 9 5 9 3 10 9 13 14 7 9
0 6 2 2 2 5 4 5
1 9 10 18 11 5 2 11 5 2 11
1 6 2 2 1 1 2 11
1 13 17 18 6 2 11 5 3 14 16 10 9 18 11
0 8 13 2 5 9 10 12 10 19
0 11 5 5 9 2 11 5 3 9 9 9 18
1 8 17 12 9 2 17 19 1 0
1 9 17 15 12 7 4 0 9 2 11
1 19 10 3 14 14 10 9 5 4 0 0 0 0 5 9 18 11 5 2 11
0 3 10 9 13
0 6 14 13 8 3 2 11
0 7 2 11 6 6 15 9 15
1 27 17 18 6 0 11 11 11 3 3 3 2 3 10 1 0 11 3 5 5 0 0 5 19 12 16 0 19
0 9 5 12 0 0 3 3 6 15 15
1 11 10 18 11 5 0 3 2 13 14 7 9
0 2 18 8
1 16 2 3 14 0 19 3 17 18 19 12 5 17 19 12 4 7
0 25 10 11 3 5 9 0 11 1 3 2 14 0 6 4 8 5 3 3 6 1 3 6 9 9 10
1 7 17 15 3 17 15 12 16
1 8 3 6 14 9 9 3 6 13
0 15 10 14 4 0 5 5 19 3 18 19 18 12 10 5 19
1 9 5 9 18 11 5 10 1 0 11
0 8 19 18 5 3 6 15 15 15
0 6 14 5 11 5 5 12
0 16 10 14 17 19 12 19 14 12 12 4 7 14 12 4 7 19
1 10 2 3 14 8 14 2 2 2 9 0
0 7 17 15 3 15 14 5 18
0 8 2 5 19 18 3 5 0 16
1 7 5 9 4 0 6 15 15
0 7 10 18 4 17 1 19 12
1 22 17 12 6 10 1 10 1 0 3 3 3 14 16 10 0 19 12 13 5 8 7 9
1 9 10 18 11 5 10 12 6 5 0
1 12 3 6 7 15 6 14 3 13 13 15 6 7
0 10 2 5 5 19 12 8 5 5 9 18
1 22 14 5 12 5 12 12 5 12 5 12 12 12 5 5 5 12 5 12 5 12 5 5
0 11 2 3 8 14 4 16 10 5 9 14 6
0 9 10 14 18 5 5 8 7 11 9
0 8 5 19 0 14 0 16 0 14
0 4 2 18 16 17
1 8 14 12 12 5 5 12 12 12
0 2 7 18
1 8 5 5 5 0 19 3 17 15
1 10 3 6 14 3 6 13 15 6 14 13
1 7 14 5 5 12 12 12 5
0 4 3 3 4 16
0 11 17 11 3 5 9 6 15 12 15 8 15
0 3 14 5 13
0 7 19 10 0 2 3 5 8
1 8 2 5 5 5 0 0 19 18
1 5 5 19 12 18 1
1 26 17 15 3 14 12 12 12 12 5 5 5 12 5 12 12 5 5 12 5 5 12 12 5 12 12 12
1 6 2 2 5 16 17 16
0 9 10 2 1 19 12 14 12 14 12
0 15 10 18 11 5 14 9 12 12 11 9 4 7 4 5 19
0 5 6 4 16 6 15
1 16 10 0 3 2 18 13 3 14 17 19 12 14 12 19 14 12
0 8 5 2 9 3 4 8 7 3
0 28 17 11 9 9 9 9 6 3 2 3 15 10 19 12 10 0 0 5 19 3 5 9 3 9 13 19 12 2
0 11 14 12 5 5 5 5 12 5 12 10 5
1 26 2 2 5 8 18 4 0 9 14 13 3 3 2 3 14 4 5 19 3 17 11 6 3 17 11 9
1 13 2 5 0 0 9 3 9 12 11 9 14 16 17
1 17 17 15 12 1 12 17 19 12 19 14 12 14 12 19 4 7 19
0 10 2 5 9 10 12 6 0 19 16 18
0 9 14 3 3 6 14 13 15 14 3
1 7 5 9 0 3 3 6 15
0 5 17 9 10 4 5
0 6 3 18 14 19 18 18
0 4 10 3 0 11
0 4 2 18 7 6
1 15 2 2 8 9 14 4 19 3 5 19 3 10 3 9 17
0 12 14 5 6 12 12 5 5 5 5 12 5 5
0 0 
0 3 5 18 16
0 4 17 18 10 9
1 7 10 3 14 10 8 9 9
1 8 10 0 11 3 2 18 13 5
0 10 2 2 0 2 11 14 3 2 5 2
1 7 10 3 14 10 8 9 9
1 12 10 10 1 10 1 14 8 8 0 19 12 13
0 11 14 12 5 5 5 5 12 5 12 10 5
1 15 14 5 5 5 12 12 12 5 5 12 12 5 12 5 5
1 8 5 19 12 13 5 0 7 9
0 5 15 15 12 19 18
1 27 2 2 0 3 14 11 9 10 12 13 3 10 1 4 0 14 17 19 12 19 19 19 14 12 19 14 12
0 6 14 12 14 17 12 8
0 15 18 6 10 1 4 7 4 9 0 3 3 6 2 15 15
1 11 17 15 3 17 11 9 9 9 9 6 18
0 2 7 2
0 0 
1 24 17 18 6 4 1 12 0 8 6 12 7 13 3 2 11 5 0 11 3 2 13 5 0 7
1 29 5 0 9 0 3 2 5 17 19 12 4 7 19 19 14 12 19 14 12 4 7 4 7 19 4 7 19 14 12
1 17 2 3 3 9 9 9 3 9 13 9 0 11 11 3 5 19 18
1 14 5 5 5 9 3 14 10 8 6 12 13 5 0 7
1 21 10 14 0 8 9 6 3 10 2 11 5 10 12 8 5 13 2 2 17 19 8
1 8 5 5 5 19 12 16 5 19
0 4 15 5 12 3
0 5 18 3 15 13 15
0 15 17 15 3 3 6 14 3 13 9 3 6 9 9 13 13
1 6 10 10 1 4 14 14
0 0 
1 9 10 3 11 0 9 4 8 19 18
1 10 5 0 5 0 9 14 13 3 18 11
0 17 3 17 3 6 13 15 6 14 3 6 9 9 9 9 4 13 15
0 12 10 4 0 18 11 5 3 13 10 8 18 6
0 9 17 12 6 4 1 7 1 18 11
1 7 17 12 9 8 9 6 15
1 18 5 9 0 3 2 16 9 10 1 0 11 3 5 19 12 8 19 18
1 17 5 0 0 19 12 18 4 9 10 12 6 19 3 14 5 5 5
1 4 17 18 9 13
1 10 3 6 7 15 6 7 15 6 7 15
0 4 5 12 9 0
1 9 17 11 9 6 3 17 15 12 13
0 1 11
1 7 10 10 12 0 9 8 19
0 4 3 6 7 6
1 5 10 4 2 7 18
1 7 10 4 2 7 7 17 0
0 7 19 13 17 15 12 10 17
1 7 2 5 19 12 2 7 18
1 16 10 0 11 3 2 14 3 6 14 9 9 3 6 3 13 13
0 3 15 1 18
1 11 10 0 11 3 3 3 16 10 9 2 11
1 5 17 12 9 18 6
1 12 10 2 11 5 14 6 19 3 17 15 3 14
0 9 2 5 5 0 11 3 5 19 18
0 3 9 11 11
1 10 5 0 9 10 12 1 5 3 14 7
1 5 14 12 12 12 12
0 7 2 17 1 3 4 10 18
0 6 10 8 1 0 18 11
0 7 10 6 7 15 12 15 15
1 5 5 5 5 9 0
1 7 3 6 7 15 6 14 3
0 15 10 12 6 8 2 1 5 19 11 18 2 11 5 18 11
0 19 5 3 3 2 16 10 8 10 1 0 11 11 11 11 4 11 3 5 5
0 1 11
0 7 2 12 4 11 7 10 5
0 15 18 6 10 1 4 7 4 9 0 3 3 6 2 15 15
0 7 10 18 4 17 1 19 12
1 18 2 3 10 12 8 0 10 1 10 12 0 9 10 9 4 7 4 19
1 13 2 5 9 4 8 9 10 1 4 2 7 17 0
1 13 5 9 18 11 5 0 3 2 14 17 15 12 13
1 12 3 6 14 9 13 15 6 14 13 15 6 7
1 16 2 3 18 11 5 4 5 4 19 3 17 12 6 3 11 5
0 10 2 2 13 0 10 5 0 16 18 10
0 6 10 4 13 14 12 7
0 2 12 5
0 4 15 5 12 3
0 7 14 11 9 13 6 12 10
1 9 5 19 3 5 19 12 0 14 16
0 4 17 15 4 18
0 16 5 5 15 18 12 0 19 12 14 10 4 13 14 3 6 7
0 0 
0 5 14 9 2 12 12
1 18 5 5 19 12 8 5 5 5 9 14 6 19 12 18 17 19 12 19
0 4 2 18 16 17
1 18 2 5 19 12 18 4 5 19 12 16 9 10 12 17 19 12 14 12
0 6 10 15 10 10 12 16
1 5 10 3 9 13 19
1 7 5 9 2 11 5 6 15
1 23 2 5 9 3 9 17 3 19 3 5 5 19 12 10 19 3 5 9 2 11 5 6 15
1 24 5 0 19 3 10 0 11 11 11 11 3 3 4 1 1 3 14 2 3 10 12 16 15 18
1 9 2 5 9 3 11 0 5 19 18
0 7 3 17 17 15 6 7 15
1 7 10 14 4 5 9 2 11
0 6 14 12 14 17 12 8
0 7 8 2 3 1 11 6 0
1 16 3 6 7 15 6 14 9 3 13 3 13 3 6 3 13 3
1 6 17 11 9 9 9 9
0 6 15 2 2 2 9 1
1 26 2 2 5 8 18 4 0 9 14 13 3 3 2 3 14 4 5 19 3 17 11 6 3 17 11 9
0 8 16 12 19 11 19 8 9 19
0 6 5 12 3 8 14 12
1 12 3 6 14 3 13 3 6 9 13 15 6 7
0 6 8 0 19 15 14 14
0 4 5 15 5 14
1 8 3 6 14 13 15 6 7 15
0 13 10 10 1 0 0 14 3 10 12 4 9 18 11
1 15 3 6 14 13 15 6 7 15 6 14 13 15 6 14 13
1 12 14 5 12 12 12 12 5 12 5 5 5 12
0 4 13 5 7 9
0 5 12 18 5 17 2
1 12 2 3 14 17 19 12 4 7 14 12 4 7
0 2 0 4
1 4 2 3 18 11
1 10 5 5 0 19 12 5 13 2 5 1
0 4 2 16 13 18
0 3 5 18 11
1 20 14 5 5 12 5 12 12 12 12 5 5 12 12 5 12 5 5 12 5 12
1 17 17 18 6 3 16 10 9 14 16 17 16 16 16 16 16 16 16
0 14 10 14 5 8 10 0 0 0 9 4 16 9 6 15
0 14 3 6 7 15 6 7 15 6 14 3 13 9 4 15
0 4 6 14 18 13
1 4 17 18 9 13
0 10 10 14 4 5 0 4 6 5 15 3
1 25 10 18 11 5 2 11 5 3 11 9 14 17 19 12 4 7 19 14 12 4 7 4 7 4 7
1 13 2 5 5 19 3 2 5 19 3 3 6 14 13
1 9 5 0 9 10 1 3 16 10 5
1 31 2 5 5 9 18 11 5 4 1 12 17 19 12 19 14 12 14 12 4 7 4 7 4 7 4 7 14 12 19 14 12
1 9 14 12 5 5 12 5 5 12 12
0 3 15 12 8
1 7 3 6 14 3 6 9 3
0 2 7 3
0 8 4 3 2 9 16 8 16 0
0 4 17 1 1 18
1 10 2 3 14 8 14 2 2 2 9 0
0 4 6 5 5 5
0 5 12 5 12 5 5
0 11 7 10 15 6 15 15 15 15 15 3 15
0 9 10 14 18 5 5 8 7 11 9
1 5 2 2 5 16 17
1 5 17 15 12 2 19
1 16 3 6 7 15 6 14 13 15 6 7 15 6 7 15 6 7
1 4 2 3 4 13
0 5 5 2 14 19 18
0 8 17 12 6 12 16 17 16 16
0 5 5 5 19 19 7
1 13 14 5 5 5 12 5 5 5 12 5 12 12 12
1 5 10 3 2 5 5
0 7 17 18 3 9 2 9 0
0 3 6 2 11
1 4 10 0 3 5
0 11 17 11 6 9 15 6 12 8 16 0 16
1 15 14 5 12 12 12 12 12 5 5 12 5 12 12 5 5
0 5 13 9 0 2 13
0 5 1 5 17 19 18
0 3 4 3 6
1 7 10 4 2 7 7 17 0
0 5 17 5 3 9 0
1 6 2 3 3 9 17 3
1 4 2 3 6 15
1 8 17 11 6 12 18 0 9 10
1 3 17 12 8
1 8 3 6 14 13 15 6 14 3
1 19 2 5 0 19 12 5 17 19 12 19 4 7 4 7 19 4 7 14 12
1 10 10 14 13 2 0 6 15 15 15 15
1 12 14 12 5 5 12 5 5 5 5 5 12 5
1 13 17 11 6 3 17 18 6 2 11 5 6 15 15
0 0 
0 10 2 2 13 0 10 5 0 16 18 10
0 13 19 2 5 6 0 0 19 3 2 3 10 12 6
1 7 10 2 11 5 4 16 5
0 4 14 11 8 17
0 13 15 3 14 7 4 5 0 19 3 3 6 7 15
1 4 10 14 0 8
1 24 2 2 14 3 6 14 9 9 3 6 13 15 6 7 15 6 7 15 6 14 9 9 13 15
1 5 2 3 14 4 19
0 15 5 9 4 0 3 9 7 19 19 19 3 3 19 15 18
0 12 10 18 11 5 14 1 19 12 4 7 14 12
0 5 2 11 6 16 18
0 17 5 0 5 5 4 9 0 3 3 18 11 5 2 11 5 6 15
0 8 15 19 18 0 3 9 9 9
1 3 14 12 12
1 15 10 14 0 6 2 11 5 3 10 9 7 13 2 18 4
1 10 10 18 11 5 4 13 5 8 7 9
0 48 5 5 5 5 9 16 3 16 10 0 19 3 2 5 0 9 3 16 10 9 14 17 19 12 19 14 12 4 7 19 19 3 12 19 19 19 19 4 7 14 12 4 7 19 4 4 7 19
1 7 10 10 12 4 9 18 11
1 16 3 6 7 15 6 14 13 15 6 7 15 6 14 9 9 13
1 12 17 15 12 14 17 18 19 12 7 4 0 5
1 8 10 18 11 5 6 15 15 15
1 29 5 0 9 0 3 2 5 17 19 12 4 7 19 19 14 12 19 14 12 4 7 4 7 19 4 7 19 14 12
0 9 3 5 9 3 2 4 2 9 0
0 13 10 18 11 19 5 8 0 3 2 10 11 9 0
1 4 2 3 2 11
1 16 10 0 3 2 18 13 3 14 17 19 12 14 12 19 14 12
1 4 2 3 18 11
0 8 14 5 5 5 12 12 2 12
1 9 2 5 5 9 4 13 14 7 9
0 5 17 19 12 14 14
1 11 10 4 16 19 3 10 18 11 5 18 11
1 10 2 3 10 12 17 19 12 19 4 7
1 7 17 15 12 16 0 19 18
0 10 13 11 3 3 9 12 16 11 6 7
0 8 10 10 5 12 1 5 7 10
0 12 17 0 9 6 2 11 5 0 11 13 11 11
0 18 3 6 14 3 6 13 15 13 12 9 13 15 6 7 15 6 19 7
1 29 2 3 18 11 5 2 11 5 0 3 3 10 12 8 7 13 5 9 18 11 5 10 1 2 11 5 3 11 19
0 3 7 7 15
0 6 2 3 10 1 12 1
0 14 19 3 1 3 5 10 12 13 2 18 0 9 5 16
1 6 17 18 8 6 3 14
0 16 2 5 0 3 5 0 0 0 19 3 12 2 11 5 6 15
1 23 5 0 9 10 12 17 19 12 4 7 14 12 4 7 19 19 19 19 14 12 19 4 7
1 15 10 2 11 5 0 3 3 4 18 6 0 5 0 19 18
1 2 17 12
0 8 11 2 0 10 12 16 17 16
0 8 4 17 11 12 9 4 6 9
1 6 10 14 8 8 19 18
1 27 17 18 6 0 11 11 11 3 3 3 2 3 10 1 0 11 3 5 5 0 0 5 19 12 16 0 19
0 0 
0 3 18 15 5
0 0 
0 5 3 6 14 1 15
1 8 2 2 14 2 3 4 5 6
1 7 14 5 5 12 5 5 12
1 7 2 3 18 11 5 2 11
1 6 2 2 2 19 1 0
1 10 2 2 0 3 11 9 6 15 15 15
1 10 3 6 7 15 6 7 15 6 7 15
1 7 5 19 12 18 6 19 18
0 5 6 2 10 0 18
1 22 5 0 5 9 10 1 18 11 5 4 1 1 6 15 15 15 15 15 15 15 15 15
0 9 14 10 1 0 14 0 14 7 9
1 13 10 3 14 14 2 3 4 0 6 15 15 15 15
1 12 10 14 8 8 0 0 19 3 17 18 19 18
0 25 10 0 3 2 1 2 5 18 11 5 0 3 3 10 12 6 19 12 2 19 1 19 1 1 0
1 7 5 19 3 2 2 8 0
1 3 5 5 5
0 10 3 6 14 14 3 6 9 3 13 3
1 10 5 5 19 3 10 6 15 15 15 15
1 19 2 5 0 19 12 5 17 19 12 19 4 7 4 7 19 4 7 14 12
1 26 17 15 3 17 15 12 8 5 5 19 12 14 17 11 6 12 10 9 18 11 5 10 12 17 19 12
1 25 3 6 14 9 3 6 9 13 15 6 14 3 6 13 15 6 7 15 6 7 15 6 14 13 15
1 4 14 5 5 12
0 0 
0 12 2 2 8 5 0 14 0 8 9 6 3 5
0 4 10 10 18 11
1 21 10 2 11 5 18 11 5 3 14 11 9 3 10 6 14 0 19 3 17 18 8
0 7 17 11 9 8 6 1 11
1 15 5 9 18 11 5 18 11 5 0 3 3 6 15 15 15
0 11 17 12 3 0 10 1 2 11 2 5 0
0 4 19 15 12 3
1 14 5 19 12 18 0 19 3 17 18 9 5 1 14 7
0 4 12 0 2 14
0 3 11 11 0
1 11 17 11 6 3 2 2 10 9 0 3 5
0 14 10 4 1 12 8 16 19 3 10 4 10 16 19 18
0 7 17 9 11 3 17 15 18
1 3 17 12 8
0 7 13 1 5 3 5 0 7
1 8 3 6 14 13 15 6 14 3
1 12 2 2 18 0 9 5 16 15 16 17 19 12
1 4 17 15 12 10
1 9 10 4 5 13 2 2 19 1 19
1 11 5 9 3 10 8 9 6 12 5 16 17
1 5 5 5 0 0 19
1 10 2 3 10 12 1 5 3 14 7 9
1 6 2 3 14 4 5 19
0 18 17 18 8 7 6 3 2 2 1 12 13 3 0 11 11 11 11 11
1 5 10 3 10 19 18
1 7 2 2 16 9 6 15 15
1 9 10 18 11 5 3 14 16 10 0
0 6 17 14 9 5 0 17
1 18 5 9 0 3 2 16 9 10 1 0 11 3 5 19 12 8 19 18
0 2 14 19
0 2 15 13
0 6 14 12 8 7 11 5
0 15 5 9 2 10 1 14 1 5 13 3 9 14 7 19 9
1 10 3 6 7 15 6 14 9 3 6 13
0 7 17 1 18 5 8 14 18
1 14 2 5 9 2 11 5 18 11 5 3 11 9 18 11
0 6 10 4 14 7 17 6
1 5 2 3 14 8 13
0 3 10 0 12
1 10 2 2 0 2 11 5 0 11 11 11
1 9 5 19 3 17 18 19 12 14 14
1 8 17 12 8 6 12 2 9 0
0 5 18 17 0 13 18
1 8 5 0 0 19 3 3 6 7
0 10 5 5 5 19 10 0 3 5 19 18
1 12 14 5 12 12 12 12 5 12 5 5 5 12
0 5 17 9 10 4 5
1 17 10 10 1 3 10 9 10 9 10 1 18 11 5 3 10 8 9
0 13 3 6 15 6 14 3 6 3 13 9 9 13 15
1 21 3 6 14 9 9 3 6 9 9 13 15 6 14 13 15 6 14 13 15 6 7
0 4 3 3 4 16
1 10 10 14 0 19 3 2 2 0 2 11
1 7 10 4 0 6 15 15 15
0 13 5 0 6 9 0 3 2 0 4 2 7 19 8
1 6 2 2 14 3 6 7
0 16 3 6 15 15 2 7 15 6 7 15 6 14 9 3 6 13
0 5 17 19 12 14 14
0 7 5 8 7 18 10 19 9
0 3 19 15 15
1 8 17 12 19 12 14 10 18 11
1 4 2 3 18 11
0 13 2 5 5 5 19 3 5 0 6 19 3 9 3
1 10 14 5 5 5 12 12 5 5 5 5
1 8 17 12 9 18 13 5 5 0
1 11 2 3 0 3 5 9 18 11 5 6 15
1 7 5 0 0 5 5 0 0
1 25 10 18 11 5 2 11 5 3 11 9 14 17 19 12 4 7 19 14 12 4 7 4 7 4 7
1 23 5 0 9 10 12 17 19 12 4 7 14 12 4 7 19 19 19 19 14 12 19 4 7
1 19 10 18 11 5 0 11 3 3 3 14 16 10 0 19 3 5 0 19 18
0 18 10 2 11 5 6 5 9 4 10 0 9 1 14 0 19 9 14 5
1 13 2 3 6 15 15 15 15 15 15 15 15 15 15
1 5 17 18 8 9 6
1 10 17 12 9 7 8 10 0 9 14 16
0 3 13 6 7
0 6 3 16 9 3 13 13
0 6 10 16 14 0 5 13
0 3 3 15 7
0 18 10 2 11 5 6 5 9 4 10 0 9 1 14 0 19 9 14 5
1 8 14 12 12 5 5 12 12 12
0 11 10 0 5 0 0 5 9 4 13 14 14
1 16 3 6 14 3 6 3 13 13 15 6 14 9 9 3 6 3
0 22 3 6 14 13 17 15 6 12 14 3 6 9 13 15 6 14 6 3 6 1 13 15
0 6 2 2 1 1 6 3
1 13 10 0 3 3 14 6 9 4 16 19 12 8 5
1 6 2 5 9 10 1 0
1 6 3 6 14 9 9 3
1 3 14 12 12
1 11 17 11 6 3 2 2 10 9 0 3 5
1 15 2 2 7 4 9 3 2 5 0 9 2 11 5 2 11
1 16 5 5 9 10 1 14 8 10 9 2 11 5 14 8 2 18
1 22 14 12 12 12 5 12 12 5 12 5 5 5 5 5 5 5 5 5 12 12 5 12
0 4 8 17 11 6
1 12 5 0 9 3 10 19 12 2 7 7 17 0
0 8 19 3 4 1 14 1 14 7
0 13 4 18 9 8 5 9 4 18 17 19 12 4 7
0 5 2 3 3 0 5
1 10 14 5 12 5 12 12 5 12 12 12
0 26 14 12 5 12 5 12 5 12 5 5 12 5 12 1 12 5 5 12 12 5 5 12 5 12 8 12
1 10 2 5 19 12 13 5 3 5 0 7
0 8 10 15 6 5 12 11 12 12
1 20 10 3 14 10 6 3 9 12 11 19 12 8 5 0 0 5 5 19 12 16
1 8 17 12 9 14 5 5 19 18
0 9 0 3 13 6 14 3 13 8 15
1 13 10 2 11 5 4 1 1 0 11 3 2 7 16
0 12 10 4 6 16 4 0 9 4 2 17 1 0
1 7 2 2 18 1 14 7 9
0 13 10 4 14 17 12 9 13 5 3 0 5 7 9
1 6 17 18 19 3 14 12
0 3 16 3 7
1 23 17 18 9 16 5 9 2 11 5 2 11 5 0 3 3 10 12 16 17 16 16 16 16
0 4 2 16 13 18
1 8 5 5 5 0 19 3 17 15
1 6 17 15 12 2 17 0
0 11 10 6 11 5 10 9 18 2 11 2 11
1 20 17 11 9 9 9 6 3 5 0 9 10 12 8 18 13 5 9 6 15 15
0 8 10 15 6 5 12 11 12 12
0 14 2 3 0 1 11 3 5 9 3 11 9 6 15 15
1 7 5 5 5 19 3 14 5
0 17 2 3 14 8 1 12 6 0 19 19 3 17 15 12 13 14 7
1 4 2 2 8 5
1 7 10 14 13 5 9 2 11
1 11 17 18 19 12 13 5 3 5 0 7 9
1 10 10 2 11 5 2 11 5 6 15 15
0 0 
0 6 6 14 9 13 15 3
0 0 
0 4 1 19 8 6
0 11 17 11 6 14 3 14 5 5 5 5 18
1 12 10 3 14 10 6 6 15 15 15 15 15 15
1 6 5 19 12 7 16 17
1 8 17 18 9 10 5 9 6 15
1 8 5 9 18 11 5 6 15 15
1 16 17 11 9 6 3 10 4 5 0 6 3 10 9 10 19 18
1 22 14 5 12 5 12 12 5 12 5 12 12 12 5 5 5 12 5 12 5 12 5 5
0 11 2 2 1 12 5 9 17 11 5 18 11
1 7 5 5 19 12 10 5 19
0 23 5 0 9 10 1 0 11 3 3 14 6 0 9 4 13 5 3 13 5 0 10 7 9
0 6 3 6 14 4 2 15
1 13 14 5 5 5 12 5 5 5 12 5 12 12 12
1 9 2 5 5 19 3 2 3 6 15
1 20 2 2 5 17 19 12 19 14 12 4 7 4 7 19 4 7 14 12 19 19
1 17 17 15 12 1 12 17 19 12 19 14 12 14 12 19 4 7 19
1 14 10 0 3 3 3 14 2 3 4 18 4 0 19 18
1 26 5 0 5 19 3 3 6 14 13 15 6 14 3 6 3 6 13 15 6 14 3 6 3 13 9 13
1 14 2 3 4 16 9 14 17 19 12 4 7 14 12 19
1 10 17 12 6 3 10 9 8 0 19 18
0 5 2 3 5 0 19
0 21 17 11 9 9 6 3 3 14 9 16 19 0 6 15 15 9 15 15 15 15 15
1 15 10 3 10 9 14 5 9 18 11 5 0 11 3 3 0
0 14 3 6 7 15 6 7 15 6 14 3 13 9 4 15
0 18 19 2 2 0 4 8 9 18 5 6 15 15 6 19 15 2 15 15
0 26 2 10 19 3 3 6 14 9 9 3 6 3 13 13 15 6 7 15 6 14 9 9 13 15 6 7
1 21 10 0 3 5 9 4 7 4 5 9 0 11 3 2 1 1 14 8 13 14 7
0 11 12 0 2 0 11 11 3 2 7 1 19
1 10 2 5 19 12 13 5 3 5 0 7
0 1 11
1 8 5 0 19 12 0 6 15 15
1 13 5 5 19 3 2 3 3 9 7 11 19 12 16
0 8 7 10 1 18 11 5 18 11
0 11 10 6 11 5 10 9 18 2 11 2 11
1 6 10 10 1 0 3 5
1 11 2 3 18 11 5 6 15 15 15 15 15
0 4 17 14 19 6
1 5 17 18 8 9 6
1 10 5 0 5 19 12 14 3 6 14 3
0 6 10 4 13 14 12 7
0 7 17 2 15 2 14 0 8
0 4 14 14 14 5
1 9 5 0 0 19 12 10 9 6 15
0 13 14 5 12 5 5 5 17 12 5 4 3 5 12
0 4 17 12 11 9
1 9 2 3 4 1 12 1 5 8 7
1 31 10 0 11 11 11 3 2 0 2 11 5 18 11 5 2 11 5 0 3 5 19 3 5 9 18 11 5 4 13 14 7
1 14 5 0 0 5 5 0 0 5 9 18 11 5 2 11
0 0 
0 0 
1 14 2 2 14 2 5 19 12 16 19 12 5 16 17 16
0 25 10 11 3 5 9 0 11 1 3 2 14 0 6 4 8 5 3 3 6 1 3 6 9 9 10
0 18 10 3 1 16 10 5 6 0 0 9 0 11 11 3 5 2 3 11
0 14 16 10 13 6 0 9 6 15 15 15 15 15 13 8
0 9 12 17 15 3 2 14 5 12 5
1 13 2 5 0 19 12 1 1 6 15 15 15 15 15
0 3 8 3 6
1 11 5 9 10 12 8 7 1 5 0 7 9
0 3 18 15 5
1 6 10 10 12 16 15 0
0 13 4 18 9 8 5 9 4 18 17 19 12 4 7
1 8 10 4 7 13 2 5 16 15
0 3 11 5 19
1 5 17 12 8 9 6
1 5 10 4 7 8 8
1 8 10 4 7 13 2 5 16 15
0 3 5 6 5
1 11 5 5 5 5 0 19 3 3 6 7 15
1 14 2 5 9 2 11 5 18 11 5 3 11 9 18 11
1 7 5 9 18 11 5 2 11
1 17 10 6 15 15 15 15 15 15 15 15 15 15 15 15 15 15 15
0 29 10 3 10 8 9 11 6 12 16 0 19 3 5 19 3 17 12 6 14 8 10 5 19 12 13 5 0 7 9
1 8 2 3 10 12 4 0 19 18
0 14 18 11 6 3 14 5 14 5 12 12 5 12 12 12
1 16 2 3 14 0 19 3 17 18 19 12 5 17 19 12 4 7
0 13 3 6 15 6 14 3 6 3 13 9 9 13 15
0 4 13 5 7 9
0 17 3 14 12 10 3 13 2 13 15 6 7 15 6 7 15 6 7
1 5 17 11 6 12 8
1 12 5 9 18 11 5 3 10 9 10 9 2 11
0 8 2 9 3 6 5 15 15 15
1 18 2 2 8 9 10 1 14 4 9 3 2 3 3 2 2 13 5 3
1 4 2 3 6 15
1 6 10 4 16 0 19 18
0 7 17 18 3 9 2 9 0
1 7 14 12 12 5 5 12 5
1 4 2 3 2 11
1 11 2 3 18 11 5 2 11 5 6 15 15
0 12 2 3 14 10 6 10 11 5 0 6 15 15
1 10 17 18 9 10 9 6 15 15 15 15
0 11 5 9 0 3 3 2 4 4 14 2 5
1 6 5 9 4 14 10 0
0 6 16 3 4 8 6 7
1 14 17 11 6 12 16 9 10 1 10 1 14 8 7 16
1 17 17 12 8 9 6 12 7 6 19 12 10 19 3 2 5 19 18
0 14 10 14 5 8 10 0 0 0 9 4 16 9 6 15
0 5 2 11 6 16 18
1 7 10 0 11 3 3 14 4
1 7 10 3 9 7 11 19 18
1 6 2 3 14 13 2 8
1 13 2 3 6 15 15 15 15 15 15 15 15 15 15
0 5 2 2 5 3 11
0 2 7 13
1 11 5 5 5 5 0 19 3 3 6 7 15
1 10 5 19 3 2 2 14 3 6 7 15
1 6 10 10 12 4 0 19
0 10 11 5 19 9 5 11 17 8 12 10
0 6 16 3 4 8 6 7
0 0 
0 17 10 3 10 19 3 10 10 1 3 0 6 9 4 13 5 8 7
0 5 15 15 12 19 18
0 2 11 11
1 11 10 18 11 5 0 3 2 13 14 7 9
1 6 2 3 10 12 6 0
0 18 4 6 7 15 14 14 3 13 9 3 8 9 3 9 3 13 13 3
1 8 3 6 14 13 15 6 7 15
0 17 5 19 3 5 3 5 9 10 12 0 9 5 8 14 1 7 9
0 0 
0 7 1 18 2 7 19 7 19
0 8 19 3 4 1 14 1 14 7
0 0 
0 7 3 17 17 15 6 7 15
1 10 5 19 12 16 5 0 9 4 2 18
1 8 2 2 0 14 0 6 2 11
1 8 5 0 0 9 6 15 15 15
1 29 10 2 11 5 4 0 0 3 2 8 5 9 0 3 2 10 5 0 5 0 0 9 4 16 9 4 2 9 0
1 16 14 12 12 5 12 5 12 12 12 12 12 5 5 5 5 5
1 6 2 2 14 3 6 7
1 19 17 15 12 7 4 9 14 17 19 12 14 12 19 19 14 12 19 4 7
0 16 10 2 16 2 8 8 4 1 12 8 0 18 3 17 16 10
1 24 5 0 19 3 10 0 11 11 11 11 3 3 4 1 1 3 14 2 3 10 12 16 15 18
0 5 6 2 10 0 18
0 10 10 17 10 12 4 19 3 10 2 11
0 4 6 17 8 6
0 18 19 2 2 0 4 8 9 18 5 6 15 15 6 19 15 2 15 15
0 7 3 6 7 14 3 13 13
1 9 10 2 11 5 4 2 7 19 8
0 6 7 11 18 6 14 13
1 30 2 2 5 17 19 12 14 12 4 7 4 7 4 7 14 12 14 12 14 12 19 14 12 19 14 12 14 12 14 12
0 8 11 18 14 8 6 14 9 3
0 12 14 14 12 12 5 5 12 5 5 5 12 5
0 5 5 3 0 6 18
0 7 2 0 2 13 14 7 9
0 6 5 5 18 19 5 8
1 27 3 6 7 15 6 7 15 6 14 3 13 3 6 9 3 6 13 15 6 14 9 3 13 9 3 13 3
1 15 10 3 14 2 5 5 9 4 7 4 19 3 17 18 19
0 8 2 5 9 2 5 5 19 18
1 2 17 12
0 15 10 4 7 0 6 2 11 5 10 12 13 2 5 19 18
1 12 10 0 3 2 5 8 0 14 16 17 16 16
0 8 2 5 0 11 6 12 9 15
0 19 14 7 12 12 12 5 14 5 5 5 5 5 5 12 5 12 5 5 17
1 9 10 14 4 19 12 5 16 15 0
1 6 17 18 19 3 14 12
0 6 5 9 14 15 18 1
0 13 14 12 5 5 5 10 5 5 12 12 12 19 12
1 5 17 15 12 2 19
0 8 16 12 19 11 19 8 9 19
1 17 5 9 0 3 3 6 15 15 15 15 15 15 15 15 15 15 15
1 12 5 0 0 9 0 3 2 13 5 0 7 9
0 5 10 4 1 1 6
1 8 14 12 12 5 5 5 5 12
0 3 3 15 7
0 6 15 18 4 2 13 11
0 0 
0 13 17 9 18 17 19 12 0 14 12 14 12 14 12
1 13 2 3 0 3 2 10 5 9 14 1 5 0 7
1 6 2 2 10 9 18 11
0 3 4 3 6
0 11 14 12 12 0 5 12 5 12 5 12 5
0 7 4 6 5 2 5 19 16
0 7 17 11 9 8 6 1 11
1 10 10 4 7 4 0 5 0 5 19 18
0 9 12 17 15 3 2 14 5 12 5
0 9 9 12 5 5 8 12 12 12 5
1 11 10 2 11 5 0 11 11 11 3 3 0
1 17 5 0 0 19 12 18 4 9 10 12 6 19 3 14 5 5 5
1 19 3 6 7 15 6 14 13 15 6 7 15 6 7 15 6 14 9 9 3
1 7 10 4 5 17 19 12 19
1 8 2 5 9 4 1 1 0 11
0 6 3 11 11 3 5 5
0 0 
1 6 2 2 2 7 9 0
0 5 14 2 8 14 4
1 11 10 10 12 6 0 0 0 19 3 5 19
0 3 11 14 18
1 8 5 5 0 9 14 13 5 5
1 9 10 3 10 6 6 15 15 15 15
0 2 15 13
0 9 10 18 18 11 5 13 0 3 18
0 4 7 7 12 17
0 16 7 5 4 19 3 10 18 10 11 5 10 12 16 15 9 0
1 20 2 3 14 8 8 19 12 0 0 11 11 3 2 7 4 0 5 9 2 11
0 9 5 12 0 0 3 3 6 15 15
1 12 3 6 14 3 6 9 9 9 3 6 13 15
1 8 14 12 5 12 5 5 12 12
1 31 5 9 3 16 10 9 10 1 10 1 18 11 5 18 11 5 14 8 10 19 12 1 12 0 8 9 6 12 14 14 5
1 14 10 0 3 3 3 14 2 3 4 18 4 0 19 18
1 10 3 6 7 15 6 14 3 13 9 3
0 14 5 0 5 9 14 16 13 17 18 16 16 18 16 16
0 6 5 13 12 9 15 15
1 16 5 9 18 11 5 3 10 9 0 3 11 9 10 1 2 11
1 10 10 4 7 4 0 5 0 5 19 18
0 5 12 6 10 4 8
1 13 3 6 14 3 6 3 13 9 3 6 3 6 3
0 3 18 6 18
0 7 5 0 18 0 5 5 0
0 2 6 18
1 19 10 3 14 14 10 9 5 4 0 0 0 0 5 9 18 11 5 2 11
0 2 3 6
1 4 5 9 14 1
0 3 11 14 18
1 9 17 11 9 6 3 17 15 12 13
0 2 3 6
1 9 2 3 10 12 1 5 0 7 9
1 16 2 3 10 1 3 10 19 12 16 9 14 8 13 14 7 9
0 3 15 13 18
1 51 2 2 7 8 1 1 3 16 10 19 12 14 2 5 0 19 12 10 5 5 5 19 3 10 0 3 5 9 10 1 3 9 19 12 2 18 6 5 9 4 1 12 6 0 0 9 2 11 5 14 1
1 11 10 2 11 5 10 12 1 5 0 7 9
1 26 17 15 3 17 15 12 8 5 5 19 12 14 17 11 6 12 10 9 18 11 5 10 12 17 19 12
0 25 5 9 10 1 14 4 0 0 9 2 10 11 5 4 14 17 18 6 3 11 19 3 14 5 12
1 15 2 3 14 13 5 19 3 5 5 5 9 10 12 13 5
0 16 10 14 17 19 12 19 14 12 12 4 7 14 12 4 7 19
1 9 2 2 8 19 12 1 1 6 15
1 12 10 14 17 19 12 14 12 19 14 12 4 7
1 4 14 5 5 12
1 7 5 9 10 12 6 9 0
1 10 5 9 3 2 3 6 15 15 15 15
0 6 0 9 4 16 0 5
0 3 14 1 5
1 4 2 3 18 11
0 36 12 9 7 0 9 7 4 9 3 9 13 5 9 4 16 0 9 3 9 12 11 5 5 5 0 3 10 14 0 9 13 5 3 5 9 7
0 0 
0 10 3 6 7 15 6 5 15 6 7 15
1 6 2 5 0 19 3 3
0 5 14 3 15 12 12
0 2 5 3
0 8 4 6 14 14 3 6 11 13
1 6 5 19 3 5 19 18
1 15 17 12 8 6 3 14 5 12 12 12 5 5 5 5 12
0 6 10 4 14 7 17 6
1 8 5 9 18 11 5 6 15 15
1 22 5 0 5 9 10 1 18 11 5 4 1 1 6 15 15 15 15 15 15 15 15 15
1 8 2 5 9 0 3 5 19 18
1 10 2 3 3 10 19 12 7 1 14 7
