989 20
1 12 8 7 9 1 1 12 3 8 14 8 17 8
1 10 12 7 1 4 4 4 0 17 1 0
1 16 8 5 5 7 9 5 5 5 18 7 18 9 15 12 11 8
0 6 10 11 12 0 2 6
0 12 10 2 18 16 5 0 18 12 10 12 0 16
1 7 2 9 2 6 11 13 13
0 5 10 11 18 12 2
0 7 10 11 8 19 10 11 10
0 12 2 7 8 1 10 0 0 8 2 11 7 0
0 4 13 12 7 1
1 8 2 7 12 7 1 4 4 0
1 4 2 7 18 19
0 7 12 11 16 19 17 16 19
1 18 8 1 8 1 10 0 5 19 7 19 16 9 14 19 7 19 7 19
0 8 18 16 10 8 7 7 11 11
0 6 18 19 11 6 6 8
0 11 1 7 9 5 7 9 18 10 7 9 5
0 6 5 2 9 18 7 12
1 16 8 18 7 10 3 9 17 12 10 3 11 12 18 10 10 3
0 5 2 9 18 9 4
0 13 10 0 5 19 4 7 19 7 19 16 9 0 0
1 11 12 3 8 8 14 8 14 8 8 8 17
0 12 12 3 8 8 8 8 14 8 14 13 8 17
0 5 2 7 2 18 4
1 14 12 17 14 8 8 8 8 14 8 14 8 14 8 17
1 7 10 2 11 12 4 12 0
1 6 10 0 5 19 5 5
0 5 18 16 9 7 9
0 8 18 17 17 7 6 11 11 13
0 12 12 3 8 8 8 8 14 8 14 13 8 17
1 7 8 1 8 1 2 7 2
1 7 8 1 18 16 7 6 11
0 5 12 17 17 0 8
1 9 8 19 11 7 18 9 7 12 11
0 24 8 5 5 5 5 1 10 0 8 19 9 0 12 4 12 2 11 2 11 12 4 19 12 6
1 6 8 1 10 2 11 6
1 10 12 17 14 8 14 8 8 8 17 8
1 5 10 2 5 12 2
1 7 10 0 0 0 5 19 5
0 8 12 7 1 17 1 0 2 1
0 14 8 5 5 7 9 1 5 5 5 1 19 11 7 9
1 8 10 0 8 19 7 19 9 16
0 3 18 6 4
0 4 14 11 7 18
0 5 19 18 8 7 11
0 5 19 10 0 0 6
1 9 8 7 9 1 1 18 7 18 12
1 14 8 1 12 3 8 8 14 8 14 8 14 8 17 8
0 12 8 18 7 7 11 0 11 11 11 11 11 11
0 3 9 11 12
1 9 2 7 10 10 12 10 18 0 6
1 8 2 7 12 7 1 4 4 0
0 9 16 4 18 16 12 8 6 7 5
1 6 10 0 14 19 16 5
0 3 1 11 4
0 10 10 10 18 0 0 11 0 12 7 6
0 3 19 10 12
0 9 19 8 18 12 18 10 15 16 2
0 7 2 18 12 18 11 12 11
0 6 12 3 8 17 1 8
0 5 10 11 18 12 2
0 2 11 2
1 6 10 2 11 0 0 6
1 10 2 9 12 3 8 14 8 8 17 8
1 17 8 5 5 7 9 1 5 1 18 7 11 8 7 11 11 11 11
0 7 10 10 18 0 16 12 0
0 6 12 14 14 8 17 8
0 3 5 12 2
0 16 6 7 16 18 19 17 1 0 17 1 17 16 17 1 4 4
1 7 8 7 9 1 18 7 11
1 19 2 9 12 7 1 4 0 17 16 19 17 16 19 17 16 19 17 16 19
0 6 3 5 8 14 8 17
0 14 8 1 7 9 0 5 19 11 7 11 11 11 11 11
0 5 12 12 0 7 14
1 7 8 1 10 0 8 19 5
1 7 8 18 7 11 8 18 10
0 5 0 18 11 18 11
1 14 8 1 12 3 8 8 14 8 14 8 14 8 17 8
0 18 7 16 19 16 19 17 16 19 17 1 4 4 0 4 17 1 4 0
0 7 12 14 8 14 8 17 8
0 1 6
0 2 12 19
1 5 2 7 18 16 7
0 2 2 18
1 14 8 5 5 7 9 1 19 11 7 11 8 18 11 12
0 5 1 18 19 6 6
0 2 4 2
1 13 8 1 10 10 12 10 12 2 5 5 4 12 6
0 4 14 0 19 6
0 7 10 11 8 19 10 11 10
0 8 10 2 5 11 3 18 0 6
1 6 8 1 8 5 5 19
0 2 15 8
0 4 9 17 17 8
0 14 18 4 10 0 15 19 5 11 16 7 19 9 8 19
0 5 10 16 0 5 6
1 7 18 16 4 8 19 9 2
0 2 16 5
0 3 16 7 11
0 12 2 7 10 15 0 7 8 12 9 9 9 8
1 7 2 7 2 9 8 1 2
1 5 8 1 8 5 1
0 9 19 8 18 12 18 10 15 16 2
0 6 2 7 18 7 4 14
0 2 16 10
0 7 12 17 2 14 14 7 8
1 8 8 5 5 19 10 18 17 2
0 6 8 13 5 18 11 8
0 10 4 12 7 1 4 4 2 0 17 16
0 6 14 2 10 17 19 7
1 18 10 0 5 19 5 7 19 5 7 19 9 16 0 6 0 9 0 9
0 8 18 16 7 9 12 3 17 8
1 6 10 10 18 12 0 16
0 3 3 17 8
0 3 8 4 17
1 6 8 1 8 19 17 3
0 4 12 17 18 12
0 19 18 16 11 10 0 0 9 18 12 12 4 10 0 10 18 12 2 11 7
0 3 8 4 17
0 9 8 19 11 7 18 11 7 15 11
0 15 12 7 1 7 0 17 16 19 17 16 19 17 1 4 4
0 3 18 14 10
0 6 19 10 3 10 10 11
0 4 13 12 7 1
0 5 8 3 13 2 4
0 8 8 1 8 18 10 19 2 7
0 6 10 10 0 9 9 8
1 7 8 7 9 1 18 7 11
0 3 15 6 0
0 4 5 7 16 18
1 8 8 5 1 18 12 18 9 2
0 19 18 16 11 10 0 0 9 18 12 12 4 10 0 10 18 12 2 11 7
1 8 10 2 11 10 5 4 12 6
1 14 8 5 5 5 1 18 12 18 11 7 10 3 10 10
0 10 10 10 18 0 0 11 0 12 7 6
1 10 2 7 18 16 7 7 8 1 18 4
0 5 10 16 0 5 6
0 2 6 10
1 7 10 0 5 19 7 19 16
0 11 1 7 9 5 7 9 18 10 7 9 5
1 14 18 16 4 12 17 8 14 8 14 8 14 8 17 8
0 6 18 7 19 18 12 12
0 6 2 16 18 7 18 12
0 9 4 8 18 12 11 8 11 11 8
0 3 1 11 4
0 4 1 9 1 13
0 3 11 10 13
0 4 3 7 15 2
0 10 8 18 12 15 11 11 11 11 11 11
0 7 8 18 12 10 3 8 3
1 9 8 5 5 7 9 5 19 17 2
1 6 8 5 5 18 12 7
0 3 1 18 10
1 11 2 7 2 7 8 19 10 18 11 7 10
0 5 7 13 8 11 4
1 18 12 7 1 4 4 4 0 17 1 4 4 0 17 1 0 17 16 19
1 12 2 7 2 9 2 6 11 13 13 13 13 13
0 11 8 19 11 14 10 2 3 18 11 7 10
0 3 18 18 12
0 8 8 1 8 18 10 19 2 7
0 2 3 4
0 3 8 8 17
0 4 3 7 15 2
0 7 10 5 12 9 9 9 8
1 10 12 17 14 8 14 8 8 8 17 8
0 6 2 6 3 11 13 13
0 3 2 12 1
0 5 0 0 17 3 6
0 3 13 18 4
1 13 18 16 7 7 8 7 9 5 19 11 7 10 3
1 10 8 5 5 5 5 1 10 0 0 6
0 4 17 11 8 10
0 5 13 5 4 12 2
1 4 18 16 7 9
1 30 18 16 4 18 16 7 7 10 0 14 19 7 19 9 14 19 7 19 9 14 19 16 16 16 7 19 9 5 19 16
0 5 16 1 19 6 11
1 8 2 7 2 7 2 6 11 13
0 3 12 7 9
0 11 18 13 16 7 9 12 8 16 19 17 16
1 5 10 10 12 12 6
0 5 16 7 9 5 1
0 5 12 3 8 17 7
0 9 8 9 5 5 2 5 5 5 1
0 11 8 19 11 14 10 2 3 18 11 7 10
0 3 14 18 10
1 37 10 2 11 0 14 19 9 14 19 9 5 19 5 16 7 19 7 19 16 16 16 7 19 7 19 5 9 14 19 7 19 5 5 9 0 12 12
0 10 17 1 2 6 11 13 13 13 13 11
1 9 2 7 10 10 12 10 18 0 6
0 5 12 17 17 0 8
1 12 8 19 11 7 10 3 9 7 7 18 17 5
1 13 2 7 12 7 16 19 17 1 4 4 0 17 1
0 20 2 9 2 6 18 16 4 0 2 9 12 17 14 0 8 10 8 17 2 17
0 8 18 16 7 9 12 3 17 8
0 3 15 19 9
0 5 18 7 12 18 12
1 8 18 16 4 12 3 8 17 8
1 9 2 9 12 7 16 19 17 16 19
0 3 16 10 0
1 12 8 19 11 7 10 3 9 7 7 18 17 5
0 9 13 7 1 5 7 18 7 7 11
1 5 8 1 8 5 1
0 3 11 16 7
1 9 10 10 5 4 18 0 0 0 6
0 6 12 3 8 8 16 17
0 8 10 12 0 14 19 7 19 19
0 10 8 5 1 1 12 17 8 13 17 0
0 9 17 8 5 4 1 18 7 11 11
1 8 10 12 4 12 0 16 0 9
0 6 2 9 10 12 7 8
1 10 2 9 10 2 5 12 10 18 12 6
0 5 19 4 0 12 4
0 3 4 12 1
1 5 10 10 18 0 2
1 4 2 7 18 19
0 4 14 0 19 6
0 3 8 13 0
0 15 12 3 14 8 17 8 14 8 8 18 8 14 5 17 8
0 8 10 10 5 3 18 12 12 0
0 10 17 1 2 6 11 13 13 13 13 11
0 13 8 7 9 1 7 8 1 19 17 5 3 17 14
1 16 12 17 8 14 8 14 8 14 8 8 8 14 8 14 8 17
0 9 8 18 17 12 11 8 18 17 2
1 5 10 10 18 0 2
0 4 8 18 3 2
0 7 10 12 7 12 12 6 0
0 4 2 8 11 13
0 10 11 18 7 7 11 11 16 11 11 11
0 5 3 10 7 7 19
0 5 2 4 12 17 4
0 16 6 7 16 18 19 17 1 0 17 1 17 16 17 1 4 4
0 3 16 6 4
0 4 8 18 7 0
0 6 2 7 18 11 19 4
0 6 12 7 16 19 16 19
0 2 16 13
1 8 2 7 10 0 0 12 12 8
0 3 6 19 11
0 25 8 5 5 1 10 10 5 4 12 2 5 5 3 3 5 12 0 5 19 7 19 9 0 12 0
0 8 8 18 6 4 10 3 17 3
0 3 9 18 4
0 13 8 7 9 1 7 8 1 19 17 5 3 17 14
0 2 16 13
1 7 2 9 18 16 4 18 4
0 5 2 18 17 4 2
1 16 18 16 4 10 10 5 3 5 18 12 10 12 10 12 2 5
1 14 10 0 5 19 5 16 5 9 5 19 16 5 16 9
0 6 12 3 8 17 1 8
0 5 10 0 7 19 5
0 5 2 2 18 12 4
0 14 2 9 8 7 1 8 1 19 17 8 5 3 17 3
0 6 12 3 8 8 16 17
0 6 19 10 3 10 10 11
1 7 8 1 8 1 2 7 2
0 4 10 12 8 6
0 7 10 14 19 7 13 19 9
1 16 10 2 11 0 0 10 18 12 12 4 0 0 0 10 12 6
0 6 19 19 6 14 6 11
1 5 18 19 6 6 6
1 21 10 0 8 19 16 5 9 0 12 4 12 10 12 10 12 2 11 0 0 0 16
1 13 10 2 5 12 12 4 0 12 12 9 9 9 9
0 7 18 16 7 9 16 18 4
0 7 8 5 16 18 12 12 11
0 5 19 4 0 12 4
0 3 14 18 10
0 4 18 7 18 16
1 6 10 10 12 0 8 19
0 5 8 13 12 15 18
1 12 12 17 8 14 8 14 8 8 8 14 8 17
1 7 2 9 2 9 10 2 5
0 5 2 18 6 18 12
1 12 8 1 2 6 11 13 13 13 13 13 13 13
0 4 2 9 12 6
0 13 10 0 5 19 4 7 19 7 19 16 9 0 0
1 6 8 1 10 2 11 6
1 14 8 5 1 5 1 18 12 18 9 7 12 18 17 2
0 4 10 2 12 10
0 4 2 9 12 16
1 7 18 16 4 8 19 9 2
0 2 4 2
0 12 12 17 14 8 14 1 19 8 17 12 17 8
1 6 10 12 4 12 12 0
0 3 12 9 18
1 6 10 12 4 12 12 0
1 10 12 7 16 19 17 1 0 17 16 19
1 10 10 10 12 10 12 12 12 9 9 8
1 10 8 7 9 1 5 5 19 9 17 12
0 5 12 7 8 18 12
1 10 8 7 9 1 7 9 5 1 10 6
0 10 2 19 6 11 13 13 13 13 13 13
1 29 12 7 16 19 17 1 0 17 1 4 0 17 16 19 17 1 4 0 17 16 19 17 16 19 17 16 19 17 1
0 3 19 8 4
1 13 12 3 8 8 14 8 14 8 14 8 8 17 8
0 4 2 7 19 0
1 9 12 7 1 0 17 16 19 17 1
1 13 10 10 12 10 12 12 4 12 12 12 9 9 8
0 3 19 4 2
0 3 7 18 6
0 8 6 8 19 17 5 3 10 7
0 6 19 19 6 14 6 11
1 14 10 0 5 19 5 16 5 9 5 19 16 5 16 9
0 4 19 7 3 12
0 3 18 10 17
1 10 12 7 1 4 4 4 0 17 1 0
0 12 2 7 8 1 10 0 0 8 2 11 7 0
0 3 10 2 6
0 4 10 0 3 6
1 9 12 17 14 8 14 8 8 17 8
1 4 10 12 12 8
0 4 2 9 12 6
1 7 2 9 2 6 11 13 13
1 12 8 7 9 1 18 7 11 8 11 8 7 11
1 10 8 5 1 7 9 1 19 17 14 8
0 18 7 16 19 16 19 17 16 19 17 1 4 4 0 4 17 1 4 0
1 5 10 12 12 9 8
0 6 12 14 14 8 17 8
0 2 12 4
0 4 10 12 0 6
1 13 2 9 8 7 9 5 7 9 1 19 17 14 8
1 6 18 16 7 9 10 6
0 4 8 7 11 14
0 3 6 6 6
0 25 10 0 8 19 7 19 9 14 19 9 5 19 9 14 19 7 19 5 19 5 7 19 9 5 19
0 2 14 18
0 20 2 7 8 19 11 2 12 18 10 18 15 9 5 7 7 7 11 11 11 11
1 30 18 16 4 18 16 7 7 10 0 14 19 7 19 9 14 19 7 19 9 14 19 16 16 16 7 19 9 5 19 16
0 5 16 1 19 6 11
1 4 18 16 7 9
0 5 2 2 18 12 4
1 12 2 7 8 5 5 1 2 7 18 7 18 12
0 3 18 18 12
0 7 13 19 1 18 12 10 3
1 9 2 7 10 12 4 0 10 12 0
0 6 2 16 18 7 18 12
1 16 2 9 12 3 8 14 8 8 14 8 14 8 8 8 8 17
1 8 2 7 2 7 2 6 11 13
1 12 8 7 9 1 1 12 3 8 14 8 17 8
1 6 10 10 18 12 12 0
0 2 14 18
0 6 10 11 12 0 2 6
0 13 18 10 10 12 10 3 12 10 18 0 0 0 5
0 2 8 12
1 19 2 9 12 7 1 4 0 17 16 19 17 16 19 17 16 19 17 16 19
0 3 17 6 16
0 8 3 8 14 8 14 8 17 8
0 2 12 4
0 9 7 8 19 17 16 19 17 16 19
1 8 10 12 4 12 0 16 0 9
0 5 8 8 3 11 11
0 2 2 18
0 3 12 11 13
1 8 8 1 10 10 5 3 11 6
0 3 2 19 6
1 6 10 10 12 0 8 19
0 8 10 12 0 14 19 7 19 19
0 3 15 5 9
0 4 2 7 19 0
1 13 12 3 8 14 8 8 14 8 8 14 8 17 8
0 2 12 7
1 6 2 7 10 2 11 6
0 4 15 15 18 4
0 12 12 17 8 8 8 8 14 5 8 8 17 8
1 7 8 5 1 1 10 12 0
0 2 15 8
0 14 2 19 8 1 12 3 14 8 8 8 6 8 14 17
0 7 2 7 3 19 8 15 1
0 7 10 10 18 0 16 12 0
0 7 18 16 7 6 13 13 13
0 32 10 11 10 18 12 2 11 0 0 10 18 12 2 11 0 5 19 9 14 19 9 14 19 0 5 19 7 19 9 16 0 9
0 5 3 7 15 16 19
0 10 8 7 9 5 8 9 5 18 7 7
1 13 2 7 12 7 16 19 17 1 4 4 0 17 1
1 14 8 1 10 2 11 2 5 5 3 5 12 12 12 8
0 10 18 16 4 2 11 14 2 2 12 8
0 7 18 16 7 9 16 18 4
1 22 10 0 8 19 9 8 19 5 5 7 19 7 19 7 19 5 16 7 19 9 8 19
1 15 8 7 9 5 18 7 7 11 11 11 11 11 11 11 11
0 14 6 11 13 13 17 13 13 13 13 13 13 13 13 13
1 10 8 5 1 7 9 1 19 17 14 8
1 18 8 1 8 1 10 0 5 19 7 19 16 9 14 19 7 19 7 19
0 6 19 4 2 7 10 6
0 9 2 9 15 3 3 7 14 8 14
0 5 2 6 3 16 3
1 8 18 16 7 9 2 9 12 2
1 9 8 7 9 5 18 12 11 8 7
0 2 16 10
0 13 8 7 9 5 7 9 17 18 7 13 18 9 5
0 7 9 1 5 5 18 7 7
0 2 12 19
0 14 18 4 10 0 15 19 5 11 16 7 19 9 8 19
0 4 3 9 1 6
0 5 18 16 9 7 9
1 10 2 7 18 16 7 7 8 1 18 4
1 10 12 17 14 8 8 8 14 8 17 8
0 3 14 19 1
0 12 10 2 18 16 5 0 18 12 10 12 0 16
0 4 17 0 9 19
0 6 2 13 9 10 12 4
0 8 14 0 18 19 6 7 14 19
1 18 10 0 5 19 5 7 19 5 7 19 9 16 0 6 0 9 0 9
1 5 8 18 12 11 8
1 18 8 1 8 5 1 18 7 10 3 11 12 18 9 17 7 18 10 10
0 7 19 11 12 7 11 11 11
0 3 18 6 4
0 32 10 11 10 18 12 2 11 0 0 10 18 12 2 11 0 5 19 9 14 19 9 14 19 0 5 19 7 19 9 16 0 9
0 2 17 11
0 5 7 19 7 16 19
0 9 8 19 11 7 18 11 7 15 11
1 11 10 0 16 0 9 0 6 0 9 0 9
0 6 12 3 15 15 3 17
0 2 8 3
0 3 15 16 7
0 15 2 7 12 7 14 0 17 1 0 17 16 19 17 16 19
0 4 4 7 18 12
1 7 10 2 11 12 4 12 0
0 6 8 13 5 18 11 8
1 11 10 2 11 12 4 12 10 18 0 0 16
1 8 10 10 5 3 5 18 0 6
0 7 12 7 3 16 19 17 1
1 15 8 1 8 18 12 11 8 18 11 7 18 10 18 17 14
0 2 5 13
0 2 19 17
0 4 10 0 3 6
1 8 18 16 7 9 18 7 18 12
0 12 8 5 1 18 12 16 7 5 7 2 6 11
0 5 0 0 17 3 6
1 8 10 2 5 12 2 5 5 4
0 8 2 2 11 6 11 15 17 13
0 4 2 7 0 13
0 6 18 0 19 0 9 11
0 8 8 18 12 10 3 10 12 11
1 10 12 7 16 19 17 1 0 17 16 19
0 15 12 18 3 8 14 8 14 8 8 14 8 13 0 17 3
0 4 18 7 18 15
1 10 2 9 10 2 5 12 10 18 12 6
1 6 8 5 1 1 2 7
0 8 14 12 17 18 7 12 16 19
1 37 10 2 11 0 14 19 9 14 19 9 5 19 5 16 7 19 7 19 16 16 16 7 19 7 19 5 9 14 19 7 19 5 5 9 0 12 12
1 12 8 1 12 3 8 8 14 8 14 8 17 8
1 5 10 2 5 12 2
0 18 12 3 8 14 8 14 8 8 14 8 8 9 8 19 14 8 14 17
0 10 8 18 12 15 11 11 11 11 11 11
1 20 8 5 5 7 9 1 7 9 5 5 5 1 2 9 18 16 4 10 12 0
0 10 18 16 4 2 11 14 2 2 12 8
0 6 18 0 19 0 9 11
1 29 12 7 16 19 17 1 0 17 1 4 0 17 16 19 17 1 4 0 17 16 19 17 16 19 17 16 19 17 1
1 8 2 7 10 0 0 12 12 8
0 8 18 16 10 8 7 7 11 11
0 6 18 7 19 18 12 12
1 8 2 7 2 6 11 13 13 13
0 2 8 3
0 4 1 7 15 4
0 4 1 9 1 13
0 4 7 13 9 6
0 4 10 3 4 4
0 6 16 8 5 5 18 7
0 11 10 10 12 10 12 6 2 5 18 4 2
0 15 2 2 11 13 13 16 13 13 13 13 13 13 13 13 13
1 9 8 5 5 19 10 10 3 17 2
1 6 10 0 8 19 5 5
0 13 8 7 9 5 7 9 17 18 7 13 18 9 5
0 8 3 8 14 8 14 8 17 8
1 8 18 16 7 9 18 7 18 12
1 6 8 1 8 5 5 19
0 6 16 8 5 5 18 7
1 9 8 7 9 5 18 12 11 8 7
1 4 10 12 12 8
0 4 8 18 7 0
0 7 8 5 16 18 12 12 11
0 9 8 16 11 18 10 8 11 1 8
0 2 16 7
1 8 12 17 8 8 8 14 8 17
1 13 12 3 8 14 8 14 8 8 8 8 8 8 17
0 8 10 0 5 19 7 4 19 5
0 4 16 5 10 15
0 5 11 12 16 16 9
0 3 9 2 10
1 9 12 17 8 8 14 8 8 17 8
0 10 8 18 12 11 8 18 11 12 10 12
0 3 8 13 0
1 10 2 7 10 0 8 19 5 9 0 6
0 3 6 12 5
1 11 12 3 8 8 14 8 14 8 8 8 17
0 25 8 5 5 1 10 10 5 4 12 2 5 5 3 3 5 12 0 5 19 7 19 9 0 12 0
0 3 9 11 12
1 11 10 2 11 2 5 18 12 12 12 9 8
0 4 19 7 3 12
0 2 16 7
1 12 8 7 9 1 5 1 7 9 5 18 7 7
0 6 2 6 3 11 13 13
0 12 18 8 19 10 11 8 7 8 10 3 17 3
0 6 8 19 10 5 7 11
0 6 14 2 10 17 19 7
0 5 2 8 9 6 11
0 11 18 13 16 7 9 12 8 16 19 17 16
0 6 18 16 16 18 19 11
0 10 2 19 6 11 13 13 13 13 13 13
1 16 2 9 12 3 8 14 8 8 14 8 14 8 8 8 8 17
0 4 2 7 0 13
1 6 10 10 18 12 0 16
0 3 6 3 0
0 6 10 1 4 19 6 11
0 5 18 16 7 12 5
0 5 2 18 6 18 12
1 11 2 7 12 7 1 0 17 1 0 17 1
1 14 2 7 12 7 16 19 17 16 19 17 1 4 4 0
0 3 12 1 1
0 2 12 7
0 4 1 7 15 4
0 5 2 8 9 6 11
0 7 12 7 3 16 19 17 1
0 3 15 19 9
1 10 12 7 16 19 17 16 19 17 16 19
0 10 8 5 1 1 12 17 8 13 17 0
0 6 12 16 0 4 17 8
1 6 8 5 1 19 17 14
0 3 3 0 10
1 14 10 10 18 0 10 18 0 10 5 4 5 4 12 6
1 12 8 7 9 1 18 7 11 8 11 8 7 11
0 5 19 18 8 7 11
1 8 8 18 7 11 8 18 17 2
0 5 2 6 6 13 13
0 6 17 12 4 2 11 6
1 8 8 5 1 18 12 18 9 2
1 9 8 18 12 11 8 10 3 9 5
0 2 5 13
0 11 10 10 12 10 12 6 2 5 18 4 2
1 9 10 2 5 5 3 11 2 11 6
1 16 8 1 8 7 9 1 18 7 18 10 11 8 10 3 17 3
0 1 6
1 12 8 1 12 3 8 8 14 8 14 8 17 8
0 20 2 7 8 19 11 2 12 18 10 18 15 9 5 7 7 7 11 11 11 11
1 7 8 19 11 7 18 11 12
0 6 19 16 8 17 16 16
0 4 10 12 6 0
0 9 8 9 5 5 2 5 5 5 1
1 13 2 7 10 2 11 2 5 5 3 5 12 12 0
0 6 19 4 2 7 10 6
1 21 10 0 8 19 16 5 9 0 12 4 12 10 12 10 12 2 11 0 0 0 16
0 3 15 5 9
1 18 8 1 8 5 1 18 7 10 3 11 12 18 9 17 7 18 10 10
0 20 2 9 2 6 18 16 4 0 2 9 12 17 14 0 8 10 8 17 2 17
1 17 8 5 5 7 9 1 5 1 18 7 11 8 7 11 11 11 11
0 9 17 8 5 4 1 18 7 11 11
1 13 10 2 5 12 12 4 0 12 12 9 9 9 9
1 14 2 7 8 7 9 1 1 10 10 5 4 18 12 6
0 5 19 10 0 0 6
1 14 8 5 5 7 9 1 19 11 7 11 8 18 11 12
0 2 2 19
0 6 10 1 4 19 6 11
0 4 19 6 6 11
0 12 12 7 14 1 0 17 11 16 19 17 16 19
1 22 10 0 8 19 9 8 19 5 5 7 19 7 19 7 19 5 16 7 19 9 8 19
1 13 8 1 10 10 12 10 12 2 5 5 4 12 6
0 5 12 12 0 7 14
0 3 15 16 7
0 3 18 10 17
0 1 6
0 6 2 7 8 10 10 12
0 5 8 5 1 5 0
0 6 18 7 10 18 11 12
0 21 2 7 12 7 1 0 17 16 19 17 16 16 17 16 19 17 16 19 17 1 4
0 3 2 12 1
1 6 8 1 8 19 17 3
0 4 2 7 7 6
0 3 19 10 12
1 9 2 9 8 7 9 5 19 17 14
0 3 7 18 19
1 13 10 0 16 0 6 0 6 0 9 0 9 0 9
1 8 12 17 8 8 8 14 8 17
1 12 10 10 12 10 18 12 2 5 5 4 5 4
0 5 8 5 1 5 0
0 15 12 3 14 8 17 8 14 8 8 18 8 14 5 17 8
0 6 2 2 16 15 19 11
0 13 15 16 8 12 17 15 8 14 8 19 8 17 8
1 9 12 3 8 8 8 8 14 8 17
0 3 12 11 13
0 8 8 10 8 18 18 11 12 7
1 10 8 7 9 1 7 9 5 1 10 6
1 6 8 18 7 18 10 7
1 14 8 1 10 2 11 2 5 5 3 5 12 12 12 8
1 16 8 1 8 7 9 1 18 7 18 10 11 8 10 3 17 3
0 12 8 1 8 16 7 9 2 7 2 6 11 13
1 9 8 5 5 7 9 5 19 17 2
0 4 7 18 19 11
1 6 2 9 12 17 17 8
0 5 2 6 13 19 13
1 11 8 7 9 5 5 1 5 5 18 12 18
1 8 2 7 2 6 11 13 13 13
0 2 19 8
0 3 19 8 4
1 14 10 10 18 0 10 18 0 10 5 4 5 4 12 6
0 2 19 8
0 1 6
0 5 10 11 18 12 0
0 4 2 10 19 17
0 8 8 18 12 10 3 10 12 11
0 12 8 18 7 7 11 0 11 11 11 11 11 11
0 14 8 5 5 7 9 1 5 5 5 1 19 11 7 9
1 12 12 17 8 14 8 14 8 8 8 14 8 17
0 9 7 8 19 17 16 19 17 16 19
0 8 12 3 8 8 13 1 8 10
0 2 3 4
0 12 8 5 1 18 12 16 7 5 7 2 6 11
1 10 18 16 7 9 8 18 12 18 17 3
1 12 8 7 9 1 5 1 7 9 5 18 7 7
0 5 18 7 12 18 12
0 8 14 0 18 19 6 7 14 19
1 11 8 7 9 5 18 12 10 3 11 7 18
0 3 6 3 0
1 14 2 7 8 7 9 1 1 10 10 5 4 18 12 6
1 4 10 12 12 8
0 4 12 17 3 5
0 15 18 16 4 8 7 9 5 7 2 1 19 13 9 5 3
1 11 8 1 2 7 8 19 11 12 7 11 11
0 14 8 5 5 1 8 1 9 5 19 11 7 7 11 11
0 5 3 10 7 7 19
1 6 10 0 5 19 5 5
0 10 8 18 12 11 8 18 11 12 10 12
1 7 10 12 4 12 12 12 8
1 10 12 7 16 19 17 16 19 17 16 19
1 13 12 3 8 14 8 8 14 8 8 14 8 17 8
1 10 2 9 2 7 2 6 11 13 13 13
0 3 7 18 6
0 3 8 2 2
1 15 2 9 18 16 7 7 8 7 9 1 1 8 19 17 2
0 14 2 9 8 7 1 8 1 19 17 8 5 3 17 3
1 9 8 7 9 5 19 9 17 12 11
0 4 10 0 16 8
0 1 6
0 7 10 12 7 12 12 6 0
1 9 2 9 8 7 9 5 19 17 14
0 7 8 5 11 0 1 19 17
0 15 2 2 11 13 13 16 13 13 13 13 13 13 13 13 13
0 6 12 17 8 17 14 8
1 18 12 7 1 4 4 4 0 17 1 4 4 0 17 1 0 17 16 19
0 4 11 12 7 16
0 3 2 14 11
0 18 12 3 8 14 8 14 8 8 14 8 8 9 8 19 14 8 14 17
0 8 10 0 5 19 7 4 19 5
0 14 8 1 7 9 0 5 19 11 7 11 11 11 11 11
1 16 8 5 5 7 9 5 5 5 18 7 18 9 15 12 11 8
1 6 8 5 5 18 12 7
1 7 2 9 2 9 10 2 5
0 4 14 11 7 18
1 5 18 19 6 6 6
1 17 10 0 16 0 9 0 9 0 6 0 6 0 6 0 9 0 9
0 4 19 6 6 11
0 15 8 7 9 5 18 7 10 9 3 9 17 12 8 7 11
0 4 12 17 18 12
0 7 18 16 7 6 13 13 13
0 5 9 18 2 14 8
0 7 9 1 5 5 18 7 7
0 3 16 10 0
0 7 13 19 1 18 12 10 3
1 9 12 17 14 8 14 8 8 17 8
1 14 8 5 5 5 1 18 12 18 11 7 10 3 10 10
1 9 8 18 12 11 8 10 3 9 5
1 9 10 10 5 4 18 0 0 0 6
0 1 6
0 3 3 17 8
1 4 10 12 12 8
1 5 10 12 12 9 8
1 15 8 1 8 18 12 11 8 18 11 7 18 10 18 17 14
0 7 10 14 19 7 13 19 9
1 5 10 2 11 2 5
1 9 10 2 5 5 3 11 2 11 6
0 6 18 7 10 18 11 12
0 5 0 18 11 18 11
0 8 2 2 11 6 11 15 17 13
0 7 12 11 16 19 17 16 19
0 6 8 19 10 5 7 11
0 15 12 18 3 8 14 8 14 8 8 14 8 13 0 17 3
0 14 8 5 5 1 8 1 9 5 19 11 7 7 11 11
0 12 18 8 19 10 11 8 7 8 10 3 17 3
0 5 11 12 16 16 9
1 7 8 1 10 0 8 19 5
0 15 12 7 1 7 0 17 16 19 17 16 19 17 1 4 4
0 4 8 17 18 19
0 3 16 7 11
0 3 7 0 18
0 4 8 17 18 19
0 13 7 12 17 8 10 8 14 8 14 11 18 17 8
0 8 10 10 5 3 18 12 12 0
0 3 1 18 10
1 10 18 16 7 9 8 18 12 18 17 3
0 3 18 18 12
0 4 2 8 11 13
0 5 3 7 15 16 19
0 10 8 7 9 5 8 9 5 18 7 7
0 1 6
1 14 12 17 14 8 8 8 8 14 8 14 8 14 8 17
1 6 8 5 1 19 17 14
1 5 10 2 11 2 5
0 5 7 19 7 16 19
1 6 10 10 12 10 12 2
0 5 2 6 3 16 3
1 5 10 10 18 0 10
0 3 6 6 6
0 3 14 7 2
0 6 12 16 0 4 17 8
1 13 12 3 8 14 8 14 8 8 8 8 8 8 17
0 4 8 18 3 2
1 9 8 1 10 12 12 9 9 9 8
0 14 2 19 8 1 12 3 14 8 8 8 6 8 14 17
1 13 12 3 8 8 14 8 14 8 14 8 8 17 8
0 4 3 9 1 6
0 5 2 6 6 13 13
0 6 18 19 11 6 6 8
0 7 2 7 3 19 8 15 1
0 5 2 9 18 9 4
0 10 11 18 7 7 11 11 16 11 11 11
1 11 2 7 12 7 1 0 17 1 0 17 1
0 13 12 2 3 8 14 8 8 14 8 14 8 17 7
0 29 2 7 2 7 2 11 10 12 0 8 19 16 5 9 16 0 6 0 6 0 6 0 6 0 9 13 9 0 6
0 10 12 7 3 1 0 3 19 1 6 12
1 13 2 9 8 7 9 5 7 9 1 19 17 14 8
0 5 8 13 12 15 18
1 7 8 18 7 11 8 18 10
0 4 14 19 18 4
1 7 10 12 4 12 12 12 8
0 12 8 1 8 16 7 9 2 7 2 6 11 13
1 13 10 2 5 5 3 5 5 4 12 2 5 5 4
0 2 6 11
0 7 12 14 8 14 8 17 8
1 6 2 9 8 1 2 7
0 8 14 12 17 18 7 12 16 19
0 6 2 7 18 7 4 14
1 12 8 1 2 6 11 13 13 13 13 13 13 13
0 8 8 18 6 4 10 3 17 3
1 13 10 2 5 5 3 5 5 4 12 2 5 5 4
0 12 12 17 8 8 8 8 14 5 8 8 17 8
0 6 12 3 15 15 3 17
0 15 18 16 4 8 7 9 5 7 2 1 19 13 9 5 3
1 8 18 16 4 12 3 8 17 8
1 9 8 7 9 5 19 9 17 12 11
0 5 2 18 17 4 2
0 3 18 14 10
0 13 7 12 17 8 10 8 14 8 14 11 18 17 8
0 4 13 5 17 8
1 4 10 12 12 8
0 6 3 5 8 14 8 17
1 11 10 0 16 0 9 0 6 0 9 0 9
0 11 12 3 8 8 14 8 8 14 0 19 8
0 2 10 3
1 10 12 17 14 8 8 8 14 8 17 8
0 6 5 2 9 18 7 12
1 13 10 10 12 10 12 12 4 12 12 12 9 9 8
0 3 6 12 5
0 25 10 0 8 19 7 19 9 14 19 9 5 19 9 14 19 7 19 5 19 5 7 19 9 5 19
1 15 2 9 18 16 7 7 8 7 9 1 1 8 19 17 2
0 6 17 12 4 2 11 6
1 10 10 10 12 10 12 12 12 9 9 8
0 3 12 9 18
0 4 10 12 0 6
0 4 11 12 7 16
1 7 10 0 0 0 5 19 5
0 7 10 5 12 9 9 9 8
1 14 2 7 12 7 16 19 17 16 19 17 1 4 4 0
1 9 8 1 10 12 12 9 9 9 8
0 2 6 10
0 10 4 12 7 1 4 4 2 0 17 16
0 3 8 2 2
0 4 18 12 12 11
1 7 2 7 2 9 10 12 0
1 10 8 1 8 5 1 1 10 0 8 19
0 4 14 19 18 4
1 6 10 10 18 12 12 0
1 10 2 7 10 0 8 19 5 9 0 6
0 4 17 0 9 19
1 14 8 5 1 5 1 18 12 18 9 7 12 18 17 2
1 6 10 0 8 19 5 5
1 6 2 9 12 17 17 8
0 9 13 7 1 5 7 18 7 7 11
1 11 10 2 11 12 4 12 10 18 0 0 16
0 6 2 7 8 10 10 12
0 16 8 7 9 5 1 10 2 0 0 0 14 19 16 16 5 9
0 7 1 2 7 18 7 18 12
1 6 10 2 11 0 0 6
0 4 5 9 7 18
1 16 10 2 11 0 0 10 18 12 12 4 0 0 0 10 12 6
0 12 12 7 14 1 0 17 11 16 19 17 16 19
1 9 12 3 8 8 8 8 14 8 17
0 8 6 8 19 17 5 3 10 7
0 6 12 7 16 19 16 19
0 7 8 18 12 10 3 8 3
0 3 7 0 18
0 7 8 5 11 0 1 19 17
0 3 11 16 7
1 9 8 5 5 19 10 10 3 17 2
0 4 12 17 3 5
1 9 8 7 9 1 1 18 7 18 12
1 6 8 5 1 1 2 7
0 10 2 9 12 19 10 10 5 17 12 0
1 15 8 7 9 5 18 7 7 11 11 11 11 11 11 11 11
0 6 18 7 18 2 5 12
0 5 9 18 2 14 8
0 3 6 19 11
0 29 2 7 2 7 2 11 10 12 0 8 19 16 5 9 16 0 6 0 6 0 6 0 6 0 9 13 9 0 6
0 5 2 7 2 18 4
0 2 11 5
0 7 2 18 12 18 11 12 11
0 4 2 6 19 11
1 5 2 7 18 16 7
1 6 2 9 10 2 11 10
0 16 8 7 9 5 1 10 2 0 0 0 14 19 16 16 5 9
1 7 8 19 10 18 11 12 18
0 4 10 13 9 2
0 5 2 6 13 19 13
1 8 10 10 5 3 5 18 0 6
0 6 2 9 10 12 7 8
0 3 15 6 0
0 4 7 18 19 11
1 8 8 1 10 10 5 3 11 6
0 5 13 5 4 12 2
0 7 12 17 2 14 14 7 8
0 4 4 7 18 12
0 2 19 17
0 4 18 0 18 12
1 11 8 1 2 7 8 19 11 12 7 11 11
1 8 8 1 10 12 12 9 9 8
0 1 6
1 14 18 16 4 12 17 8 14 8 14 8 14 8 17 8
1 10 8 7 9 1 5 5 19 9 17 12
1 7 2 7 2 9 8 1 2
1 6 2 7 10 2 11 6
0 6 18 7 18 2 5 12
0 4 2 7 7 6
0 3 9 2 10
1 20 8 5 5 7 9 1 7 9 5 5 5 1 2 9 18 16 4 10 12 0
0 2 17 11
1 7 10 0 5 19 7 19 16
0 2 10 3
1 8 18 16 7 9 2 9 12 2
0 9 8 16 11 18 10 8 11 1 8
0 5 10 0 7 19 5
0 3 13 18 4
1 7 8 5 5 18 12 10 3
1 5 8 18 12 11 8
0 4 7 13 9 6
0 3 17 6 16
1 10 2 9 2 7 2 6 11 13 13 13
0 5 2 4 12 17 4
1 17 10 0 16 0 9 0 9 0 6 0 6 0 6 0 9 0 9
0 4 2 6 19 11
0 4 10 12 6 0
0 4 3 10 16 3
0 6 12 17 8 17 14 8
0 13 15 16 8 12 17 15 8 14 8 19 8 17 8
0 4 18 7 18 15
0 8 10 2 5 11 3 18 0 6
0 5 1 18 19 6 6
1 7 2 9 18 16 4 18 4
1 11 2 7 2 7 8 19 10 18 11 7 10
1 6 10 0 14 19 16 5
0 4 18 12 12 11
0 4 18 7 18 16
0 10 8 5 1 1 12 7 0 17 16 19
1 11 8 7 9 5 5 1 5 5 18 12 18
0 6 10 10 0 9 9 8
0 12 12 17 14 8 14 1 19 8 17 12 17 8
0 8 8 10 8 18 18 11 12 7
0 2 11 2
1 6 8 5 1 1 12 5
0 4 10 2 12 10
0 5 12 7 8 18 12
1 9 8 18 7 10 3 10 18 11 7
0 12 2 7 10 15 0 7 8 12 9 9 9 8
0 9 16 4 18 16 12 8 6 7 5
0 3 2 19 6
1 12 2 7 8 5 5 1 2 7 18 7 18 12
1 7 8 19 10 18 11 12 18
0 6 2 2 16 15 19 11
1 16 12 17 8 14 8 14 8 14 8 8 8 14 8 14 8 17
1 12 2 7 2 9 2 6 11 13 13 13 13 13
0 9 2 9 15 3 3 7 14 8 14
0 3 12 1 1
0 11 12 3 8 8 14 8 8 14 0 19 8
0 15 2 7 12 7 14 0 17 1 0 17 16 19 17 16 19
1 10 8 5 5 5 5 1 10 0 0 6
1 9 2 7 10 12 4 0 10 12 0
0 2 16 5
1 5 10 10 18 0 10
1 16 18 16 4 10 10 5 3 5 18 12 10 12 10 12 2 5
0 4 5 7 16 18
0 3 16 6 4
1 6 18 16 7 9 10 6
0 5 10 11 18 12 0
0 8 18 17 17 7 6 11 11 13
1 19 10 10 12 2 11 2 11 12 4 12 2 11 2 11 10 18 0 12 6
0 3 9 18 4
0 4 2 9 12 16
1 11 10 2 11 2 5 18 12 12 12 9 8
1 6 8 5 1 1 12 5
0 5 18 16 7 12 5
0 5 8 3 13 2 4
0 3 19 4 2
0 13 18 10 10 12 10 3 12 10 18 0 0 0 5
0 3 8 8 17
1 6 8 18 7 18 10 7
0 3 7 18 19
0 3 14 19 1
1 7 2 7 2 9 10 12 0
0 9 4 8 18 12 11 8 11 11 8
1 7 8 19 11 7 18 11 12
0 3 5 12 2
1 11 8 7 9 5 18 12 10 3 11 7 18
1 7 8 5 1 1 10 12 0
0 4 17 11 8 10
0 5 8 8 3 11 11
1 8 8 18 7 11 8 18 17 2
0 9 8 18 17 12 11 8 18 17 2
0 3 14 7 2
0 21 2 7 12 7 1 0 17 16 19 17 16 16 17 16 19 17 16 19 17 1 4
0 8 12 7 1 17 1 0 2 1
0 4 9 17 17 8
1 8 8 1 10 12 12 9 9 8
0 10 12 7 3 1 0 3 19 1 6 12
1 21 2 9 10 0 8 19 9 8 19 5 16 16 9 8 19 5 5 9 0 12 0
0 2 11 5
0 10 2 9 12 19 10 10 5 17 12 0
0 6 18 16 16 18 19 11
0 2 6 11
1 12 8 5 5 19 11 12 10 3 10 11 8 10
0 3 11 10 13
0 4 16 5 10 15
0 14 6 11 13 13 17 13 13 13 13 13 13 13 13 13
1 9 12 17 8 8 14 8 8 17 8
0 4 10 13 9 2
0 4 13 5 17 8
1 8 10 2 5 12 2 5 5 4
1 5 10 12 12 9 8
0 2 8 12
0 3 3 0 10
1 9 8 18 7 10 3 10 18 11 7
0 7 19 11 12 7 11 11 11
0 24 8 5 5 5 5 1 10 0 8 19 9 0 12 4 12 2 11 2 11 12 4 19 12 6
1 9 8 19 11 7 18 9 7 12 11
0 4 15 15 18 4
1 5 10 12 12 9 8
1 7 8 1 18 16 7 6 11
0 2 2 19
1 8 10 2 11 10 5 4 12 6
0 4 10 0 16 8
0 10 8 5 1 1 12 7 0 17 16 19
1 8 8 5 5 19 10 18 17 2
1 4 10 12 12 8
1 12 8 5 5 19 11 12 10 3 10 11 8 10
0 5 12 3 8 17 7
0 6 2 13 9 10 12 4
1 6 10 10 12 10 12 2
0 6 19 16 8 17 16 16
0 6 2 7 18 11 19 4
0 1 6
0 4 10 12 8 6
0 4 2 10 19 17
0 5 7 13 8 11 4
1 10 2 9 12 3 8 14 8 8 17 8
1 12 10 10 12 10 18 12 2 5 5 4 5 4
0 4 3 10 16 3
0 5 16 7 9 5 1
0 3 12 7 9
1 8 10 0 8 19 7 19 9 16
1 10 8 1 8 5 1 1 10 0 8 19
0 15 8 7 9 5 18 7 10 9 3 9 17 12 8 7 11
1 6 2 9 10 2 11 10
1 6 2 9 8 1 2 7
1 13 10 0 16 0 6 0 6 0 9 0 9 0 9
0 3 4 12 1
1 13 18 16 7 7 8 7 9 5 19 11 7 10 3
1 5 10 10 12 12 6
0 4 10 3 4 4
0 3 2 14 11
0 7 1 2 7 18 7 18 12
1 9 12 7 1 0 17 16 19 17 1
1 9 2 9 12 7 16 19 17 16 19
0 4 5 9 7 18
0 7 12 15 14 7 1 1 18
0 4 18 0 18 12
1 19 10 10 12 2 11 2 11 12 4 12 2 11 2 11 10 18 0 12 6
1 7 8 5 5 18 12 10 3
1 16 8 18 7 10 3 9 17 12 10 3 11 12 18 10 10 3
0 4 8 7 11 14
1 4 18 16 7 9
1 21 2 9 10 0 8 19 9 8 19 5 16 16 9 8 19 5 5 9 0 12 0
0 8 12 3 8 8 13 1 8 10
0 7 12 15 14 7 1 1 18
1 13 2 7 10 2 11 2 5 5 3 5 12 12 0
0 13 12 2 3 8 14 8 8 14 8 14 8 17 7
0 3 10 2 6
