1338 20
0 5 4 16 4 13 1
1 18 18 0 11 0 0 19 17 17 18 0 7 15 12 10 3 4 3 18
0 4 16 18 9 8
0 19 4 16 0 0 19 6 15 16 0 19 7 11 5 2 19 17 17 11 0
0 4 14 0 7 15
1 8 4 16 18 0 11 17 2 6
1 15 4 16 12 6 8 4 16 16 6 16 2 2 2 13 9
1 16 4 16 6 17 7 0 4 13 11 2 1 10 15 11 14 3
0 12 3 0 7 19 17 11 3 19 0 17 2 9
1 8 0 3 9 2 9 2 19 0
0 4 7 7 5 15
1 12 4 16 16 11 8 9 3 6 19 14 6 13
1 10 8 16 12 12 3 17 12 18 9 8
0 18 4 16 6 17 12 0 2 16 9 16 5 19 11 16 12 3 17 16
0 17 4 16 11 17 19 2 9 2 9 2 19 8 9 2 9 2 9
1 9 4 16 8 8 15 17 19 14 6
1 18 18 0 11 0 0 19 17 17 18 0 7 15 12 10 3 4 3 18
1 8 18 16 12 3 2 2 8 15
0 5 7 8 1 6 14
0 4 12 4 9 13
0 4 16 11 6 13
0 13 6 15 13 2 2 19 17 3 19 17 7 11 13
1 15 10 16 16 12 16 12 15 8 11 6 10 16 15 6 10
1 27 17 12 3 9 2 9 2 19 13 5 9 2 9 2 9 2 9 2 9 2 19 2 9 2 9 2 9
1 7 18 5 6 2 2 6 10
0 15 3 11 16 6 9 16 12 0 19 6 6 16 11 2 3
0 12 17 0 1 19 13 6 19 8 5 12 6 10
0 4 13 17 19 16
0 4 2 8 15 0
1 6 8 16 12 12 12 16
0 9 6 16 5 17 9 10 15 8 13
1 6 16 6 4 16 13 1
1 5 10 7 9 5 16
0 14 8 16 6 18 9 15 14 16 12 3 2 11 13 18
1 7 16 9 2 11 2 19 0
0 25 0 17 4 16 6 14 0 7 15 11 3 6 15 0 2 9 2 19 17 3 19 0 2 19 0
1 15 6 14 16 12 16 12 3 9 16 4 10 15 6 19 3
1 7 4 16 6 17 10 11 14
1 16 17 1 0 17 7 12 11 8 5 9 16 12 5 15 13 1
0 8 1 14 11 8 2 3 5 16
1 15 16 2 12 17 16 6 6 14 3 11 14 3 0 0 9
0 13 11 8 0 19 3 2 9 2 9 14 19 2 9
0 3 8 3 8
1 5 16 2 12 3 9
1 5 16 11 14 6 13
1 6 0 0 19 13 5 9
1 16 12 14 5 10 18 19 5 11 13 13 19 13 19 19 5 5
0 34 7 9 0 11 2 8 16 18 9 17 8 19 15 17 19 14 3 16 12 0 2 18 5 7 15 6 6 14 15 8 11 11 6 10
1 13 4 16 7 5 0 4 13 9 16 12 15 6 10
1 9 18 3 9 2 6 14 15 3 13
0 7 7 5 14 19 1 15 11
1 9 19 8 15 4 16 17 2 3 13
1 14 0 3 9 2 19 13 5 19 6 15 17 7 18 10
0 21 0 0 9 2 13 19 3 19 9 3 19 17 17 18 3 2 1 19 17 6 10
1 9 16 9 2 18 5 12 6 13 1
1 7 12 10 5 11 4 3 18
0 3 16 16 13
1 11 4 16 6 14 0 16 5 15 19 8 16
1 25 11 6 15 6 15 17 17 8 8 15 17 8 16 12 16 15 14 16 12 3 11 8 6 8 13
0 5 4 6 19 9 19
1 16 12 0 16 4 7 17 0 5 16 12 16 12 3 2 2 3
0 4 11 1 8 8
0 18 16 13 9 4 16 11 0 2 19 17 17 8 8 17 19 6 19 19
1 5 19 8 15 13 1
1 6 4 16 6 14 15 14
0 3 13 14 13
0 5 8 2 11 8 13
1 24 11 17 3 19 0 2 9 2 9 2 9 2 19 17 17 4 16 11 13 18 10 19 19 19
1 27 6 14 5 17 6 6 11 17 7 5 19 13 19 7 5 9 2 19 13 5 9 2 19 13 19 17 14
1 5 12 14 4 13 1
1 8 8 16 12 12 3 17 16 8
1 6 6 14 5 9 0 15
0 4 7 5 8 16
1 10 12 11 4 4 4 4 4 4 4 13
0 51 16 6 19 2 5 5 17 14 11 14 12 14 5 17 8 0 12 15 0 10 12 15 18 3 19 14 19 11 14 12 12 8 2 14 14 11 14 12 13 13 17 8 18 5 17 8 2 16 10 12 5
1 8 4 16 18 0 11 17 2 6
1 32 8 16 16 15 14 16 12 3 2 12 7 5 19 6 15 17 7 19 3 19 2 19 17 7 11 17 0 19 13 19 0 9
0 3 11 6 13
1 20 0 0 19 17 0 9 2 9 2 19 17 3 9 2 9 2 19 17 17 14
0 3 2 10 16
1 7 7 17 6 9 2 7 4
0 4 0 0 2 9
0 2 19 12
0 4 17 13 13 12
0 7 19 1 6 5 12 13 9
0 12 7 11 11 13 8 1 9 2 12 6 11 8
0 7 7 17 5 12 11 6 2
0 5 1 11 2 13 1
1 9 8 16 12 18 9 17 17 1 14
0 7 13 6 2 15 14 10 9
1 7 7 15 7 9 15 14 19
1 18 10 15 9 2 12 10 9 13 5 5 11 4 3 18 18 18 18 18
0 11 12 6 19 2 6 19 2 0 2 14 14
0 14 16 12 19 17 12 6 8 12 10 18 9 14 10 6
0 6 8 8 17 7 18 16
0 15 11 17 17 18 3 6 12 17 8 8 15 14 0 7 16
1 4 18 5 9 3
0 5 6 2 19 3 9
0 4 19 19 16 13
1 12 17 12 7 5 9 2 19 17 7 19 3 9
1 5 19 14 3 7 16
1 7 11 17 7 11 0 2 9
0 8 16 12 1 4 16 19 3 13
0 8 7 15 4 18 7 12 8 13
0 6 7 0 14 2 17 14
1 24 18 16 12 16 12 0 7 7 7 17 17 15 12 14 10 5 14 4 18 16 12 15 6 10
0 5 17 0 6 15 0
0 3 17 4 14
0 23 6 17 12 0 2 0 17 8 8 17 18 3 11 8 15 16 17 2 2 5 11 14 8
0 3 15 6 2
1 4 0 17 19 3
0 4 11 3 2 3
0 2 17 17
0 9 18 5 7 7 0 5 11 4 16
0 13 7 0 13 0 5 16 12 5 0 14 0 2 1
0 10 6 14 18 16 12 16 12 15 6 10
0 16 12 10 7 13 2 13 13 5 3 4 11 4 3 18 18 18
0 7 7 4 1 2 6 8 10
0 6 7 7 18 2 14 13
0 4 7 7 5 15
0 6 6 14 15 13 3 4
1 20 10 15 2 12 0 19 6 15 2 9 2 19 6 15 6 15 17 17 13 1
1 24 12 14 10 5 6 11 16 16 17 12 14 10 10 5 0 16 5 0 2 18 16 12 3 8
1 35 6 17 12 6 8 12 10 11 13 5 9 13 19 19 13 19 5 9 13 5 18 1 14 1 14 19 5 11 13 5 5 11 12 3 4
0 4 10 16 16 7
1 10 12 0 16 10 10 10 10 4 13 1
0 12 13 6 14 16 8 12 16 12 18 2 1 13
1 16 17 12 3 19 13 5 19 17 3 19 13 18 10 16 5 9
1 9 18 5 0 5 16 12 15 3 13
1 20 11 6 15 13 18 10 19 19 19 19 19 19 19 16 18 10 16 5 19 0
1 8 17 1 16 6 4 16 7 4
1 7 10 7 0 4 13 11 9
1 8 8 16 12 3 17 18 9 8
1 7 6 14 16 12 0 16 0
0 4 17 2 2 9
1 6 4 16 7 4 16 8
0 3 3 15 0
1 37 8 16 3 17 3 17 18 9 15 14 0 15 11 8 12 6 0 17 12 10 3 12 11 13 13 13 19 19 19 5 9 13 5 3 12 18 6
1 5 11 13 5 19 0
0 4 19 18 14 6
1 15 10 16 15 2 5 5 17 8 0 12 19 5 17 8 2
0 8 6 17 8 16 3 18 9 8
1 9 4 16 16 9 16 5 6 19 19
0 12 18 17 3 6 5 10 7 2 0 3 2 9
0 20 11 13 19 17 0 19 6 15 6 15 13 18 10 19 16 5 6 19 2 9
1 10 0 0 19 0 2 9 2 19 2 9
1 13 11 2 9 2 9 2 19 2 19 17 7 18 10
0 16 8 15 12 3 17 18 9 15 14 5 6 2 1 19 3 13
0 3 8 9 8
0 21 10 11 11 0 2 19 13 18 10 16 11 17 5 19 2 5 11 14 13 3 11
0 5 17 15 12 0 9
0 4 15 4 10 1
1 14 17 12 7 11 0 2 9 2 9 2 19 2 19 0
0 6 8 3 11 18 9 8
0 6 8 5 6 2 2 3
1 6 6 14 5 15 13 1
1 9 4 16 7 5 6 2 2 6 10
0 8 17 12 9 0 2 19 2 9
0 15 12 14 10 5 14 4 18 16 17 1 16 2 1 13 1
0 4 11 4 4 13
0 4 17 16 19 0
0 5 10 6 12 11 13
0 6 7 5 6 3 6 10
0 22 3 8 17 0 0 9 2 9 2 14 6 15 17 7 11 2 19 2 19 17 7 18
0 3 12 1 13
1 3 11 13 18
0 2 5 3
0 17 4 16 2 5 5 16 17 10 5 17 13 19 14 13 5 17 14
1 9 4 16 8 8 15 17 19 14 6
0 2 11 12
1 5 11 13 5 19 0
0 11 17 12 3 2 6 15 13 18 10 7 19
0 8 11 6 15 6 5 15 13 14
1 6 10 7 12 6 13 1
0 10 8 17 16 18 9 11 15 14 15 3
1 7 17 12 17 4 16 13 1
1 6 8 16 12 12 12 16
1 6 10 11 11 17 0 9
1 7 18 3 2 2 2 13 9
1 6 7 9 5 4 19 3
1 3 16 6 16
0 18 4 16 6 17 12 0 2 16 9 16 5 19 11 16 12 3 17 16
0 2 11 9
1 7 4 16 18 0 15 11 6
1 5 0 0 19 2 9
1 16 17 1 0 17 7 12 11 8 5 9 16 12 5 15 13 1
1 5 7 11 9 2 14
1 11 8 16 12 3 17 18 9 15 17 7 16
0 14 8 16 6 18 9 15 14 16 12 3 2 11 13 18
0 2 4 1
0 2 8 0
1 15 10 16 16 12 16 12 15 8 11 6 10 16 15 6 10
0 5 11 6 15 15 0
0 7 19 8 9 16 4 11 17
1 2 17 1
0 17 7 0 11 4 13 12 6 18 16 0 3 15 9 16 4 10 2
0 4 2 7 15 13
0 2 11 19
1 9 7 17 9 15 2 5 5 17 8
0 4 4 8 9 10
1 7 0 17 19 2 13 9 9
1 15 10 16 15 2 5 5 17 8 0 12 19 5 17 8 2
0 33 10 11 12 6 8 4 16 10 7 5 9 12 0 5 9 5 12 6 19 0 7 18 10 18 19 0 9 19 6 15 6 15 0
1 11 12 0 16 4 6 14 3 6 0 0 9
1 21 16 2 12 7 18 10 19 19 16 18 10 19 16 11 13 5 19 6 15 2 9
0 11 7 5 14 7 7 7 0 4 13 7 2
1 15 10 7 12 6 8 16 3 17 16 15 14 16 12 3 9
1 12 18 15 8 4 17 12 3 19 2 9 2 9
0 6 17 12 17 5 7 12
1 8 12 14 10 10 5 11 4 13
1 6 8 8 15 14 15 6
1 9 0 0 19 2 19 2 9 2 9
1 7 10 11 10 15 11 3 13
1 17 17 12 7 5 9 2 19 13 19 3 19 2 9 2 9 2 9
1 4 4 16 17 12
1 5 7 5 6 6 14
1 21 17 1 19 2 5 5 17 13 13 17 14 5 17 8 18 3 5 17 12 8 2
0 4 11 1 8 8
1 11 0 0 19 2 19 6 15 13 11 2 9
1 14 10 7 0 5 0 7 0 5 5 0 5 3 11 6
0 10 7 3 2 19 13 5 12 12 2 17
0 6 10 3 15 3 18 18
1 8 16 11 14 3 18 5 7 2
0 11 12 6 19 2 6 19 2 0 2 14 14
0 7 4 16 13 12 5 4 1
0 4 11 15 13 19
0 7 0 10 9 15 6 8 13
1 10 7 9 16 12 0 16 5 9 0 15
0 11 13 5 2 9 9 19 13 5 9 2 9
1 7 12 6 19 2 11 4 13
0 4 0 7 14 19
0 3 18 9 7
1 40 10 7 0 5 16 12 0 7 12 11 2 5 5 17 12 12 12 8 18 13 17 14 5 17 8 0 10 12 19 5 17 13 5 17 14 5 17 12 14 11
1 5 4 16 17 2 6
0 3 18 16 11
0 22 16 2 2 5 6 8 4 6 17 8 8 15 17 7 7 7 7 7 9 0 11 14
1 8 17 1 16 6 4 16 7 4
0 11 6 17 8 15 17 11 13 17 15 11 17
0 5 19 11 1 18 10
1 5 6 17 16 8 13
1 5 18 15 2 5 11
1 13 0 3 9 2 9 2 9 2 19 6 15 2 9
1 4 16 6 7 6
1 11 0 0 19 2 19 6 15 13 11 2 9
1 13 8 16 16 17 11 6 15 13 5 9 2 19 0
1 7 6 17 6 14 15 6 10
0 52 17 12 17 4 16 7 7 11 14 3 0 17 0 7 19 7 5 19 6 15 6 15 0 2 19 5 13 19 7 5 12 0 2 19 0 2 19 0 2 19 17 7 5 9 2 19 2 19 12 4 18 10
1 6 7 9 3 6 19 3
1 6 12 14 5 0 2 16
1 32 4 16 11 2 19 6 15 2 19 6 15 6 15 2 19 6 15 13 5 19 2 19 17 3 9 2 9 2 19 6 15 0
0 6 8 3 11 18 9 8
0 5 9 7 12 6 0
1 15 12 14 5 0 2 11 6 15 0 2 19 13 11 17 17
0 5 18 15 11 3 13
1 7 4 16 12 10 5 3 18
1 27 17 12 3 9 2 9 2 19 13 5 9 2 9 2 9 2 9 2 9 2 19 2 9 2 9 2 9
0 8 17 12 9 0 2 19 2 9
0 10 16 6 6 14 6 16 12 2 16 13
1 13 10 7 15 8 16 3 17 3 17 12 18 9 8
1 28 6 17 11 17 0 19 6 15 6 15 17 0 19 2 19 0 2 19 17 0 9 2 19 17 17 6 14 0
0 8 6 9 5 4 18 19 2 3
1 47 12 0 16 5 10 9 13 19 19 19 19 19 13 13 5 3 12 9 13 19 5 9 13 5 9 13 5 9 13 13 13 19 13 13 5 9 13 19 19 13 5 18 1 14 1 14 6
1 23 18 0 7 7 11 0 7 11 17 7 5 19 13 11 2 19 13 19 0 19 6 15 17
1 5 12 6 11 8 15
1 34 19 2 5 5 17 8 0 12 19 5 17 12 8 0 10 10 12 5 14 8 2 16 12 19 5 17 8 18 5 17 14 5 17 8
1 16 4 16 6 17 7 0 4 13 11 2 1 10 15 11 14 3
1 12 18 15 8 4 17 12 3 19 2 9 2 9
0 17 4 16 11 17 19 2 9 2 9 2 19 8 9 2 9 2 9
1 63 18 16 12 15 2 5 11 16 12 14 15 0 12 5 14 12 12 13 5 17 13 3 19 14 13 3 3 5 17 8 2 16 12 19 5 17 13 19 14 8 18 13 17 14 11 14 13 5 17 8 0 12 14 5 16 10 10 12 5 16 12 15 2
0 37 17 12 3 19 0 2 9 2 19 13 5 19 2 9 2 19 2 19 6 6 8 15 13 5 19 2 9 2 9 2 19 0 2 19 17 3 17
0 5 4 16 19 4 18
0 11 8 16 10 3 17 3 8 17 12 9 8
1 4 6 17 13 1
0 7 17 12 19 17 17 3 14
0 50 19 8 4 4 13 11 2 19 0 2 9 2 19 17 17 0 19 2 9 2 19 6 15 13 5 9 17 9 2 1 9 2 19 13 19 0 9 2 19 0 2 9 2 9 2 19 13 19 7 18
1 7 6 17 16 6 18 3 8
1 7 18 3 2 1 19 6 10
1 6 16 6 7 11 11 14
1 8 10 16 16 12 5 9 5 16
0 5 19 17 16 18 3
1 6 11 6 15 17 17 14
0 4 17 2 2 9
1 13 11 13 11 6 15 2 19 6 15 2 9 2 9
0 2 19 16
1 7 4 16 6 17 19 3 13
1 10 17 1 6 17 18 16 12 15 6 10
0 4 5 17 7 14
0 8 19 15 5 17 0 14 12 14
1 30 4 16 4 16 11 6 15 6 15 6 15 13 11 0 2 9 2 19 13 5 9 2 9 2 19 17 3 9 2 9
0 6 8 8 16 14 13 13
0 9 10 16 0 9 8 17 11 3 13
0 9 0 14 18 2 18 0 16 15 6
1 5 10 16 3 8 13
0 6 17 4 19 19 8 8
1 13 16 2 1 10 7 0 4 13 9 3 11 6 10
1 9 12 10 11 13 19 13 19 5 18
0 21 8 16 12 2 12 12 18 9 17 17 12 3 19 0 2 9 2 19 2 19 17
0 9 0 14 18 2 18 0 16 15 6
1 31 17 12 0 19 17 3 19 0 2 19 0 2 19 6 15 0 2 19 6 15 13 11 2 19 17 7 19 17 8 8 8
0 4 17 7 11 8
0 6 8 8 16 14 13 13
0 4 2 8 15 0
1 6 6 14 5 9 0 15
0 9 6 16 5 17 9 10 15 8 13
1 40 10 7 0 5 16 12 0 7 12 11 2 5 5 17 12 12 12 8 18 13 17 14 5 17 8 0 10 12 19 5 17 13 5 17 14 5 17 12 14 11
0 5 17 2 19 6 10
0 7 17 1 16 10 6 19 3
1 8 18 0 7 12 2 2 3 13
0 3 11 0 2
0 17 6 15 6 9 15 17 7 18 15 16 19 3 19 0 2 19 0
1 3 18 15 6
1 6 16 6 7 11 11 14
0 2 10 17
1 11 17 12 17 4 16 10 7 9 15 2 3
1 5 4 16 18 5 16
1 10 6 17 7 4 4 16 18 5 6 8
1 9 7 15 0 17 17 1 19 3 13
0 9 10 7 5 5 12 11 16 2 6
1 9 4 16 4 16 18 3 11 3 13
1 14 11 13 5 9 2 9 2 19 0 2 19 17 3 9
1 18 10 16 3 2 12 3 19 2 19 0 2 19 2 9 2 9 2 9
1 5 11 17 17 10 2
0 8 11 6 15 6 5 15 13 14
0 4 17 16 19 0
0 7 7 12 2 6 2 2 16
1 8 7 4 6 14 3 6 13 1
0 16 16 12 3 9 2 4 14 16 7 11 2 2 5 11 14 8
1 6 4 16 11 2 19 0
1 3 11 13 18
1 8 8 16 18 9 15 14 15 3
0 5 17 12 0 7 9
0 5 19 11 14 6 10
1 39 8 16 18 9 17 0 0 19 13 19 0 19 6 15 6 15 6 15 13 18 10 16 11 6 15 6 15 0 2 19 2 19 2 19 2 19 0 2 9
0 22 3 8 17 0 0 9 2 9 2 14 6 15 17 7 11 2 19 2 19 17 7 18
1 4 18 5 9 3
0 8 16 14 10 5 0 4 16 4
0 30 14 12 16 10 10 10 5 0 8 8 17 2 0 3 9 2 9 2 19 13 19 3 19 13 11 9 19 17 13 1
1 4 16 11 8 11
0 5 10 6 12 11 13
0 7 10 4 14 0 3 7 15
1 4 10 7 15 14
0 2 10 17
1 13 0 3 9 2 9 2 9 2 19 6 15 2 9
0 6 3 10 11 16 1 18
1 9 16 2 12 7 19 7 19 17 6
0 4 18 16 2 9
0 9 12 3 6 11 16 9 5 9 17
1 46 19 2 5 11 14 8 18 11 14 14 5 17 14 5 17 12 13 13 17 13 3 5 17 12 13 3 3 3 13 17 12 12 8 0 12 19 11 14 12 12 14 11 14 8 18 19
1 13 19 8 9 16 12 5 12 6 12 11 4 4 13
1 6 7 4 7 17 11 9
1 18 17 12 0 9 2 19 2 19 0 2 19 0 2 9 2 19 2 9
1 6 4 16 11 2 19 0
1 32 17 1 7 5 15 8 16 12 12 18 9 17 0 0 19 13 5 9 2 19 2 19 6 15 0 2 9 2 9 2 19 17
0 5 13 17 16 3 13
0 12 4 16 7 17 17 11 7 15 2 2 2 13
1 9 4 16 4 16 18 3 11 3 13
0 3 16 13 11
0 4 13 17 19 16
1 5 10 15 6 8 8
1 7 12 14 5 0 2 12 0
1 5 11 2 19 13 18
1 23 10 16 3 11 8 15 12 6 8 4 16 11 6 15 17 17 0 17 6 14 15 6 10
1 11 10 7 17 0 4 13 5 7 15 11 3
1 19 12 6 8 12 10 3 12 9 13 19 5 5 11 12 3 4 3 18 18
0 5 6 2 19 3 9
0 17 7 7 11 7 12 12 10 11 13 19 5 18 1 14 1 14 6
0 22 11 6 15 0 19 13 19 0 19 17 3 9 2 9 2 19 0 2 19 13 18 10
1 6 6 14 5 15 13 1
1 26 16 9 16 10 5 14 5 14 5 6 11 16 12 18 9 15 17 18 16 12 3 11 2 13 9 9
1 21 16 2 12 7 18 10 19 19 16 18 10 19 16 11 13 5 19 6 15 2 9
1 14 6 14 3 6 7 17 11 11 2 13 9 9 9 9
1 17 6 14 0 11 17 1 6 14 0 7 0 4 13 15 7 7 2
1 12 0 0 9 2 9 2 19 17 0 9 2 9
1 10 0 17 11 13 18 10 16 19 3 9
1 7 7 12 11 14 3 11 17
1 18 11 2 9 2 9 2 9 2 9 2 19 6 15 6 15 17 3 9
1 9 19 8 15 4 16 17 2 3 13
1 11 7 0 4 13 7 15 2 1 17 2 3
1 7 18 3 2 1 6 17 14
0 3 11 10 17
0 16 16 12 3 9 2 4 14 16 7 11 2 2 5 11 14 8
1 17 8 8 17 16 9 16 4 18 15 2 13 9 9 9 9 9 9
1 4 16 11 8 11
0 8 6 9 14 4 19 2 13 9
0 16 5 5 6 6 7 0 13 7 0 8 13 0 15 19 2 13
0 4 16 18 9 8
0 7 6 14 16 12 8 15 6
0 6 4 12 14 4 13 1
0 11 8 16 10 3 17 3 8 17 12 9 8
1 5 10 15 2 2 14
1 6 4 16 6 14 15 14
0 14 8 16 3 17 3 17 3 17 17 12 12 18 9 8
1 8 18 5 17 11 9 2 13 1
0 8 18 3 9 2 18 15 13 13
0 4 14 14 7 3
0 6 18 15 2 5 2 3
0 10 7 0 4 13 17 5 14 11 6 10
1 10 6 17 10 16 16 12 3 11 2 3
0 8 18 3 14 3 4 16 7 3
0 4 7 19 16 6
0 4 16 17 3 13
1 14 19 8 0 5 3 6 12 14 4 10 15 11 3 13
0 3 11 18 0
0 4 12 4 18 19
0 3 16 13 11
0 14 12 14 5 6 2 6 8 16 6 6 17 4 16 14
0 5 12 2 6 3 3
0 8 1 14 11 8 2 3 5 16
1 19 17 1 7 9 15 8 11 2 1 12 6 19 2 0 2 18 5 5 12
0 4 19 2 3 13
1 32 4 16 11 2 19 6 15 2 19 6 15 6 15 2 19 6 15 13 5 19 2 19 17 3 9 2 9 2 19 6 15 0
0 6 18 15 2 5 2 3
0 6 4 7 14 1 0 7
1 18 8 16 12 3 17 12 3 17 12 12 16 17 17 2 8 4 11 0
1 16 17 12 3 19 13 5 19 17 3 19 13 18 10 16 5 9
0 9 18 5 7 7 0 5 11 4 16
1 9 4 16 7 11 6 16 11 6 10
1 19 12 6 8 12 10 3 12 9 13 19 5 5 11 12 3 4 3 18 18
1 18 12 6 8 12 0 16 4 7 12 6 16 9 2 16 2 1 13 1
0 7 10 11 18 6 15 2 3
1 9 16 9 2 18 5 12 6 13 1
0 4 1 19 6 10
1 12 4 16 11 2 19 17 0 19 6 15 13 19
0 5 1 11 2 13 1
0 10 16 6 6 14 12 16 5 5 4 0
0 5 19 11 11 16 13
1 6 0 0 19 13 5 9
1 3 6 17 16
1 25 11 2 19 2 19 6 15 2 9 2 19 2 19 6 15 2 9 2 9 2 19 2 9 2 9
1 26 6 17 0 0 19 6 15 13 11 13 5 19 17 0 19 2 19 2 9 2 19 6 15 0 2 9
0 6 4 12 14 4 13 1
1 14 8 16 16 15 14 5 5 4 10 7 9 15 3 13
1 7 4 16 12 10 5 3 18
1 16 10 7 0 5 16 12 16 12 3 9 2 19 14 3 13 1
0 12 4 16 7 17 17 11 7 15 2 2 2 13
1 23 0 0 19 6 15 17 3 19 0 2 19 2 9 2 9 2 9 2 9 2 9 2 9
1 5 16 11 14 6 13
1 14 7 9 15 8 5 9 16 12 5 9 16 12 15 14
1 10 8 16 12 18 9 17 7 6 8 13
1 19 8 16 3 17 16 17 12 0 16 10 10 4 4 16 18 3 11 2 3
1 11 8 16 12 3 17 18 9 15 17 13 1
0 6 6 10 7 0 13 18
0 8 16 7 2 2 2 0 9 9
1 5 16 11 8 7 2
0 2 5 3
1 10 8 16 12 18 9 17 0 7 11 0
1 13 17 1 7 9 5 9 16 12 3 2 12 3 9
1 8 4 16 19 8 9 3 8 13
0 4 13 5 17 1
1 8 10 15 2 1 16 11 14 19
0 14 12 14 5 6 2 6 8 16 6 6 17 4 16 14
0 5 11 14 12 5 0
1 9 8 8 17 4 16 0 17 7 16
0 10 8 17 16 18 9 11 15 14 15 3
0 8 0 6 19 6 7 11 8 13
0 10 7 3 2 19 13 5 12 12 2 17
1 12 0 0 9 2 9 2 19 17 0 9 2 9
0 3 0 7 10
1 2 19 14
0 5 18 15 14 6 5
1 8 18 0 7 12 2 2 3 13
0 2 11 12
1 47 12 0 16 5 10 9 13 19 19 19 19 19 13 13 5 3 12 9 13 19 5 9 13 5 9 13 5 9 13 13 13 19 13 13 5 9 13 19 19 13 5 18 1 14 1 14 6
1 9 4 16 4 16 18 3 2 2 3
1 10 11 6 15 2 9 2 9 2 19 0
1 10 16 2 1 4 16 0 7 18 10 19
1 29 12 0 16 10 4 11 13 18 10 16 11 6 15 13 11 0 2 19 6 15 6 15 6 15 13 5 9 2 9
1 14 7 12 2 12 17 10 7 11 2 12 17 17 1 14
1 5 12 14 4 13 1
0 5 11 6 15 15 0
1 8 18 0 16 0 7 6 8 13
0 3 3 12 14
0 8 19 15 5 17 0 14 12 14
0 7 10 11 18 6 15 2 3
1 35 6 17 12 6 8 12 10 11 13 5 9 13 19 19 13 19 5 9 13 5 18 1 14 1 14 19 5 11 13 5 5 11 12 3 4
1 7 18 3 6 10 11 4 16
1 7 6 14 3 2 12 0 9
0 13 8 16 11 17 18 12 17 18 5 7 15 8 13
1 20 11 0 2 9 2 19 13 5 9 2 19 0 2 19 6 15 2 9 2 9
1 15 16 6 10 7 9 0 16 3 11 14 3 0 7 18 10
0 16 5 5 6 6 7 0 13 7 0 8 13 0 15 19 2 13
0 2 18 4
1 10 0 0 19 0 2 9 2 19 2 9
0 6 7 0 14 2 17 14
1 23 6 17 11 6 15 2 19 17 3 9 2 9 2 19 17 3 19 17 0 19 0 2 9
1 5 11 0 2 19 17
1 7 6 17 6 14 15 6 10
0 3 1 7 1
1 18 18 16 12 16 12 0 11 0 7 19 0 19 17 3 19 17 3 9
0 2 19 4
0 2 19 16
0 4 14 10 17 1
0 4 3 9 1 9
0 9 7 14 15 4 9 3 16 10 2
1 4 7 9 0 2
0 24 0 17 7 9 16 12 16 12 8 16 12 0 15 2 2 8 11 6 16 11 2 13 5 9
1 10 12 0 16 10 10 10 10 4 13 1
1 8 10 11 0 7 19 17 10 2
0 7 3 2 0 7 2 11 17
1 5 18 16 12 5 16
0 8 9 16 8 8 19 10 5 8
0 6 19 7 16 3 19 19
0 2 17 17
1 10 0 3 9 2 19 2 9 2 19 17
0 9 4 12 6 17 8 16 18 9 8
0 6 6 10 7 0 13 18
1 18 11 2 9 2 9 2 9 2 9 2 19 6 15 6 15 17 3 9
1 18 8 16 3 17 3 17 16 15 17 4 16 7 6 2 2 14 6 13
1 34 0 3 9 2 9 2 19 2 19 0 2 19 0 2 19 2 9 2 19 2 9 2 19 2 9 2 9 2 19 2 9 2 19 0
1 5 18 5 11 8 13
0 8 6 17 8 16 3 18 9 8
0 17 6 15 6 9 15 17 7 18 15 16 19 3 19 0 2 19 0
1 11 4 16 6 14 0 16 5 15 19 8 16
0 27 18 5 0 4 13 12 2 1 7 7 7 12 6 17 1 19 2 1 12 14 5 14 4 19 14 3 14
0 5 4 16 4 13 1
1 5 4 16 18 5 16
1 34 19 2 5 5 17 8 0 12 19 5 17 12 8 0 10 10 12 5 14 8 2 16 12 19 5 17 8 18 5 17 14 5 17 8
0 9 7 6 9 16 4 17 15 2 1
0 12 11 6 15 2 2 9 6 13 11 6 15 17
0 3 0 0 5
0 1 19
0 3 13 7 0
0 6 11 2 9 2 9 2
1 8 6 17 8 8 17 16 6 14
0 27 8 8 17 5 11 6 15 0 2 19 6 15 0 2 19 11 6 15 0 14 19 13 5 9 2 19 0
0 17 8 8 17 15 8 4 15 12 17 11 2 9 2 19 6 15 0
0 17 11 0 2 19 6 15 13 2 19 17 0 19 0 2 9 2 9
1 18 19 2 5 11 14 8 0 12 14 19 5 17 13 11 16 12 19 11
0 7 7 13 11 18 14 17 10
0 6 19 4 16 19 3 13
0 17 0 7 5 19 6 8 15 0 2 8 19 17 17 7 12 8 13
1 22 17 12 7 11 13 5 9 2 9 2 9 2 19 13 5 9 2 9 2 19 13 18
1 14 0 3 9 2 19 13 5 19 6 15 17 7 18 10
1 7 6 14 16 12 15 3 13
1 15 16 6 10 7 9 0 16 3 11 14 3 0 7 18 10
0 1 19
1 9 0 3 19 2 9 2 19 2 9
1 9 6 14 0 7 5 0 4 13 16
1 25 0 7 5 9 2 19 17 7 11 6 15 13 11 2 19 13 19 3 19 6 15 2 19 2 9
1 8 4 16 12 14 4 16 8 13
0 8 6 9 14 4 19 2 13 9
0 30 14 12 16 10 10 10 5 0 8 8 17 2 0 3 9 2 9 2 19 13 19 3 19 13 11 9 19 17 13 1
1 6 17 2 14 3 11 0
1 8 0 3 9 2 9 2 19 0
0 9 7 0 4 18 13 9 15 8 7
0 15 18 5 5 7 11 16 16 12 16 12 0 15 2 15 3
0 4 0 7 14 19
1 5 10 15 2 2 14
1 15 19 8 17 6 2 12 0 19 6 15 2 19 17 3 9
1 5 18 0 15 6 14
0 8 7 11 9 1 12 18 15 13
1 7 12 14 5 0 2 12 0
1 4 17 1 13 1
0 8 8 16 3 3 17 18 9 15
0 9 0 17 16 8 7 10 15 14 8
0 4 3 19 6 10
0 8 19 14 3 0 17 17 2 10
0 7 7 13 11 18 14 17 10
0 3 17 10 8
0 3 17 4 14
0 7 17 12 19 17 17 3 14
1 5 18 0 15 6 14
0 8 12 6 9 19 2 11 4 13
0 7 12 10 18 1 12 1 4
0 5 12 2 6 3 3
0 4 11 0 7 9
1 5 18 5 11 8 13
1 14 7 12 2 12 17 10 7 11 2 12 17 17 1 14
0 8 8 16 3 3 17 18 9 15
0 2 5 10
1 6 18 16 12 16 12 0
1 7 4 16 18 0 15 11 6
0 14 0 7 19 3 19 0 2 1 17 3 9 2 17 9
1 8 0 0 9 2 19 6 15 17
0 9 19 2 13 9 9 9 19 9 9
1 3 16 6 16
1 30 18 5 7 7 15 16 11 8 12 6 12 10 11 13 13 13 19 13 13 13 19 19 13 19 13 13 13 5 18 6
1 18 18 16 12 16 12 0 11 0 7 19 0 19 17 3 19 17 3 9
0 18 12 5 16 10 5 0 2 18 3 2 1 17 12 0 19 13 11 0
0 17 8 8 17 15 8 4 15 12 17 11 2 9 2 19 6 15 0
0 10 10 18 16 3 12 3 11 14 19 13
0 7 0 10 9 15 6 8 13
1 16 10 7 0 5 16 12 16 12 3 9 2 19 14 3 13 1
0 16 8 15 12 3 17 18 9 15 14 5 6 2 1 19 3 13
1 12 8 8 17 18 16 12 5 12 11 14 6 13
0 4 11 8 14 3
0 16 4 16 8 16 3 17 18 9 15 14 16 12 15 18 14 19
1 52 19 2 5 5 17 14 11 16 10 10 10 10 12 14 19 5 17 8 2 16 10 12 15 0 10 12 15 18 5 17 13 5 17 14 5 17 12 12 12 8 2 14 13 13 17 8 18 5 17 12 14 11
1 5 12 10 3 12 18
1 4 7 4 16 9
1 30 18 5 7 7 15 16 11 8 12 6 12 10 11 13 13 13 19 13 13 13 19 19 13 19 13 13 13 5 18 6
0 10 18 10 7 17 10 19 8 4 11 13
0 7 7 0 15 7 0 5 9
0 3 8 4 15
1 14 7 9 15 8 5 9 16 12 5 9 16 12 15 14
1 32 0 3 9 2 19 17 7 5 9 2 9 2 19 6 15 0 2 19 6 15 13 18 10 16 5 9 2 19 6 15 2 9
0 27 8 8 17 5 11 6 15 0 2 19 6 15 0 2 19 11 6 15 0 14 19 13 5 9 2 19 0
0 8 12 6 9 19 2 11 4 13
1 6 16 6 4 16 13 1
0 9 12 3 6 11 16 9 5 9 17
1 13 19 8 9 16 12 5 12 6 12 11 4 4 13
1 8 6 17 8 8 17 16 6 14
0 23 0 0 19 6 15 16 2 9 2 9 9 2 9 10 19 6 15 17 17 18 15 6 10
0 4 17 13 13 12
0 2 8 0
0 4 5 17 7 14
0 9 10 7 5 5 12 11 16 2 6
1 26 6 17 0 0 19 6 15 13 11 13 5 19 17 0 19 2 19 2 9 2 19 6 15 0 2 9
1 2 19 14
1 6 0 0 19 17 0 9
0 24 18 16 12 15 5 14 8 18 19 16 14 12 19 5 12 15 2 16 10 10 12 5 14 8
0 5 17 2 4 3 13
0 14 0 7 19 3 19 0 2 1 17 3 9 2 17 9
0 2 5 1
0 6 7 11 11 11 8 13
1 16 12 14 5 10 18 19 5 11 13 13 19 13 19 19 5 5
0 5 11 17 15 19 19
1 54 19 2 5 11 14 13 3 19 16 12 14 19 11 14 14 11 16 12 15 2 14 8 2 16 12 14 14 15 18 13 17 8 0 10 10 12 5 14 13 19 14 12 14 11 14 8 0 10 12 19 5 17 14 11
1 21 17 12 0 9 2 19 6 15 6 15 6 15 13 18 10 19 16 19 17 10 2
1 8 8 16 12 18 9 17 16 9
1 10 12 6 19 2 0 2 4 16 12 0
0 20 11 13 19 17 0 19 6 15 6 15 13 18 10 19 16 5 6 19 2 9
1 6 7 5 11 2 2 3
1 7 18 3 2 2 2 13 9
0 2 6 3
1 5 10 11 11 2 9
1 7 4 16 6 17 19 3 13
0 3 3 10 2
1 13 11 2 9 2 9 2 19 2 19 17 7 18 10
0 2 18 17
1 10 10 7 17 0 4 13 11 9 2 6
1 9 4 16 7 5 6 2 2 6 10
1 11 6 14 16 12 15 8 12 9 16 10 4
0 2 6 18
1 18 10 16 3 2 12 3 19 2 19 0 2 19 2 9 2 9 2 9
0 4 8 17 17 1
1 20 16 9 16 10 10 10 10 10 5 0 2 17 12 17 0 7 19 7 11 0
0 16 4 16 8 16 3 17 18 9 15 14 16 12 15 18 14 19
1 37 8 16 3 17 3 17 18 9 15 14 0 15 11 8 12 6 0 17 12 10 3 12 11 13 13 13 19 19 19 5 9 13 5 3 12 18 6
1 7 12 6 19 2 11 4 13
0 7 8 5 5 4 0 12 14
0 8 16 14 10 5 0 4 16 4
0 4 14 6 2 17
0 25 0 17 4 16 6 14 0 7 15 11 3 6 15 0 2 9 2 19 17 3 19 0 2 19 0
0 13 16 9 16 6 6 8 8 16 3 17 12 16 8
1 13 10 16 16 12 0 7 17 17 11 11 14 3 0
1 9 7 17 9 15 2 5 5 17 8
0 6 10 3 15 3 18 18
1 23 4 16 18 5 5 4 6 17 0 0 9 2 19 6 15 0 2 9 2 19 6 15 0
0 17 12 6 8 17 12 3 19 6 13 15 0 2 15 2 19 2 9
1 9 0 3 19 2 9 2 19 2 9
1 11 11 17 0 19 17 17 12 11 4 4 13
1 9 18 5 0 5 16 12 15 3 13
1 8 8 16 18 9 15 14 15 3
0 12 5 4 16 7 9 3 2 14 16 2 8 8
1 9 16 2 12 7 19 7 19 17 6
1 23 0 0 19 6 15 17 3 19 0 2 19 2 9 2 9 2 9 2 9 2 9 2 9
1 11 4 16 6 17 19 2 13 9 9 9 9
1 11 10 7 17 0 4 13 5 7 15 11 3
0 7 12 10 18 1 12 1 4
1 9 4 16 7 11 6 16 11 6 10
1 5 8 8 17 19 3
1 12 8 8 15 14 5 15 8 16 3 17 18 9
1 26 6 14 0 16 0 15 2 1 16 9 16 5 10 9 13 13 13 19 19 5 3 12 18 1 14 6
0 15 11 17 17 18 3 6 12 17 8 8 15 14 0 7 16
0 10 18 10 7 17 10 19 8 4 11 13
1 5 6 17 4 16 14
1 7 10 11 10 15 11 3 13
0 22 16 6 11 17 8 16 18 9 17 11 6 15 2 19 13 18 9 10 16 5 19 0
0 4 14 10 17 1
1 9 0 7 19 7 5 9 2 19 0
1 8 4 16 12 14 4 16 8 13
1 20 11 0 2 9 2 19 13 5 9 2 19 0 2 19 6 15 2 9 2 9
1 7 17 1 7 0 5 3 8
0 11 6 17 8 15 17 11 13 17 15 11 17
1 10 6 14 16 12 16 12 15 14 19 13
0 12 5 4 16 7 9 3 2 14 16 2 8 8
0 4 7 5 8 16
1 5 16 2 12 3 9
0 10 16 6 6 14 12 16 5 5 4 0
0 9 7 0 4 18 13 9 15 8 7
0 7 3 2 0 7 2 11 17
1 29 0 3 9 2 19 17 0 19 6 15 17 3 9 2 19 13 19 3 19 0 2 19 17 0 9 2 9 2 9
0 11 0 7 11 17 3 19 0 2 18 19 0
1 10 16 11 8 7 16 3 9 2 11 0
0 2 18 4
0 12 17 8 1 17 2 8 15 9 4 16 11 14
1 37 18 3 9 16 10 10 5 10 9 13 19 13 19 19 19 13 19 5 11 13 19 19 13 19 5 9 13 5 9 13 13 19 19 5 5 3 18
1 4 0 17 19 3
0 5 19 11 11 16 13
1 7 11 17 17 12 11 4 13
0 6 6 17 6 17 17 14
0 3 11 0 2
1 29 12 0 16 10 4 11 13 18 10 16 11 6 15 13 11 0 2 19 6 15 6 15 6 15 13 5 9 2 9
1 8 7 6 2 2 8 4 13 1
1 27 6 14 5 17 6 6 11 17 7 5 19 13 19 7 5 9 2 19 13 5 9 2 19 13 19 17 14
1 10 8 16 12 12 3 17 12 18 9 8
0 5 4 16 2 7 1
1 7 11 17 17 12 11 4 13
1 7 0 17 19 2 13 9 9
0 24 0 17 7 9 16 12 16 12 8 16 12 0 15 2 2 8 11 6 16 11 2 13 5 9
0 13 12 10 11 5 11 11 4 11 11 8 11 4 3
1 5 6 14 5 5 16
0 13 11 15 6 15 6 4 17 3 13 19 6 15 0
0 4 12 4 18 19
0 11 7 5 14 7 7 7 0 4 13 7 2
0 2 5 8
1 23 4 16 18 5 5 4 6 17 0 0 9 2 19 6 15 0 2 9 2 19 6 15 0
1 6 11 13 11 17 3 9
1 7 6 14 16 12 15 3 13
1 18 8 16 3 17 3 17 16 15 17 4 16 7 6 2 2 14 6 13
0 5 11 17 15 19 19
0 17 0 7 5 19 6 8 15 0 2 8 19 17 17 7 12 8 13
0 7 7 4 1 2 6 8 10
0 10 6 14 9 17 11 11 8 6 5 3
0 4 19 2 3 13
1 16 12 0 16 4 7 17 0 5 16 12 16 12 3 2 2 3
1 15 16 2 12 17 16 6 6 14 3 11 14 3 0 0 9
0 4 4 16 19 2
0 33 10 11 12 6 8 4 16 10 7 5 9 12 0 5 9 5 12 6 19 0 7 18 10 18 19 0 9 19 6 15 6 15 0
0 10 7 9 8 0 5 16 12 5 12 13
0 3 17 1 13
0 6 11 2 9 2 9 2
1 6 7 9 5 4 13 1
0 4 10 16 16 7
0 8 7 15 4 18 7 12 8 13
0 2 5 1
0 17 4 16 2 5 5 16 17 10 5 17 13 19 14 13 5 17 14
1 7 10 16 5 11 11 2 3
0 2 5 10
1 8 12 14 10 10 5 11 4 13
0 15 6 14 0 15 6 12 0 5 10 11 13 19 5 18 6
0 3 3 18 14
1 18 16 9 2 8 16 3 17 12 3 17 3 17 16 15 14 3 8 13
0 8 6 9 5 4 18 19 2 3
1 5 18 15 2 5 11
1 24 11 17 3 19 0 2 9 2 9 2 9 2 19 17 17 4 16 11 13 18 10 19 19 19
1 7 8 8 15 17 4 16 16
0 3 12 11 8
0 8 16 7 2 2 2 0 9 9
1 6 10 7 12 6 13 1
0 7 8 5 5 4 0 12 14
1 10 17 1 6 17 18 16 12 15 6 10
1 14 4 16 17 1 10 16 3 6 7 9 16 12 3 6
1 26 6 14 0 16 0 15 2 1 16 9 16 5 10 9 13 13 13 19 19 5 3 12 18 1 14 6
0 2 14 16
0 4 0 17 16 16
1 4 10 7 12 9
0 2 3 6
0 23 6 17 12 0 2 0 17 8 8 17 18 3 11 8 15 16 17 2 2 5 11 14 8
1 20 16 9 16 10 10 10 10 10 5 0 2 17 12 17 0 7 19 7 11 0
1 8 10 11 0 7 19 17 10 2
1 4 4 16 17 12
0 5 13 17 16 3 13
0 4 19 18 14 6
0 4 11 15 13 19
0 15 3 11 16 6 9 16 12 0 19 6 6 16 11 2 3
1 6 7 5 11 2 2 3
1 16 4 16 10 7 5 9 16 12 3 11 8 4 12 6 11 8
0 12 18 17 3 6 5 10 7 2 0 3 2 9
0 10 7 9 8 0 5 16 12 5 12 13
1 14 8 16 16 15 14 5 5 4 10 7 9 15 3 13
1 5 19 8 15 13 1
1 6 4 16 7 4 16 8
1 13 8 16 16 17 11 6 15 13 5 9 2 19 0
0 9 6 16 16 6 12 5 12 7 3
0 15 9 12 0 0 4 8 16 18 9 17 6 15 14 6 13
1 6 0 0 19 17 0 9
1 18 8 16 12 3 17 12 3 17 12 12 16 17 17 2 8 4 11 0
0 2 6 3
0 6 19 4 16 19 3 13
0 3 15 16 0
1 2 17 1
1 5 11 2 19 13 18
0 3 1 7 1
1 28 6 17 11 17 0 19 6 15 6 15 17 0 19 2 19 0 2 19 17 0 9 2 19 17 17 6 14 0
1 9 0 0 19 2 19 2 9 2 9
0 16 12 10 7 13 2 13 13 5 3 4 11 4 3 18 18 18
1 8 16 11 14 3 18 5 7 2
0 13 7 0 13 0 5 16 12 5 0 14 0 2 1
1 7 7 17 6 9 2 7 4
1 9 18 3 11 8 15 17 1 11 0
1 5 18 16 12 15 3
1 12 17 12 7 5 9 2 19 17 7 19 3 9
0 5 18 15 11 3 13
1 5 6 17 16 8 13
0 18 11 11 2 19 6 15 13 19 9 6 2 9 2 19 6 15 2 9
0 6 7 5 5 6 16 14
0 10 11 5 2 9 2 19 19 0 2 9
1 10 18 16 12 0 16 16 12 16 12 0
0 3 11 18 0
0 3 8 4 15
1 24 18 16 12 16 12 0 7 7 7 17 17 15 12 14 10 5 14 4 18 16 12 15 6 10
0 13 16 9 16 6 6 8 8 16 3 17 12 16 8
0 4 7 6 8 10
0 7 19 8 9 16 4 11 17
0 5 13 8 16 10 8
1 4 6 17 13 1
1 34 12 10 9 13 19 13 19 13 19 19 13 19 13 13 13 13 13 19 19 5 11 13 13 13 19 19 5 5 3 18 18 18 18 18
1 7 17 12 7 18 10 16 19
0 6 8 5 6 2 2 3
1 7 17 12 7 18 10 16 19
1 15 19 8 17 6 2 12 0 19 6 15 2 19 17 3 9
1 5 0 3 19 13 18
1 9 18 3 11 8 15 17 1 11 0
0 3 19 3 10
1 12 4 16 17 2 8 9 3 11 2 13 9 9
1 8 4 16 12 14 5 6 19 19
0 3 10 15 12
1 25 11 2 19 2 19 6 15 2 9 2 19 2 19 6 15 2 9 2 9 2 19 2 9 2 9
0 15 7 8 7 4 16 7 6 5 7 5 12 9 16 4 6
0 5 16 9 2 5 2
1 35 10 15 11 2 5 5 17 14 11 14 13 19 14 13 5 17 12 12 12 13 13 17 12 12 8 2 16 12 5 14 12 13 5 17 8
1 5 0 0 19 2 9
0 18 16 13 9 4 16 11 0 2 19 17 17 8 8 17 19 6 19 19
0 8 0 6 19 6 7 11 8 13
1 12 12 14 4 17 1 4 16 11 2 9 2 9
0 15 12 14 10 5 14 4 18 16 17 1 16 2 1 13 1
1 14 4 16 17 1 10 16 3 6 7 9 16 12 3 6
1 20 10 15 2 12 0 19 6 15 2 9 2 19 6 15 6 15 17 17 13 1
1 8 10 15 2 1 16 11 14 19
1 10 11 13 5 19 2 19 13 5 19 0
0 10 6 14 18 16 12 16 12 15 6 10
1 5 11 17 17 10 2
0 6 19 7 16 3 19 19
0 4 16 17 3 13
0 8 16 12 1 4 16 19 3 13
0 18 11 11 2 19 6 15 13 19 9 6 2 9 2 19 6 15 2 9
0 6 16 9 12 7 0 16
0 14 16 12 19 17 12 6 8 12 10 18 9 14 10 6
1 7 12 14 10 4 19 3 13
1 19 17 1 7 9 15 8 11 2 1 12 6 19 2 0 2 18 5 5 12
1 6 11 6 15 17 17 14
0 6 7 7 18 2 14 13
1 5 19 14 3 7 16
0 6 4 16 16 9 5 0
1 9 8 8 17 4 16 0 17 7 16
1 10 12 6 19 2 0 2 4 16 12 0
0 4 18 16 2 9
1 16 7 5 6 9 2 17 1 18 15 14 3 18 3 11 6 10
1 13 11 2 9 2 19 17 0 9 2 9 2 19 17
0 4 15 4 10 1
0 4 11 8 14 3
0 4 0 4 3 17
0 4 11 19 4 6
1 7 12 14 10 4 19 3 13
1 16 12 6 11 16 12 18 9 15 17 12 0 16 10 5 11 13
1 16 19 2 5 11 14 8 18 11 16 10 12 19 5 17 13 11
1 7 4 16 6 17 10 11 14
0 28 11 13 11 0 2 19 8 6 15 19 18 11 6 13 15 6 15 17 3 19 17 0 0 2 19 6 15 0
1 17 17 12 7 5 9 2 19 13 19 3 19 2 9 2 9 2 9
1 23 8 16 18 9 17 11 13 11 6 15 6 15 6 15 17 7 11 6 15 13 19 0 9
1 8 8 16 12 12 3 17 16 8
1 10 0 3 9 2 19 2 9 2 19 17
1 5 6 14 3 9 2
1 9 6 14 0 7 5 0 4 13 16
0 13 11 8 0 19 3 2 9 2 9 14 19 2 9
0 4 2 16 12 13
1 14 11 13 5 9 2 9 2 19 0 2 19 17 3 9
0 15 9 12 0 0 4 8 16 18 9 17 6 15 14 6 13
1 4 6 17 13 1
0 8 7 11 9 1 12 18 15 13
0 4 3 19 6 10
1 17 17 12 0 19 17 3 19 17 0 9 2 19 0 2 9 2 9
0 3 13 6 4
0 70 19 8 12 6 17 2 2 5 17 8 0 12 14 5 14 14 5 17 12 12 1 18 5 17 13 5 17 12 13 5 17 14 11 3 14 14 5 13 11 14 13 5 17 16 12 14 15 0 10 12 14 14 5 16 12 5 16 12 11 16 10 12 19 11 14 8 0 12 19 11
0 3 8 3 8
0 4 7 19 16 6
0 3 3 10 2
1 8 18 16 12 15 8 11 8 13
1 12 8 8 17 18 16 12 5 12 11 14 6 13
0 22 11 6 15 0 19 13 19 0 19 17 3 9 2 9 2 19 0 2 19 13 18 10
1 6 7 9 3 6 19 3
1 13 10 16 16 12 0 7 17 17 11 11 14 3 0
1 4 17 1 13 1
0 6 17 12 17 5 7 12
1 16 19 2 5 11 14 8 18 11 16 10 12 19 5 17 13 11
0 2 19 4
1 5 17 1 11 2 9
0 5 4 16 19 4 18
0 7 4 16 11 6 13 11 17
0 19 0 7 5 19 2 9 2 15 13 11 0 2 19 0 2 19 6 15 0
1 14 19 8 0 5 3 6 12 14 4 10 15 11 3 13
0 6 14 7 18 3 15 3
1 9 12 10 11 13 19 13 19 5 18
0 4 6 12 2 4
1 6 10 16 5 6 11 3
0 7 7 5 14 19 1 15 11
1 10 18 16 12 0 16 16 12 16 12 0
0 5 19 17 16 18 3
1 13 11 0 2 9 2 19 17 17 4 16 8 8 8
1 5 10 15 6 8 8
0 4 14 6 2 17
1 6 7 4 7 17 11 9
1 29 0 3 9 2 19 17 0 19 6 15 17 3 9 2 19 13 19 3 19 0 2 19 17 0 9 2 9 2 9
1 9 16 6 10 11 7 17 5 11 8
0 17 11 0 2 19 6 15 13 2 19 17 0 19 0 2 9 2 9
1 23 10 16 3 11 8 15 12 6 8 4 16 11 6 15 17 17 0 17 6 14 15 6 10
0 21 10 11 11 0 2 19 13 18 10 16 11 17 5 19 2 5 11 14 13 3 11
1 6 10 11 17 12 7 18
0 7 4 16 13 12 5 4 1
1 9 4 16 4 16 18 3 2 2 3
1 7 17 12 17 4 16 13 1
0 5 18 15 14 6 5
0 4 8 17 17 1
1 8 6 17 4 16 11 13 11 17
0 51 16 6 19 2 5 5 17 14 11 14 12 14 5 17 8 0 12 15 0 10 12 15 18 3 19 14 19 11 14 12 12 8 2 14 14 11 14 12 13 13 17 8 18 5 17 8 2 16 10 12 5
1 8 4 16 12 14 5 6 19 19
0 12 13 6 14 16 8 12 16 12 18 2 1 13
1 10 8 16 12 18 9 17 0 7 11 0
1 6 7 9 5 4 19 3
1 18 18 3 9 16 5 0 16 10 10 4 0 0 19 0 2 9 2 9
0 4 16 1 9 7
1 11 4 16 6 17 19 2 13 9 9 9 9
0 17 18 3 9 16 4 11 4 16 19 8 7 16 16 12 3 8 13
0 4 4 17 7 11
1 14 6 14 3 6 7 17 11 11 2 13 9 9 9 9
1 7 10 16 5 11 11 2 3
1 7 18 0 11 12 11 4 13
1 18 16 9 2 8 16 3 17 12 3 17 3 17 16 15 14 3 8 13
1 10 0 17 11 13 18 10 16 19 3 9
1 11 17 12 17 4 16 10 7 9 15 2 3
1 11 19 8 4 18 3 2 1 18 15 3 13
0 16 12 8 8 17 3 6 14 16 12 3 9 16 10 4 13 1
0 2 3 6
0 10 11 5 2 9 2 19 19 0 2 9
1 5 11 0 2 19 17
0 3 3 18 14
0 6 7 11 11 11 8 13
1 10 6 17 10 16 16 12 3 11 2 3
0 4 11 3 2 3
1 34 0 3 9 2 9 2 19 2 19 0 2 19 0 2 19 2 9 2 19 2 9 2 19 2 9 2 9 2 19 2 9 2 19 0
1 4 16 6 7 6
0 19 4 16 0 0 19 6 15 16 0 19 7 11 5 2 19 17 17 11 0
1 23 18 0 7 7 11 0 7 11 17 7 5 19 13 11 2 19 13 19 0 19 6 15 17
1 15 7 7 11 4 16 8 16 16 15 17 10 11 8 8 8
0 2 11 9
1 3 11 13 18
0 4 19 19 16 13
0 4 3 16 0 2
1 9 16 6 10 11 7 17 5 11 8
1 7 10 15 6 11 6 15 0
0 12 7 11 11 13 8 1 9 2 12 6 11 8
1 19 11 2 9 2 19 17 7 11 13 19 3 9 2 19 0 2 9 2 9
1 18 17 12 0 9 2 19 2 19 0 2 19 0 2 9 2 19 2 9
0 4 10 16 12 0
1 10 16 11 8 7 16 3 9 2 11 0
0 70 19 8 12 6 17 2 2 5 17 8 0 12 14 5 14 14 5 17 12 12 1 18 5 17 13 5 17 12 13 5 17 14 11 3 14 14 5 13 11 14 13 5 17 16 12 14 15 0 10 12 14 14 5 16 12 5 16 12 11 16 10 12 19 11 14 8 0 12 19 11
0 4 8 8 1 8
0 4 0 4 3 17
0 22 16 6 11 17 8 16 18 9 17 11 6 15 2 19 13 18 9 10 16 5 19 0
1 18 18 3 9 16 5 0 16 10 10 4 0 0 19 0 2 9 2 9
1 24 12 14 10 5 6 11 16 16 17 12 14 10 10 5 0 16 5 0 2 18 16 12 3 8
0 12 11 6 15 2 2 9 6 13 11 6 15 17
0 3 0 7 10
1 4 4 16 7 4
0 11 17 12 3 2 6 15 13 18 10 7 19
0 5 10 0 17 7 16
0 3 0 0 5
1 11 11 17 0 19 17 17 12 11 4 4 13
0 4 10 16 12 0
1 6 17 2 14 3 11 0
0 7 16 6 4 16 8 8 2
0 17 10 16 3 9 16 4 0 9 2 9 2 19 13 11 2 19 0
1 8 4 16 19 8 5 11 11 3
1 13 11 0 2 9 2 19 17 17 4 16 8 8 8
0 21 0 0 9 2 13 19 3 19 9 3 19 17 17 18 3 2 1 19 17 6 10
0 7 13 6 2 15 14 10 9
0 9 7 6 9 16 4 17 15 2 1
0 2 5 8
1 13 11 2 9 2 19 17 0 9 2 9 2 19 17
0 3 13 14 13
0 6 4 16 16 9 5 0
1 30 4 16 4 16 11 6 15 6 15 6 15 13 11 0 2 9 2 19 13 5 9 2 9 2 19 17 3 9 2 9
1 5 8 8 17 19 3
0 10 6 14 9 17 11 11 8 6 5 3
0 5 17 2 19 6 10
0 10 19 16 8 7 16 16 12 15 14 19
0 4 3 16 0 2
0 10 16 6 6 14 6 16 12 2 16 13
1 8 10 16 16 12 5 9 5 16
0 15 18 5 5 7 11 16 16 12 16 12 0 15 2 15 3
1 7 7 12 11 14 3 11 17
1 8 7 6 2 2 8 4 13 1
1 7 10 7 12 11 14 3 14
0 17 7 0 11 4 13 12 6 18 16 0 3 15 9 16 4 10 2
0 7 16 6 4 16 8 8 2
1 7 18 16 12 3 11 2 3
1 5 16 11 8 7 2
1 23 6 17 11 6 15 2 19 17 3 9 2 9 2 19 17 3 19 17 0 19 0 2 9
1 11 6 14 16 12 15 8 12 9 16 10 4
0 17 18 3 9 16 4 11 4 16 19 8 7 16 16 12 3 8 13
1 7 18 5 6 2 2 6 10
1 2 17 1
0 8 18 3 14 3 4 16 7 3
1 5 19 2 13 9 9
0 2 14 16
0 4 0 0 2 9
1 7 18 0 11 12 11 4 13
0 13 4 16 12 0 16 5 8 14 10 5 4 4 13
1 11 4 16 7 4 10 16 16 12 15 2 3
0 13 11 15 6 15 6 4 17 3 13 19 6 15 0
1 20 18 16 12 16 12 16 12 5 17 9 5 0 5 0 15 2 2 8 7 15
1 7 10 7 12 11 14 3 14
1 11 6 17 10 11 12 6 8 19 14 3 14
1 13 4 16 7 5 0 4 13 9 16 12 15 6 10
1 4 7 9 0 2
1 14 18 5 5 17 4 6 14 0 7 12 11 14 19 13
1 7 6 17 16 6 18 3 8
1 15 4 16 12 0 16 10 5 0 16 10 5 11 4 4 13
0 52 17 12 17 4 16 7 7 11 14 3 0 17 0 7 19 7 5 19 6 15 6 15 0 2 19 5 13 19 7 5 12 0 2 19 0 2 19 0 2 19 17 7 5 9 2 19 2 19 12 4 18 10
1 11 12 0 16 4 6 14 3 6 0 0 9
0 3 10 15 12
0 4 4 8 9 10
1 6 11 13 11 17 3 9
0 6 18 16 12 0 6 3
0 4 1 19 6 10
1 10 6 14 16 12 16 12 16 12 3 6
0 21 8 16 12 2 12 12 18 9 17 17 12 3 19 0 2 9 2 19 2 19 17
0 10 10 18 16 3 12 3 11 14 19 13
1 11 10 16 16 12 5 7 16 15 8 5 16
0 6 17 4 19 19 8 8
1 12 12 14 4 17 1 4 16 11 2 9 2 9
0 13 12 10 11 5 11 11 4 11 11 8 11 4 3
0 7 7 0 15 7 0 5 9
1 8 18 5 17 11 9 2 13 1
0 37 17 12 3 19 0 2 9 2 19 13 5 19 2 9 2 19 2 19 6 6 8 15 13 5 19 2 9 2 9 2 19 0 2 19 17 3 17
1 8 18 5 15 7 5 11 8 13
0 4 11 4 4 13
0 5 7 8 1 6 14
0 6 7 5 6 3 6 10
0 7 16 12 1 3 3 16 8
1 9 4 16 16 9 16 5 6 19 19
1 11 7 0 4 13 7 15 2 1 17 2 3
0 13 6 15 13 2 2 19 17 3 19 17 7 11 13
0 6 18 16 12 0 6 3
0 4 11 0 7 9
1 7 18 3 6 10 11 4 16
1 25 0 7 5 9 2 19 17 7 11 6 15 13 11 2 19 13 19 3 19 6 15 2 19 2 9
1 21 4 16 10 16 0 7 9 16 12 3 9 16 10 5 0 16 4 7 11 6 6
1 11 6 17 10 11 12 6 8 19 14 3 14
1 26 16 9 16 10 5 14 5 14 5 6 11 16 12 18 9 15 17 18 16 12 3 11 2 13 9 9
0 5 16 9 2 5 2
1 7 10 15 6 11 6 15 0
0 9 6 16 16 6 12 5 12 7 3
1 3 18 3 9
1 10 12 11 4 4 4 4 4 4 4 13
1 20 7 4 12 6 8 12 10 11 13 19 19 5 5 3 18 18 18 18 18 18
1 12 8 8 15 14 5 15 8 16 3 17 18 9
0 3 3 15 0
1 10 10 7 17 0 4 13 11 9 2 6
0 3 15 16 0
0 2 11 19
1 19 11 2 9 2 19 17 7 11 13 19 3 9 2 19 0 2 9 2 9
0 5 8 2 11 8 13
1 34 12 10 9 13 19 13 19 13 19 19 13 19 13 13 13 13 13 19 19 5 11 13 13 13 19 19 5 5 3 18 18 18 18 18
0 4 7 6 8 10
0 28 11 13 11 0 2 19 8 6 15 19 18 11 6 13 15 6 15 17 3 19 17 0 0 2 19 6 15 0
1 63 18 16 12 15 2 5 11 16 12 14 15 0 12 5 14 12 12 13 5 17 13 3 19 14 13 3 3 5 17 8 2 16 12 19 5 17 13 19 14 8 18 13 17 14 11 14 13 5 17 8 0 12 14 5 16 10 10 12 5 16 12 15 2
1 14 17 12 7 11 0 2 9 2 9 2 19 2 19 0
1 10 7 9 16 12 0 16 5 9 0 15
0 13 8 16 11 17 18 12 17 18 5 7 15 8 13
1 25 18 5 7 11 7 5 9 0 7 7 11 16 11 2 5 11 16 12 14 14 5 16 12 19 11
1 7 18 3 2 1 19 6 10
1 32 12 10 11 13 13 13 5 9 13 5 11 13 13 13 5 9 13 5 9 13 19 19 13 5 5 3 18 18 18 18 18 18
0 2 19 12
1 5 7 5 6 6 14
1 5 18 16 12 5 16
1 8 17 2 8 11 6 8 8 8
0 12 3 0 7 19 17 11 3 19 0 17 2 9
1 46 19 2 5 11 14 8 18 11 14 14 5 17 14 5 17 12 13 13 17 13 3 5 17 12 13 3 3 3 13 17 12 12 8 0 12 19 11 14 12 12 14 11 14 8 18 19
1 11 8 16 12 3 17 18 9 15 17 13 1
0 15 6 14 0 15 6 12 0 5 10 11 13 19 5 18 6
1 8 4 16 19 8 9 3 8 13
1 6 10 16 5 6 11 3
1 3 18 3 9
0 10 2 4 14 7 18 10 8 19 16 18
0 1 19
1 6 16 9 2 19 3 13
1 17 7 5 6 2 12 0 19 17 3 19 13 5 9 2 9 2 9
0 4 17 7 11 8
0 4 2 7 15 13
0 3 13 13 15
1 8 6 17 4 16 11 13 11 17
0 23 0 0 19 6 15 16 2 9 2 9 9 2 9 10 19 6 15 17 17 18 15 6 10
0 4 2 16 12 13
1 5 18 16 12 15 3
1 19 11 6 15 13 18 10 16 19 17 18 16 12 3 9 2 18 3 6 0
0 6 17 7 15 5 17 16
1 6 16 9 2 19 3 13
0 5 10 0 17 7 16
1 39 8 16 18 9 17 0 0 19 13 19 0 19 6 15 6 15 6 15 13 18 10 16 11 6 15 6 15 0 2 19 2 19 2 19 2 19 0 2 9
1 9 8 16 12 18 9 17 17 1 14
0 3 11 6 13
1 7 7 15 7 9 15 14 19
1 14 18 5 5 17 4 6 14 0 7 12 11 14 19 13
0 3 8 9 8
1 7 12 10 5 11 4 3 18
0 3 12 11 8
1 6 18 16 12 16 12 0
0 8 9 16 8 8 19 10 5 8
0 3 11 10 17
1 22 11 17 17 0 0 19 13 19 0 9 2 19 17 3 19 13 18 10 16 11 2 9
1 8 18 16 12 3 2 2 8 15
0 7 7 17 5 12 11 6 2
0 50 19 8 4 4 13 11 2 19 0 2 9 2 19 17 17 0 19 2 9 2 19 6 15 13 5 9 17 9 2 1 9 2 19 13 19 0 9 2 19 0 2 9 2 9 2 19 13 19 7 18
1 8 8 16 12 18 9 17 16 9
1 16 12 6 11 16 12 18 9 15 17 12 0 16 10 5 11 13
0 9 9 18 5 12 14 16 18 12 6
0 8 18 3 9 2 18 15 13 13
0 4 16 11 6 13
0 7 7 12 2 6 2 2 16
1 61 11 6 15 17 17 17 2 2 5 5 17 13 19 16 10 10 12 19 5 17 13 13 17 8 2 16 10 10 12 15 18 13 17 12 8 2 14 12 13 13 17 12 14 5 17 13 11 16 12 14 15 0 10 10 12 14 14 5 14 14 11
1 5 10 16 3 8 13
0 5 17 12 0 7 9
1 18 10 15 9 2 12 10 9 13 5 5 11 4 3 18 18 18 18 18
1 22 11 17 17 0 0 19 13 19 0 9 2 19 17 3 19 13 18 10 16 11 2 9
0 5 4 6 19 9 19
0 4 4 16 19 2
0 6 8 8 17 7 18 16
1 11 10 16 0 16 16 12 5 11 11 14 19
0 7 19 1 6 5 12 13 9
1 7 4 16 17 1 7 12 8
1 18 12 6 8 12 0 16 4 7 12 6 16 9 2 16 2 1 13 1
1 7 8 8 15 17 4 16 16
1 7 6 14 16 12 0 16 0
0 3 17 10 8
0 1 19
1 5 10 7 9 5 16
0 4 4 17 7 11
0 6 16 9 12 7 0 16
1 32 8 16 16 15 14 16 12 3 2 12 7 5 19 6 15 17 7 19 3 19 2 19 17 7 11 17 0 19 13 19 0 9
1 20 0 3 19 13 18 10 16 5 9 2 19 2 19 17 3 9 2 9 2 9
0 4 13 5 17 1
1 6 8 8 15 14 15 6
1 20 11 6 15 13 18 10 19 19 19 19 19 19 19 16 18 10 16 5 19 0
1 4 17 1 13 1
1 7 10 7 0 4 13 11 9
0 5 11 14 12 5 0
1 11 10 16 16 12 5 7 16 15 8 5 16
0 3 18 9 7
1 4 10 7 15 14
1 9 7 15 0 17 17 1 19 3 13
1 7 18 3 2 1 6 17 14
1 37 18 3 9 16 10 10 5 10 9 13 19 13 19 19 19 13 19 5 11 13 19 19 13 19 5 9 13 5 9 13 13 19 19 5 5 3 18
0 4 11 19 4 6
0 8 10 9 19 2 19 0 13 18
1 5 12 6 11 8 15
1 20 18 16 12 16 12 16 12 5 17 9 5 0 5 0 15 2 2 8 7 15
1 2 19 14
1 15 4 16 12 6 8 4 16 16 6 16 2 2 2 13 9
1 19 8 16 3 17 16 17 12 0 16 10 10 4 4 16 18 3 11 2 3
0 8 19 14 3 0 17 17 2 10
1 8 4 16 19 8 5 11 11 3
0 2 8 17
1 4 6 17 13 1
1 4 7 4 16 9
0 11 0 7 11 17 3 19 0 2 18 19 0
1 11 4 16 7 4 10 16 16 12 15 2 3
1 10 16 2 1 4 16 0 7 18 10 19
0 7 16 12 1 3 3 16 8
1 7 6 14 3 2 12 0 9
1 23 8 16 18 9 17 11 13 11 6 15 6 15 6 15 17 7 11 6 15 13 19 0 9
1 5 19 2 13 9 9
0 2 18 17
0 11 13 5 2 9 9 19 13 5 9 2 9
0 8 10 9 19 2 19 0 13 18
1 34 4 16 7 4 16 2 1 16 6 12 14 5 10 18 19 5 11 13 13 5 9 13 19 13 5 5 11 12 3 4 11 4 3 18
1 15 6 14 16 12 16 12 3 9 16 4 10 15 6 19 3
1 3 18 15 6
1 9 18 15 8 5 17 0 4 13 6
1 19 11 6 15 13 18 10 16 19 17 18 16 12 3 9 2 18 3 6 0
1 5 0 3 19 13 18
0 3 19 3 10
0 9 9 18 5 12 14 16 18 12 6
0 3 18 16 11
0 12 6 5 17 7 4 4 16 7 5 0 5 3
1 15 10 7 12 6 8 16 3 17 16 15 14 16 12 3 9
0 3 13 6 4
0 15 7 8 7 4 16 7 6 5 7 5 12 9 16 4 6
0 9 4 12 6 17 8 16 18 9 8
1 8 17 2 8 11 6 8 8 8
1 15 12 14 5 0 2 11 6 15 0 2 19 13 11 17 17
1 16 4 16 10 7 5 9 16 12 3 11 8 4 12 6 11 8
1 5 6 17 4 16 14
1 25 18 5 7 11 7 5 9 0 7 7 11 16 11 2 5 11 16 12 14 14 5 16 12 19 11
1 10 6 14 16 12 16 12 16 12 3 6
0 12 6 5 17 7 4 4 16 7 5 0 5 3
1 11 8 16 12 3 17 18 9 15 17 7 16
1 15 4 16 12 0 16 10 5 0 16 10 5 11 4 4 13
0 4 14 14 7 3
1 61 11 6 15 17 17 17 2 2 5 5 17 13 19 16 10 10 12 19 5 17 13 13 17 8 2 16 10 10 12 15 18 13 17 12 8 2 14 12 13 13 17 12 14 5 17 13 11 16 12 14 15 0 10 10 12 14 14 5 14 14 11
0 17 7 7 11 7 12 12 10 11 13 19 5 18 1 14 1 14 6
0 9 10 16 0 9 8 17 11 3 13
0 4 8 8 1 8
1 27 18 3 2 12 17 6 17 11 2 9 2 19 6 15 2 19 6 15 13 19 7 19 17 4 16 13 1
1 13 16 2 1 10 7 0 4 13 9 3 11 6 10
0 6 14 7 18 3 15 3
0 24 18 16 12 15 5 14 8 18 19 16 14 12 19 5 12 15 2 16 10 10 12 5 14 8
1 5 12 10 3 12 18
1 20 0 3 19 13 18 10 16 5 9 2 19 2 19 17 3 9 2 9 2 9
0 10 19 16 8 7 16 16 12 15 14 19
0 3 16 16 13
0 13 4 16 12 0 16 5 8 14 10 5 4 4 13
0 22 16 2 2 5 6 8 4 6 17 8 8 15 17 7 7 7 7 7 9 0 11 14
0 5 13 8 16 10 8
1 17 6 14 0 11 17 1 6 14 0 7 0 4 13 15 7 7 2
0 17 10 16 3 9 16 4 0 9 2 9 2 19 13 11 2 19 0
1 5 4 16 17 2 6
0 8 8 8 17 0 1 17 13 1
0 5 17 15 12 0 9
1 4 17 1 13 1
0 5 17 0 6 15 0
0 5 17 2 4 3 13
0 7 17 1 16 10 6 19 3
1 10 11 6 15 2 9 2 9 2 19 0
1 17 8 8 17 16 9 16 4 18 15 2 13 9 9 9 9 9 9
1 6 12 14 5 0 2 16
1 17 17 12 0 19 17 3 19 17 0 9 2 19 0 2 9 2 9
0 1 19
0 12 17 0 1 19 13 6 19 8 5 12 6 10
1 10 6 14 16 12 16 12 15 14 19 13
1 15 7 7 11 4 16 8 16 16 15 17 10 11 8 8 8
0 5 4 16 2 7 1
1 3 18 15 6
1 2 19 14
0 34 7 9 0 11 2 8 16 18 9 17 8 19 15 17 19 14 3 16 12 0 2 18 5 7 15 6 6 14 15 8 11 11 6 10
1 22 17 12 7 11 13 5 9 2 9 2 9 2 19 13 5 9 2 9 2 19 13 18
0 3 13 13 15
0 2 6 18
1 9 18 3 9 2 6 14 15 3 13
0 7 4 16 11 6 13 11 17
0 13 11 2 19 0 2 2 2 19 13 11 13 5 9
1 13 10 7 15 8 16 3 17 3 17 12 18 9 8
1 10 8 16 12 18 9 17 7 6 8 13
0 5 19 11 1 18 10
1 13 17 1 7 9 5 9 16 12 3 2 12 3 9
1 5 7 11 9 2 14
1 7 18 16 12 3 11 2 3
0 3 2 10 16
1 52 19 2 5 5 17 14 11 16 10 10 10 10 12 14 19 5 17 8 2 16 10 12 15 0 10 12 15 18 5 17 13 5 17 14 5 17 12 12 12 8 2 14 13 13 17 8 18 5 17 12 14 11
0 3 15 6 2
0 6 4 16 8 17 11 13
0 6 4 7 14 1 0 7
0 6 3 10 11 16 1 18
1 4 4 16 7 4
1 6 10 11 17 12 7 18
0 4 6 12 2 4
1 19 0 7 19 3 19 6 15 13 5 9 2 9 2 9 2 19 13 5 9
0 18 12 5 16 10 5 0 2 18 3 2 1 17 12 0 19 13 11 0
0 6 4 16 8 17 11 13
1 20 7 4 12 6 8 12 10 11 13 19 19 5 5 3 18 18 18 18 18 18
0 12 17 8 1 17 2 8 15 9 4 16 11 14
0 15 6 19 16 7 17 7 7 6 11 8 11 2 2 17 3
0 7 6 14 16 12 8 15 6
1 18 19 2 5 11 14 8 0 12 14 19 5 17 13 11 16 12 19 11
1 32 0 3 9 2 19 17 7 5 9 2 9 2 19 6 15 0 2 19 6 15 13 18 10 16 5 9 2 19 6 15 2 9
1 21 17 12 0 9 2 19 6 15 6 15 6 15 13 18 10 19 16 19 17 10 2
0 17 12 6 8 17 12 3 19 6 13 15 0 2 15 2 19 2 9
1 5 6 14 5 5 16
1 21 4 16 10 16 0 7 9 16 12 3 9 16 10 5 0 16 4 7 11 6 6
1 8 0 0 9 2 19 6 15 17
1 9 0 7 19 7 5 9 2 19 0
1 10 6 17 7 4 4 16 18 5 6 8
0 10 14 8 8 17 8 16 3 17 5 11
1 10 11 13 5 19 2 19 13 5 19 0
1 19 0 7 19 3 19 6 15 13 5 9 2 9 2 9 2 19 13 5 9
1 8 18 16 12 15 8 11 8 13
0 7 19 18 15 14 19 2 12
1 3 6 17 16
1 21 17 1 19 2 5 5 17 13 13 17 14 5 17 8 18 3 5 17 12 8 2
0 2 4 1
0 10 7 0 4 13 17 5 14 11 6 10
0 3 3 12 14
0 4 3 9 1 9
1 7 4 16 17 1 7 12 8
0 9 0 17 16 8 7 10 15 14 8
1 11 10 16 0 16 16 12 5 11 11 14 19
1 12 4 16 16 11 8 9 3 6 19 14 6 13
0 10 2 4 14 7 18 10 8 19 16 18
0 7 19 18 15 14 19 2 12
1 25 11 6 15 6 15 17 17 8 8 15 17 8 16 12 16 15 14 16 12 3 11 8 6 8 13
0 15 6 19 16 7 17 7 7 6 11 8 11 2 2 17 3
1 8 18 0 16 0 7 6 8 13
1 8 18 5 15 7 5 11 8 13
0 16 12 8 8 17 3 6 14 16 12 3 9 16 10 4 13 1
0 1 19
1 12 4 16 11 2 19 17 0 19 6 15 13 19
1 7 17 1 7 0 5 3 8
0 3 17 1 13
0 5 19 11 14 6 10
1 7 11 17 7 11 0 2 9
0 27 18 5 0 4 13 12 2 1 7 7 7 12 6 17 1 19 2 1 12 14 5 14 4 19 14 3 14
1 5 10 11 11 2 9
1 6 10 11 11 17 0 9
0 9 19 2 13 9 9 9 19 9 9
0 4 12 4 9 13
1 7 16 9 2 11 2 19 0
1 16 7 5 6 9 2 17 1 18 15 14 3 18 3 11 6 10
1 11 19 8 4 18 3 2 1 18 15 3 13
1 14 10 7 0 5 0 7 0 5 5 0 5 3 11 6
1 12 4 16 17 2 8 9 3 11 2 13 9 9
1 8 7 4 6 14 3 6 13 1
1 17 7 5 6 2 12 0 19 17 3 19 13 5 9 2 9 2 9
1 4 10 7 12 9
0 14 8 16 3 17 3 17 3 17 17 12 12 18 9 8
0 4 14 0 7 15
1 8 8 16 12 3 17 18 9 8
1 9 18 15 8 5 17 0 4 13 6
0 4 0 17 16 16
0 5 9 7 12 6 0
0 10 14 8 8 17 8 16 3 17 5 11
0 8 8 8 17 0 1 17 13 1
1 27 18 3 2 12 17 6 17 11 2 9 2 19 6 15 2 19 6 15 13 19 7 19 17 4 16 13 1
0 6 17 7 15 5 17 16
1 13 11 13 11 6 15 2 19 6 15 2 9 2 9
0 2 8 17
0 1 19
1 6 7 9 5 4 13 1
0 6 6 17 6 17 17 14
0 13 11 2 19 0 2 2 2 19 13 11 13 5 9
1 32 12 10 11 13 13 13 5 9 13 5 11 13 13 13 5 9 13 5 9 13 19 19 13 5 5 3 18 18 18 18 18 18
0 4 16 1 9 7
1 20 0 0 19 17 0 9 2 9 2 19 17 3 9 2 9 2 19 17 17 14
1 31 17 12 0 19 17 3 19 0 2 19 0 2 19 6 15 0 2 19 6 15 13 11 2 19 17 7 19 17 8 8 8
0 3 13 7 0
0 6 6 14 15 13 3 4
0 19 0 7 5 19 2 9 2 15 13 11 0 2 19 0 2 19 6 15 0
0 6 7 5 5 6 16 14
0 9 7 14 15 4 9 3 16 10 2
1 34 4 16 7 4 16 2 1 16 6 12 14 5 10 18 19 5 11 13 13 5 9 13 19 13 5 5 11 12 3 4 11 4 3 18
0 3 12 1 13
1 54 19 2 5 11 14 13 3 19 16 12 14 19 11 14 14 11 16 12 15 2 14 8 2 16 12 14 14 15 18 13 17 8 0 10 10 12 5 14 13 19 14 12 14 11 14 8 0 10 12 19 5 17 14 11
0 7 10 4 14 0 3 7 15
1 5 6 14 3 9 2
1 35 10 15 11 2 5 5 17 14 11 14 13 19 14 13 5 17 12 12 12 13 13 17 12 12 8 2 16 12 5 14 12 13 5 17 8
1 32 17 1 7 5 15 8 16 12 12 18 9 17 0 0 19 13 5 9 2 19 2 19 6 15 0 2 9 2 9 2 19 17
1 5 17 1 11 2 9
