1515 20
1 7 10 16 1 15 1 1 12
0 2 1 3
1 6 13 18 8 10 1 12
0 17 10 16 4 13 4 9 14 16 9 12 14 2 4 9 14 16 9
1 11 13 14 3 18 10 6 14 11 3 1 15
0 2 0 14
0 4 9 10 18 1
1 6 3 4 12 14 6 15
0 3 10 0 1
1 18 3 4 6 13 5 5 10 12 1 0 15 13 0 2 15 7 8 1
1 8 19 0 6 3 19 1 15 10
1 6 10 6 4 8 3 16
0 14 3 3 5 12 7 18 6 13 3 12 7 5 4 12
1 11 13 6 10 1 7 13 4 17 3 4 17
1 12 18 10 1 4 14 15 1 1 6 14 16 9
0 6 10 6 4 7 0 1
1 16 19 0 2 4 5 2 15 18 17 9 16 9 14 2 4 9
1 7 18 6 19 11 8 1 15
0 4 0 9 3 12
1 8 13 11 18 17 13 1 4 9
1 28 3 7 13 5 0 15 0 2 4 5 9 17 1 10 1 7 13 4 17 3 4 13 4 17 7 7 7 7
1 13 19 1 12 17 19 0 2 4 9 15 19 1 0
0 4 18 17 2 15
1 17 18 4 11 9 18 14 11 18 4 11 6 5 13 1 2 6 16
0 5 18 10 4 0 10
1 7 10 16 1 15 5 4 10
0 9 3 7 8 5 9 7 0 7 16
0 3 0 6 6
0 6 18 3 19 9 6 5
0 5 18 4 17 19 19
0 23 3 3 13 18 8 19 15 19 6 5 4 4 0 1 13 19 0 1 17 1 10 1 15
0 5 3 12 12 3 19
1 20 19 1 11 13 13 14 7 0 7 3 10 1 1 15 5 17 9 14 4 4
1 24 7 5 14 3 13 14 7 13 8 12 5 10 2 4 9 4 9 4 9 4 5 9 8 15
1 7 13 11 5 13 0 7 16
0 4 19 0 13 16
1 6 3 4 12 14 10 7
1 7 10 1 4 14 0 12 10
0 10 7 15 5 14 4 12 2 1 13 8
1 16 10 16 13 18 9 2 8 18 19 6 13 8 5 18 2 1
1 7 13 11 1 17 17 9 18
1 6 3 7 13 8 5 19
0 4 18 0 2 15
1 17 10 2 15 10 6 4 12 18 2 12 2 6 8 12 12 19 10
1 13 13 6 10 1 7 17 3 4 13 4 13 4 17
0 5 3 12 12 3 19
0 11 2 3 3 10 9 1 17 11 2 1 15
0 3 7 13 15
1 8 10 7 7 5 0 15 4 6
1 6 3 4 6 5 11 1
1 19 19 0 6 7 13 13 5 2 16 17 1 7 17 7 7 7 3 4 17
0 5 14 18 2 1 15
1 13 7 13 0 1 18 4 17 10 1 19 0 6 16
0 8 0 19 0 9 5 19 3 18
1 15 7 5 11 18 17 4 4 15 6 14 16 9 14 16 9
1 13 10 9 4 14 9 2 4 9 14 2 1 1 6
1 6 10 16 1 17 11 9
0 4 12 3 18 4
0 4 3 5 14 15
1 5 13 14 3 7 5
0 4 5 6 2 1
0 2 13 8
0 6 18 9 18 14 15 2
1 19 19 0 6 3 10 16 4 14 13 6 14 2 1 4 9 14 2 4 9
0 17 10 1 18 10 14 9 18 10 15 6 14 2 4 11 14 2 6
1 5 19 1 2 16 12
0 8 3 7 19 9 19 0 16 12
1 11 3 7 13 0 7 4 8 7 13 5 4
1 5 10 16 18 18 7
0 10 19 19 2 10 2 4 9 4 5 18
1 24 7 5 14 3 13 14 7 13 8 12 5 10 2 4 9 4 9 4 9 4 5 9 8 15
1 9 10 9 18 10 15 6 14 2 6
0 12 13 11 4 6 14 15 4 9 14 2 1 6
1 14 13 0 15 13 1 18 12 18 2 12 14 2 9 1
1 11 3 3 7 8 17 3 4 6 5 15 10
0 5 6 13 11 1 15
0 8 10 16 14 1 13 14 1 3
0 6 11 0 7 1 4 12
0 14 17 10 6 7 15 5 14 16 12 4 8 18 6 2
0 11 13 1 0 15 16 17 13 11 8 1 3
1 10 13 4 4 0 7 3 18 2 1 15
0 4 15 3 1 3
1 12 7 0 7 4 8 13 18 6 8 12 19 10
0 7 7 13 8 4 10 7 16
1 28 3 7 13 5 0 15 0 2 4 5 9 17 1 10 1 7 13 4 17 3 4 13 4 17 7 7 7 7
0 9 1 10 2 15 7 18 1 8 1
1 7 3 4 8 18 2 1 15
1 7 13 2 2 15 10 7 16
0 10 0 16 13 3 10 7 5 6 18 15
1 8 13 13 15 15 17 0 12 10
0 7 13 18 10 6 0 12 7
0 15 3 3 7 5 13 17 9 17 16 14 16 9 16 16 9
1 11 10 1 13 10 1 8 10 1 10 1 15
0 7 10 1 19 2 0 9 15
0 13 3 4 6 0 18 6 8 3 7 13 5 11 15
1 11 10 2 4 9 15 3 3 18 3 1 15
0 9 13 0 6 7 5 1 3 1 15
0 7 7 6 13 19 7 0 3
1 3 7 5 5
1 12 3 3 18 17 15 6 14 16 9 14 16 9
0 4 5 7 17 16
0 13 13 0 15 13 0 0 1 17 5 9 9 2 19
0 11 13 1 0 15 16 17 13 11 8 1 3
0 9 3 7 8 15 3 17 0 9 12
0 12 13 0 15 7 11 19 13 17 6 6 4 12
1 19 7 13 0 16 17 1 7 13 4 13 4 17 7 7 3 4 13 4 17
1 12 7 5 14 4 12 8 0 9 4 14 13 6
0 4 7 8 6 18
0 8 7 13 8 5 13 3 4 4
1 10 18 19 12 14 6 10 1 10 1 15
1 10 3 7 8 12 17 10 1 17 1 15
1 8 18 4 0 9 13 18 2 1
1 9 3 3 13 14 4 12 2 12 14
1 5 3 7 0 16 12
1 6 7 13 0 6 7 8
0 14 10 16 4 14 9 2 6 14 11 2 6 14 16 9
1 7 19 0 7 7 5 11 12
0 5 10 15 10 7 8
1 10 3 3 10 9 19 9 0 15 1 6
1 8 10 1 5 13 0 1 8 15
1 8 13 2 6 3 18 2 1 15
0 10 7 0 1 5 1 7 13 4 17 0
1 16 3 4 8 18 4 11 6 13 3 7 5 14 7 13 8 1
0 11 7 0 13 8 7 13 19 13 18 7 19
0 2 10 2
0 10 7 8 13 0 15 9 16 17 17 17
1 5 3 3 13 5 6
1 6 7 8 17 18 2 1
1 8 7 5 12 17 18 2 1 15
0 10 7 15 5 14 4 12 2 1 13 8
1 17 13 12 5 3 7 0 1 1 17 0 6 3 18 6 17 1 15
1 11 18 6 1 15 19 17 15 17 0 12 10
0 30 10 2 4 5 2 4 5 1 4 14 14 13 1 11 13 3 4 6 13 8 17 7 0 9 4 1 14 15 4 9
0 10 1 19 1 18 8 6 2 8 1 15
0 2 0 14
1 5 3 7 0 16 12
1 10 13 9 13 0 7 3 7 5 11 12
1 7 19 0 6 7 5 15 10
0 4 18 15 13 7
1 12 13 9 11 9 8 5 0 15 11 4 4 6
1 7 10 2 15 7 5 14 16
0 12 3 4 17 6 5 3 14 12 10 7 13 4
0 14 10 0 0 9 0 9 4 14 1 19 0 6 4 16
0 10 4 4 12 2 8 19 1 16 5 10
1 12 7 0 7 4 8 13 18 6 8 12 19 10
0 4 6 0 16 16
0 3 7 13 15
1 7 3 7 0 6 7 0 18
1 7 13 16 18 8 0 2 4
1 7 7 13 0 6 7 0 18
0 9 13 13 19 1 6 13 8 19 10
0 11 2 3 3 10 9 1 17 11 2 1 15
1 10 7 8 17 7 13 0 1 17 1 15
1 10 13 18 12 14 6 7 17 7 7 7
1 5 13 2 16 3 12
1 10 19 0 9 4 14 13 6 14 2 6
1 7 19 1 14 7 13 0 18
1 7 10 6 3 3 7 8 1
1 14 19 0 7 7 13 5 14 3 10 16 8 10 1 15
1 4 19 1 5 10
0 2 14 11
1 7 19 1 14 7 13 0 18
1 11 10 9 18 9 14 2 9 5 13 0 18
1 7 3 7 5 2 16 8 15
1 20 3 4 6 5 18 12 8 5 5 10 10 6 11 11 11 11 11 11 11 11
0 30 7 0 13 17 2 19 2 15 3 7 5 2 1 18 1 0 13 6 14 2 6 14 2 6 14 2 1 1 2 9
1 11 3 3 7 8 17 3 4 6 5 15 10
1 4 10 7 4 12
1 21 18 15 6 5 9 11 4 14 6 1 19 17 4 17 19 8 18 9 14 12 1
1 11 13 6 10 1 7 13 4 17 3 4 17
0 8 3 18 7 0 1 1 17 15
1 6 19 0 2 4 5 16
0 6 13 17 19 8 1 14
0 7 7 8 7 7 8 19 16
1 10 3 3 10 9 19 9 0 15 1 6
1 6 3 3 7 8 17 19
0 2 19 0
1 10 7 0 1 19 11 4 9 10 7 19
1 12 3 4 12 8 13 5 11 19 17 6 3 12
0 4 17 10 16 12
0 5 7 10 2 4 18
0 6 10 2 4 9 7 4
0 12 13 0 7 0 16 0 13 19 1 14 8 1
0 6 18 0 9 18 12 12
1 9 7 5 5 6 11 11 11 11 11
1 11 19 1 10 10 1 7 17 3 4 13 4
0 9 14 16 0 12 9 5 4 6 11
0 13 7 18 13 1 5 2 1 17 5 13 1 7 4
0 14 17 10 6 7 15 5 14 16 12 4 8 18 6 2
1 14 3 3 13 18 6 0 7 7 13 5 5 12 1 0
0 4 10 8 19 15
1 5 19 1 13 3 1
1 9 10 16 13 10 2 15 18 6 1
0 7 10 16 17 17 3 4 12
0 6 13 0 19 0 1 2
1 5 10 2 15 10 16
0 1 9
0 20 10 9 4 14 6 13 4 9 13 14 16 9 14 9 14 16 9 14 16 9
1 21 18 17 15 4 9 14 16 9 14 2 4 9 14 2 1 1 4 9 14 16 9
1 6 3 7 13 5 10 15
1 13 13 16 14 13 9 2 6 13 0 7 3 3 16
0 11 15 10 4 1 13 1 16 14 11 3 12
1 11 3 7 0 16 4 14 6 6 9 16 9
1 7 10 7 7 0 16 3 12
0 9 3 0 4 10 13 13 8 7 7
0 4 7 7 0 16
1 14 18 9 14 18 8 7 0 7 7 5 16 8 8 1
0 34 19 0 6 7 14 9 19 17 10 1 13 19 9 4 14 4 1 17 1 10 1 19 10 17 1 10 1 10 1 10 1 10 1 7
1 7 10 9 5 17 15 8 1
0 5 7 10 2 4 18
1 5 13 14 3 7 5
0 5 13 0 2 1 0
0 10 3 3 13 4 1 15 4 9 1 15
1 7 18 17 1 17 1 7 17
1 12 7 8 5 13 6 7 17 7 3 4 13 4
0 19 10 7 7 9 19 11 19 12 2 8 18 6 1 15 5 9 10 14 6
0 11 3 4 12 12 8 0 9 14 17 3 12
0 3 18 13 15
0 6 7 8 19 12 5 10
0 7 6 14 6 7 9 2 19
0 8 3 4 8 6 9 8 5 1
1 13 7 5 18 6 0 2 15 7 13 5 2 6 16
0 32 10 2 4 9 4 9 15 10 2 15 10 2 4 9 15 3 4 8 3 7 16 2 2 15 10 9 13 7 8 7 10 18
1 8 3 4 6 5 10 10 1 15
1 8 13 9 4 6 11 11 11 11
0 9 3 7 8 7 18 8 15 1 15
1 11 19 1 10 10 1 7 17 3 4 17 7
1 21 18 9 8 5 16 18 2 8 10 2 4 9 4 5 7 3 10 6 3 3 16
0 5 17 7 8 18 1
1 11 18 9 8 13 13 8 17 7 5 15 10
0 11 13 5 9 17 17 6 19 6 15 4 9
1 16 7 0 2 15 10 16 13 13 5 12 0 16 18 8 1 15
1 8 18 15 18 10 13 1 1 6
0 3 3 6 8
1 13 13 13 17 9 2 4 9 14 2 1 1 4 9
1 10 13 4 4 0 16 5 11 8 1 15
0 20 10 9 4 14 6 13 4 9 13 14 16 9 14 9 14 16 9 14 16 9
0 2 14 11
1 5 18 15 17 15 6
1 7 3 7 5 10 10 1 15
1 9 18 6 13 18 4 4 10 10 12
1 5 3 3 13 5 6
0 3 10 15 16
0 13 19 0 16 4 8 9 4 12 4 9 14 16 11
0 2 0 11
0 12 7 8 1 17 13 10 10 1 2 7 3 4
0 4 10 7 13 16
1 33 18 4 13 0 16 19 0 9 17 1 10 1 10 1 10 1 10 1 10 1 10 1 10 1 10 1 7 13 4 17 3 4 17
0 3 1 8 15
1 15 7 5 2 1 13 7 0 1 17 1 10 1 10 1 15
0 11 10 12 15 19 0 1 19 9 5 14 7
1 10 18 19 12 18 2 8 7 8 19 10
1 10 13 16 18 14 12 5 18 4 0 18
1 8 10 7 3 10 16 17 1 15
0 6 10 10 2 4 14 1
1 15 7 8 17 7 0 16 19 17 9 14 5 12 0 16 12
1 13 19 1 12 17 19 0 2 4 9 15 19 1 0
0 6 5 5 17 10 0 10
0 9 7 8 7 3 1 10 10 1 15
1 9 7 0 6 3 7 8 12 12 1
0 13 19 0 16 4 8 9 4 12 4 9 14 16 11
1 14 13 0 15 13 1 18 12 18 2 12 14 2 9 1
0 7 6 14 6 7 9 2 19
1 6 19 1 11 13 10 9
1 6 7 5 9 17 18 6
0 12 13 0 15 7 11 19 13 17 6 6 4 12
1 5 7 8 12 19 10
0 8 10 16 1 3 8 10 1 7
0 15 18 9 18 2 12 13 5 17 16 9 8 13 0 6 16
1 10 19 1 10 7 17 7 3 4 13 4
0 15 18 9 18 2 12 13 5 17 16 9 8 13 0 6 16
1 6 18 4 17 2 1 15
0 5 13 17 18 6 5
1 6 18 19 6 0 7 16
0 15 10 7 4 7 14 6 10 1 10 1 7 13 4 13 4
0 26 18 6 13 3 3 3 8 19 1 11 4 14 15 1 6 14 16 9 14 16 9 14 7 16 11 9
1 36 19 0 1 1 17 13 0 7 4 12 2 6 8 5 19 0 16 19 11 9 8 5 2 1 17 1 7 13 4 17 7 7 7 7 3 4
1 9 18 6 13 18 4 4 10 10 12
1 9 10 16 13 10 2 15 18 6 1
0 22 18 18 14 10 13 6 14 15 9 14 2 6 14 16 9 14 2 4 9 17 2 4
1 18 18 17 9 16 9 14 16 9 14 2 6 14 2 4 9 14 16 9
1 6 13 18 8 10 1 12
0 4 13 0 7 16
0 3 19 15 10
0 1 9
0 6 5 5 17 10 0 10
0 12 3 4 17 6 5 3 14 12 10 7 13 4
1 7 10 2 15 19 0 9 1
1 12 18 17 13 1 6 14 16 9 14 2 1 6
1 3 19 0 16
0 4 7 13 2 19
1 3 7 0 16
1 35 18 10 9 2 6 14 16 9 14 16 9 14 2 6 14 2 1 1 4 9 14 2 4 9 14 2 1 4 9 14 16 9 14 16 9
1 13 7 13 13 5 10 10 1 10 1 7 13 4 17
0 10 7 0 1 5 1 7 13 4 17 0
1 6 7 13 0 6 7 8
1 6 19 1 11 1 1 12
0 6 12 11 10 19 4 7
0 17 9 18 15 15 6 14 16 9 14 19 2 1 14 4 9 14 9
1 13 13 10 7 17 7 3 4 13 4 17 7 3 4
0 27 7 5 14 12 14 17 10 1 18 19 8 18 19 6 12 13 0 9 19 13 5 0 16 18 6 1 12
0 4 5 7 17 16
0 6 7 8 19 12 5 10
0 16 7 3 5 10 10 1 10 1 7 13 4 13 4 13 4 17
0 15 3 7 0 2 9 4 9 15 19 1 18 12 2 12 18
1 7 3 7 13 5 5 10 10
1 11 13 18 12 18 14 6 7 17 7 3 4
0 5 18 9 15 19 3
1 18 19 0 6 4 8 13 14 7 5 14 3 10 2 4 9 15 3 16
1 9 7 0 2 15 3 7 8 19 10
0 5 5 11 9 4 13
0 16 10 4 9 8 7 13 4 13 13 4 17 6 7 3 4 17
0 7 13 11 8 19 3 1 15
1 13 3 4 6 8 5 7 0 9 18 10 0 12 10
0 12 8 13 19 4 1 0 15 13 14 0 9 8
0 25 10 2 4 5 1 5 9 19 17 1 4 14 15 1 4 9 14 16 9 14 9 14 2 4 9
1 11 19 1 0 15 4 10 6 11 11 11 11
1 23 19 0 2 15 18 4 0 2 15 19 1 16 2 12 14 9 0 9 4 14 13 4 9
0 1 12
1 15 10 1 1 17 9 2 10 14 0 1 13 10 1 8 15
0 30 10 2 4 5 2 4 5 1 4 14 14 13 1 11 13 3 4 6 13 8 17 7 0 9 4 1 14 15 4 9
1 36 7 5 9 17 19 8 10 16 4 14 9 16 9 14 2 6 14 16 9 14 2 1 6 14 16 9 14 16 9 14 2 4 9 14 16 9
0 26 18 6 13 3 3 3 8 19 1 11 4 14 15 1 6 14 16 9 14 16 9 14 7 16 11 9
0 4 16 8 0 18
0 6 18 0 9 18 12 12
0 6 18 9 18 14 15 2
0 5 13 17 18 6 5
0 8 4 12 8 5 10 19 1 6
1 10 13 4 4 0 16 5 11 8 1 15
0 8 7 13 8 5 13 3 4 4
1 10 13 18 8 18 6 4 14 0 12 10
1 16 13 13 4 9 11 8 7 17 3 4 17 3 4 13 4 17
1 6 3 4 12 14 10 7
1 5 13 10 7 13 4
0 4 7 19 1 4
1 3 18 4 13
0 4 7 6 3 19
1 3 13 5 10
0 10 7 13 8 12 5 18 10 9 3 9
0 18 13 17 18 8 10 9 4 14 6 4 6 1 1 15 19 0 6 16
1 9 3 7 8 7 3 4 6 0 16
0 4 1 0 7 16
1 11 3 7 13 8 17 10 7 4 6 5 4
1 22 19 0 2 15 13 4 4 1 0 15 0 9 19 0 2 15 3 4 6 8 5 19
1 16 19 0 2 4 5 2 15 18 17 9 16 9 14 2 4 9
0 1 12
0 5 5 11 9 4 13
1 11 10 2 4 9 15 3 3 18 3 1 15
1 16 13 16 2 12 2 6 0 9 13 10 7 3 18 17 13 6
1 10 7 8 7 10 7 4 8 10 7 16
0 5 18 10 7 6 10
0 7 1 18 10 1 1 3 17
1 10 13 18 12 14 6 7 17 7 7 7
1 9 19 0 16 5 11 15 2 1 15
1 20 3 4 8 7 5 2 16 19 9 0 14 9 10 10 9 16 9 14 16 9
1 12 3 3 18 17 15 6 14 16 9 14 16 9
0 7 19 0 15 3 1 15 10
1 13 19 0 2 4 9 15 13 11 4 14 6 1 12
0 7 3 3 8 11 14 12 8
1 7 10 2 15 7 8 12 1
1 20 13 16 2 8 7 13 8 7 19 0 2 4 5 16 1 17 11 15 4 4
0 32 10 2 4 9 4 9 15 10 2 15 10 2 4 9 15 3 4 8 3 7 16 2 2 15 10 9 13 7 8 7 10 18
1 13 7 5 18 6 0 2 15 7 13 5 2 6 16
1 8 13 9 9 6 15 9 1 0
1 7 19 0 16 13 7 8 1
1 9 18 18 10 9 16 9 14 2 6
0 10 13 0 15 3 3 0 9 1 1 13
0 6 18 10 9 14 18 6
0 9 19 1 0 15 6 17 11 18 7
0 17 3 3 19 19 13 19 12 18 6 2 8 5 13 18 6 0 18
0 6 11 0 7 1 4 12
0 29 13 5 10 12 4 1 6 7 17 7 7 7 3 4 13 4 13 13 4 13 4 13 9 13 4 13 4 17 7
1 6 13 11 13 13 15 10
1 11 19 1 10 7 13 4 17 7 7 3 4
1 12 10 1 8 10 1 7 17 7 3 4 13 4
1 9 3 4 8 10 2 15 18 8 1
1 26 10 16 4 14 14 13 0 2 4 9 15 19 1 13 4 4 6 11 11 11 11 11 11 11 11 11
1 5 7 0 7 3 19
1 3 18 4 13
1 17 18 17 1 19 0 2 4 5 2 15 13 10 10 1 10 1 15
0 10 3 3 13 4 1 15 4 9 1 15
0 5 10 9 17 0 9
0 4 3 12 10 14
1 11 19 1 10 7 13 4 17 7 7 3 4
1 23 7 0 9 8 7 17 7 7 7 7 7 3 4 13 4 13 4 17 3 4 13 4 17
0 2 0 11
0 7 17 7 3 3 4 0 18
0 19 3 4 1 12 3 14 13 11 0 16 8 10 1 7 17 7 13 3 4
1 40 7 13 0 16 4 14 15 1 6 14 16 9 14 2 6 14 2 1 4 9 14 16 9 14 16 9 14 2 6 14 2 1 4 9 14 2 6 14 16 9
0 2 19 0
1 8 10 6 4 8 18 2 1 15
1 18 18 17 9 16 9 14 16 9 14 2 6 14 2 4 9 14 16 9
1 7 18 17 1 17 1 7 17
1 15 13 5 10 10 10 10 12 0 2 15 18 10 15 4 9
0 14 19 19 1 9 11 11 9 17 1 10 1 10 1 15
1 13 19 0 2 15 13 16 8 8 12 5 13 15 10
0 8 3 4 8 6 9 8 5 1
1 9 19 0 16 5 11 9 8 0 18
1 13 10 6 3 13 2 9 17 1 7 13 4 17 7
0 14 19 19 1 9 11 11 9 17 1 10 1 10 1 15
1 5 10 2 15 10 16
0 4 1 16 3 3
1 14 19 0 2 15 7 0 7 3 10 2 15 18 2 1
1 7 7 13 8 5 13 6 15
1 13 13 13 17 9 2 4 9 14 2 1 1 4 9
1 9 7 0 2 15 3 7 8 19 10
0 23 19 0 6 7 13 19 8 12 5 13 18 6 0 2 15 3 7 5 5 12 0 6 16
1 6 13 13 10 15 1 6
0 3 19 11 19
1 12 18 19 6 0 16 19 9 2 14 14 7 19
0 1 12
1 10 19 1 10 7 17 7 3 4 13 4
1 15 10 1 1 17 9 2 10 14 0 1 13 10 1 8 15
1 5 3 7 0 7 16
1 7 10 6 3 19 1 6 15
0 4 11 9 15 17
0 3 7 8 10
0 4 5 6 2 1
1 28 19 1 16 18 18 14 10 7 17 7 3 4 13 4 17 7 3 4 13 4 13 4 17 3 4 13 4 17
1 12 13 16 18 2 6 5 16 2 6 5 4 4
1 19 19 1 18 8 10 16 4 14 4 13 4 9 14 16 9 14 2 4 9
0 11 13 0 15 4 12 3 0 7 3 13 12
1 17 3 3 7 5 0 15 17 6 17 1 10 1 7 13 4 13 4
0 4 9 3 1 15
1 8 10 7 3 10 16 17 1 15
0 2 6 2
1 24 10 2 15 18 4 17 6 19 13 1 0 15 0 16 5 13 0 9 1 3 7 17 3 4
1 10 10 7 7 0 9 17 1 10 1 15
0 15 18 8 9 14 4 4 0 6 4 6 8 5 13 15 10
1 25 7 8 12 5 3 3 3 4 6 13 5 18 8 18 19 12 2 12 14 2 6 3 13 6 15
0 15 18 8 9 14 4 4 0 6 4 6 8 5 13 15 10
1 17 3 3 7 5 0 15 17 6 17 1 10 1 7 13 4 13 4
0 7 11 19 18 16 2 1 15
0 17 9 18 15 15 6 14 16 9 14 19 2 1 14 4 9 14 9
1 16 13 13 4 9 11 8 7 17 3 4 17 3 4 13 4 17
0 15 3 3 19 0 7 3 3 13 3 4 8 18 4 13 1
0 6 13 0 19 0 1 2
1 5 18 17 9 2 6
1 7 7 8 5 7 5 14 16
1 5 10 7 7 8 1
0 14 17 19 0 19 13 1 6 10 1 17 7 7 13 4
0 5 18 10 7 6 10
1 5 3 3 19 1 0
1 15 7 5 13 15 15 4 17 10 6 9 16 9 14 16 9
1 11 10 6 3 10 16 8 10 1 10 1 15
1 8 13 11 18 17 13 1 4 9
0 9 3 0 4 10 13 13 8 7 7
0 17 13 16 13 18 8 13 8 7 18 3 3 19 1 12 7 3 16
0 8 13 5 18 6 8 12 2 10
0 11 19 6 6 4 18 18 8 9 5 6 15
1 7 10 9 5 17 15 8 1
0 5 19 8 7 7 5
1 8 13 13 15 15 17 0 12 10
1 6 7 5 9 0 16 12
1 6 10 16 19 0 1 12
1 13 3 3 3 4 6 13 0 2 15 19 0 6 16
0 5 15 15 8 1 1
0 5 19 15 2 1 15
1 14 7 0 6 4 8 7 13 0 2 15 7 5 10 15
0 8 10 16 14 1 13 14 1 3
0 3 1 8 17
0 7 4 3 3 10 1 4 14
1 57 18 10 15 6 14 16 9 14 16 9 14 2 1 1 4 9 14 2 4 9 14 16 9 14 2 6 14 2 1 6 14 16 9 14 16 9 14 16 9 14 2 6 14 16 9 14 16 9 14 2 1 4 9 14 2 4 9
0 9 0 4 6 18 6 18 2 1 12
1 11 19 0 9 18 9 8 8 7 18 18 6
1 9 3 4 8 10 2 15 18 8 1
1 12 3 3 7 5 11 4 14 4 9 2 4 9
1 22 19 0 2 15 13 4 4 1 0 15 0 9 19 0 2 15 3 4 6 8 5 19
0 8 3 3 3 19 19 8 0 0
1 7 3 7 13 5 5 10 10
0 5 13 15 0 6 16
1 6 10 16 19 0 1 12
1 12 3 4 12 8 13 5 11 19 17 6 3 12
0 7 13 0 15 17 6 8 12
0 17 7 0 1 4 14 9 16 9 14 2 6 14 9 14 2 4 9
1 7 10 16 1 3 10 1 15
0 4 17 0 9 12
1 13 7 13 0 1 18 4 17 10 1 19 0 6 16
1 15 7 5 2 1 13 7 0 1 17 1 10 1 10 1 15
1 15 7 5 11 18 17 4 4 15 6 14 16 9 14 16 9
1 18 3 4 6 13 5 5 10 12 1 0 15 13 0 2 15 7 8 1
1 9 7 0 1 18 17 9 2 4 9
0 4 9 3 1 15
1 15 3 4 6 8 5 18 6 13 10 7 7 13 0 6 16
1 19 3 4 6 13 8 12 17 7 13 0 6 7 5 5 6 11 11 11 11
0 13 13 4 4 0 9 18 10 15 15 14 2 3 6
0 4 7 19 13 10
0 2 13 15
1 14 10 16 1 17 17 9 2 12 18 8 13 5 6 7
0 14 10 2 15 19 1 6 13 17 7 7 3 4 4 7
1 12 18 17 13 1 6 14 16 9 14 2 1 6
0 11 10 9 18 19 12 8 8 17 10 5 18
0 9 0 4 6 18 6 18 2 1 12
1 5 10 16 4 14 0
0 10 19 0 4 15 19 12 6 7 13 4
0 10 13 0 15 3 3 0 9 1 1 13
1 16 7 5 0 15 17 17 4 6 6 6 4 14 9 11 3 12
0 20 13 11 19 11 17 14 11 9 2 6 5 15 17 17 19 9 15 9 16 17
1 6 13 4 4 0 16 12
1 13 18 9 14 16 8 5 18 8 18 4 4 6 11
0 28 10 6 3 3 3 10 2 2 15 10 19 2 4 5 3 10 18 2 4 5 9 5 4 6 11 11 11 1
1 14 3 3 13 18 6 0 7 7 13 5 5 12 1 0
0 7 13 18 7 5 9 4 6
1 3 3 3 19
1 14 19 1 6 10 1 10 1 7 13 4 17 7 3 4
1 5 3 3 13 14 16
1 10 10 9 18 17 14 9 10 10 4 1
1 7 3 7 0 1 18 8 1
1 7 19 1 11 19 11 8 1
0 3 9 16 16
0 12 3 6 0 2 4 5 9 18 2 1 18 5
0 6 17 0 9 3 8 12
1 12 13 9 11 9 8 5 0 15 11 4 4 6
1 10 10 9 18 17 14 9 10 10 4 1
1 15 10 2 15 3 7 13 8 7 13 13 15 6 17 1 15
1 9 13 13 15 9 2 8 18 18 7
0 13 13 4 4 0 9 18 10 15 15 14 2 3 6
1 5 19 1 13 3 1
0 10 19 3 3 13 4 8 19 13 15 10
1 19 13 12 7 13 6 7 13 4 17 3 4 13 4 13 4 17 7 7 7
0 15 3 7 5 18 12 2 12 2 6 15 0 15 17 2 1
1 8 18 18 10 6 4 9 16 9
1 7 10 7 7 0 16 3 12
0 4 6 0 16 16
1 6 3 4 12 18 14 4
0 7 3 4 12 18 12 0 18
1 9 7 0 16 8 7 17 7 3 4
1 7 7 8 17 7 5 12 12
0 5 17 7 8 18 1
0 8 7 8 2 13 18 3 1 15
1 6 7 13 0 1 8 15
1 11 3 3 18 19 8 13 5 12 1 11 12
0 7 7 0 16 1 9 15 4
0 7 13 0 7 14 0 7 16
1 18 18 10 9 16 9 14 16 9 14 2 6 14 2 1 6 14 2 6
0 9 7 0 11 5 4 14 5 16 9
1 7 7 5 2 7 7 0 18
1 19 13 12 7 13 6 7 13 4 17 3 4 13 4 13 4 17 7 7 7
1 6 18 19 6 0 7 16
1 7 7 0 9 13 19 1 5
1 17 18 19 8 19 1 16 2 12 18 2 8 13 9 11 8 1 15
0 2 13 8
0 28 10 6 3 3 3 10 2 2 15 10 19 2 4 5 3 10 18 2 4 5 9 5 4 6 11 11 11 1
0 5 6 18 0 19 5
0 26 13 18 8 7 13 13 5 5 12 0 7 7 8 17 3 4 12 8 0 2 4 1 18 9 1 15
0 9 13 0 6 7 5 1 3 1 15
0 8 0 13 13 15 18 9 18 8
1 21 18 17 15 4 9 14 16 9 14 2 4 9 14 2 1 1 4 9 14 16 9
0 4 11 3 1 15
0 9 7 6 17 18 1 17 17 13 16
1 6 13 4 4 0 16 12
0 14 19 0 7 4 0 8 11 7 13 8 18 3 1 15
0 4 16 13 12 10
1 15 10 2 15 3 7 13 8 7 13 13 15 6 17 1 15
1 6 19 1 18 6 0 18
1 7 10 16 1 15 1 1 12
0 14 10 0 0 9 0 9 4 14 1 19 0 6 4 16
0 14 10 16 4 14 9 2 6 14 11 2 6 14 16 9
1 11 7 13 5 12 12 5 18 10 1 3 12
1 16 13 16 2 12 2 6 0 9 13 10 7 3 18 17 13 6
0 16 10 2 4 9 4 9 4 9 15 13 16 4 2 6 8 12
1 4 19 1 5 10
1 5 7 5 12 7 19
0 8 3 7 0 10 1 17 1 15
0 8 15 19 6 8 12 16 19 6
1 7 13 5 12 0 9 8 7
1 10 19 0 1 17 1 10 1 10 1 15
1 13 13 10 7 13 4 17 3 4 17 3 4 13 4
0 7 13 13 15 17 4 15 0
1 7 19 0 16 5 0 7 16
1 8 18 4 4 10 6 11 11 11
0 11 13 13 0 10 15 13 6 14 2 4 8
0 9 14 13 14 12 6 8 5 10 18
1 15 3 4 6 8 7 19 0 2 15 13 6 7 17 3 4
1 15 10 6 3 7 13 5 11 18 6 8 10 1 10 1 7
0 9 13 2 12 17 13 9 13 16 15
0 4 7 8 6 18
1 5 10 1 5 4 6
0 7 10 7 7 13 19 0 2
1 11 18 6 1 15 19 17 15 17 0 12 10
0 6 7 5 13 8 19 10
0 13 3 4 6 0 18 6 8 3 7 13 5 11 15
0 4 13 2 16 7
1 12 7 13 5 0 15 11 4 17 10 15 4 9
0 4 17 10 16 12
0 3 18 13 15
1 6 10 2 4 5 6 16
1 9 19 1 5 10 12 1 11 3 12
0 5 10 9 17 0 9
0 5 8 6 1 1 19
0 6 3 4 12 13 0 18
1 10 13 2 16 1 15 4 14 13 1 6
1 16 3 4 12 8 5 12 17 18 4 0 16 13 7 5 6 7
1 13 3 7 0 9 17 1 10 1 10 1 10 1 15
1 6 19 1 11 1 1 12
1 31 19 1 16 2 12 8 0 7 7 0 1 17 1 7 17 3 4 17 3 4 17 7 7 3 4 13 4 17 7 3 4
1 12 3 3 7 5 11 4 14 4 9 2 4 9
1 6 13 16 8 5 9 13
1 5 13 6 7 17 7
1 3 3 3 19
1 13 7 13 13 0 9 8 10 1 7 13 4 17 7
1 7 19 0 7 7 5 11 12
1 10 7 0 1 19 11 4 9 10 7 19
0 6 0 8 18 0 12 12
1 15 10 16 18 15 4 13 1 18 12 18 2 8 13 6 15
1 19 19 0 6 3 10 16 4 14 13 6 14 2 1 4 9 14 2 4 9
1 13 10 2 15 19 1 11 19 17 18 10 9 16 9
1 6 3 7 5 13 6 12
1 8 19 0 6 3 19 1 15 10
1 10 19 0 16 4 14 14 17 2 1 15
0 5 16 4 6 8 1
1 8 13 2 1 19 13 1 14 16
1 10 19 0 16 4 14 14 17 2 1 15
1 13 13 10 7 13 4 17 3 4 17 3 4 13 4
0 9 3 7 0 2 4 5 4 9 4
1 7 19 1 9 13 1 6 7
0 8 19 0 2 15 7 5 10 10
0 8 19 15 1 15 11 9 13 0
1 8 10 1 5 13 0 1 8 15
1 12 3 7 8 7 7 13 0 9 13 10 6 16
1 7 7 5 2 7 7 0 18
0 12 19 1 2 6 9 13 9 3 8 10 2 4
1 12 3 4 6 8 5 18 17 4 1 18 4 4
1 14 7 0 6 4 8 7 13 0 2 15 7 5 10 15
1 36 7 5 9 17 19 8 10 16 4 14 9 16 9 14 2 6 14 16 9 14 2 1 6 14 16 9 14 16 9 14 2 4 9 14 16 9
1 11 7 5 4 4 0 6 7 0 9 3 12
0 7 1 18 10 1 1 3 17
0 22 19 0 2 15 13 16 18 14 18 12 8 5 7 10 6 7 13 0 9 17 1 15
0 8 3 7 0 7 3 16 3 16
1 33 18 4 13 0 16 19 0 9 17 1 10 1 10 1 10 1 10 1 10 1 10 1 10 1 10 1 7 13 4 17 3 4 17
0 6 18 2 7 3 1 15
0 2 6 9
0 5 4 13 2 2 4
0 5 13 0 2 1 0
1 5 7 8 12 19 10
1 9 7 5 5 6 11 11 11 11 11
1 14 10 2 4 5 6 4 6 8 17 7 5 16 2 12
1 9 7 0 16 8 7 17 7 3 4
0 16 10 2 4 9 4 9 4 9 15 13 16 4 2 6 8 12
0 9 10 10 7 3 7 5 2 4 1
1 21 13 9 13 1 16 2 12 14 9 11 17 9 2 4 9 14 16 9 14 16 9
0 13 13 0 15 13 0 0 1 17 5 9 9 2 19
1 11 13 4 4 1 13 18 10 1 4 14 0
1 10 18 19 12 18 2 8 7 8 19 10
0 7 13 11 8 19 3 1 15
0 13 13 16 2 6 5 18 0 15 9 5 16 14 7
1 7 10 6 3 19 1 6 15
0 9 7 0 11 5 4 14 5 16 9
0 6 18 7 12 13 4 17
0 25 18 4 0 6 4 6 0 6 3 19 3 1 6 10 1 7 17 7 17 3 9 13 4 13 4
1 14 13 2 6 3 13 10 10 1 10 1 7 17 7 7
0 17 7 0 1 4 14 9 16 9 14 2 6 14 9 14 2 4 9
0 6 10 2 4 9 7 4
1 15 19 1 2 2 15 18 18 10 6 1 5 9 18 14 6
0 4 18 11 5 14
1 9 7 0 6 3 7 8 12 12 1
0 3 10 9 16
1 8 13 2 6 3 18 2 1 15
1 23 7 0 9 8 7 17 7 7 7 7 7 3 4 13 4 13 4 17 3 4 13 4 17
0 11 7 9 16 3 4 12 6 8 7 8 10
1 14 7 0 6 4 12 2 6 8 5 13 2 9 8 15
0 7 11 19 18 16 2 1 15
1 8 3 3 3 7 13 8 19 10
0 16 19 1 7 17 3 4 13 8 4 13 4 17 3 4 11 17
0 7 0 8 10 7 18 3 1
1 11 3 7 5 18 6 5 12 7 7 8 1
0 6 10 13 10 10 1 5
0 4 13 14 10 12
1 7 13 18 6 13 0 9 12
0 3 7 19 10
0 8 19 0 2 15 7 5 10 10
1 8 13 12 5 18 17 13 1 6
1 18 7 0 2 15 3 3 10 16 1 17 11 10 4 1 18 18 7 19
1 9 7 0 1 13 18 17 9 16 9
1 6 7 8 7 18 18 6
0 8 4 12 8 5 10 19 1 6
0 6 13 14 11 9 4 12
0 4 18 17 2 15
0 8 10 1 17 10 7 13 4 17
0 3 11 15 10
0 7 18 15 8 3 16 14 16
1 11 3 7 5 18 6 5 12 7 7 8 1
1 3 7 0 16
0 5 18 9 15 19 3
1 42 7 8 12 5 3 3 13 2 2 15 18 17 6 4 6 6 4 6 9 16 9 14 2 1 1 1 6 14 2 6 14 16 9 14 16 9 14 2 1 1 4 9
0 10 7 0 7 17 12 8 18 17 13 4
0 6 3 4 12 13 0 18
0 9 1 10 2 15 7 18 1 8 1
1 20 18 18 10 14 11 17 14 17 19 6 8 17 19 0 2 15 7 5 15 10
1 5 18 15 17 15 6
1 16 18 4 0 2 15 3 4 12 8 13 13 13 13 5 15 10
0 3 18 14 17
1 17 18 17 1 19 0 2 4 5 2 15 13 10 10 1 10 1 15
1 5 18 17 9 2 6
0 22 13 4 13 19 10 4 6 1 13 19 13 12 7 10 16 19 13 14 9 5 7 19
1 6 13 11 13 13 15 10
1 8 18 4 0 9 13 18 2 1
0 5 6 7 0 17 15
1 19 19 0 6 7 8 17 19 1 6 7 13 4 13 4 17 3 4 13 4
0 3 19 15 10
1 8 3 7 5 16 8 8 19 10
1 6 3 3 7 8 17 19
1 9 19 0 16 5 11 9 8 0 18
0 1 9
0 14 19 0 7 4 0 8 11 7 13 8 18 3 1 15
0 15 3 7 5 18 12 2 12 2 6 15 0 15 17 2 1
1 9 18 18 10 9 16 9 14 2 6
1 6 18 15 4 17 3 1
1 9 18 9 18 14 16 8 8 19 10
1 5 7 5 12 7 19
1 20 3 4 8 7 5 2 16 19 9 0 14 9 10 10 9 16 9 14 16 9
0 2 12 8
1 40 10 9 4 14 6 13 1 4 9 14 16 9 14 16 9 14 16 9 14 16 9 14 16 9 14 16 9 14 2 6 14 16 9 14 2 1 6 14 16 9
0 8 3 7 19 9 19 0 16 12
0 19 10 16 5 11 13 4 13 0 7 4 6 8 7 19 1 13 8 1 15
1 6 10 6 7 5 9 13
1 7 3 7 0 6 7 0 18
0 10 18 17 13 4 14 16 9 14 16 9
1 24 13 12 5 13 14 4 12 8 0 1 18 4 13 1 10 7 13 4 13 4 13 4 13 4
1 16 7 5 0 15 17 17 4 6 6 6 4 14 9 11 3 12
0 4 10 9 18 3
1 5 3 4 8 13 0
1 11 7 13 5 12 12 5 18 10 1 3 12
0 16 10 7 0 3 3 10 9 4 7 17 7 7 3 4 17 7
0 8 9 19 13 15 17 6 3 1
0 10 18 17 13 4 14 16 9 14 16 9
1 14 18 19 12 2 6 5 13 10 13 4 9 14 16 9
0 8 3 7 0 10 1 17 1 15
0 10 7 0 7 17 12 8 18 17 13 4
0 16 13 11 6 7 13 4 17 7 7 7 3 4 17 3 17 7
0 11 13 5 9 17 17 6 19 6 15 4 9
0 8 13 12 17 4 19 0 16 12
0 8 19 15 1 15 11 9 13 0
1 10 13 12 7 3 3 7 0 9 3 12
1 11 3 7 13 0 7 4 8 7 13 5 4
1 11 3 7 8 7 3 4 8 19 1 6 15
1 5 3 4 8 13 0
1 6 18 15 4 17 3 1
1 9 3 7 8 7 3 4 6 0 16
1 5 3 3 13 18 12
1 6 3 4 6 5 11 1
1 20 3 4 12 2 8 10 9 17 1 10 1 10 1 7 13 4 13 4 13 4
1 13 18 9 14 16 8 5 18 8 18 4 4 6 11
1 7 13 16 14 11 19 0 18
0 11 10 9 18 10 1 1 4 14 0 12 10
0 6 13 17 19 8 1 14
0 15 3 3 19 0 7 3 3 13 3 4 8 18 4 13 1
1 28 3 4 12 14 18 6 0 2 15 19 0 2 15 10 9 8 7 13 4 13 4 17 7 7 3 4 17 7
0 7 0 8 10 7 18 3 1
1 57 18 10 15 6 14 16 9 14 16 9 14 2 1 1 4 9 14 2 4 9 14 16 9 14 2 6 14 2 1 6 14 16 9 14 16 9 14 16 9 14 2 6 14 16 9 14 16 9 14 2 1 4 9 14 2 4 9
1 17 13 12 5 3 7 0 1 1 17 0 6 3 18 6 17 1 15
1 7 3 7 5 2 16 8 15
0 10 9 7 5 5 15 17 8 14 1 15
1 13 3 3 3 4 6 13 0 2 15 19 0 6 16
0 2 12 8
1 19 7 13 0 1 18 10 1 17 1 10 1 7 13 4 17 3 4 17 7
0 4 18 11 5 14
0 13 10 7 7 0 4 13 12 8 5 5 12 1 4
1 7 18 6 19 11 8 1 15
0 10 3 7 13 8 7 15 17 1 11 15
0 11 7 13 8 5 13 18 8 18 4 3 1
1 3 7 5 5
1 8 7 13 0 1 8 10 1 15
1 17 10 2 15 10 6 4 12 18 2 12 2 6 8 12 12 19 10
0 4 7 6 19 10
1 9 3 3 13 14 4 12 2 12 14
0 6 10 13 10 10 1 5
1 6 3 7 5 13 6 12
0 6 18 7 12 13 4 17
0 6 10 10 2 4 14 1
1 12 7 5 11 5 11 9 18 8 13 0 6 16
0 8 12 10 8 14 7 8 9 1
1 7 18 10 1 17 1 7 17
0 26 13 18 8 7 13 13 5 5 12 0 7 7 8 17 3 4 12 8 0 2 4 1 18 9 1 15
1 14 7 5 4 4 1 5 6 11 11 11 11 11 11 11
0 9 19 0 7 10 7 13 13 8 1
0 5 8 19 1 6 15
0 5 4 5 0 16 12
0 7 10 16 17 17 3 4 12
1 13 7 8 5 13 2 16 17 1 10 1 10 1 15
0 9 3 3 4 8 3 3 13 6 7
0 7 13 18 10 6 0 12 7
0 3 3 6 8
1 6 19 1 18 6 0 18
1 13 7 8 5 13 2 16 17 1 10 1 10 1 15
0 3 8 10 1
0 12 8 13 19 4 1 0 15 13 14 0 9 8
1 6 3 7 13 5 10 15
1 10 3 7 0 2 15 18 10 9 2 6
1 6 3 4 12 14 6 15
1 3 19 1 12
1 13 10 9 4 14 9 2 4 9 14 2 1 1 6
0 5 7 6 3 19 10
0 3 1 18 15
1 6 18 4 9 1 0 17
1 7 19 1 0 15 11 10 1
1 6 7 0 9 13 3 16
1 20 3 4 12 2 8 10 9 17 1 10 1 10 1 7 13 4 13 4 13 4
0 4 7 3 7 5
1 7 10 1 4 14 0 12 10
0 2 0 7
1 11 10 16 13 18 9 14 14 7 0 1 12
0 3 1 8 15
0 4 3 5 14 15
1 6 7 5 13 18 10 1
1 5 10 7 7 8 1
0 11 8 13 13 17 13 1 6 14 9 16 9
1 9 10 16 18 10 1 5 11 3 1
0 37 7 13 8 5 18 9 8 8 5 18 19 8 19 1 10 7 17 3 4 17 7 3 4 13 4 13 4 13 4 17 3 4 3 17 3 4 17
0 15 10 7 4 7 14 6 10 1 10 1 7 13 4 13 4
0 6 19 1 2 15 6 10
0 10 19 3 3 13 4 8 19 13 15 10
1 6 18 17 4 1 8 15
1 4 18 4 0 16
1 15 3 4 8 19 0 7 4 6 5 4 4 1 12 19 10
1 10 13 16 2 8 13 11 18 2 1 15
1 29 10 2 4 5 2 4 9 15 3 4 8 19 0 7 3 19 1 6 7 13 4 13 4 13 4 17 7 3 4
0 2 6 9
0 4 0 9 3 12
0 12 19 1 2 6 9 13 9 3 8 10 2 4
1 6 7 8 7 18 18 6
0 8 3 7 0 7 3 16 3 16
1 14 7 5 4 4 1 5 6 11 11 11 11 11 11 11
1 7 13 18 6 13 0 9 12
1 3 19 1 12
0 7 7 8 7 7 8 19 16
0 9 14 16 0 12 9 5 4 6 11
1 11 7 13 0 2 15 18 4 17 2 1 15
1 7 10 2 15 19 0 9 1
1 7 13 11 5 13 0 7 16
1 16 10 16 13 18 9 2 8 18 19 6 13 8 5 18 2 1
1 15 7 5 13 15 15 4 17 10 6 9 16 9 14 16 9
0 22 18 18 14 10 13 6 14 15 9 14 2 6 14 16 9 14 2 4 9 17 2 4
0 13 1 10 7 7 13 5 17 12 14 19 0 9 12
0 13 13 18 12 14 10 7 13 4 13 17 3 4 17
1 10 13 18 8 18 6 4 14 0 12 10
1 14 18 19 12 2 6 5 13 10 13 4 9 14 16 9
1 7 13 16 14 11 19 0 18
0 8 0 19 0 9 5 19 3 18
0 7 19 0 15 3 1 15 10
0 5 13 2 2 10 18
0 9 13 2 12 17 13 9 13 16 15
1 23 19 0 7 7 8 12 12 17 18 19 8 3 7 8 17 19 1 11 4 14 0 12 10
1 9 10 1 4 14 6 14 13 1 0
1 6 13 4 4 1 10 15
1 6 13 13 9 8 5 0
0 5 14 2 4 5 18
0 9 14 13 14 12 6 8 5 10 18
1 9 10 9 18 10 15 6 14 2 6
1 7 3 4 6 0 16 5 13
1 12 10 1 8 10 1 7 17 7 3 4 13 4
1 9 18 9 18 14 16 8 8 19 10
1 7 13 2 2 15 10 7 16
0 5 8 19 1 6 15
0 30 10 6 3 18 9 14 9 0 7 3 3 3 7 13 0 16 5 17 17 1 1 3 10 1 7 13 0 13 4 17
0 7 7 6 13 19 7 0 3
1 6 13 16 8 5 9 13
1 7 18 17 6 4 1 8 15
1 10 7 0 2 4 9 15 7 8 5 19
1 9 19 0 16 5 11 15 2 1 15
1 8 13 9 9 6 15 9 1 0
1 4 7 5 11 12
1 11 3 3 18 19 8 13 5 12 1 11 12
1 3 13 5 10
1 15 10 6 3 3 3 19 1 12 7 3 4 6 0 2 4
0 13 7 5 16 18 2 8 10 16 19 4 1 15 10
1 6 3 4 12 18 14 4
1 10 3 7 8 12 17 10 1 17 1 15
1 15 18 17 6 4 1 8 7 13 4 13 4 13 4 13 4
1 6 10 6 4 8 3 16
0 4 0 14 10 3
1 11 18 9 8 13 13 8 17 7 5 15 10
0 2 12 1
0 8 0 13 13 15 18 9 18 8
0 8 10 1 17 10 7 13 4 17
1 15 7 8 17 7 0 16 19 17 9 14 5 12 0 16 12
0 6 17 0 9 3 8 12
0 6 10 7 5 14 7 5
1 6 7 0 9 1 1 12
0 4 0 14 10 3
1 38 13 2 2 4 5 6 4 8 7 5 10 7 17 7 3 4 17 7 7 7 3 4 13 4 13 4 17 7 7 3 4 17 3 4 17 3 4 17
0 7 3 7 5 10 18 1 15
1 18 18 10 15 4 9 14 2 4 9 14 16 9 14 2 6 14 2 6
0 29 13 5 10 12 4 1 6 7 17 7 7 7 3 4 13 4 13 13 4 13 4 13 9 13 4 13 4 17 7
1 22 3 4 8 7 0 2 15 18 6 13 18 19 12 2 12 14 2 16 4 14 1 12
1 8 18 6 1 17 9 5 7 19
1 6 13 4 4 1 10 15
0 7 4 3 3 10 1 4 14
1 7 7 0 1 13 19 1 12
1 6 3 7 13 8 5 19
1 7 10 9 8 7 13 4 17
0 9 7 6 17 18 1 17 17 13 16
1 11 19 1 10 10 1 7 17 3 4 13 4
1 6 13 13 9 8 5 0
1 11 13 2 7 7 13 8 7 7 5 15 10
0 9 10 2 4 5 1 8 17 1 15
1 11 13 0 15 9 19 4 17 4 11 18 7
0 5 9 14 6 1 4
1 10 13 2 16 1 15 4 14 13 1 6
1 8 13 2 1 19 13 1 14 16
0 12 9 0 7 5 4 1 10 0 9 17 16 7
1 5 7 0 7 3 19
1 17 13 18 12 8 13 8 7 19 1 14 7 8 5 3 7 5 4
1 11 7 5 4 4 0 6 7 0 9 3 12
1 11 13 14 3 18 10 6 14 11 3 1 15
0 2 12 1
0 7 10 9 18 1 7 5 14
1 9 3 3 7 13 13 0 1 3 12
0 4 18 16 7 19
1 6 7 5 18 8 13 0
1 8 3 7 5 16 8 8 19 10
1 10 10 7 7 0 9 17 1 10 1 15
0 9 18 8 19 17 19 12 12 18 18
0 5 19 15 2 1 15
1 4 10 7 4 12
1 5 10 1 5 4 6
1 14 19 0 2 15 7 0 7 3 10 2 15 18 2 1
0 5 19 10 2 10 16
0 3 18 14 17
0 3 18 2 15
1 12 7 0 1 13 3 3 10 9 4 14 1 12
0 7 18 15 8 3 16 14 16
1 11 10 1 13 10 1 8 10 1 10 1 15
0 6 15 2 0 0 5 6
1 7 19 0 9 19 11 10 0
1 12 10 6 7 0 16 19 0 2 15 19 0 18
1 11 19 0 2 15 18 15 19 6 0 6 16
1 6 7 0 9 1 1 12
0 17 10 1 18 10 14 9 18 10 15 6 14 2 4 11 14 2 6
0 4 7 7 0 16
0 21 9 18 9 2 12 8 5 5 10 10 12 0 17 16 5 13 0 16 19 0 18
1 16 13 10 10 1 10 1 7 17 7 7 7 7 3 4 13 4
1 7 10 16 1 3 10 1 15
0 5 16 4 6 8 1
1 11 18 10 13 6 14 2 4 9 14 16 9
0 13 10 7 7 0 4 13 12 8 5 5 12 1 4
1 7 19 1 16 14 12 19 10
1 13 19 0 2 4 9 15 13 11 4 14 6 1 12
1 7 19 0 9 19 11 10 0
1 6 7 8 17 18 2 1
1 6 18 4 17 2 1 15
1 14 3 7 13 13 0 9 8 7 13 4 13 4 13 4
0 22 13 4 13 19 10 4 6 1 13 19 13 12 7 10 16 19 13 14 9 5 7 19
1 24 10 2 15 18 4 17 6 19 13 1 0 15 0 16 5 13 0 9 1 3 7 17 3 4
1 12 7 5 14 4 12 8 0 9 4 14 13 6
0 7 10 9 18 1 7 5 14
0 5 18 16 1 11 15
1 15 3 4 6 8 5 18 6 13 10 7 7 13 0 6 16
0 3 7 13 19
0 5 19 14 5 2 18
0 11 10 12 15 19 0 1 19 9 5 14 7
0 19 10 16 5 11 13 4 13 0 7 4 6 8 7 19 1 13 8 1 15
1 6 7 13 8 5 3 16
1 7 18 10 13 6 14 16 9
1 6 3 4 6 0 16 12
1 6 19 1 11 13 10 9
0 7 10 7 5 9 0 16 16
0 5 10 15 10 7 8
1 13 19 0 2 15 13 16 8 8 12 5 13 15 10
1 6 19 1 18 8 3 16
1 14 7 13 5 16 2 12 8 0 9 4 14 4 14 4
0 5 6 7 0 17 15
0 14 18 19 12 11 18 14 0 15 17 4 9 5 7 19
1 17 18 19 8 19 1 16 2 12 18 2 8 13 9 11 8 1 15
0 14 17 19 0 19 13 1 6 10 1 17 7 7 13 4
1 7 19 1 13 17 15 1 6
1 12 18 15 4 9 19 4 11 15 15 2 1 15
1 8 7 13 8 17 19 0 9 12
1 14 18 15 19 12 8 8 5 19 0 7 7 5 15 10
1 11 19 0 9 18 9 8 8 7 18 18 6
0 7 13 18 7 5 9 4 6
1 6 7 5 9 0 16 12
1 21 18 15 6 5 9 11 4 14 6 1 19 17 4 17 19 8 18 9 14 12 1
1 12 19 1 9 17 19 6 13 0 7 3 10 18
1 15 18 15 18 10 9 16 9 14 2 1 4 9 14 16 9
0 2 10 5
1 5 7 0 1 8 7
0 2 1 3
1 8 18 15 18 10 13 1 1 6
1 9 10 16 18 10 1 5 11 3 1
0 11 13 0 15 4 12 3 0 7 3 13 12
0 4 7 6 3 19
0 8 12 10 8 14 7 8 9 1
0 8 10 16 1 3 8 10 1 7
0 12 13 0 7 0 16 0 13 19 1 14 8 1
1 4 3 4 6 8
1 17 13 14 3 10 16 13 3 4 12 8 13 5 11 18 2 1 15
0 12 7 8 1 17 13 10 10 1 2 7 3 4
1 7 19 0 6 7 5 15 10
0 3 8 10 1
1 20 3 4 6 5 18 12 8 5 5 10 10 6 11 11 11 11 11 11 11 11
0 7 10 7 5 9 0 16 16
1 10 18 19 12 14 6 10 1 10 1 15
1 12 10 9 5 4 12 1 14 4 12 14 13 9
1 10 10 6 4 8 3 7 5 5 6 11
1 11 7 13 0 2 15 18 4 17 2 1 15
0 9 19 0 7 10 7 13 13 8 1
0 4 10 8 19 15
1 6 13 13 10 15 1 6
1 5 10 16 18 18 7
1 5 3 3 19 1 0
1 23 19 0 7 7 8 12 12 17 18 19 8 3 7 8 17 19 1 11 4 14 0 12 10
0 4 10 7 13 16
1 4 7 13 5 0
1 7 10 2 15 7 8 12 1
0 7 13 0 7 14 0 7 16
0 16 10 7 0 3 3 10 9 4 7 17 7 7 3 4 17 7
0 12 3 6 0 2 4 5 9 18 2 1 18 5
1 18 19 0 6 4 8 13 14 7 5 14 3 10 2 4 9 15 3 16
0 5 18 10 4 0 10
1 16 3 4 12 8 5 12 17 18 4 0 16 13 7 5 6 7
0 8 13 10 7 1 2 17 13 15
0 9 10 10 7 3 7 5 2 4 1
1 9 19 0 9 4 14 6 4 13 6
1 9 3 3 7 13 13 0 1 3 12
1 9 10 2 4 5 1 19 4 10 10
0 10 3 1 0 2 15 18 3 8 19 10
1 11 19 1 10 10 1 7 17 3 4 17 7
0 4 10 18 7 16
1 10 13 16 2 8 13 11 18 2 1 15
0 4 16 8 0 18
1 15 10 16 18 15 4 13 1 18 12 18 2 8 13 6 15
1 8 13 16 2 6 13 8 19 10
1 13 7 13 13 5 10 10 1 10 1 7 13 4 17
1 11 19 1 11 13 10 16 4 14 0 12 10
0 10 19 0 7 7 5 11 1 17 1 15
0 2 10 5
1 12 18 19 6 0 16 19 9 2 14 14 7 19
0 10 7 13 8 12 5 18 10 9 3 9
1 8 13 16 2 6 13 8 19 10
1 14 19 0 7 7 13 5 14 3 10 16 8 10 1 15
1 35 18 10 9 2 6 14 16 9 14 16 9 14 2 6 14 2 1 1 4 9 14 2 4 9 14 2 1 4 9 14 16 9 14 16 9
0 4 10 18 7 16
0 4 18 15 13 7
1 14 18 19 12 2 12 2 6 5 16 2 6 8 12 1
0 10 0 16 13 3 10 7 5 6 18 15
0 10 18 12 8 8 11 17 7 8 19 10
0 17 3 3 19 19 13 19 12 18 6 2 8 5 13 18 6 0 18
1 13 13 16 8 5 13 6 1 17 11 6 1 1 12
0 13 7 18 13 1 5 2 1 17 5 13 1 7 4
0 6 13 14 7 17 10 15
1 14 19 1 6 10 1 10 1 7 13 4 17 7 3 4
1 4 18 4 0 16
1 8 13 12 5 18 17 13 1 6
0 12 9 0 7 5 4 1 10 0 9 17 16 7
0 9 18 8 19 17 19 12 12 18 18
1 11 19 0 2 15 18 15 19 6 0 6 16
1 7 7 0 1 13 19 1 12
1 20 19 1 11 13 13 14 7 0 7 3 10 1 1 15 5 17 9 14 4 4
0 10 10 6 7 0 2 4 5 8 15 19
1 6 10 2 4 5 6 16
1 9 10 2 4 5 1 19 4 10 10
0 8 13 12 17 4 19 0 16 12
0 21 9 18 9 2 12 8 5 5 10 10 12 0 17 16 5 13 0 16 19 0 18
1 38 13 2 2 4 5 6 4 8 7 5 10 7 17 7 3 4 17 7 7 7 3 4 13 4 13 4 17 7 7 3 4 17 3 4 17 3 4 17
0 7 13 8 17 7 5 10 5
0 11 8 13 13 17 13 1 6 14 9 16 9
1 14 7 13 5 16 2 12 8 0 9 4 14 4 14 4
0 7 7 5 11 1 10 1 15
1 13 13 16 14 13 9 2 6 13 0 7 3 3 16
0 4 11 9 15 17
1 10 13 16 18 14 12 5 18 4 0 18
1 14 18 19 12 2 12 2 6 5 16 2 6 8 12 1
0 15 3 7 0 2 9 4 9 15 19 1 18 12 2 12 18
0 10 19 0 4 15 19 12 6 7 13 4
1 8 18 9 2 6 13 13 8 1
1 15 13 11 18 9 14 18 12 18 14 0 15 11 8 1 15
1 7 7 0 9 13 19 1 5
0 20 18 17 7 13 19 9 14 9 9 14 16 0 14 2 1 1 6 14 2 6
1 14 13 18 6 5 9 13 0 6 7 8 5 7 8 1
0 8 9 19 13 15 17 6 3 1
1 19 7 8 7 19 0 6 4 12 14 4 4 1 12 12 17 19 0 9 12
1 6 7 5 18 8 13 0
0 6 18 3 19 9 6 5
1 18 18 10 9 16 9 14 16 9 14 2 6 14 2 1 6 14 2 6
1 16 18 4 0 2 15 3 4 12 8 13 13 13 13 5 15 10
1 16 3 4 8 18 4 11 6 13 3 7 5 14 7 13 8 1
0 5 6 18 0 19 5
1 7 3 7 0 1 18 8 1
0 6 7 5 13 8 19 10
1 13 10 6 3 13 2 9 17 1 7 13 4 17 7
1 14 7 0 6 4 12 2 6 8 5 13 2 9 8 15
1 12 3 4 6 0 16 13 18 6 18 19 8 19
1 11 19 1 0 15 4 10 6 11 11 11 11
0 5 8 6 1 1 19
1 20 13 18 12 18 2 8 19 1 16 8 0 9 13 3 4 12 14 6 7 17
1 9 10 7 3 3 3 7 13 5 0
0 9 7 8 7 3 1 10 10 1 15
0 2 0 7
1 17 13 14 3 10 16 13 3 4 12 8 13 5 11 18 2 1 15
0 4 19 8 0 18
1 26 10 16 4 14 14 13 0 2 4 9 15 19 1 13 4 4 6 11 11 11 11 11 11 11 11 11
0 13 7 5 16 18 2 8 10 16 19 4 1 15 10
0 3 7 19 10
1 24 13 12 5 13 14 4 12 8 0 1 18 4 13 1 10 7 13 4 13 4 13 4 13 4
1 7 13 5 12 0 9 8 7
1 5 10 16 4 14 0
1 13 13 6 10 1 7 17 3 4 13 4 13 4 17
0 14 10 2 15 19 1 6 13 17 7 7 3 4 4 7
1 29 10 2 4 5 2 4 9 15 3 4 8 19 0 7 3 19 1 6 7 13 4 13 4 13 4 17 7 3 4
1 10 19 0 9 4 14 13 6 14 2 6
0 5 18 9 14 12 2
1 7 7 13 0 6 7 0 18
1 15 7 0 6 3 7 0 9 4 14 4 6 9 2 4 9
0 3 18 7 16
0 7 7 13 8 4 10 7 16
1 7 7 13 8 5 13 6 15
1 13 3 4 6 8 5 7 0 9 18 10 0 12 10
0 16 13 11 6 7 13 4 17 7 7 7 3 4 17 3 17 7
0 12 13 11 4 6 14 15 4 9 14 2 1 6
0 6 18 10 9 14 18 6
1 9 3 3 3 3 3 7 8 12 12
0 4 12 3 18 4
1 14 3 7 13 13 0 9 8 7 13 4 13 4 13 4
1 7 10 9 8 7 13 4 17
0 4 10 9 18 3
1 10 13 11 5 4 12 0 9 17 1 15
1 6 7 5 9 17 18 6
0 11 13 13 0 10 15 13 6 14 2 4 8
1 7 3 3 18 17 0 12 10
1 10 7 8 17 7 13 0 1 17 1 15
1 15 19 1 2 2 15 18 18 10 6 1 5 9 18 14 6
0 9 10 2 15 11 3 10 1 3 12
0 4 18 0 2 15
1 9 7 0 1 18 17 9 2 4 9
0 14 3 3 5 12 7 18 6 13 3 12 7 5 4 12
0 12 7 0 1 5 13 0 12 1 17 1 11 15
0 6 13 14 11 9 4 12
1 10 13 9 13 0 7 3 7 5 11 12
0 7 19 0 9 18 1 18 11
0 10 3 7 13 8 7 15 17 1 11 15
1 23 3 3 7 5 5 12 1 18 6 13 5 14 3 19 0 16 19 0 16 13 13 10 15
1 9 19 0 6 7 13 13 0 7 16
0 3 10 9 16
0 17 10 16 4 13 4 9 14 16 9 12 14 2 4 9 14 16 9
1 8 18 4 4 10 6 11 11 11
0 8 3 3 3 19 19 8 0 0
1 7 19 1 13 17 15 1 6
1 6 7 13 8 5 3 16
0 4 15 3 1 3
1 7 19 0 6 3 7 5 4
0 23 19 0 6 7 13 19 8 12 5 13 18 6 0 2 15 3 7 5 5 12 0 6 16
0 5 19 14 5 2 18
0 30 10 6 3 18 9 14 9 0 7 3 3 3 7 13 0 16 5 17 17 1 1 3 10 1 7 13 0 13 4 17
0 13 10 6 7 13 5 0 15 4 0 12 1 6 15
1 11 3 7 0 16 4 14 6 6 9 16 9
1 20 13 16 2 8 7 13 8 7 19 0 2 4 5 16 1 17 11 15 4 4
1 4 18 6 5 13
1 9 10 7 7 13 5 10 10 1 15
0 3 0 6 6
1 5 13 2 16 3 12
1 10 7 8 7 10 7 4 8 10 7 16
1 5 3 3 13 18 12
1 19 7 13 0 1 18 10 1 17 1 10 1 7 13 4 17 3 4 17 7
0 1 9
0 13 19 1 10 10 19 7 13 4 13 4 17 3 4
1 7 10 6 3 3 7 8 1
1 7 7 5 14 3 7 8 1
0 5 4 13 2 2 4
0 5 6 13 11 1 15
1 6 7 13 0 1 8 15
1 12 3 3 7 8 5 19 1 9 17 8 1 15
1 8 3 4 6 5 10 10 1 15
0 28 7 8 5 7 5 14 3 10 1 8 7 13 4 17 7 7 15 3 4 17 7 7 12 3 4 13 4 17
1 4 19 1 10 15
1 16 3 4 8 10 2 4 5 6 4 6 13 5 2 1 8 7
0 4 9 10 18 1
0 4 1 16 3 3
1 31 19 1 16 2 12 8 0 7 7 0 1 17 1 7 17 3 4 17 3 4 17 7 7 3 4 13 4 17 7 3 4
1 11 13 2 7 7 13 8 7 7 5 15 10
0 10 4 4 12 2 8 19 1 16 5 10
0 4 17 0 9 12
1 13 10 2 15 19 1 11 19 17 18 10 9 16 9
1 5 18 19 12 14 5
0 7 5 6 0 2 15 10 12
1 28 3 4 12 14 18 6 0 2 15 19 0 2 15 10 9 8 7 13 4 13 4 17 7 7 3 4 17 7
0 4 7 13 2 19
1 11 3 7 13 8 17 10 7 4 6 5 4
1 11 18 10 13 6 14 2 4 9 14 16 9
1 13 13 10 7 17 7 3 4 13 4 17 7 3 4
0 9 19 0 7 3 9 3 7 5 0
1 10 13 12 7 3 3 7 0 9 3 12
0 6 12 11 10 19 4 7
0 25 10 2 4 5 1 5 9 19 17 1 4 14 15 1 4 9 14 16 9 14 9 14 2 4 9
1 21 18 9 8 5 16 18 2 8 10 2 4 9 4 5 7 3 10 6 3 3 16
0 11 19 0 6 14 7 8 5 7 8 19 10
1 4 19 0 16 1
1 5 13 13 9 8 8
1 8 3 3 3 7 13 8 19 10
0 7 10 1 19 2 0 9 15
1 12 10 6 7 0 16 19 0 2 15 19 0 18
1 19 3 4 6 13 8 12 17 7 13 0 6 7 5 5 6 11 11 11 11
1 6 18 17 4 1 8 15
1 6 3 4 12 2 8 19
1 19 7 13 0 16 17 1 7 13 4 13 4 17 7 7 3 4 13 4 17
1 7 13 11 5 13 1 14 16
1 6 7 5 13 18 10 1
0 19 3 4 1 12 3 14 13 11 0 16 8 10 1 7 17 7 13 3 4
1 5 7 8 12 19 10
1 7 19 1 11 19 11 8 1
0 27 7 5 14 12 14 17 10 1 18 19 8 18 19 6 12 13 0 9 19 13 5 0 16 18 6 1 12
0 7 13 13 15 17 4 15 0
0 6 19 17 4 8 17 10
1 5 18 6 17 1 15
1 8 18 19 12 2 8 7 0 18
1 5 13 13 9 8 8
0 25 18 4 0 6 4 6 0 6 3 19 3 1 6 10 1 7 17 7 17 3 9 13 4 13 4
0 3 9 16 16
0 11 15 10 4 1 13 1 16 14 11 3 12
0 37 7 13 8 5 18 9 8 8 5 18 19 8 19 1 10 7 17 3 4 17 7 3 4 13 4 13 4 13 4 17 3 4 3 17 3 4 17
0 9 10 2 15 11 3 10 1 3 12
0 10 19 0 7 7 5 11 1 17 1 15
1 12 3 4 6 8 5 18 17 4 1 18 4 4
1 10 3 7 0 2 15 18 10 9 2 6
1 7 18 10 1 17 1 7 17
1 10 3 7 13 13 8 5 13 0 15 4
0 4 19 8 0 18
1 6 10 6 7 5 9 13
0 3 10 0 1
1 6 7 8 17 10 7 16
1 12 18 10 1 4 14 15 1 1 6 14 16 9
0 4 7 3 7 5
1 4 19 0 16 1
1 8 10 6 4 8 18 2 1 15
1 9 10 7 3 3 3 7 13 5 0
0 18 18 9 0 0 15 11 6 4 14 9 16 9 14 16 9 14 16 9
1 5 18 6 17 1 15
1 7 13 11 1 17 17 9 18
1 7 18 9 2 6 5 10 15
0 3 1 8 17
0 2 10 2
1 7 3 7 8 5 13 15 10
0 3 18 2 15
1 4 18 6 5 13
0 13 13 16 2 6 5 18 0 15 9 5 16 14 7
1 19 7 8 7 19 0 6 4 12 14 4 4 1 12 12 17 19 0 9 12
1 3 3 3 19
0 7 7 5 11 1 10 1 15
1 7 19 1 16 14 12 19 10
1 12 3 7 8 7 7 13 0 9 13 10 6 16
1 8 7 13 8 17 19 0 9 12
1 10 3 7 13 13 8 5 13 0 15 4
1 8 18 6 1 17 9 5 7 19
1 14 10 16 1 17 17 9 2 12 18 8 13 5 6 7
1 15 13 11 18 9 14 18 12 18 14 0 15 11 8 1 15
1 7 19 1 9 13 1 6 7
0 11 19 6 6 4 18 18 8 9 5 6 15
1 16 7 0 2 15 10 16 13 13 5 12 0 16 18 8 1 15
1 10 19 0 1 17 1 10 1 10 1 15
1 7 19 1 10 7 17 3 4
1 6 7 8 17 10 7 16
1 10 13 5 12 0 7 3 7 5 15 10
1 13 7 13 13 0 9 8 10 1 7 13 4 17 7
0 18 18 9 0 0 15 11 6 4 14 9 16 9 14 16 9 14 16 9
0 5 18 9 14 12 2
0 7 7 3 19 14 8 19 10
1 7 7 8 5 7 5 14 16
0 4 16 13 12 10
0 3 10 15 16
0 9 13 13 19 1 6 13 8 19 10
0 6 13 14 7 17 10 15
0 13 19 1 10 10 19 7 13 4 13 4 17 3 4
0 4 3 12 10 14
1 40 7 13 0 16 4 14 15 1 6 14 16 9 14 2 6 14 2 1 4 9 14 16 9 14 16 9 14 2 6 14 2 1 4 9 14 2 6 14 16 9
0 7 3 7 5 10 18 1 15
1 10 13 4 4 0 7 3 18 2 1 15
0 8 13 16 8 5 4 4 1 15
1 42 7 8 12 5 3 3 13 2 2 15 18 17 6 4 6 6 4 6 9 16 9 14 2 1 1 1 6 14 2 6 14 16 9 14 16 9 14 2 1 1 4 9
1 7 13 16 18 8 0 2 4
1 4 3 4 6 8
0 6 10 7 5 14 7 5
1 16 3 4 8 10 2 4 5 6 4 6 13 5 2 1 8 7
0 4 19 0 13 16
0 20 13 11 19 11 17 14 11 9 2 6 5 15 17 17 19 9 15 9 16 17
1 9 7 0 1 13 18 17 9 16 9
0 11 3 4 12 12 8 0 9 14 17 3 12
0 10 3 3 19 0 1 7 7 13 8 12
0 7 13 0 15 17 6 8 12
0 10 19 19 2 10 2 4 9 4 5 18
1 3 3 3 19
0 19 10 7 7 9 19 11 19 12 2 8 18 6 1 15 5 9 10 14 6
0 14 13 16 2 6 13 13 13 8 0 6 13 13 6 12
1 18 18 10 15 4 9 14 2 4 9 14 16 9 14 2 6 14 2 6
1 7 19 0 16 5 0 7 16
1 25 7 8 12 5 3 3 3 4 6 13 5 18 8 18 19 12 2 12 14 2 6 3 13 6 15
0 5 12 8 17 12 1
0 5 9 14 6 1 4
1 7 7 8 17 7 5 12 12
0 30 7 0 13 17 2 19 2 15 3 7 5 2 1 18 1 0 13 6 14 2 6 14 2 6 14 2 1 1 2 9
0 5 14 2 4 5 18
1 4 19 1 10 15
0 4 18 16 7 19
1 19 19 0 6 7 13 13 5 2 16 17 1 7 17 7 7 7 3 4 17
1 5 7 0 1 8 7
0 11 7 9 16 3 4 12 6 8 7 8 10
1 3 7 5 5
1 14 18 15 19 12 8 8 5 19 0 7 7 5 15 10
0 8 3 18 7 0 1 1 17 15
1 18 7 0 2 15 3 3 10 16 1 17 11 10 4 1 18 18 7 19
1 8 7 5 12 17 18 2 1 15
0 7 7 9 18 13 5 1 15
1 7 7 5 14 3 7 8 1
1 22 3 4 8 7 0 2 15 18 6 13 18 19 12 2 12 14 2 16 4 14 1 12
0 9 3 7 8 5 9 7 0 7 16
0 6 19 1 2 15 6 10
1 9 10 1 13 18 19 12 8 5 0
1 7 3 4 8 18 2 1 15
0 16 10 4 9 8 7 13 4 13 13 4 17 6 7 3 4 17
1 6 10 16 1 17 11 9
1 23 3 3 7 5 5 12 1 18 6 13 5 14 3 19 0 16 19 0 16 13 13 10 15
0 13 1 10 7 7 13 5 17 12 14 19 0 9 12
1 10 7 0 2 4 9 15 7 8 5 19
0 7 3 4 12 18 12 0 18
0 7 19 0 9 18 1 18 11
1 17 18 4 11 9 18 14 11 18 4 11 6 5 13 1 2 6 16
0 14 18 19 12 11 18 14 0 15 17 4 9 5 7 19
0 3 1 18 15
1 14 18 9 14 18 8 7 0 7 7 5 16 8 8 1
1 5 3 3 13 14 16
1 11 3 3 10 9 19 17 15 10 0 12 10
1 7 13 11 5 13 1 14 16
1 11 19 1 11 13 10 16 4 14 0 12 10
1 7 18 17 6 4 1 8 15
1 15 10 6 3 7 13 5 11 18 6 8 10 1 10 1 7
1 13 13 16 8 5 13 6 1 17 11 6 1 1 12
0 6 15 2 0 0 5 6
0 7 7 9 18 13 5 1 15
1 5 13 10 7 13 4
0 5 13 15 0 6 16
0 6 18 2 7 3 1 15
1 11 3 7 8 7 3 4 8 19 1 6 15
1 15 7 0 6 3 7 0 9 4 14 4 6 9 2 4 9
1 6 3 4 6 0 16 12
1 9 13 13 15 9 2 8 18 18 7
0 13 7 13 5 5 6 15 11 11 11 11 3 11 11
1 4 7 5 11 12
1 12 10 9 5 4 12 1 14 4 12 14 13 9
1 19 19 0 6 7 8 17 19 1 6 7 13 4 13 4 17 3 4 13 4
1 8 13 9 4 6 11 11 11 11
1 5 13 6 7 17 7
1 5 18 19 12 14 5
0 5 19 8 7 7 5
0 4 7 19 1 4
0 3 11 15 10
1 9 19 0 9 4 14 6 4 13 6
0 8 7 0 1 6 10 1 3 12
1 15 18 17 6 4 1 8 7 13 4 13 4 13 4 13 4
1 7 3 7 8 5 13 15 10
0 11 19 0 6 14 7 8 5 7 8 19 10
1 8 18 9 2 6 13 13 8 1
1 7 19 0 6 3 7 5 4
1 9 19 0 6 7 13 13 0 7 16
1 7 19 1 0 15 11 10 1
0 6 13 18 19 16 16 9
1 6 3 4 12 2 8 19
0 4 13 14 10 12
0 7 7 3 19 14 8 19 10
1 12 3 3 7 8 5 19 1 9 17 8 1 15
0 11 3 7 5 11 17 1 10 4 10 1 15
0 7 7 0 16 1 9 15 4
1 15 3 4 8 19 0 7 4 6 5 4 4 1 12 19 10
0 20 18 17 7 13 19 9 14 9 9 14 16 0 14 2 1 1 6 14 2 6
1 10 10 6 4 8 3 7 5 5 6 11
0 3 18 7 16
0 15 3 3 7 5 13 17 9 17 16 14 16 9 16 16 9
0 9 3 7 8 7 18 8 15 1 15
0 4 13 2 16 7
0 5 13 2 2 10 18
1 9 3 3 3 3 3 7 8 12 12
1 17 13 18 12 8 13 8 7 19 1 14 7 8 5 3 7 5 4
0 6 10 6 4 7 0 1
0 4 7 19 13 10
1 9 13 4 4 1 12 7 7 0 18
0 7 3 3 8 11 14 12 8
0 11 10 9 18 19 12 8 8 17 10 5 18
1 7 18 9 2 6 5 10 15
0 10 3 3 19 0 1 7 7 13 8 12
0 8 13 10 7 1 2 17 13 15
1 12 7 13 5 0 15 11 4 17 10 15 4 9
0 8 7 8 2 13 18 3 1 15
1 11 10 9 18 9 14 2 9 5 13 0 18
1 5 3 7 0 7 16
1 8 3 7 0 9 18 2 1 15
0 6 19 17 4 8 17 10
1 12 3 4 6 0 16 13 18 6 18 19 8 19
1 5 19 1 2 16 12
1 12 10 6 3 7 5 18 8 19 1 12 19 10
0 7 5 6 0 2 15 10 12
0 8 7 0 1 6 10 1 3 12
1 7 3 4 6 0 16 5 13
1 18 13 13 9 2 8 3 7 8 5 10 9 18 19 6 0 16 5 13
1 31 13 6 10 1 10 1 10 1 7 13 4 17 3 4 17 3 4 13 4 13 4 13 4 17 3 4 17 3 4 13 4
0 9 19 1 0 15 6 17 11 18 7
0 9 10 4 2 17 4 16 5 11 16
0 5 7 6 3 19 10
0 28 7 8 5 7 5 14 3 10 1 8 7 13 4 17 7 7 15 3 4 17 7 7 12 3 4 13 4 17
1 21 13 9 13 1 16 2 12 14 9 11 17 9 2 4 9 14 16 9 14 16 9
0 18 13 17 18 8 10 9 4 14 6 4 6 1 1 15 19 0 6 16
1 15 18 15 18 10 9 16 9 14 2 1 4 9 14 16 9
1 28 19 1 16 18 18 14 10 7 17 7 3 4 13 4 17 7 3 4 13 4 13 4 17 3 4 13 4 17
0 5 4 5 0 16 12
0 9 3 7 0 2 4 5 4 9 4
1 7 3 7 5 10 10 1 15
0 8 15 19 6 8 12 16 19 6
0 9 10 2 4 5 1 8 17 1 15
1 15 3 4 6 8 7 19 0 2 15 13 6 7 17 3 4
0 11 7 13 8 5 13 18 8 18 4 3 1
1 9 10 1 13 18 19 12 8 5 0
1 5 18 19 8 13 0
0 9 3 3 4 8 3 3 13 6 7
0 2 13 15
0 10 3 1 0 2 15 18 3 8 19 10
0 23 3 3 13 18 8 19 15 19 6 5 4 4 0 1 13 19 0 1 17 1 10 1 15
1 19 19 1 18 8 10 16 4 14 4 13 4 9 14 16 9 14 2 4 9
1 3 19 0 16
0 3 7 13 19
0 7 13 8 17 7 5 10 5
1 9 19 1 5 10 12 1 11 3 12
1 14 13 2 6 3 13 10 10 1 10 1 7 17 7 7
0 17 13 16 13 18 8 13 8 7 18 3 3 19 1 12 7 3 16
1 14 13 18 6 5 9 13 0 6 7 8 5 7 8 1
0 34 19 0 6 7 14 9 19 17 10 1 13 19 9 4 14 4 1 17 1 10 1 19 10 17 1 10 1 10 1 10 1 10 1 7
0 6 13 18 19 16 16 9
0 10 9 7 5 5 15 17 8 14 1 15
1 7 19 1 10 7 17 3 4
1 7 3 3 18 17 0 12 10
0 9 3 7 8 15 3 17 0 9 12
1 6 18 4 9 1 0 17
0 5 15 15 8 1 1
1 7 18 10 13 6 14 16 9
1 9 13 4 4 1 12 7 7 0 18
0 4 1 0 7 16
1 8 7 13 0 1 8 10 1 15
1 11 10 6 3 10 16 8 10 1 10 1 15
1 31 13 6 10 1 10 1 10 1 7 13 4 17 3 4 17 3 4 13 4 13 4 13 4 17 3 4 17 3 4 13 4
0 3 19 11 19
1 12 7 8 5 13 6 7 17 7 3 4 13 4
1 8 3 7 0 9 18 2 1 15
0 9 10 4 2 17 4 16 5 11 16
1 12 10 6 3 7 5 18 8 19 1 12 19 10
1 18 13 13 9 2 8 3 7 8 5 10 9 18 19 6 0 16 5 13
1 6 19 1 18 8 3 16
0 9 19 0 7 3 9 3 7 5 0
0 22 19 0 2 15 13 16 18 14 18 12 8 5 7 10 6 7 13 0 9 17 1 15
1 6 18 15 4 11 2 1
0 5 18 16 1 11 15
1 4 19 1 10 15
0 13 7 13 5 5 6 15 11 11 11 11 3 11 11
1 11 10 16 13 18 9 14 14 7 0 1 12
1 40 10 9 4 14 6 13 1 4 9 14 16 9 14 16 9 14 16 9 14 16 9 14 16 9 14 16 9 14 2 6 14 16 9 14 2 1 6 14 16 9
1 11 13 18 12 18 14 6 7 17 7 3 4
0 5 19 10 2 10 16
1 6 7 0 9 13 3 16
1 15 18 10 15 4 9 14 2 4 9 14 16 9 14 16 9
1 9 10 1 4 14 6 14 13 1 0
0 5 14 18 2 1 15
0 12 7 0 1 5 13 0 12 1 17 1 11 15
0 7 17 7 3 3 4 0 18
1 12 18 15 4 9 19 4 11 15 15 2 1 15
0 13 10 6 7 13 5 0 15 4 0 12 1 6 15
1 15 18 10 15 4 9 14 2 4 9 14 16 9 14 16 9
1 36 19 0 1 1 17 13 0 7 4 12 2 6 8 5 19 0 16 19 11 9 8 5 2 1 17 1 7 13 4 17 7 7 7 7 3 4
0 14 13 16 2 6 13 13 13 8 0 6 13 13 6 12
1 11 3 3 10 9 19 17 15 10 0 12 10
0 10 1 19 1 18 8 6 2 8 1 15
0 8 13 5 18 6 8 12 2 10
1 15 10 6 3 3 3 19 1 12 7 3 4 6 0 2 4
1 7 10 2 15 7 5 14 16
1 11 13 0 15 9 19 4 17 4 11 18 7
1 20 13 18 12 18 2 8 19 1 16 8 0 9 13 3 4 12 14 6 7 17
0 4 13 0 7 16
1 8 18 19 12 2 8 7 0 18
0 11 7 0 13 8 7 13 19 13 18 7 19
0 16 18 9 12 2 6 0 1 13 7 13 5 0 5 4 6 11
1 12 7 5 11 5 11 9 18 8 13 0 6 16
1 14 10 2 4 5 6 4 6 8 17 7 5 16 2 12
1 7 19 0 16 13 7 8 1
1 16 13 10 10 1 10 1 7 17 7 7 7 7 3 4 13 4
1 6 18 15 4 11 2 1
0 16 19 1 7 17 3 4 13 8 4 13 4 17 3 4 11 17
0 11 10 9 18 10 1 1 4 14 0 12 10
1 4 19 1 10 15
1 10 13 5 12 0 7 3 7 5 15 10
1 15 13 5 10 10 10 10 12 0 2 15 18 10 15 4 9
0 4 7 6 19 10
0 16 18 9 12 2 6 0 1 13 7 13 5 0 5 4 6 11
1 10 13 11 5 4 12 0 9 17 1 15
0 5 12 8 17 12 1
0 11 3 7 5 11 17 1 10 4 10 1 15
0 6 0 8 18 0 12 12
1 12 19 1 9 17 19 6 13 0 7 3 10 18
0 13 13 18 12 14 10 7 13 4 13 17 3 4 17
1 12 7 0 1 13 3 3 10 9 4 14 1 12
1 11 13 4 4 1 13 18 10 1 4 14 0
1 8 18 18 10 6 4 9 16 9
0 16 7 3 5 10 10 1 10 1 7 13 4 13 4 13 4 17
0 3 7 8 10
1 20 18 18 10 14 11 17 14 17 19 6 8 17 19 0 2 15 7 5 15 10
0 10 18 12 8 8 11 17 7 8 19 10
1 9 10 7 7 13 5 10 10 1 15
1 7 10 16 1 15 5 4 10
0 5 18 4 17 19 19
1 12 13 16 18 2 6 5 16 2 6 5 4 4
1 4 7 13 5 0
1 6 19 0 2 4 5 16
1 13 3 7 0 9 17 1 10 1 10 1 10 1 15
0 7 10 7 7 13 19 0 2
1 5 18 19 8 13 0
1 8 10 7 7 5 0 15 4 6
0 2 6 2
0 10 7 8 13 0 15 9 16 17 17 17
0 8 13 16 8 5 4 4 1 15
1 23 19 0 2 15 18 4 0 2 15 19 1 16 2 12 14 9 0 9 4 14 13 4 9
0 10 10 6 7 0 2 4 5 8 15 19
0 4 11 3 1 15
