1533 20
0 17 10 16 16 4 8 6 16 16 12 19 13 14 5 7 4 16 4
0 26 4 11 4 1 18 13 0 1 2 14 4 19 17 15 9 8 2 15 10 15 9 15 15 11 9 6
1 10 0 12 5 17 12 17 12 5 5 8
0 18 19 19 4 4 16 16 4 4 16 4 4 16 16 17 16 4 16 16
1 11 10 6 9 17 5 17 7 2 10 9 6
1 10 14 10 10 17 8 4 2 15 5 12
1 5 10 4 1 0 17
0 20 14 0 10 10 11 16 11 4 10 4 2 15 17 8 4 2 15 4 8 12
0 18 4 17 0 4 18 14 9 17 9 17 9 17 9 17 3 11 2 2
0 5 14 3 18 17 3
0 7 10 18 3 2 17 9 2
0 7 3 17 15 8 11 17 14
0 3 19 11 0
1 7 0 12 17 4 8 5 12
0 3 14 9 3
1 9 14 14 4 17 17 14 7 5 7
0 8 19 16 2 0 4 12 8 16
0 9 14 7 0 9 17 3 2 2 2
1 6 4 17 19 19 16 4
0 12 0 4 2 5 14 4 9 6 17 9 17 3
0 6 6 0 2 2 10 13
1 9 14 14 0 19 4 16 4 4 16
1 24 0 4 9 17 5 17 5 17 5 17 5 17 7 18 4 9 17 9 17 3 2 2 2 2
1 15 19 11 1 11 1 0 9 15 4 5 13 4 15 17 10
1 17 19 12 18 10 4 17 4 0 11 1 4 16 12 6 11 7 3
0 3 17 0 17
0 4 14 17 5 3
1 10 10 4 8 8 6 1 18 19 7 6
1 14 0 12 17 4 2 14 10 14 0 9 17 9 17 3
0 2 16 19
1 8 10 6 8 4 4 4 9 6
0 3 8 3 9
0 6 4 17 4 5 10 11
1 13 19 16 2 4 5 0 4 2 4 0 19 4 16
0 22 12 5 14 14 11 5 6 2 17 17 14 7 5 7 0 14 7 14 2 6 6 6
0 3 19 18 16
0 13 19 4 4 8 18 9 17 4 6 8 11 15 14
1 3 10 16 12
0 6 4 7 4 0 9 17
0 10 19 12 10 18 14 4 5 7 14 15
0 13 10 1 4 0 9 10 17 11 4 11 19 9 6
1 34 14 14 0 8 2 18 16 4 4 16 4 16 16 4 16 4 4 16 4 4 16 16 4 16 4 16 4 4 16 16 4 4 4 4
0 14 14 4 9 17 9 17 9 9 17 3 2 2 2 2
0 12 19 11 1 5 0 12 9 10 12 9 8 10
1 6 4 17 0 12 5 8
1 8 0 4 18 10 19 12 14 9
1 8 10 6 2 14 4 9 17 3
1 7 0 12 17 4 8 5 12
0 5 4 5 4 5 8
1 6 10 6 2 10 9 6
0 5 0 2 9 18 9
0 12 0 12 3 10 8 18 15 2 10 0 5 6
0 12 4 11 6 9 7 10 4 18 0 3 2 2
1 8 10 8 18 1 8 6 9 6
0 5 10 16 4 8 3
1 9 19 12 18 4 3 2 2 2 2
0 5 10 9 17 7 9
1 11 10 6 18 14 0 11 1 0 19 16 4
0 9 16 8 1 4 19 4 11 17 14
0 6 19 1 9 13 0 11
0 9 4 17 0 12 16 8 5 11 8
0 7 19 11 0 16 0 19 16
0 24 0 4 9 17 7 2 0 4 2 10 8 11 8 4 4 9 2 15 4 17 8 2 15 6
1 8 10 16 7 18 6 18 7 3
1 11 10 17 15 15 5 6 2 8 6 9 6
0 5 4 10 11 9 6
1 12 14 10 4 11 6 18 14 11 16 11 2 14
1 10 4 4 16 18 2 15 16 11 7 3
0 4 19 11 7 19
1 31 19 16 8 1 0 0 16 17 3 10 17 6 19 18 19 18 19 19 18 10 0 5 17 1 17 13 1 19 0 6 5
0 8 4 18 14 17 4 11 9 6
0 7 10 19 16 18 14 0 8
1 5 4 4 1 0 19
0 9 10 1 16 6 6 0 9 7 6
0 4 14 6 4 9
1 8 10 8 18 9 8 4 7 3
1 14 4 5 19 11 0 10 8 9 4 1 4 0 9 10
0 21 7 12 6 4 8 5 6 2 1 1 5 6 1 4 18 9 15 14 7 5 7
0 4 6 10 9 6
0 4 14 14 17 18
1 10 0 4 2 4 17 10 16 9 7 3
0 17 14 2 14 6 0 9 17 9 17 9 17 3 2 6 12 2 2
1 18 0 12 17 4 18 0 9 17 9 17 9 17 3 2 2 2 2 2
1 20 10 6 18 14 4 1 1 9 15 15 6 9 17 7 8 6 18 4 3 2
0 9 8 19 12 6 14 0 9 3 2
1 15 0 4 2 4 11 1 15 19 16 4 1 18 19 7 6
0 24 19 1 4 14 9 7 18 10 0 4 9 17 7 18 0 9 17 9 17 9 17 3 2 2
0 6 10 12 18 4 3 2
1 14 4 11 6 8 4 16 9 4 2 15 16 11 7 3
1 11 0 12 5 17 4 2 14 4 9 17 3
0 8 4 18 14 17 4 11 9 6
1 7 14 10 0 4 8 5 6
0 7 0 19 8 2 18 4 16
1 4 19 12 0 0
0 6 14 19 16 4 11 4
0 6 1 4 8 19 19 6
1 9 14 14 17 19 11 1 11 9 6
1 11 4 4 16 18 2 14 7 8 6 16 12
0 8 4 0 11 7 1 4 4 12
1 10 4 5 10 17 17 14 7 4 9 6
0 2 15 15
1 13 4 11 8 11 8 2 14 7 4 5 7 14 12
0 9 4 0 14 0 10 6 10 9 10
0 4 10 13 0 14
0 11 18 19 19 16 4 4 16 14 16 9 4
1 9 10 4 16 18 2 15 4 5 12
0 3 10 0 12
0 4 10 5 6 12
1 30 4 4 16 7 16 6 15 15 6 2 4 4 5 6 6 5 6 2 4 8 8 8 18 1 8 6 17 8 7 3
0 8 19 12 14 5 7 14 4 4
1 7 10 4 6 18 0 3 2
0 15 19 12 14 9 17 5 16 5 17 7 18 2 10 5 12
1 6 10 5 6 6 9 6
0 7 19 11 0 16 0 19 16
1 12 10 16 16 12 8 8 11 17 14 7 9 6
1 23 4 11 16 9 4 4 4 4 2 15 5 6 2 1 4 1 19 4 5 6 6 9 6
0 2 11 4
1 7 4 11 5 6 2 9 6
0 7 10 6 18 19 1 0 16
1 13 19 12 1 10 14 0 3 2 2 2 2 2 2
1 16 0 4 2 19 11 7 0 9 0 12 1 4 3 2 2 2
0 19 4 13 17 15 19 4 16 16 4 16 4 8 4 4 16 16 10 4 16
1 18 10 8 8 18 1 8 18 1 5 6 6 17 8 4 2 15 5 12
0 11 4 5 0 4 11 13 9 17 5 17 5
0 5 0 2 9 18 9
0 5 19 19 4 19 16
0 5 16 8 2 1 18
0 4 14 4 6 3
1 5 10 8 6 9 6
0 8 19 11 1 5 16 19 8 3
1 22 10 8 6 16 9 2 14 7 1 4 1 19 13 15 6 2 10 1 4 19 15 14
0 14 2 4 4 17 17 15 4 3 5 6 2 0 9 6
0 4 16 17 18 3
0 8 14 9 13 3 17 3 3 2
1 7 10 4 6 18 0 3 2
0 12 9 19 0 5 14 6 8 17 13 15 9 6
1 11 19 16 8 8 8 6 17 17 15 9 6
0 7 0 4 8 17 3 4 3
0 6 16 17 15 4 15 9
1 12 10 1 4 0 19 4 10 13 6 5 17 9
1 6 10 5 6 6 9 6
0 10 19 12 0 14 8 17 8 5 7 3
0 9 10 0 4 2 9 6 17 3 2
1 20 14 10 0 4 2 10 8 8 8 11 8 4 2 15 5 7 14 7 14 12
0 6 10 14 11 15 15 16
1 10 10 5 6 2 1 15 1 1 0 9
0 6 14 4 7 17 3 2
1 11 19 12 15 0 11 7 0 9 4 5 12
1 11 4 17 0 4 8 16 12 6 12 6 12
0 11 1 0 4 8 0 3 2 15 2 2 2
1 7 4 17 10 8 11 17 14
0 11 19 12 0 10 8 4 1 9 17 3 2
1 15 4 4 1 4 15 19 12 6 16 0 14 7 4 9 6
0 3 0 12 19
0 9 19 11 0 2 8 9 5 0 4
1 6 4 0 16 9 17 5
0 22 19 11 7 1 5 1 6 6 5 6 2 1 4 1 9 15 15 4 6 8 9 6
0 13 14 4 9 17 10 9 17 9 19 17 9 9 4
0 4 17 5 8 4
1 9 14 14 4 17 17 14 7 5 7
1 4 19 12 6 19
0 2 13 9
1 18 19 12 10 8 6 10 17 17 14 7 6 18 0 9 17 3 2 2
1 6 19 12 15 11 5 12
0 6 10 4 4 9 12 6
0 5 10 16 16 9 11
1 15 14 10 4 17 19 16 18 4 9 17 9 17 3 2 2
0 7 3 17 15 8 11 17 14
0 5 0 17 17 17 3
1 15 19 16 18 14 5 10 8 8 6 1 4 15 1 9 6
1 22 4 0 19 4 16 4 16 4 16 4 16 16 16 16 16 4 4 16 16 4 16 16
0 8 4 8 6 16 5 16 19 6
1 12 19 12 15 4 8 6 17 17 14 7 9 6
1 7 4 11 8 11 8 7 3
1 14 4 17 0 4 18 14 17 10 5 6 6 17 17 14
1 9 19 12 18 4 3 2 2 2 2
1 8 14 14 0 16 2 10 5 6
0 12 3 4 0 17 9 17 3 18 2 2 12 10
1 28 4 4 1 0 13 7 18 19 18 19 18 19 18 19 17 17 19 18 19 19 18 17 14 15 3 13 17 9
1 8 0 4 18 14 17 10 5 12
1 5 19 16 8 5 6
0 5 13 8 4 1 2
0 7 1 16 11 7 4 5 3
1 12 10 1 4 1 1 16 16 4 1 19 15 14
1 10 0 4 8 8 8 11 15 15 9 6
1 9 0 12 17 12 17 4 9 17 5
1 13 19 8 18 4 16 16 4 16 16 4 4 16 16
0 5 4 11 0 9 12
0 13 19 16 8 8 18 9 15 15 8 11 12 7 3
1 9 4 0 16 9 17 7 8 9 6
0 3 10 4 9
0 6 19 19 8 11 4 5
1 11 0 4 2 19 11 7 1 17 0 12 8
1 10 14 14 5 10 16 11 4 4 7 3
0 9 19 11 0 10 8 8 9 0 9
1 9 19 12 10 8 1 14 0 8 14
1 7 19 8 2 18 16 4 16
0 5 4 6 17 18 16
1 15 10 1 18 1 4 4 17 8 2 15 1 15 19 19 6
0 6 8 14 18 19 19 6
1 15 14 10 4 5 4 0 12 0 0 6 14 0 3 2 2
1 17 10 4 17 17 14 7 17 15 15 8 18 19 4 4 17 15 14
0 11 4 17 14 0 0 4 4 4 4 16 4
0 3 1 0 4
0 6 4 11 18 5 7 14
0 4 0 12 13 8
0 7 10 1 15 19 7 9 6
1 14 19 12 10 8 1 10 19 16 8 6 2 19 8 14
1 20 10 6 18 10 14 4 9 17 9 17 9 17 9 17 3 2 2 2 2 2
1 10 4 11 16 0 15 1 15 19 7 6
1 15 4 4 1 4 15 19 12 6 16 0 14 7 4 9 6
1 8 0 4 8 6 8 4 1 0
1 10 10 5 6 2 1 15 1 1 0 9
0 5 17 19 2 9 6
1 35 19 11 0 9 0 16 18 10 19 12 18 10 19 11 0 9 5 4 11 8 8 8 11 8 4 4 2 14 7 16 11 4 4 7 3
1 4 4 5 19 16
1 6 4 11 16 11 7 3
0 5 8 0 19 4 8
0 7 1 15 19 16 4 9 6
1 6 0 4 2 19 8 11
1 5 10 4 4 16 6
1 7 19 12 18 10 19 19 4
1 22 10 8 6 16 9 2 14 7 1 4 1 19 13 15 6 2 10 1 4 19 15 14
0 9 0 0 12 17 12 5 17 12 3
0 7 19 16 9 17 10 2 5
0 9 10 6 9 17 5 17 7 17 7
1 23 10 8 18 9 17 14 7 8 11 17 15 6 9 17 7 18 4 9 17 3 2 2 2
1 8 4 17 4 4 5 7 14 12
1 8 0 4 18 10 19 12 14 9
1 5 19 12 6 10 6
1 13 10 8 6 1 15 9 15 15 8 18 1 9 6
0 24 10 6 17 17 7 8 4 4 6 18 10 14 0 9 17 9 17 3 17 2 2 2 2 2
1 8 10 16 0 15 17 8 7 3
0 26 15 1 0 1 16 17 17 14 14 6 10 18 19 19 7 19 19 17 19 7 17 17 19 18 19 17
0 5 14 4 1 7 19
1 9 10 6 18 14 11 17 8 7 3
0 17 14 10 8 11 15 14 7 4 16 7 13 4 4 4 16 8 6
1 8 10 17 17 14 7 17 15 14
1 9 19 12 6 14 0 9 17 3 2
0 5 4 8 4 5 12
0 8 10 4 1 19 14 7 5 5
1 9 10 16 6 6 7 16 2 6 9
1 14 14 4 9 17 3 2 2 2 2 2 2 2 2 2
1 22 4 0 19 4 16 4 16 4 16 4 16 16 16 16 16 4 4 16 16 4 16 16
0 6 14 4 9 16 6 3
1 12 10 1 15 1 17 15 15 4 5 7 14 12
0 5 14 3 18 17 3
1 12 10 8 6 8 11 17 15 4 16 18 7 3
0 6 14 19 16 4 11 4
1 13 0 4 2 10 8 8 6 16 18 4 4 7 3
0 9 10 14 14 17 4 4 16 0 14
1 5 10 8 6 9 6
1 10 19 19 4 4 4 16 16 16 4 4
1 9 19 12 10 8 1 14 0 8 14
0 12 3 4 0 17 9 17 3 18 2 2 12 10
0 3 8 3 12
1 17 0 12 5 17 4 8 6 2 14 14 4 4 17 8 4 2 14
1 7 19 16 2 14 0 3 2
0 4 5 12 5 8
1 9 19 11 1 17 0 4 8 9 6
1 5 10 4 4 16 6
0 9 19 14 12 13 18 0 3 2 2
0 7 4 11 8 3 6 15 7
1 11 0 4 18 10 4 11 1 1 1 6 9
0 5 13 8 4 1 2
1 10 10 17 17 15 1 18 1 8 6 6
0 13 14 14 4 13 8 14 11 15 0 14 15 9 6
1 7 10 5 6 2 4 9 6
0 14 10 8 6 16 13 12 18 16 0 14 7 4 5 12
0 5 3 11 2 0 8
1 12 10 8 6 8 11 17 15 4 16 18 7 3
1 11 0 4 18 10 4 11 1 1 1 6 9
0 11 16 7 6 17 15 17 15 12 7 5 12
1 28 4 4 1 0 13 7 18 19 18 19 18 19 18 19 17 17 19 18 19 19 18 17 14 15 3 13 17 9
1 5 19 16 2 0 4
1 6 10 1 1 1 5 6
0 6 14 4 9 16 6 3
1 14 0 4 18 14 17 19 8 18 16 16 4 4 16 16
1 6 4 17 10 4 5 12
1 23 14 0 9 17 9 17 9 17 9 17 9 17 9 17 9 17 9 17 9 17 9 17 3
0 13 9 19 16 16 4 16 4 0 4 16 4 16 16
0 4 4 15 8 1
1 9 14 14 0 19 16 4 16 4 4
1 24 4 4 8 6 1 0 17 2 1 19 13 15 1 1 19 13 14 7 16 18 2 15 9 6
1 12 4 11 17 17 14 7 4 17 17 15 9 6
0 3 19 11 4
1 32 4 11 6 18 14 17 4 0 11 0 9 5 4 17 10 8 8 11 15 14 7 16 11 4 2 15 4 1 18 1 9 6
0 29 0 4 16 14 11 17 17 15 17 17 15 1 15 19 12 6 16 11 2 14 7 1 19 17 14 19 7 9 6
1 15 19 11 1 11 1 0 9 15 4 5 13 4 15 17 10
1 7 14 10 19 16 18 4 3
0 6 4 1 12 8 3 11
0 4 0 12 12 4
0 10 5 0 4 2 15 8 14 3 8 9
0 26 10 16 16 4 6 2 0 2 5 17 4 8 4 19 4 17 15 14 7 4 1 1 19 7 8 6
0 10 4 0 12 17 4 2 10 4 9 6
0 5 4 5 4 5 8
0 13 10 1 4 0 9 10 17 11 4 11 19 9 6
0 10 14 14 19 5 12 0 4 9 17 5
1 20 4 17 10 1 4 1 1 16 8 11 15 14 7 8 11 17 14 7 9 6
1 13 14 0 9 17 9 17 9 17 9 17 3 2 2
1 19 14 10 10 5 7 14 7 14 7 14 7 14 6 6 6 2 10 9 6
0 21 10 8 8 18 1 1 19 16 6 2 4 17 14 0 9 17 9 17 3 2 2
1 12 0 12 17 12 17 4 18 14 5 0 12 3
1 17 10 8 6 6 2 4 0 16 2 14 4 9 17 9 17 3 2
0 15 19 19 16 16 4 4 4 4 16 8 4 4 4 16 4
1 6 10 1 4 19 17 14
1 11 19 11 1 11 6 18 14 0 11 0 10
0 4 10 16 7 3
1 11 0 12 5 5 17 12 5 5 5 5 3
1 7 14 14 17 10 4 9 6
1 6 10 1 1 1 5 6
1 38 10 17 15 15 1 18 1 16 18 4 2 14 7 5 7 14 6 2 8 11 17 14 7 17 17 15 6 18 14 11 1 4 0 17 14 14 2 0
0 7 14 6 8 11 8 7 3
0 6 14 12 3 2 2 2
1 9 14 14 17 19 11 1 11 9 6
1 11 4 4 4 1 18 19 12 11 8 7 3
0 1 10
1 7 4 11 5 6 2 9 6
0 4 14 4 6 3
0 2 14 5
1 15 10 16 8 18 19 4 4 6 8 5 6 2 17 17 14
0 32 19 16 9 17 7 2 4 17 19 12 18 14 5 19 9 18 4 17 17 15 6 2 3 4 11 1 15 1 17 8 7 3
0 7 19 11 15 9 11 16 6
0 4 14 16 17 3
0 5 4 11 9 6 16
1 9 14 14 0 19 16 4 16 4 4
1 5 0 4 2 19 16
1 8 4 11 6 18 14 11 5 6
1 7 19 11 1 17 0 12 3
1 9 19 11 1 17 0 4 8 9 6
0 4 14 16 17 3
1 16 14 10 0 4 9 17 5 17 5 17 7 2 4 4 5 6
1 11 0 12 5 5 17 12 5 5 5 5 3
1 10 14 10 19 16 8 17 15 15 9 6
1 13 4 11 1 4 18 19 4 6 18 4 3 2 2
1 4 14 10 19 12
0 10 12 19 16 1 17 0 9 17 2 2
1 8 0 4 8 6 8 4 1 0
1 14 4 4 8 6 6 18 4 9 17 3 2 2 2 2
1 9 0 4 18 0 9 17 9 17 3
0 11 4 4 8 11 15 14 7 17 4 7 3
1 6 10 5 6 6 9 6
0 2 11 4
0 16 19 11 0 9 11 4 4 17 15 9 15 17 17 15 6 9
0 24 0 4 9 17 7 2 0 4 2 10 8 11 8 4 4 9 2 15 4 17 8 2 15 6
1 11 19 19 4 4 16 4 16 16 4 4 4
0 12 0 4 8 17 15 15 17 17 15 17 12 3
1 7 19 12 18 10 19 19 4
1 6 14 14 5 4 0 11
0 5 10 9 17 7 9
1 15 4 17 10 6 2 4 11 1 18 9 8 4 4 7 3
1 7 14 10 4 0 8 2 9
0 10 19 10 0 9 0 8 9 4 4 14
1 10 0 4 2 4 5 4 5 0 12 8
1 11 0 4 18 4 9 17 9 17 9 17 3
1 8 10 16 7 18 6 18 7 3
0 6 19 15 0 8 15 19
0 5 3 11 2 0 8
1 9 10 1 4 15 9 17 15 9 6
1 17 19 12 18 10 4 17 4 0 11 1 4 16 12 6 11 7 3
0 10 18 4 14 0 17 9 17 2 10 2
0 7 14 2 7 2 2 2 2
0 9 10 14 14 17 4 4 16 0 14
1 25 4 17 19 12 10 8 14 18 4 9 17 3 2 2 2 2 2 2 2 2 2 2 2 2 2
0 6 16 17 15 4 15 9
1 15 14 10 4 5 4 0 12 0 0 6 14 0 3 2 2
1 15 14 4 9 17 9 17 9 17 3 2 2 2 2 2 2
0 7 10 1 19 16 5 7 14
0 11 4 17 14 0 0 4 4 4 4 16 4
1 8 14 14 11 8 6 4 5 7
0 8 0 4 8 8 17 8 7 3
0 14 0 12 5 17 17 8 6 2 14 0 9 17 3 2
0 15 19 16 16 14 14 11 4 6 18 14 11 5 7 14 7
1 7 14 10 19 16 18 4 3
0 6 4 0 19 0 5 8
0 6 4 12 18 7 17 6
1 14 10 16 0 14 7 6 2 4 11 17 15 15 5 12
0 1 14
1 8 10 4 8 18 19 4 5 12
0 4 1 4 19 13
0 11 14 15 9 17 9 2 9 17 17 3 2
0 10 14 14 13 8 0 17 14 7 9 6
1 10 10 1 4 4 1 9 15 15 9 6
0 7 14 14 4 7 17 17 14
1 9 19 12 18 0 3 2 2 2 2
0 13 0 4 3 8 8 18 8 2 13 8 11 17 14
1 18 10 8 11 15 15 17 17 14 7 8 8 6 16 6 6 11 7 3
0 3 1 0 5
0 9 19 16 18 7 5 0 9 17 3
0 16 19 16 8 8 4 16 0 14 7 8 8 8 3 11 17 14
0 17 19 11 1 5 10 6 8 16 8 8 8 18 1 6 18 4 2
0 5 19 19 12 5 3
1 7 4 11 1 19 8 7 3
0 6 14 4 14 11 5 12
1 8 10 5 7 14 6 2 9 6
1 14 10 4 8 6 1 18 19 13 15 17 15 15 9 6
0 23 10 16 12 6 11 2 14 7 1 1 9 8 2 14 7 8 11 15 14 7 8 5 7
1 7 14 10 19 12 1 0 3
1 10 4 5 10 17 17 14 7 4 9 6
1 7 19 12 18 0 3 2 2
0 4 4 15 8 1
1 11 10 6 18 14 0 11 1 0 19 16 4
1 15 14 10 4 17 19 16 18 4 9 17 9 17 3 2 2
1 66 0 4 8 6 8 1 0 10 17 6 19 0 7 17 17 19 18 19 17 17 19 17 6 19 19 7 10 17 17 19 19 18 0 2 4 18 1 8 11 15 15 5 7 14 6 6 8 18 9 17 14 7 6 18 4 9 17 9 17 9 17 9 17 3 2 2
0 21 7 12 6 4 8 5 6 2 1 1 5 6 1 4 18 9 15 14 7 5 7
0 5 4 10 11 9 6
0 3 5 8 11
0 8 4 4 4 4 17 17 8 3
0 6 1 4 8 19 19 6
1 11 10 8 8 11 15 14 7 16 9 7 3
0 12 4 11 6 9 7 10 4 18 0 3 2 2
0 4 18 5 5 3
0 15 1 15 12 0 9 17 15 16 11 4 1 4 7 12 3
1 10 19 12 0 9 10 8 9 11 9 6
0 4 16 17 18 3
1 13 4 5 0 4 8 6 8 6 18 0 3 2 2
1 12 10 1 18 9 15 14 7 1 15 19 7 6
1 37 0 12 17 12 17 4 2 4 11 5 6 6 16 18 2 14 7 17 17 14 7 8 11 8 2 15 8 8 18 9 15 15 1 19 8 7 3
0 4 0 12 13 8
0 5 10 5 7 14 0
0 4 0 3 4 9
1 17 14 10 10 16 11 2 14 7 6 18 14 0 12 14 8 5 12
1 8 10 8 18 1 8 6 9 6
1 39 4 0 12 0 0 1 10 10 8 8 6 8 8 6 4 8 11 8 4 4 4 4 4 4 2 15 4 5 7 14 7 14 6 2 1 19 8 7 3
1 17 4 11 8 8 11 15 15 17 15 15 8 11 17 15 16 7 1
1 22 19 16 18 14 17 19 11 0 10 8 9 17 14 10 4 4 1 4 4 19 15 14
1 8 4 17 4 4 5 7 14 12
1 11 4 5 14 14 17 10 4 1 0 17 9
0 15 4 5 0 11 7 7 7 1 0 11 11 0 7 11 9
1 8 19 19 4 16 4 4 16 4
0 22 11 1 4 4 8 8 4 17 15 15 16 7 1 2 0 4 15 17 7 8 9 6
0 13 19 4 8 4 16 4 16 16 16 4 16 16 16
1 13 10 1 18 19 13 15 4 8 6 16 9 7 3
0 13 10 5 7 6 2 8 8 8 8 8 6 5 12
0 2 0 1
1 6 0 12 5 17 4 9
1 16 14 10 10 6 9 17 5 17 5 17 7 18 14 11 5 7
1 5 14 14 4 5 6
0 11 1 0 4 8 0 3 2 15 2 2 2
0 10 19 10 0 9 0 8 9 4 4 14
0 5 0 17 17 17 3
1 5 14 0 9 17 3
0 7 14 5 14 10 0 12 3
0 9 19 10 14 17 16 7 14 7 7
0 2 16 19
1 13 4 4 4 6 18 0 9 17 3 2 2 2 2
1 40 0 12 17 12 17 4 8 6 2 4 17 10 1 18 9 8 4 2 14 7 6 18 10 4 0 8 18 4 16 4 4 4 16 4 16 16 16 4 4 16
1 7 19 11 7 0 10 9 10
1 11 19 16 2 14 4 9 17 9 17 3 2
0 14 2 4 4 17 17 15 4 3 5 6 2 0 9 6
1 35 4 4 1 4 1 1 16 8 8 6 17 15 15 6 2 10 1 4 15 19 16 1 19 15 14 7 1 18 1 5 7 14 7 14 12
0 2 13 3
0 10 14 10 19 11 7 0 9 16 1 5
0 7 4 10 4 6 2 9 6
1 8 4 4 8 18 1 1 0 14
1 7 10 5 7 14 7 14 7
0 5 10 2 0 4 14
0 4 12 17 4 9
1 8 0 4 18 14 17 10 5 12
1 5 14 0 9 17 3
0 17 14 2 14 6 0 9 17 9 17 9 17 3 2 6 12 2 2
0 7 0 4 2 4 11 13 6
0 8 19 7 16 18 10 10 17 12
0 11 10 6 8 7 5 7 14 6 6 9 10
0 23 10 16 12 6 11 2 14 7 1 1 9 8 2 14 7 8 11 15 14 7 8 5 7
0 29 4 5 0 11 4 18 4 9 17 9 17 9 17 9 17 9 17 9 17 9 17 3 2 2 2 2 2 2 2
1 10 14 14 5 10 16 11 4 4 7 3
1 8 10 8 8 6 17 8 7 3
1 7 4 5 14 10 10 9 6
0 5 0 4 12 5 9
0 8 9 0 10 6 2 10 4 6
0 10 15 5 5 19 4 7 16 4 16 14
1 13 4 11 8 11 8 2 14 7 4 5 7 14 12
0 3 8 3 12
1 24 4 0 11 0 9 11 5 6 6 1 18 1 16 6 6 18 4 4 4 4 4 4 7 3
1 8 4 4 8 18 1 1 0 14
1 16 19 12 14 2 19 16 8 17 8 4 4 4 2 15 6 9
0 8 5 11 1 1 5 7 14 7
0 9 9 0 0 4 19 2 14 8 11
0 5 8 0 19 4 8
0 14 14 9 17 9 17 4 9 17 9 17 9 17 17 10
1 7 0 4 8 17 8 7 3
0 4 19 11 16 4
0 8 14 14 0 19 15 19 4 16
0 18 11 15 18 1 1 19 4 6 9 17 7 18 4 19 17 9 17 3
1 7 4 11 1 15 19 19 6
0 13 0 4 3 8 8 18 8 2 13 8 11 17 14
1 11 19 12 14 2 19 16 9 17 5 17 7
0 5 14 0 0 0 8
0 4 6 10 9 6
0 5 14 4 1 7 19
1 8 4 11 8 11 17 15 9 6
0 10 14 10 19 11 7 0 9 16 1 5
1 5 14 0 9 17 3
1 13 19 16 2 4 5 0 4 2 4 0 19 4 16
0 3 14 9 3
0 6 4 0 19 0 5 8
1 6 19 12 15 11 5 12
1 14 10 4 8 6 1 18 19 13 15 17 15 15 9 6
1 5 10 4 1 0 17
0 5 4 11 5 1 6
0 10 11 8 4 2 4 16 16 4 16 4
1 8 10 16 8 18 9 8 7 3
0 14 15 8 14 3 12 14 8 6 2 19 3 9 16 10
0 3 19 2 8
1 18 10 8 8 18 1 8 18 1 5 6 6 17 8 4 2 15 5 12
0 22 4 11 6 18 10 4 4 4 5 6 14 1 4 1 9 8 4 2 14 7 16 6
0 9 19 11 0 10 8 8 9 0 9
1 6 0 4 2 10 9 6
0 14 0 12 3 3 15 2 4 11 4 6 2 0 12 3
0 26 4 11 4 1 18 13 0 1 2 14 4 19 17 15 9 8 2 15 10 15 9 15 15 11 9 6
0 3 5 8 11
0 3 3 12 4
1 16 19 11 0 10 9 9 17 14 14 5 0 4 2 10 5 7
0 7 1 15 19 16 4 9 6
0 6 14 7 1 8 11 6
0 4 19 11 7 19
1 14 4 11 6 8 4 16 9 4 2 15 16 11 7 3
1 7 4 5 14 10 10 9 6
0 15 4 17 12 14 0 9 9 17 9 17 9 17 9 17 3
0 5 1 15 14 10 10
0 5 15 9 14 2 15
1 12 10 8 18 19 16 5 6 6 5 7 14 12
0 15 19 12 14 9 17 5 16 5 17 7 18 2 10 5 12
1 23 14 0 9 17 9 17 9 17 9 17 9 17 9 17 9 17 9 17 9 17 9 17 3
1 66 0 4 8 6 8 1 0 10 17 6 19 0 7 17 17 19 18 19 17 17 19 17 6 19 19 7 10 17 17 19 19 18 0 2 4 18 1 8 11 15 15 5 7 14 6 6 8 18 9 17 14 7 6 18 4 9 17 9 17 9 17 9 17 3 2 2
0 4 0 12 12 4
1 12 10 8 8 6 6 8 8 6 8 6 9 6
1 6 0 4 2 10 9 6
1 29 14 14 5 19 11 7 0 9 5 10 4 8 6 4 8 6 16 0 14 7 1 19 8 4 2 14 7 9 6
0 14 6 4 2 4 9 11 8 11 8 4 2 15 9 6
1 15 4 17 10 6 2 4 11 1 18 9 8 4 4 7 3
0 6 12 7 5 15 9 3
0 9 19 19 16 10 16 4 4 16 4
1 29 4 4 4 6 2 10 1 1 19 16 1 4 18 9 15 14 7 8 18 9 8 2 15 1 1 1 4 9 6
1 12 10 1 18 9 15 14 7 1 15 19 7 6
1 8 14 14 0 8 18 16 16 4
0 18 19 19 4 4 16 16 4 4 16 4 4 16 16 17 16 4 16 16
1 20 10 6 2 0 12 17 4 9 17 7 2 10 8 18 1 6 2 14 0 3
1 11 14 14 5 4 11 17 17 14 7 9 6
1 18 4 4 16 12 6 0 14 7 6 9 17 7 18 10 4 11 9 6
0 4 10 13 0 14
0 8 12 14 10 4 17 4 4 3
1 6 0 4 2 10 9 6
1 18 14 14 4 1 15 9 8 2 15 1 18 9 15 15 8 11 15 14
1 9 0 4 18 0 9 17 9 17 3
0 13 19 11 7 7 1 17 4 5 14 4 2 2 2
1 16 10 8 8 18 9 17 14 7 8 8 18 9 17 15 5 12
1 19 19 19 4 4 16 4 4 4 16 4 4 4 16 16 4 4 16 16 4
1 6 4 17 10 4 5 12
0 5 1 15 14 10 10
0 12 4 0 16 18 10 4 4 19 6 9 17 6
1 8 14 10 14 14 11 4 9 6
1 9 19 16 8 17 15 14 7 9 6
0 9 4 17 0 12 16 8 5 11 8
0 8 14 9 13 3 17 3 3 2
1 10 4 0 12 14 18 4 9 17 3 2
1 5 14 0 9 17 3
1 21 10 17 15 15 16 7 18 6 9 2 14 7 1 0 10 17 19 13 19 4 0
0 3 10 0 4
0 4 16 9 2 17
1 20 10 6 18 10 14 4 9 17 9 17 9 17 9 17 3 2 2 2 2 2
0 3 8 3 9
0 10 14 14 11 4 4 17 5 7 14 2
1 11 10 6 9 17 5 17 7 2 10 9 6
1 11 10 8 8 11 15 14 7 16 9 7 3
0 9 4 19 15 14 10 14 5 7 7
0 11 4 5 0 4 11 13 9 17 5 17 5
1 19 0 4 2 4 17 0 4 2 14 14 11 17 17 15 1 15 19 7 6
1 9 0 12 17 4 18 10 10 5 12
0 6 4 17 4 5 10 11
1 10 0 12 17 4 2 0 4 18 0 3
0 14 10 6 18 14 14 11 6 3 2 14 10 0 12 8
0 3 19 11 4
0 9 14 12 5 0 4 2 10 14 6
0 9 4 0 14 0 10 6 10 9 10
1 15 10 16 8 18 19 4 4 6 8 5 6 2 17 17 14
1 12 19 12 0 18 0 3 2 2 2 2 2 2
1 5 14 14 4 5 6
1 28 4 11 4 6 2 14 14 4 16 0 14 7 6 2 14 14 17 19 12 1 4 9 17 3 2 2 2 2
1 8 10 8 8 6 17 8 7 3
1 13 19 12 1 10 14 0 3 2 2 2 2 2 2
0 6 14 10 0 12 17 12
0 4 19 8 0 10
0 20 0 12 17 12 17 4 8 8 18 1 4 5 6 6 6 4 16 18 7 3
1 6 4 17 10 16 7 18
0 10 16 4 17 3 2 2 2 11 2 2
1 7 0 12 5 17 12 17 4
0 8 4 0 11 7 1 4 4 12
1 7 19 12 18 0 3 2 2
1 8 10 6 8 4 4 4 9 6
1 7 14 14 0 8 14 3 12
1 7 4 17 10 8 11 17 14
0 9 14 12 5 0 4 2 10 14 6
1 30 19 11 7 7 7 0 10 9 9 4 6 8 5 7 14 7 14 6 2 4 8 11 17 15 5 7 14 7 14 12
1 13 14 10 10 1 18 19 4 6 2 4 4 9 6
0 7 8 0 8 18 16 16 4
1 11 4 11 8 8 6 6 9 17 5 17 7
1 9 10 1 4 15 9 17 15 9 6
0 14 0 12 5 17 17 8 6 2 14 0 9 17 3 2
1 15 0 4 2 0 4 8 4 5 6 6 16 7 6 15 14
0 10 14 14 11 4 4 17 5 7 14 2
1 8 4 17 10 17 8 4 7 3
0 18 14 14 19 10 8 11 17 14 7 6 0 2 0 18 10 14 0 3
0 3 1 0 4
1 11 10 8 8 11 17 14 7 6 18 0 3
0 6 19 16 8 16 5 12
0 3 10 4 9
0 4 0 3 4 9
1 9 0 12 17 12 17 4 9 17 5
1 12 0 12 17 4 2 19 12 9 9 0 8 18
0 4 9 12 4 8
0 6 4 12 18 7 17 6
0 10 19 12 0 14 8 17 8 5 7 3
0 11 4 4 8 11 15 14 7 17 4 7 3
1 12 19 16 18 4 3 2 2 2 2 2 2 2
0 29 4 5 0 11 4 18 4 9 17 9 17 9 17 9 17 9 17 9 17 9 17 3 2 2 2 2 2 2 2
0 3 10 0 12
0 5 1 12 2 12 8
1 16 14 10 10 6 9 17 5 17 5 17 7 18 14 11 5 7
0 5 10 0 4 5 19
1 12 14 14 17 4 5 19 11 7 0 9 0 19
1 13 4 11 1 0 1 19 6 5 17 19 0 15 1
1 15 4 11 5 6 2 8 18 19 12 8 18 19 16 9 6
1 10 19 19 4 4 4 16 4 4 4 4
1 7 10 5 7 14 7 14 7
1 15 19 16 9 17 7 18 4 9 17 3 2 2 2 2 2
1 6 4 0 16 9 17 5
0 7 10 14 19 4 3 15 2
0 6 19 0 9 4 9 19
0 13 14 14 4 13 8 14 11 15 0 14 15 9 6
1 31 19 16 8 1 0 0 16 17 3 10 17 6 19 18 19 18 19 19 18 10 0 5 17 1 17 13 1 19 0 6 5
0 9 19 10 14 17 16 7 14 7 7
1 10 4 11 16 0 15 1 15 19 7 6
1 7 14 10 0 4 8 5 6
1 13 4 5 0 4 8 6 8 6 18 0 3 2 2
0 9 4 0 12 6 9 4 5 10 7
0 4 17 5 8 4
1 16 10 4 1 4 19 15 14 7 8 18 19 12 18 19 7 6
0 3 1 0 5
1 10 0 12 17 4 2 0 4 18 0 3
0 6 14 2 16 7 4 3
1 12 19 16 8 17 8 4 4 4 4 4 7 3
1 7 10 6 2 14 4 3 2
0 11 18 19 19 16 4 4 16 14 16 9 4
1 12 10 1 4 0 19 4 10 13 6 5 17 9
0 13 19 3 18 0 9 9 17 17 15 1 3 2 2
1 10 19 12 15 17 14 10 10 17 15 14
0 5 4 4 5 4 2
0 5 19 8 13 1 15
1 11 0 12 5 17 4 2 14 4 9 17 3
1 29 4 4 4 6 2 10 1 1 19 16 1 4 18 9 15 14 7 8 18 9 8 2 15 1 1 1 4 9 6
0 7 19 16 9 17 10 2 5
1 7 10 17 17 15 1 0 14
0 8 4 8 6 16 5 16 19 6
0 6 14 6 10 14 14 18
0 5 10 8 11 8 7
0 9 14 0 0 2 0 17 9 17 2
0 11 19 12 0 10 8 4 1 9 17 3 2
1 23 10 8 18 9 17 14 7 8 11 17 15 6 9 17 7 18 4 9 17 3 2 2 2
0 10 11 8 4 2 4 16 16 4 16 4
0 3 19 16 11
0 8 4 11 1 14 8 6 9 5
1 5 10 16 18 7 3
0 26 10 16 16 4 6 2 0 2 5 17 4 8 4 19 4 17 15 14 7 4 1 1 19 7 8 6
0 14 0 4 2 14 4 9 13 17 9 17 3 15 19 2
0 5 4 4 5 4 2
1 12 0 4 9 17 7 8 17 8 2 15 9 6
1 6 4 5 10 4 5 7
1 10 10 17 17 15 1 18 1 8 6 6
1 41 10 8 11 8 4 2 14 7 1 0 0 19 4 15 4 15 7 19 18 0 5 1 17 17 13 13 0 15 1 9 10 0 19 0 15 1 19 1 10 6 10
1 3 4 11 6
0 3 19 14 15
1 20 10 8 8 8 8 18 1 16 7 1 8 4 4 4 8 11 15 15 5 12
1 7 4 4 4 8 6 9 6
1 18 14 10 19 11 7 7 0 10 9 9 0 11 0 9 5 10 5 6
0 5 17 19 2 9 6
0 11 10 9 7 17 8 2 15 17 14 15 6
1 6 4 11 16 11 7 3
0 20 14 0 10 10 11 16 11 4 10 4 2 15 17 8 4 2 15 4 8 12
0 15 1 10 4 17 15 6 2 4 14 4 9 17 3 2 2
1 4 4 5 19 19
0 3 19 18 16
1 14 0 12 17 4 2 14 10 14 0 9 17 9 17 3
1 26 4 5 0 4 2 19 19 4 4 16 4 4 4 16 4 16 4 16 4 16 4 4 16 16 16 16
0 7 4 11 8 3 6 15 7
0 6 14 7 1 8 11 6
0 1 10
1 5 19 16 8 5 6
1 9 19 12 18 0 3 2 2 2 2
0 9 14 8 9 16 11 15 17 17 3
1 25 4 4 4 6 8 16 0 14 7 16 6 6 7 1 2 0 4 9 17 7 18 0 3 2 2
1 10 19 19 4 4 4 16 4 4 4 4
1 8 4 5 19 19 4 16 4 16
0 7 7 4 16 13 4 7 3
1 14 10 16 16 13 15 6 9 17 5 17 5 17 7 9
1 20 10 8 11 15 15 17 15 15 8 6 16 7 1 18 0 9 17 9 17 3
0 2 0 3
1 21 19 11 7 0 9 0 11 1 4 8 8 8 8 18 9 15 14 7 4 9 6
0 2 0 3
0 26 10 16 11 4 14 15 4 17 15 15 6 2 19 19 9 4 16 4 16 4 4 4 16 4 4 4
1 6 4 17 0 12 5 8
0 2 0 1
0 4 16 10 11 0
0 13 10 5 7 6 2 8 8 8 8 8 6 5 12
0 1 14
0 6 10 17 14 7 9 6
0 12 0 4 2 5 14 4 9 6 17 9 17 3
0 23 19 11 1 0 16 2 4 0 12 15 0 12 14 2 10 8 16 8 8 6 17 15 14
1 15 10 1 18 1 4 4 17 8 2 15 1 15 19 19 6
1 7 0 4 18 10 0 12 8
0 6 19 19 8 11 4 5
1 10 14 14 0 12 0 15 4 4 9 6
1 7 14 10 4 0 8 2 9
1 25 4 4 6 9 17 7 9 17 5 17 7 18 10 10 17 17 15 17 8 4 2 14 7 9 6
1 10 19 12 1 14 0 8 18 4 16 4
0 13 19 12 14 18 14 11 10 6 8 17 17 7 6
1 18 0 4 18 10 19 11 0 9 11 6 8 6 8 1 1 19 19 6
1 37 0 12 17 12 17 4 2 4 11 5 6 6 16 18 2 14 7 17 17 14 7 8 11 8 2 15 8 8 18 9 15 15 1 19 8 7 3
1 5 19 16 2 0 4
0 14 10 6 18 14 14 11 6 3 2 14 10 0 12 8
0 7 10 18 3 2 17 9 2
0 5 14 0 0 0 8
1 39 4 0 12 0 0 1 10 10 8 8 6 8 8 6 4 8 11 8 4 4 4 4 4 4 2 15 4 5 7 14 7 14 6 2 1 19 8 7 3
0 8 14 4 19 9 17 3 2 2
0 3 4 11 7
0 5 19 8 13 1 15
1 7 4 4 4 8 6 9 6
1 7 19 11 0 9 11 6 9
1 20 10 6 18 14 4 1 1 9 15 15 6 9 17 7 8 6 18 4 3 2
1 15 0 4 2 0 4 8 4 5 6 6 16 7 6 15 14
0 10 14 14 13 8 0 17 14 7 9 6
0 13 19 4 4 8 18 9 17 4 6 8 11 15 14
1 7 4 17 10 16 11 7 3
1 6 10 17 17 15 9 6
0 11 4 5 14 10 0 10 12 5 7 14 7
0 4 12 17 4 9
1 14 19 16 18 10 0 4 8 6 8 4 6 9 17 5
1 17 10 4 17 17 14 7 17 15 15 8 18 19 4 4 17 15 14
0 4 14 6 4 9
0 5 10 16 4 8 3
1 7 4 11 1 15 19 19 6
0 21 19 16 8 6 6 9 17 7 8 4 4 4 17 8 2 15 18 16 16 19 6
0 8 11 1 11 8 18 9 8 3
1 11 4 4 16 18 2 14 7 8 6 16 12
1 6 4 17 19 19 4 4
0 8 19 12 14 5 7 14 4 4
0 5 11 15 17 4 14
1 10 19 8 18 16 4 4 16 4 16 4
1 26 4 5 10 5 7 14 6 6 1 19 8 2 15 1 1 9 15 14 7 6 18 14 17 10 9 6
0 2 10 7
0 5 19 19 5 6 4
0 3 10 14 6
1 5 14 0 9 17 3
1 5 14 10 4 0 11
0 5 4 0 0 19 16
1 11 10 8 11 17 15 4 8 11 8 7 3
1 32 4 11 6 18 14 17 4 0 11 0 9 5 4 17 10 8 8 11 15 14 7 16 11 4 2 15 4 1 18 1 9 6
0 16 19 11 0 9 11 4 4 17 15 9 15 17 17 15 6 9
1 16 0 12 5 5 17 4 18 4 9 17 9 17 9 17 3 2
1 9 0 4 18 4 3 2 2 2 2
0 5 16 9 4 7 3
1 8 4 17 19 19 4 4 16 16
0 18 14 14 17 0 10 17 17 17 4 8 14 17 17 15 14 7 5 7
1 13 14 10 10 1 18 19 4 6 2 4 4 9 6
1 24 0 4 9 17 5 17 5 17 5 17 5 17 7 18 4 9 17 9 17 3 2 2 2 2
0 9 10 1 4 18 19 4 4 4 8
0 5 4 0 0 19 16
1 11 14 0 9 17 3 2 2 2 2 2 2
1 15 14 10 19 16 18 10 14 14 11 4 6 8 4 9 6
0 4 14 14 17 18
1 21 14 10 0 4 18 10 10 4 4 5 6 6 4 4 5 6 2 8 8 6 16
1 8 10 6 8 16 9 4 7 3
0 7 4 8 10 4 16 7 6
1 5 10 8 6 9 6
0 5 0 10 18 1 3
0 8 11 1 11 8 18 9 8 3
0 12 4 18 0 4 17 5 17 7 2 15 9 6
1 18 14 14 4 1 15 9 8 2 15 1 18 9 15 15 8 11 15 14
0 7 2 0 3 2 2 2 2
1 5 14 14 0 8 14
0 18 14 14 17 0 10 17 17 17 4 8 14 17 17 15 14 7 5 7
0 9 4 19 15 14 10 14 5 7 7
1 13 10 1 18 19 13 15 4 8 6 16 9 7 3
1 11 4 17 0 4 8 16 12 6 12 6 12
0 6 10 12 18 4 3 2
0 3 16 8 8
0 9 14 10 9 17 9 17 2 2 2
1 19 10 5 6 2 8 18 19 13 14 7 8 6 6 8 8 8 11 15 14
1 24 14 14 11 16 6 6 0 14 7 17 15 15 4 4 8 18 19 16 6 8 5 7 14 7
0 15 0 4 8 17 10 17 14 14 6 18 10 10 1 0 14
0 10 3 4 18 14 4 5 7 14 7 14
1 28 4 11 4 6 2 14 14 4 16 0 14 7 6 2 14 14 17 19 12 1 4 9 17 3 2 2 2 2
1 5 19 12 6 19 16
1 8 10 6 2 10 17 8 7 3
1 10 4 4 16 18 2 15 16 11 7 3
0 23 4 0 8 18 16 16 4 16 2 4 16 16 16 4 16 12 4 16 4 4 0 4 4
0 6 19 0 9 4 9 19
1 13 4 4 4 6 18 0 9 17 3 2 2 2 2
1 24 0 4 18 10 0 4 2 19 19 16 4 4 4 4 16 16 4 16 16 4 16 4 4 16
0 9 4 9 17 7 8 4 4 5 12
1 8 4 5 19 19 4 16 4 16
1 16 19 12 14 2 19 16 8 17 8 4 4 4 2 15 6 9
1 8 14 10 0 4 8 16 7 18
1 9 19 11 1 11 8 8 11 17 14
0 9 19 11 0 2 8 9 5 0 4
1 12 0 12 5 17 4 2 10 4 8 11 15 14
1 7 14 10 19 12 1 0 3
1 35 19 11 0 9 0 16 18 10 19 12 18 10 19 11 0 9 5 4 11 8 8 8 11 8 4 4 2 14 7 16 11 4 4 7 3
1 18 0 4 18 10 19 11 0 9 11 6 8 6 8 1 1 19 19 6
1 7 0 4 18 10 0 12 8
1 7 4 0 19 4 16 4 16
1 6 4 5 10 4 5 7
0 5 4 11 9 6 16
1 24 14 10 14 14 4 5 6 6 1 18 9 17 14 7 4 4 17 8 4 2 14 7 5 12
1 27 10 8 11 8 2 14 7 8 6 6 18 14 17 19 12 10 8 10 8 9 10 9 9 17 0 12 3
0 8 0 4 8 4 12 11 16 14
0 11 14 14 11 16 18 1 16 6 1 5 12
0 6 13 10 14 14 4 3
0 7 8 0 8 18 16 16 4
0 8 4 11 1 14 8 6 9 5
1 13 4 11 1 4 18 19 4 6 18 4 3 2 2
1 18 0 12 17 4 18 0 9 17 9 17 9 17 3 2 2 2 2 2
1 7 19 19 4 16 16 16 16
0 4 16 9 2 17
1 5 4 4 16 7 1
0 5 19 19 12 5 3
0 11 4 14 14 4 9 17 3 2 2 2 2
1 10 10 4 8 8 6 1 18 19 7 6
1 5 19 19 16 16 4
1 11 19 12 14 2 19 16 9 17 5 17 7
0 11 10 1 12 9 15 15 4 15 15 5 7
1 14 10 16 0 14 7 6 2 4 11 17 15 15 5 12
1 29 14 14 5 19 11 7 0 9 5 10 4 8 6 4 8 6 16 0 14 7 1 19 8 4 2 14 7 9 6
1 16 10 4 1 4 19 15 14 7 8 18 19 12 18 19 7 6
1 23 4 5 14 10 19 16 18 10 4 0 12 0 1 10 10 16 7 2 1 1 1 5 7
1 6 10 17 17 15 9 6
0 12 10 16 7 6 17 14 5 7 5 7 14 12
1 9 19 12 6 14 0 9 17 3 2
0 11 14 15 9 17 9 2 9 17 17 3 2
1 13 10 5 6 6 17 15 15 6 2 19 8 2 9
0 3 12 5 3
1 11 19 19 4 4 16 4 16 16 4 4 4
1 6 14 14 0 8 18 4
0 10 12 10 1 1 9 17 14 7 5 12
0 6 19 16 7 9 1 4
1 38 4 17 4 4 4 16 8 8 18 9 17 15 1 1 1 8 8 18 19 16 6 8 8 6 8 18 9 17 14 7 16 7 13 10 6 18 10 19
0 8 4 4 19 18 10 11 15 14
1 13 4 11 1 0 1 19 6 5 17 19 0 15 1
0 9 10 0 4 2 9 6 17 3 2
0 8 5 11 1 1 5 7 14 7
1 12 19 16 18 0 9 17 9 17 9 17 3 2
1 12 4 5 0 4 2 19 12 18 0 3 2 2
1 12 14 10 4 11 6 18 14 11 16 11 2 14
0 4 14 3 11 2
1 6 14 14 17 10 5 6
0 23 4 0 8 14 3 12 6 4 17 0 4 9 17 7 18 9 4 9 17 3 2 2 2
1 14 19 16 18 10 0 4 8 6 8 4 6 9 17 5
1 13 19 8 18 4 16 16 4 16 16 4 4 16 16
0 5 9 7 3 0 3
1 8 10 6 8 5 6 2 9 6
0 5 10 8 9 9 6
0 7 10 6 10 4 14 15 3
1 7 10 5 6 2 4 9 6
0 4 0 0 11 8
0 22 19 11 7 1 5 1 6 6 5 6 2 1 4 1 9 15 15 4 6 8 9 6
0 12 10 16 7 6 17 14 5 7 5 7 14 12
0 11 4 5 14 10 0 10 12 5 7 14 7
1 20 0 4 2 14 14 4 17 17 15 17 17 14 7 5 7 14 6 2 9 6
1 16 0 4 9 17 7 2 10 8 18 9 8 4 4 4 7 3
0 9 4 9 17 7 8 4 4 5 12
1 38 10 17 15 15 1 18 1 16 18 4 2 14 7 5 7 14 6 2 8 11 17 14 7 17 17 15 6 18 14 11 1 4 0 17 14 14 2 0
1 12 4 5 0 4 2 19 12 18 0 3 2 2
0 7 16 4 17 5 8 8 14
0 6 10 4 10 3 16 14
0 7 4 8 10 4 16 7 6
0 8 9 0 10 6 2 10 4 6
1 18 4 4 16 8 6 16 0 15 17 15 15 6 18 0 3 2 2 2
0 12 4 12 14 18 14 17 14 1 19 3 15 14
0 4 15 3 9 6
1 12 10 1 15 1 17 15 15 4 5 7 14 12
0 4 0 7 5 3
0 6 14 2 16 7 4 3
1 11 0 4 2 19 11 7 1 17 0 12 8
1 41 10 8 11 8 4 2 14 7 1 0 0 19 4 15 4 15 7 19 18 0 5 1 17 17 13 13 0 15 1 9 10 0 19 0 15 1 19 1 10 6 10
0 2 13 9
0 14 10 8 6 16 13 12 18 16 0 14 7 4 5 12
0 7 4 10 4 6 2 9 6
0 5 10 2 0 4 14
1 14 14 4 9 17 3 2 2 2 2 2 2 2 2 2
0 5 10 17 17 0 14
1 4 14 14 0 16
0 10 3 4 18 14 4 5 7 14 7 14
0 15 4 4 16 12 11 12 4 2 15 8 8 18 1 16 12
0 7 10 6 18 19 1 0 16
1 8 4 17 10 17 8 4 7 3
0 14 0 12 3 3 15 2 4 11 4 6 2 0 12 3
1 10 14 14 0 12 0 15 4 4 9 6
0 4 19 8 0 10
1 19 0 4 2 4 17 0 4 2 14 14 11 17 17 15 1 15 19 7 6
0 11 4 14 14 4 9 17 3 2 2 2 2
1 8 4 5 4 4 8 6 5 7
1 9 14 10 19 11 0 9 4 9 6
0 4 0 0 11 8
1 6 10 1 1 1 5 12
0 19 4 13 17 15 19 4 16 16 4 16 4 8 4 4 16 16 10 4 16
0 14 0 4 2 14 4 9 13 17 9 17 3 15 19 2
1 12 19 16 18 0 9 17 9 17 9 17 3 2
0 18 4 17 0 4 18 14 9 17 9 17 9 17 9 17 3 11 2 2
0 11 10 9 7 17 8 2 15 17 14 15 6
0 14 14 9 17 9 17 4 9 17 9 17 9 17 17 10
0 3 10 0 8
0 14 14 4 8 6 0 4 6 18 4 3 2 2 2 2
1 11 19 11 1 11 6 18 14 0 11 0 10
0 6 19 15 0 8 15 19
0 7 10 1 19 16 5 7 14
0 9 0 4 8 8 17 15 17 15 14
0 6 14 4 14 11 5 12
0 8 0 18 10 5 4 4 15 6
1 14 0 4 18 14 17 10 16 11 4 2 15 17 15 14
0 8 4 4 4 4 17 17 8 3
1 13 10 8 6 1 15 9 15 15 8 18 1 9 6
1 34 14 14 0 8 2 18 16 4 4 16 4 16 16 4 16 4 4 16 4 4 16 16 4 16 4 16 4 4 16 16 4 4 4 4
1 6 10 1 1 1 5 12
1 4 14 14 0 16
1 4 14 10 19 12
1 20 19 11 0 10 9 10 9 9 5 19 19 16 16 16 4 4 4 4 16 4
0 15 4 4 1 18 19 16 6 19 5 6 6 16 9 7 3
0 10 12 10 1 1 9 17 14 7 5 12
0 11 0 4 18 14 11 16 19 0 15 6 9
0 6 14 10 3 14 2 2
1 5 14 0 9 17 3
1 5 14 14 0 8 14
0 15 1 10 4 17 15 6 2 4 14 4 9 17 3 2 2
0 14 4 4 17 15 16 14 7 4 16 12 6 17 0 17
0 8 19 2 4 4 16 16 4 16
1 8 4 5 4 4 8 6 5 7
0 12 14 4 17 9 17 9 17 9 17 3 2 2
1 18 14 10 19 11 7 7 0 10 9 9 0 11 0 9 5 10 5 6
1 8 10 16 0 15 17 8 7 3
1 3 4 11 6
0 7 10 19 16 18 14 0 8
0 4 18 5 5 3
1 9 19 16 8 17 15 14 7 9 6
0 23 4 0 8 14 3 12 6 4 17 0 4 9 17 7 18 9 4 9 17 3 2 2 2
1 10 4 0 12 14 18 4 9 17 3 2
1 20 10 8 11 15 15 17 15 15 8 6 16 7 1 18 0 9 17 9 17 3
0 17 14 10 5 19 12 9 9 2 11 12 6 0 9 17 2 2 2
0 8 0 18 10 5 4 4 15 6
1 6 19 12 0 1 4 3
1 18 4 4 16 12 6 0 14 7 6 9 17 7 18 10 4 11 9 6
1 8 14 10 14 14 11 4 9 6
1 15 0 12 5 17 12 5 17 4 8 17 15 14 7 9 6
0 14 4 4 17 15 16 14 7 4 16 12 6 17 0 17
0 19 4 0 4 0 19 4 16 16 16 16 16 4 16 4 4 4 16 16 4
0 5 14 16 10 13 8
1 5 14 14 4 6 9
0 11 0 4 9 17 2 17 17 7 8 9 6
1 35 4 4 1 4 1 1 16 8 8 6 17 15 15 6 2 10 1 4 15 19 16 1 19 15 14 7 1 18 1 5 7 14 7 14 12
1 6 19 12 0 1 4 3
0 8 12 14 10 4 17 4 4 3
1 17 0 12 5 17 4 8 6 2 14 14 4 4 17 8 4 2 14
1 12 10 1 4 1 1 16 16 4 1 19 15 14
0 9 14 14 4 5 4 18 7 12 3
0 9 9 0 0 4 19 2 14 8 11
1 7 19 12 18 4 9 17 3
0 8 14 14 0 19 15 19 4 16
0 5 14 0 3 4 1
1 8 4 17 19 19 4 4 16 16
1 6 10 17 17 15 9 6
1 5 19 19 4 4 4
1 24 4 4 8 8 6 6 9 17 5 17 7 18 4 9 17 9 17 9 17 3 2 2 2 2
1 17 19 16 8 4 8 18 9 15 15 1 1 1 6 2 0 4 9
0 5 10 16 16 9 11
1 5 19 8 18 4 16
0 7 0 0 11 1 4 4 12
1 9 10 4 16 18 2 15 4 5 12
0 12 9 19 0 5 14 6 8 17 13 15 9 6
1 19 19 19 4 4 16 4 4 4 16 4 4 4 16 16 4 4 16 16 4
1 5 19 19 16 16 4
1 40 0 12 17 12 17 4 8 6 2 4 17 10 1 18 9 8 4 2 14 7 6 18 10 4 0 8 18 4 16 4 4 4 16 4 16 16 16 4 4 16
1 5 10 16 18 7 3
1 12 19 12 15 4 8 6 17 17 14 7 9 6
0 5 19 4 6 16 13
1 8 10 6 8 16 9 4 7 3
1 13 10 8 8 6 1 18 1 1 19 15 15 9 6
0 9 10 1 4 18 19 4 4 4 8
1 23 14 14 5 19 12 1 14 0 12 15 4 17 15 15 6 2 19 12 10 8 0 10 8
1 13 10 5 6 6 17 15 15 6 2 19 8 2 9
0 5 1 12 2 12 8
0 2 13 3
0 5 4 8 4 5 12
0 3 19 3 0
0 6 10 17 14 7 9 6
0 10 14 5 5 0 9 17 9 17 3 5
0 21 4 0 0 16 2 7 17 15 14 7 8 7 18 9 15 14 7 17 8 7 3
0 15 4 0 19 16 5 16 4 4 4 16 16 6 4 3 4
1 29 4 5 0 4 18 14 11 4 4 1 1 1 1 4 4 18 19 16 6 2 0 4 8 16 11 2 15 6 9
1 6 4 17 19 19 16 4
1 6 0 4 2 19 8 11
1 13 0 4 9 17 7 18 0 3 2 2 2 2 2
1 8 10 6 8 5 6 2 9 6
1 6 14 14 17 10 9 6
0 2 14 5
1 16 10 8 8 18 9 17 14 7 8 8 18 9 17 15 5 12
1 20 19 11 0 10 9 10 9 9 5 19 19 16 16 16 4 4 4 4 16 4
0 16 14 10 4 0 16 3 8 6 1 12 18 9 17 15 9 7
1 21 14 10 0 4 18 10 10 4 4 5 6 6 4 4 5 6 2 8 8 6 16
0 7 14 4 9 17 2 2 2
0 5 4 14 4 3 2
1 24 4 17 0 4 2 19 16 8 1 15 19 12 6 16 7 16 18 6 8 18 9 8 2 14
1 8 14 10 14 10 4 4 9 6
1 10 14 10 19 16 8 17 15 15 9 6
1 9 14 14 4 16 18 2 15 5 6
0 7 10 14 19 4 3 15 2
1 7 4 11 1 19 8 7 3
1 14 4 5 19 11 0 10 8 9 4 1 4 0 9 10
1 23 14 10 0 12 17 4 8 1 0 10 19 14 7 18 19 19 7 5 10 19 3 5 14
0 7 2 0 3 2 2 2 2
1 24 0 4 18 10 0 4 2 19 19 16 4 4 4 4 16 16 4 16 16 4 16 4 4 16
0 9 0 0 12 17 12 5 17 12 3
0 17 14 10 5 19 12 9 9 2 11 12 6 0 9 17 2 2 2
1 24 4 4 8 6 1 0 17 2 1 19 13 15 1 1 19 13 14 7 16 18 2 15 9 6
0 3 7 19 16
1 22 19 16 18 14 17 19 11 0 10 8 9 17 14 10 4 4 1 4 4 19 15 14
0 4 1 4 19 13
0 4 4 9 13 6
1 23 4 5 14 10 19 16 18 10 4 0 12 0 1 10 10 16 7 2 1 1 1 5 7
1 6 10 1 4 19 17 14
0 20 4 4 1 1 1 1 15 1 17 8 2 14 7 10 17 15 14 7 9 6
0 4 9 12 4 8
1 5 14 14 4 6 9
1 8 10 16 8 18 9 8 7 3
1 30 19 11 0 10 8 9 11 6 2 19 12 10 8 0 9 10 9 10 8 9 4 6 18 4 3 2 2 2 2 2
1 20 0 4 2 14 14 4 17 17 15 17 17 14 7 5 7 14 6 2 9 6
1 7 19 16 18 0 9 17 3
0 10 18 4 14 0 17 9 17 2 10 2
0 8 19 16 2 0 4 12 8 16
1 10 0 12 5 17 12 17 12 5 5 8
0 4 14 17 5 3
1 8 4 11 8 11 17 15 9 6
1 14 19 12 10 8 1 10 19 16 8 6 2 19 8 14
0 12 4 0 16 18 10 4 4 19 6 9 17 6
0 10 4 0 12 17 4 2 10 4 9 6
1 8 4 11 1 0 0 14 14 10
0 24 10 6 17 17 7 8 4 4 6 18 10 14 0 9 17 9 17 3 17 2 2 2 2 2
0 16 10 16 8 6 9 6 2 14 14 11 5 13 7 7 14 12
0 7 0 4 2 4 11 13 6
0 8 19 2 18 16 16 4 8 3
0 10 16 4 17 3 2 2 2 11 2 2
0 5 4 11 5 1 6
1 25 4 4 6 9 17 7 9 17 5 17 7 18 10 10 17 17 15 17 8 4 2 14 7 9 6
0 7 14 4 9 17 2 2 2
0 2 15 15
0 21 19 16 8 6 6 9 17 7 8 4 4 4 17 8 2 15 18 16 16 19 6
1 5 0 4 2 19 16
0 4 4 4 9 13
1 8 14 14 11 8 6 4 5 7
1 29 4 5 4 0 12 9 10 9 10 9 9 11 6 8 4 8 8 18 1 8 18 19 4 1 4 0 17 14 9
1 11 19 16 2 14 4 9 17 9 17 3 2
0 3 19 3 0
1 16 10 6 2 10 17 17 15 1 0 0 16 14 15 17 14 10
1 7 4 5 19 8 18 16 4
1 5 4 4 16 7 1
0 12 14 4 17 9 17 9 17 9 17 3 2 2
1 16 0 12 5 5 17 4 18 4 9 17 9 17 9 17 3 2
1 15 0 12 5 17 12 5 17 4 8 17 15 14 7 9 6
1 15 4 11 5 6 2 8 18 19 12 8 18 19 16 9 6
1 11 0 4 9 17 7 8 6 18 4 3 2
1 8 10 6 18 10 14 0 3 2
0 4 6 8 4 6
0 14 14 14 11 16 0 14 8 6 16 0 14 7 5 12
0 10 5 0 4 2 15 8 14 3 8 9
0 15 1 15 12 0 9 17 15 16 11 4 1 4 7 12 3
1 7 0 4 8 17 8 7 3
1 17 4 11 8 8 11 15 15 17 15 15 8 11 17 15 16 7 1
0 18 14 14 19 10 8 11 17 14 7 6 0 2 0 18 10 14 0 3
1 5 10 1 4 0 14
0 4 14 3 11 2
0 4 14 10 9 6
0 15 4 0 19 16 5 16 4 4 4 16 16 6 4 3 4
1 11 19 11 7 1 0 19 4 4 4 16 4
0 6 14 6 10 14 14 18
1 12 10 8 18 19 16 5 6 6 5 7 14 12
0 4 14 0 5 8
1 12 19 12 0 18 0 3 2 2 2 2 2 2
1 8 10 8 18 9 8 4 7 3
1 8 14 10 10 8 18 19 19 6
1 17 14 4 9 17 9 17 9 17 9 17 9 17 9 17 9 17 3
1 15 19 16 9 17 7 18 4 9 17 3 2 2 2 2 2
1 26 4 5 0 4 2 19 19 4 4 16 4 4 4 16 4 16 4 16 4 16 4 4 16 16 16 16
1 11 4 4 4 1 18 19 12 11 8 7 3
1 16 0 4 2 19 11 7 0 9 0 12 1 4 3 2 2 2
0 14 14 4 8 6 0 4 6 18 4 3 2 2 2 2
0 8 0 4 8 4 12 11 16 14
1 15 0 4 2 4 11 1 15 19 16 4 1 18 19 7 6
0 2 10 7
0 9 14 10 10 5 6 9 4 17 13
0 8 19 2 4 4 16 16 4 16
0 5 10 5 7 14 0
0 17 19 5 11 7 7 9 14 9 0 16 2 4 1 4 0 19 4
1 29 4 5 4 0 12 9 10 9 10 9 9 11 6 8 4 8 8 18 1 8 18 19 4 1 4 0 17 14 9
0 8 5 4 8 8 6 16 19 6
0 1 10
0 7 0 0 11 1 4 4 12
0 7 14 6 8 11 8 7 3
0 3 19 14 15
1 14 0 4 18 14 17 19 8 18 16 16 4 4 16 16
0 4 4 4 9 13
0 3 4 19 4
0 6 14 10 0 12 17 12
0 9 1 4 9 2 9 17 17 3 2
0 11 19 12 18 1 14 4 8 18 9 15 14
0 4 14 10 9 6
0 8 10 4 1 19 14 7 5 5
0 8 4 4 19 18 10 11 15 14
1 9 4 11 8 8 8 11 8 7 3
1 9 19 16 8 16 11 4 4 7 3
1 7 19 11 7 0 10 9 10
1 10 0 4 2 4 17 10 16 9 7 3
1 30 19 11 7 7 7 0 10 9 9 4 6 8 5 7 14 7 14 6 2 4 8 11 17 15 5 7 14 7 14 12
0 9 0 4 8 8 17 15 17 15 14
1 3 10 16 12
0 4 19 11 9 4
0 9 14 0 0 2 0 17 9 17 2
1 10 14 10 14 10 19 12 14 8 5 12
0 6 4 11 18 5 7 14
0 15 4 17 12 14 0 9 9 17 9 17 9 17 9 17 3
0 11 4 17 2 4 4 17 8 4 4 7 3
0 23 4 0 8 18 16 16 4 16 2 4 16 16 16 4 16 12 4 16 4 4 0 4 4
1 10 14 10 14 10 19 12 14 8 5 12
1 8 14 10 10 8 18 19 19 6
1 29 4 5 0 4 18 14 11 4 4 1 1 1 1 4 4 18 19 16 6 2 0 4 8 16 11 2 15 6 9
1 9 4 11 8 8 8 11 8 7 3
1 38 4 17 4 4 4 16 8 8 18 9 17 15 1 1 1 8 8 18 19 16 6 8 8 6 8 18 9 17 14 7 16 7 13 10 6 18 10 19
0 3 7 19 16
1 6 19 12 14 18 0 3
0 4 4 9 13 6
1 16 14 10 0 4 9 17 5 17 5 17 7 2 4 4 5 6
0 5 19 4 6 16 13
0 6 14 4 7 17 3 2
0 7 1 16 11 7 4 5 3
0 5 10 8 6 13 6
0 4 14 0 5 8
1 13 4 5 19 12 18 4 9 17 9 17 9 17 3
1 30 19 11 0 10 8 9 11 6 2 19 12 10 8 0 9 10 9 10 8 9 4 6 18 4 3 2 2 2 2 2
0 2 17 18
1 7 0 12 5 17 12 5 3
0 3 0 12 19
0 5 16 9 4 7 3
1 24 4 0 11 0 9 11 5 6 6 1 18 1 16 6 6 18 4 4 4 4 4 4 7 3
0 10 19 12 7 8 1 4 18 1 9 6
1 11 4 0 12 1 0 9 17 9 17 3 2
0 5 4 11 0 9 12
1 9 14 14 5 4 4 5 7 14 12
1 17 14 14 4 8 11 8 4 4 2 15 1 0 13 0 4 5 17
1 20 4 17 10 1 4 1 1 16 8 11 15 14 7 8 11 17 14 7 9 6
1 25 4 17 19 12 10 8 14 18 4 9 17 3 2 2 2 2 2 2 2 2 2 2 2 2 2
1 8 10 5 7 14 6 2 9 6
1 24 14 14 11 16 6 6 0 14 7 17 15 15 4 4 8 18 19 16 6 8 5 7 14 7
1 11 10 8 8 11 17 14 7 6 18 0 3
1 14 10 16 16 13 15 6 9 17 5 17 5 17 7 9
0 6 8 14 18 19 19 6
1 20 14 10 0 4 2 10 8 8 8 11 8 4 2 15 5 7 14 7 14 12
1 6 4 17 19 19 4 4
0 4 5 12 5 8
1 10 4 0 16 18 0 9 17 9 17 3
1 8 10 6 2 14 4 9 17 3
1 8 10 6 2 10 17 8 7 3
0 26 15 1 0 1 16 17 17 14 14 6 10 18 19 19 7 19 19 17 19 7 17 17 19 18 19 17
0 21 10 8 8 18 1 1 19 16 6 2 4 17 14 0 9 17 9 17 3 2 2
0 3 4 11 7
1 7 19 8 2 18 16 4 16
1 9 10 8 8 11 8 4 4 7 3
0 4 6 8 4 6
1 9 19 11 1 11 8 8 11 17 14
0 5 10 8 6 13 6
0 3 4 19 4
0 10 19 12 10 18 14 4 5 7 14 15
0 16 3 0 7 8 17 4 8 10 8 17 15 17 8 4 7 3
1 8 10 6 18 10 14 0 3 2
1 21 14 14 0 12 9 9 4 4 16 8 6 1 19 15 14 7 1 15 19 19 6
1 6 14 14 0 8 18 4
1 10 0 4 8 8 8 11 15 15 9 6
1 11 10 8 11 17 15 4 8 11 8 7 3
1 22 4 5 10 17 15 15 5 6 6 17 17 14 7 16 16 12 18 1 5 7 14 7
0 14 14 4 9 17 9 17 9 9 17 3 2 2 2 2
0 6 19 16 8 16 5 12
1 3 10 16 12
0 7 0 4 8 17 3 4 3
1 17 14 4 9 17 9 17 9 17 9 17 9 17 9 17 9 17 3
1 5 10 16 18 7 3
0 11 19 12 18 1 14 4 8 18 9 15 14
1 24 19 11 7 1 11 1 1 1 1 18 19 16 8 6 4 16 6 6 7 6 15 15 5 12
0 11 4 4 8 8 6 14 1 19 8 7 3
1 10 19 12 1 14 0 8 18 4 16 4
1 8 14 14 0 16 2 10 5 6
1 6 10 8 18 1 5 12
0 7 0 19 8 2 18 4 16
1 10 19 8 18 16 4 4 16 4 16 4
1 11 4 11 8 8 6 6 9 17 5 17 7
0 3 8 16 19
0 3 16 8 8
0 4 16 4 3 2
0 19 4 0 4 0 19 4 16 16 16 16 16 4 16 4 4 4 16 16 4
1 18 4 17 10 5 6 6 5 6 6 1 4 4 18 9 17 15 5 12
0 8 19 2 18 16 16 4 8 3
1 18 19 12 10 8 6 10 17 17 14 7 6 18 0 9 17 3 2 2
0 7 10 0 12 5 2 5 3
0 5 0 4 12 5 9
0 2 12 0
0 6 13 10 14 14 4 3
0 14 6 4 2 4 9 11 8 11 8 4 2 15 9 6
0 11 17 14 0 19 9 9 4 9 3 17 3
0 6 10 4 10 3 16 14
0 20 4 4 1 1 1 1 15 1 17 8 2 14 7 10 17 15 14 7 9 6
0 8 4 17 14 19 11 0 19 1
1 17 14 10 10 16 11 2 14 7 6 18 14 0 12 14 8 5 12
0 4 16 10 11 0
1 11 14 14 5 4 11 17 17 14 7 9 6
1 7 4 11 8 11 8 7 3
0 9 14 7 0 9 17 3 2 2 2
0 6 14 12 3 2 2 2
0 10 14 0 17 3 13 2 2 2 2 2
1 9 19 16 8 16 11 4 4 7 3
0 8 5 4 8 8 6 16 19 6
1 7 4 0 19 4 16 4 16
0 17 10 16 16 4 8 6 16 16 12 19 13 14 5 7 4 16 4
1 12 0 12 17 12 17 4 18 14 5 0 12 3
0 9 14 10 9 17 9 17 2 2 2
0 6 5 4 9 17 3 2
0 11 0 4 18 14 11 16 19 0 15 6 9
1 17 14 14 4 8 11 8 4 4 2 15 1 0 13 0 4 5 17
1 15 19 16 18 14 5 10 8 8 6 1 4 15 1 9 6
0 5 4 6 17 18 16
0 13 19 3 18 0 9 9 17 17 15 1 3 2 2
0 7 14 5 14 10 0 12 3
0 7 15 4 5 6 2 17 17
0 12 4 0 11 0 10 8 5 19 18 19 4 4
0 2 12 0
1 7 19 16 18 0 9 17 3
1 11 10 17 15 15 5 6 2 8 6 9 6
0 10 12 19 16 1 17 0 9 17 2 2
1 15 14 10 19 16 18 10 14 14 11 4 6 8 4 9 6
0 9 19 19 16 10 16 4 4 16 4
1 8 19 8 14 3 19 16 16 16
1 16 0 4 8 17 17 15 1 18 1 8 18 9 15 15 5 6
1 4 19 12 0 0
0 10 10 15 12 16 5 0 9 17 18 2
1 10 19 19 4 4 4 16 16 16 4 4
0 9 10 6 9 17 5 17 7 17 7
1 7 14 14 17 10 4 9 6
0 4 19 4 5 12
0 16 3 0 7 8 17 4 8 10 8 17 15 17 8 4 7 3
0 2 9 8
0 15 19 19 16 16 13 16 4 4 10 16 4 4 16 16 4
0 12 19 11 1 5 0 12 9 10 12 9 8 10
0 9 14 8 9 16 11 15 17 17 3
0 9 4 0 12 6 9 4 5 10 7
0 3 10 14 6
0 5 16 8 2 1 18
0 7 14 14 4 7 17 17 14
0 6 4 1 12 8 3 11
1 12 0 12 5 17 4 2 10 4 8 11 15 14
0 6 10 4 4 9 12 6
0 6 5 4 9 17 3 2
0 11 4 17 2 4 4 17 8 4 4 7 3
0 15 19 19 16 16 13 16 4 4 10 16 4 4 16 16 4
0 5 14 4 9 17 16
0 23 19 11 1 0 16 2 4 0 12 15 0 12 14 2 10 8 16 8 8 6 17 15 14
1 25 4 4 4 6 8 16 0 14 7 16 6 6 7 1 2 0 4 9 17 7 18 0 3 2 2
0 3 8 16 19
1 7 19 19 4 16 16 16 16
0 3 3 12 4
1 26 4 5 10 5 7 14 6 6 1 19 8 2 15 1 1 9 15 14 7 6 18 14 17 10 9 6
0 5 19 19 4 19 16
1 5 10 1 4 0 14
1 10 4 0 16 18 0 9 17 9 17 3
1 9 14 14 4 16 18 2 15 5 6
1 5 14 0 9 17 3
0 6 19 1 9 13 0 11
1 6 14 14 17 10 5 6
0 4 19 11 9 4
1 9 4 0 11 0 10 9 10 9 10
0 20 0 12 17 12 17 4 8 8 18 1 4 5 6 6 6 4 16 18 7 3
1 9 10 16 6 6 7 16 2 6 9
0 10 14 14 19 5 12 0 4 9 17 5
0 5 15 9 14 2 15
1 23 14 10 0 12 17 4 8 1 0 10 19 14 7 18 19 19 7 5 10 19 3 5 14
1 12 4 11 4 8 11 15 14 7 6 9 17 7
1 5 19 12 6 10 6
0 7 19 11 15 9 11 16 6
1 18 4 4 16 8 6 16 0 15 17 15 15 6 18 0 3 2 2 2
1 20 10 8 8 8 8 18 1 16 7 1 8 4 4 4 8 11 15 15 5 12
1 6 10 8 18 1 5 12
0 7 14 2 7 2 2 2 2
0 10 0 4 18 0 9 17 3 10 2 2
0 2 0 3
1 20 10 6 2 0 12 17 4 9 17 7 2 10 8 18 1 6 2 14 0 3
0 4 0 7 5 3
1 10 19 12 15 17 14 10 10 17 15 14
0 11 10 6 8 7 5 7 14 6 6 9 10
0 3 17 0 17
0 3 19 11 0
1 24 14 10 14 14 4 5 6 6 1 18 9 17 14 7 4 4 17 8 4 2 14 7 5 12
0 12 0 4 8 17 15 15 17 17 15 17 12 3
1 16 10 6 2 10 17 17 15 1 0 0 16 14 15 17 14 10
0 5 10 0 4 5 19
1 5 14 0 9 17 3
0 7 7 4 16 13 4 7 3
0 3 12 5 3
1 7 0 12 5 17 12 17 4
1 10 0 4 2 4 5 4 5 0 12 8
1 7 10 17 17 15 1 0 14
0 5 17 2 14 9 6
1 8 4 11 6 18 14 11 5 6
1 8 14 14 0 8 18 16 16 4
0 13 19 12 14 18 14 11 10 6 8 17 17 7 6
0 10 14 0 17 3 13 2 2 2 2 2
0 16 19 12 9 9 5 10 8 8 18 19 16 5 7 19 14 12
0 17 19 5 11 7 7 9 14 9 0 16 2 4 1 4 0 19 4
1 12 4 11 17 17 14 7 4 17 17 15 9 6
1 13 0 4 9 17 7 18 0 3 2 2 2 2 2
1 16 19 11 0 10 9 9 17 14 14 5 0 4 2 10 5 7
0 4 0 12 7 7
1 13 4 17 19 11 1 0 11 7 1 0 12 9 10
1 13 10 8 8 6 1 18 1 1 19 15 15 9 6
0 4 0 12 7 7
0 3 19 2 8
0 6 4 7 4 0 9 17
0 12 4 18 0 4 17 5 17 7 2 15 9 6
1 11 0 4 18 4 9 17 9 17 9 17 3
1 12 19 16 8 17 8 4 4 4 4 4 7 3
0 29 0 4 16 14 11 17 17 15 17 17 15 1 15 19 12 6 16 11 2 14 7 1 19 17 14 19 7 9 6
1 9 14 14 0 19 4 16 4 4 16
0 11 14 14 11 16 18 1 16 6 1 5 12
1 5 4 4 1 0 19
1 14 0 4 18 14 17 10 16 11 4 2 15 17 15 14
0 15 19 16 16 14 14 11 4 6 18 14 11 5 7 14 7
1 9 19 12 1 0 9 17 3 2 2
1 17 0 4 8 1 18 1 6 9 17 7 18 4 3 2 2 2 2
0 8 14 4 19 9 17 3 2 2
0 8 0 4 8 8 17 8 7 3
1 8 4 11 1 0 0 14 14 10
0 13 9 19 16 16 4 16 4 0 4 16 4 16 16
0 10 15 5 5 19 4 7 16 4 16 14
1 9 4 0 11 0 10 9 10 9 10
1 11 19 11 7 1 0 19 4 4 4 16 4
0 4 3 16 1 14
1 7 4 17 10 16 11 7 3
1 17 4 17 14 0 9 17 9 17 9 17 3 2 2 2 2 2 2
1 10 10 1 4 4 1 9 15 15 9 6
1 15 0 4 8 16 8 18 1 8 8 11 8 2 15 5 7
1 8 14 4 9 17 3 2 2 2
1 11 14 0 9 17 3 2 2 2 2 2 2
0 9 19 14 12 13 18 0 3 2 2
0 15 4 4 1 18 19 16 6 19 5 6 6 16 9 7 3
0 9 16 8 1 4 19 4 11 17 14
1 17 4 17 14 0 9 17 9 17 9 17 3 2 2 2 2 2 2
1 6 10 6 2 10 9 6
1 16 4 4 16 0 15 6 9 17 7 9 17 7 2 0 12 8
0 11 16 7 6 17 15 17 15 12 7 5 12
0 14 14 14 11 16 0 14 8 6 16 0 14 7 5 12
0 10 19 12 7 8 1 4 18 1 9 6
1 5 14 10 4 0 11
0 16 14 10 4 0 16 3 8 6 1 12 18 9 17 15 9 7
0 4 10 5 6 12
0 10 0 4 18 0 9 17 3 10 2 2
0 16 10 16 8 6 9 6 2 14 14 11 5 13 7 7 14 12
0 12 4 12 14 18 14 17 14 1 19 3 15 14
0 26 10 16 11 4 14 15 4 17 15 15 6 2 19 19 9 4 16 4 16 4 4 4 16 4 4 4
1 8 19 8 14 3 19 16 16 16
1 9 10 6 18 14 11 17 8 7 3
0 9 8 19 12 6 14 0 9 3 2
1 9 10 8 8 11 8 4 4 7 3
1 4 4 5 19 19
1 16 0 4 9 17 7 2 10 8 18 9 8 4 4 4 7 3
0 9 14 10 10 5 6 9 4 17 13
0 15 4 5 0 11 7 7 7 1 0 11 11 0 7 11 9
0 11 10 1 12 9 15 15 4 15 15 5 7
1 16 0 4 8 17 17 15 1 18 1 8 18 9 15 15 5 6
0 4 16 4 3 2
1 8 10 8 11 15 14 7 5 12
1 9 0 12 17 4 18 10 10 5 12
1 12 10 8 8 6 6 8 8 6 8 6 9 6
0 3 10 0 8
0 7 10 1 15 19 7 9 6
1 11 14 10 10 5 7 14 7 14 7 14 12
1 24 4 17 0 4 2 19 16 8 1 15 19 12 6 16 7 16 18 6 8 18 9 8 2 14
0 5 14 4 9 17 16
1 7 19 11 0 9 11 6 9
1 21 14 14 0 12 9 9 4 4 16 8 6 1 19 15 14 7 1 15 19 19 6
0 6 19 16 7 9 1 4
0 24 19 1 4 14 9 7 18 10 0 4 9 17 7 18 0 9 17 9 17 9 17 3 2 2
1 15 14 4 9 17 9 17 9 17 3 2 2 2 2 2 2
0 4 0 4 5 4
1 7 19 12 18 4 9 17 3
1 12 19 11 1 17 14 10 14 0 9 17 3 2
0 10 10 15 12 16 5 0 9 17 18 2
1 14 4 17 0 4 18 14 17 10 5 6 6 17 17 14
1 5 19 19 4 4 4
0 22 4 11 6 18 10 4 4 4 5 6 14 1 4 1 9 8 4 2 14 7 16 6
1 6 19 12 14 18 0 3
1 7 19 16 2 14 0 3 2
1 7 0 12 5 17 12 5 3
1 23 14 14 5 19 12 1 14 0 12 15 4 17 15 15 6 2 19 12 10 8 0 10 8
1 12 10 16 16 12 8 8 11 17 14 7 9 6
0 7 16 4 17 5 8 8 14
0 13 19 11 7 7 1 17 4 5 14 4 2 2 2
1 18 4 17 10 5 6 6 5 6 6 1 4 4 18 9 17 15 5 12
1 11 4 0 12 1 0 9 17 9 17 3 2
0 5 9 7 3 0 3
0 6 10 14 11 15 15 16
1 12 0 4 9 17 7 8 17 8 2 15 9 6
1 12 0 12 17 4 18 4 9 17 3 2 2 2
1 9 19 12 1 0 9 17 3 2 2
0 10 14 5 5 0 9 17 9 17 3 5
1 12 19 11 1 17 14 10 14 0 9 17 3 2
1 8 10 4 8 18 19 4 5 12
1 7 14 14 0 8 14 3 12
0 9 14 14 4 5 4 18 7 12 3
0 11 17 14 0 19 9 9 4 9 3 17 3
1 19 10 5 6 2 8 18 19 13 14 7 8 6 6 8 8 8 11 15 14
0 5 4 14 4 3 2
0 8 4 17 14 19 11 0 19 1
0 18 11 15 18 1 1 19 4 6 9 17 7 18 4 19 17 9 17 3
1 17 0 4 8 1 18 1 6 9 17 7 18 4 3 2 2 2 2
1 9 14 14 5 4 4 5 7 14 12
1 10 19 12 0 9 10 8 9 11 9 6
1 7 10 6 2 14 4 3 2
0 4 0 4 5 4
1 24 19 11 7 1 11 1 1 1 1 18 19 16 8 6 4 16 6 6 7 6 15 15 5 12
0 2 9 8
0 15 0 4 8 17 10 17 14 14 6 18 10 10 1 0 14
1 9 14 10 19 11 0 9 4 9 6
0 4 19 4 5 12
0 5 17 2 14 9 6
0 17 14 10 8 11 15 14 7 4 16 7 13 4 4 4 16 8 6
1 12 19 16 18 4 3 2 2 2 2 2 2 2
0 22 12 5 14 14 11 5 6 2 17 17 14 7 5 7 0 14 7 14 2 6 6 6
1 3 4 11 6
0 15 19 19 16 16 4 4 4 4 16 8 4 4 4 16 4
1 39 19 8 2 14 3 12 10 8 1 10 4 4 17 17 15 17 15 14 7 1 0 1 14 16 14 15 3 14 4 10 17 6 19 18 19 19 7 5 1
1 6 14 14 17 10 9 6
1 11 14 10 10 5 7 14 7 14 7 14 12
0 11 0 4 9 17 2 17 17 7 8 9 6
0 6 6 0 2 2 10 13
1 13 4 5 19 12 18 4 9 17 9 17 9 17 3
1 13 0 4 2 10 8 8 6 16 18 4 4 7 3
0 9 10 1 16 6 6 0 9 7 6
1 8 14 10 0 4 8 16 7 18
1 14 4 4 8 6 6 18 4 9 17 3 2 2 2 2
1 4 19 12 6 19
0 5 19 19 5 6 4
1 9 0 4 18 4 3 2 2 2 2
1 6 14 14 5 4 0 11
1 11 19 12 15 0 11 7 0 9 4 5 12
0 13 19 4 8 4 16 4 16 16 16 4 16 16 16
1 5 14 0 9 17 3
1 16 4 4 16 0 15 6 9 17 7 9 17 7 2 0 12 8
1 8 10 8 11 15 14 7 5 12
0 21 4 0 0 16 2 7 17 15 14 7 8 7 18 9 15 14 7 17 8 7 3
0 2 17 18
0 13 14 4 9 17 10 9 17 9 19 17 9 9 4
1 39 19 8 2 14 3 12 10 8 1 10 4 4 17 17 15 17 15 14 7 1 0 1 14 16 14 15 3 14 4 10 17 6 19 18 19 19 7 5 1
0 22 11 1 4 4 8 8 4 17 15 15 16 7 1 2 0 4 15 17 7 8 9 6
0 11 4 4 8 8 6 14 1 19 8 7 3
0 7 15 4 5 6 2 17 17
0 9 19 16 18 7 5 0 9 17 3
0 8 19 7 16 18 10 10 17 12
0 6 12 7 5 15 9 3
0 4 3 16 1 14
1 12 0 12 17 4 2 19 12 9 9 0 8 18
1 7 19 11 1 17 0 12 3
1 5 19 8 18 4 16
1 12 14 14 17 4 5 19 11 7 0 9 0 19
0 5 11 15 17 4 14
0 6 14 10 3 14 2 2
1 4 4 5 19 16
0 16 19 12 9 9 5 10 8 8 18 19 16 5 7 19 14 12
1 17 19 16 8 4 8 18 9 15 15 1 1 1 6 2 0 4 9
1 6 0 12 5 17 4 9
1 12 0 12 17 4 18 4 9 17 3 2 2 2
1 9 4 0 16 9 17 7 8 9 6
0 8 19 11 1 5 16 19 8 3
1 5 19 12 6 19 16
0 13 19 16 8 8 18 9 15 15 8 11 12 7 3
0 5 10 8 9 9 6
1 11 19 16 8 8 8 6 17 17 15 9 6
1 18 10 8 11 15 15 17 17 14 7 8 8 6 16 6 6 11 7 3
0 17 19 11 1 5 10 6 8 16 8 8 8 18 1 6 18 4 2
0 4 10 16 7 3
1 6 4 17 10 16 7 18
0 4 19 11 16 4
0 5 10 8 11 8 7
1 24 4 4 8 8 6 6 9 17 5 17 7 18 4 9 17 9 17 9 17 3 2 2 2 2
0 12 0 12 3 10 8 18 15 2 10 0 5 6
1 22 4 5 10 17 15 15 5 6 6 17 17 14 7 16 16 12 18 1 5 7 14 7
0 12 4 0 11 0 10 8 5 19 18 19 4 4
0 3 19 16 11
1 23 4 11 16 9 4 4 4 4 2 15 5 6 2 1 4 1 19 4 5 6 6 9 6
0 14 15 8 14 3 12 14 8 6 2 19 3 9 16 10
1 21 10 17 15 15 16 7 18 6 9 2 14 7 1 0 10 17 19 13 19 4 0
0 5 0 10 18 1 3
1 10 14 10 10 17 8 4 2 15 5 12
1 17 10 8 6 6 2 4 0 16 2 14 4 9 17 9 17 3 2
1 21 19 11 7 0 9 0 11 1 4 8 8 8 8 18 9 15 14 7 4 9 6
1 27 10 8 11 8 2 14 7 8 6 6 18 14 17 19 12 10 8 10 8 9 10 9 9 17 0 12 3
1 19 14 10 10 5 7 14 7 14 7 14 7 14 6 6 6 2 10 9 6
0 7 10 6 10 4 14 15 3
0 5 14 16 10 13 8
0 5 14 0 3 4 1
1 12 4 11 4 8 11 15 14 7 6 9 17 7
1 13 4 17 19 11 1 0 11 7 1 0 12 9 10
1 8 14 10 14 10 4 4 9 6
0 32 19 16 9 17 7 2 4 17 19 12 18 14 5 19 9 18 4 17 17 15 6 2 3 4 11 1 15 1 17 8 7 3
0 1 14
1 8 19 19 4 16 4 4 16 4
1 11 4 5 14 14 17 10 4 1 0 17 9
0 16 19 16 8 8 4 16 0 14 7 8 8 8 3 11 17 14
1 30 4 4 16 7 16 6 15 15 6 2 4 4 5 6 6 5 6 2 4 8 8 8 18 1 8 6 17 8 7 3
1 8 14 4 9 17 3 2 2 2
1 13 14 0 9 17 9 17 9 17 9 17 3 2 2
1 15 0 4 8 16 8 18 1 8 8 11 8 2 15 5 7
0 9 1 4 9 2 9 17 17 3 2
1 11 0 4 9 17 7 8 6 18 4 3 2
0 15 4 4 16 12 11 12 4 2 15 8 8 18 1 16 12
0 4 15 3 9 6
0 3 10 0 4
1 8 10 17 17 14 7 17 15 14
0 7 10 0 12 5 2 5 3
1 7 4 5 19 8 18 16 4
0 5 10 17 17 0 14
