1334 20
0 9 4 15 9 3 17 15 17 6 3
1 8 9 18 8 14 1 19 19 17
1 6 14 8 5 8 5 12
0 4 13 10 11 13
0 9 1 4 8 15 19 5 19 17 17
1 12 0 2 3 18 10 11 10 19 8 17 1 1
0 13 17 15 19 8 15 1 2 1 1 1 9 1 1
1 10 5 10 10 15 19 8 17 1 1 1
1 9 1 6 2 3 15 6 15 19 4
1 17 4 7 6 3 5 12 5 10 15 19 8 17 1 1 1 1 1
1 7 4 7 6 3 5 10 15
1 29 4 7 15 13 17 15 13 17 15 13 17 6 3 5 8 5 12 5 12 5 8 5 10 8 6 15 19 8 17
1 29 4 7 15 13 17 15 13 17 15 13 17 6 3 5 8 5 12 5 12 5 8 5 10 8 6 15 19 8 17
0 8 1 15 3 11 17 6 2 4
1 6 3 18 9 8 5 11
0 4 18 4 13 2
0 3 19 10 16
1 3 13 1 13
0 4 4 4 8 2
0 2 0 16
0 25 5 6 8 15 10 14 4 10 6 18 1 15 13 17 15 13 17 6 2 8 3 2 17 8 2
0 4 5 16 9 8
0 4 5 16 9 8
0 4 0 2 0 18
0 6 1 5 13 15 17 6
1 7 3 18 9 14 12 5 12
1 16 5 6 3 18 10 4 18 10 10 10 10 9 14 10 10 10
1 3 4 5 6
0 5 14 17 8 5 8
1 3 8 5 11
1 15 4 15 3 17 6 8 6 2 13 14 6 18 18 2 7
0 5 3 8 14 1 17
0 4 10 10 17 14
0 18 8 11 6 4 5 15 13 17 15 17 3 17 6 13 17 17 6 2
0 2 16 0
0 6 3 18 6 14 8 5
0 4 10 18 1 13
1 9 9 18 19 11 10 19 19 12 19
1 5 17 8 3 17 6
0 43 1 3 17 3 9 15 13 17 15 13 17 3 17 15 13 19 17 6 2 3 8 8 3 17 3 17 3 17 15 19 17 6 3 5 15 5 12 5 10 2 3 7 6
0 14 1 15 13 17 3 14 3 17 17 15 10 17 6 3
1 13 0 10 6 1 6 8 15 13 17 6 2 10 9
1 35 1 3 17 3 17 15 13 17 15 13 17 15 13 17 3 17 15 13 17 3 17 15 13 17 15 13 17 3 17 3 17 6 3 5 12
0 15 14 10 2 3 17 3 17 15 13 17 15 1 16 6 3
0 5 11 8 5 18 11
1 6 0 10 10 8 5 12
0 22 13 1 5 3 17 15 13 17 3 17 3 5 3 17 6 8 6 2 10 15 6 15
0 10 15 2 18 14 5 7 13 13 13 3
0 4 14 8 10 16
0 3 10 12 15
1 68 17 8 15 13 17 6 8 15 13 17 6 8 3 17 3 17 3 17 3 17 15 13 17 15 13 17 15 13 17 15 13 17 6 8 15 13 17 15 13 17 15 13 17 3 17 3 17 15 13 17 15 13 17 15 13 17 3 17 6 2 8 2 2 8 2 15 19 4
1 8 4 15 15 13 17 6 8 6
1 26 14 10 8 3 17 6 2 10 19 10 6 4 14 11 6 10 15 6 8 15 13 17 6 15 19 8
1 21 4 15 15 13 17 3 17 15 13 17 3 17 15 13 17 3 17 3 17 6 2
0 4 12 18 3 18
1 9 0 2 8 11 6 5 6 14 8
1 7 9 18 19 11 8 5 11
0 7 5 10 12 5 12 5 2
1 6 5 6 13 13 17 15
1 9 3 18 10 4 18 9 14 10 10
0 7 15 14 1 6 8 3 1
1 25 1 3 17 6 15 19 19 0 8 8 14 5 14 14 14 14 14 14 14 14 14 14 14 14 14
1 15 17 3 5 10 2 8 13 12 19 19 0 8 8 14 5
0 8 3 2 19 18 10 9 4 9
1 23 4 8 8 15 13 17 3 17 3 17 15 13 17 15 13 17 15 13 17 6 15 19 8
0 3 13 16 0
0 7 1 9 10 6 8 19 9
0 14 1 3 17 13 3 17 16 7 15 13 3 17 6 15
1 11 17 8 3 17 3 17 6 15 19 8 17
0 6 0 14 1 12 15 19
1 3 5 10 8
1 3 5 10 8
0 13 14 8 5 12 5 10 2 17 7 19 11 6 15
0 3 18 0 13
1 17 3 18 19 7 18 9 14 10 9 14 10 9 14 10 9 18 9
1 10 0 10 10 8 5 8 5 12 5 12
1 11 3 18 9 4 8 8 15 13 17 6 3
1 16 13 3 15 10 11 4 10 4 10 6 4 14 19 10 12 12
0 22 4 15 15 13 17 15 13 17 3 17 13 13 17 3 17 13 17 15 13 17 6 15
1 10 18 1 10 10 3 3 19 5 13 13
0 44 17 2 8 17 1 19 13 18 1 1 13 18 11 4 18 11 1 0 2 18 9 2 18 9 0 2 17 4 15 17 6 2 18 9 0 0 0 17 2 1 6 19 19 0
1 45 4 15 15 13 17 3 17 3 17 3 17 15 13 17 3 17 3 17 15 13 17 6 8 15 13 17 3 17 3 17 15 13 17 3 17 15 13 17 3 17 3 17 6 2 8
1 9 3 18 9 5 6 0 2 8 15
1 18 4 5 3 17 3 17 15 13 17 15 13 17 6 3 5 12 5 12
1 10 13 2 11 8 15 1 18 11 9 0
1 3 1 6 2
0 22 4 15 15 13 17 15 13 17 3 17 13 13 17 3 17 13 17 15 13 17 6 15
1 3 14 10 2
0 3 2 3 5
1 39 14 8 5 12 5 10 2 10 15 3 17 15 13 17 3 17 3 17 3 17 15 13 17 3 17 15 13 17 3 17 6 2 18 8 16 10 8 5 8
1 7 3 18 8 19 14 1 17
0 3 14 8 16
1 33 17 2 8 3 10 14 4 10 4 10 4 10 6 15 3 17 6 2 13 11 4 10 6 18 17 2 1 11 4 11 4 1 9
0 4 11 15 19 8
1 28 17 2 8 17 15 15 13 17 6 2 18 13 2 4 18 9 14 10 9 14 10 10 10 9 14 10 10 10
0 8 16 10 19 17 17 17 1 1
0 6 17 0 19 5 14 16
0 21 4 15 3 17 15 13 17 3 17 15 13 17 17 15 13 17 12 17 3 17 6
0 1 16
0 8 1 15 3 11 17 6 2 4
0 7 14 2 15 1 1 1 10
0 6 1 1 12 6 1 15
0 8 3 7 18 8 19 10 10 10
0 25 1 15 13 17 3 17 6 8 3 17 15 13 17 15 17 15 13 17 15 13 3 17 6 2 4
1 12 3 18 4 2 11 18 3 11 10 12 5 12
0 2 18 2
0 13 5 6 3 8 1 3 18 4 3 11 6 5 6
1 8 18 13 10 16 6 13 1 13
1 35 1 3 17 3 17 15 13 17 15 13 17 15 13 17 3 17 15 13 17 3 17 15 13 17 15 13 17 3 17 3 17 6 3 5 12
0 26 17 4 7 3 17 15 13 17 15 13 17 15 13 17 8 13 8 10 12 12 12 12 6 4 14 19
1 3 8 5 11
1 23 18 2 11 14 10 8 3 17 15 13 17 3 17 3 17 15 13 17 15 13 17 6 3
0 4 9 17 11 3
0 19 13 3 16 13 18 7 17 4 10 10 9 14 10 9 14 10 9 18 10
1 22 14 12 5 10 2 4 14 11 4 10 6 15 6 3 5 12 5 12 5 12 5 8
0 26 4 7 3 15 13 17 15 13 12 3 17 3 17 6 8 14 17 6 2 1 11 19 16 13 6 14
0 5 11 3 4 18 9
1 6 13 3 8 13 17 15
0 18 8 11 6 4 5 15 13 17 15 17 3 17 6 13 17 17 6 2
0 4 3 15 7 18
0 4 9 12 19 4
0 55 14 10 2 8 13 15 8 17 3 7 15 13 17 15 13 17 15 13 17 15 13 17 6 8 15 13 17 15 13 17 3 17 3 17 3 17 6 3 5 10 2 4 14 15 3 19 17 3 17 3 17 6 15 19 8
1 8 18 13 10 16 6 13 1 13
0 4 9 18 14 10
1 6 18 2 11 5 6 14
1 5 0 19 2 17 15
0 3 1 13 17
0 8 1 6 6 0 19 19 12 19
1 9 5 6 17 2 18 18 3 5 11
1 6 9 18 8 19 2 14
1 77 4 7 3 17 15 13 17 15 13 17 3 17 15 13 17 3 17 15 13 17 15 13 17 15 13 17 15 13 17 15 13 17 15 13 17 6 3 5 8 5 12 5 12 5 10 8 3 17 15 13 17 3 17 15 13 17 3 17 15 13 17 6 8 15 13 17 3 17 6 15 19 19 0 8 8 14 5
1 8 9 18 4 3 8 2 7 14
1 14 5 10 8 5 8 5 8 5 10 15 19 19 12 19
1 21 5 10 10 2 18 17 8 3 17 3 17 15 13 17 6 3 5 10 2 13 9
1 16 5 6 3 18 10 4 18 10 10 10 10 9 14 10 10 10
1 5 8 15 15 6 3
1 13 5 6 4 15 3 17 3 17 15 13 17 6 3
0 6 0 2 9 10 18 1
0 25 14 10 8 3 17 8 15 13 17 6 2 13 15 3 17 15 13 17 15 13 17 6 15 19 4
0 3 17 1 13
0 7 15 19 4 17 17 1 1
0 8 17 15 8 8 10 17 1 1
0 2 14 11
1 14 3 18 19 7 14 10 9 18 10 10 9 18 10 10
1 22 14 12 5 10 2 4 14 11 4 10 6 15 6 3 5 12 5 12 5 12 5 8
0 2 3 16
0 27 17 8 6 3 5 10 2 1 18 7 18 9 2 19 4 18 16 9 19 4 19 10 15 13 0 6 3
1 19 5 10 8 5 12 5 8 5 12 5 10 8 15 13 17 6 3 5 10
1 69 4 15 3 17 15 13 17 15 13 17 15 13 17 3 17 3 17 3 17 3 17 3 17 3 17 6 2 1 11 19 4 18 6 2 17 18 1 9 16 0 2 17 18 19 0 19 16 11 11 4 11 4 1 19 6 18 18 16 1 18 1 9 0 0 2 19 4 2 15
0 9 4 15 9 3 17 15 17 6 3
0 5 8 5 12 12 8
1 7 8 15 18 0 8 1 17
0 6 3 18 6 14 8 5
0 3 10 12 6
0 9 17 2 8 10 13 7 13 12 4
0 11 0 2 4 13 8 2 8 7 3 10 9
0 3 14 15 5
1 13 5 6 1 15 13 17 15 13 17 3 17 6 15
1 7 3 18 9 5 6 14 12
0 4 17 19 8 3
1 7 0 10 10 12 5 10 15
1 6 13 2 11 0 8 1
0 1 6
0 4 4 4 8 2
1 14 15 19 19 0 14 5 14 14 14 14 14 14 14 14
0 4 10 15 8 1
1 9 1 3 17 3 17 3 17 6 2
1 8 3 18 9 0 14 1 19 17
1 8 1 6 8 15 13 17 6 15
1 7 4 15 6 15 19 19 12
1 9 15 19 19 17 17 1 1 1 1
0 4 17 15 19 15
0 8 3 7 18 8 19 10 10 10
1 9 15 19 19 0 14 5 14 14 14
0 5 0 14 13 1 17
0 11 6 3 4 3 17 6 2 4 14 6 0
1 10 18 2 6 10 13 13 5 13 13 13
0 4 10 15 8 1
0 5 9 18 18 6 13
1 6 15 19 8 17 1 1
0 18 0 9 2 10 19 8 17 1 1 1 1 19 1 1 1 1 2 1
0 2 1 2
1 8 8 16 10 12 5 8 5 12
0 6 13 18 1 3 18 12
1 10 9 18 19 6 10 13 13 16 13 13
1 3 13 1 13
1 10 14 12 5 10 8 15 13 17 6 15
1 52 1 3 17 3 17 15 13 17 3 17 3 17 15 13 17 15 13 17 15 13 17 3 17 3 17 3 17 3 17 3 17 15 13 17 3 17 15 13 17 15 13 17 15 13 17 15 13 17 6 8 6 15
0 11 13 3 4 10 3 14 10 9 18 9 18
1 13 4 5 15 13 17 15 13 17 6 15 19 8 17
1 14 3 18 9 9 18 10 11 1 3 17 6 15 19 4
0 6 4 13 3 16 8 9
0 4 9 5 17 6
0 5 9 18 6 16 17
0 5 3 8 14 1 17
1 10 0 2 17 3 5 10 8 6 2 3
1 5 17 8 3 17 6
0 6 9 6 6 10 19 3
1 33 9 18 19 6 10 19 3 5 10 16 5 10 16 13 13 19 13 9 13 12 16 19 3 10 16 19 13 9 5 19 13 9 10
0 5 11 8 5 18 11
1 6 5 6 14 8 5 12
1 5 9 18 8 2 13
1 10 9 18 19 6 10 13 13 16 13 13
1 5 13 3 8 3 15
0 11 12 9 9 18 11 8 19 8 5 1 17
0 5 3 18 4 9 13
1 7 0 10 10 8 5 8 5
1 11 8 8 2 11 5 6 0 2 15 19 4
1 9 0 2 3 18 8 14 1 19 17
0 3 0 1 17
0 3 19 10 16
1 25 1 15 13 17 3 17 15 13 17 3 17 3 17 6 8 15 13 17 6 3 5 10 2 18 13
0 5 14 10 1 8 17
1 6 8 8 1 10 5 13
1 6 3 18 4 13 10 12
1 11 4 8 8 3 17 6 15 19 8 17 1
0 6 9 10 18 12 4 14
0 13 14 8 5 12 5 10 2 17 7 19 11 6 15
0 5 13 18 18 0 11
1 3 0 2 10
0 4 5 9 8 13
1 6 3 18 19 18 10 10
1 33 17 2 8 3 10 14 4 10 4 10 4 10 6 15 3 17 6 2 13 11 4 10 6 18 17 2 1 11 4 11 4 1 9
0 3 14 19 12
1 9 1 15 13 17 15 13 17 6 3
0 2 4 12
0 1 16
1 19 1 3 17 15 13 17 3 17 15 13 17 15 13 17 15 13 17 6 3
0 4 14 8 10 16
0 5 4 7 13 13 6
1 10 17 3 5 8 5 12 5 8 5 10
1 9 8 8 2 11 14 10 15 19 4
0 5 18 13 17 13 8
0 4 18 19 5 19
1 3 13 3 12
1 77 4 7 3 17 15 13 17 15 13 17 3 17 15 13 17 3 17 15 13 17 15 13 17 15 13 17 15 13 17 15 13 17 15 13 17 6 3 5 8 5 12 5 12 5 10 8 3 17 15 13 17 3 17 15 13 17 3 17 15 13 17 6 8 15 13 17 3 17 6 15 19 19 0 8 8 14 5
1 69 4 15 3 17 15 13 17 15 13 17 15 13 17 3 17 3 17 3 17 3 17 3 17 3 17 6 2 1 11 19 4 18 6 2 17 18 1 9 16 0 2 17 18 19 0 19 16 11 11 4 11 4 1 19 6 18 18 16 1 18 1 9 0 0 2 19 4 2 15
1 3 1 6 2
0 3 4 1 7
0 5 6 13 8 9 17
1 12 8 15 3 7 15 13 17 15 13 17 6 3
1 17 9 18 10 7 14 10 9 18 9 18 9 18 9 18 9 18 9
1 14 18 3 11 6 3 18 9 5 6 10 19 8 17 1
0 22 3 8 15 13 17 3 17 3 17 15 13 17 3 17 15 13 15 17 13 17 6 2
0 6 19 19 14 5 18 1
0 6 3 18 10 8 5 5
0 1 9
0 22 13 1 5 3 17 15 13 17 3 17 3 5 3 17 6 8 6 2 10 15 6 15
1 9 13 13 10 16 10 12 5 10 3
1 6 3 18 19 11 17 3
1 12 4 15 15 13 17 6 3 5 12 5 8 5
0 21 6 10 10 10 2 3 15 3 17 3 17 14 15 13 17 3 17 6 15 19 4
0 4 3 15 7 18
0 6 1 5 13 15 17 6
1 7 5 6 5 6 18 3 12
1 4 4 7 6 15
0 5 17 4 18 19 18
1 17 3 18 19 7 18 9 14 10 9 14 10 9 14 10 9 18 9
0 9 4 0 19 18 10 9 18 9 18
1 3 13 3 12
0 5 13 18 18 0 11
1 6 0 2 9 18 10 18
1 9 1 6 8 6 8 3 17 6 3
0 3 10 13 3
0 3 2 10 16
0 6 8 10 19 0 19 12
1 8 18 17 7 18 9 14 10 9
1 10 18 2 6 10 13 13 5 13 13 13
0 4 19 8 2 3
1 16 10 19 19 0 14 5 14 14 14 14 14 14 14 14 14 14
1 17 8 11 6 8 8 1 10 19 13 9 19 9 16 19 3 5 10
1 12 10 19 19 17 17 1 1 1 1 1 1 1
0 6 6 15 9 19 19 15
0 13 5 6 3 8 1 3 18 4 3 11 6 5 6
1 4 13 17 4 18
0 1 9
0 3 9 6 4
0 7 0 10 4 14 6 10 15
1 11 13 1 10 6 16 6 16 13 12 8 0
0 14 14 12 5 8 5 8 5 10 2 7 3 17 6 2
1 14 15 19 19 0 8 8 8 14 5 14 14 14 14 14
1 11 8 11 10 12 5 8 5 12 5 8 5
0 6 4 13 3 16 8 9
0 19 13 3 16 13 18 7 17 4 10 10 9 14 10 9 14 10 9 18 10
0 2 19 2
1 10 9 18 8 19 19 14 1 19 19 17
0 8 13 17 18 10 10 9 14 10
1 36 4 15 6 2 8 2 8 3 17 3 17 6 8 15 13 17 15 13 17 3 17 15 13 17 3 17 3 17 15 13 17 15 13 17 6 15
1 17 8 15 15 6 8 15 13 17 6 8 15 13 17 15 13 17 6
0 15 10 15 15 13 6 14 5 2 13 4 10 6 4 14 9
0 7 9 8 9 14 3 8 10
1 8 17 3 5 10 3 5 10 15
0 5 15 13 19 1 4
1 8 3 18 19 6 10 16 13 13
1 13 4 8 8 3 17 15 13 17 6 15 19 8 17
1 7 13 2 6 10 19 5 16
0 5 1 5 19 5 12
1 8 13 3 11 10 8 5 12 5
1 5 5 6 8 5 11
0 4 17 15 19 15
1 11 18 2 11 0 14 1 19 19 19 19 17
0 2 10 13
1 10 5 6 1 3 17 15 13 17 6 15
0 1 6
0 6 17 2 10 7 9 6
1 3 0 2 14
0 3 17 18 13
1 9 0 2 14 10 2 8 17 3 8
1 8 3 18 19 4 14 10 9 14
0 7 3 18 9 9 5 4 15
1 22 4 15 3 17 3 17 15 13 17 15 13 17 15 13 17 6 2 15 6 15 19 8
1 15 14 10 2 3 15 15 13 17 15 13 17 3 17 6 3
0 3 17 1 13
0 2 10 4
1 3 5 10 8
0 23 4 3 3 17 3 17 6 2 3 15 3 6 8 3 17 6 13 15 7 19 0 14 5
0 7 0 2 1 17 15 9 12
0 31 5 6 17 2 13 19 4 14 14 6 8 17 3 5 3 17 3 17 3 17 3 17 6 3 5 5 8 5 8 5 12
0 28 4 5 15 2 17 5 3 17 6 2 1 15 15 13 17 3 17 15 13 17 6 2 12 3 8 15 19 8
1 7 0 2 1 3 17 6 15
1 7 0 10 6 10 19 19 12
0 6 9 18 4 14 19 18
1 5 0 19 2 3 18
0 1 16
0 12 10 19 19 0 1 14 5 14 14 14 14 14
1 9 1 6 2 3 15 6 15 19 4
0 7 5 10 12 5 12 5 2
0 5 18 18 18 6 3
1 18 4 5 3 17 3 17 15 13 17 15 13 17 6 3 5 12 5 12
1 12 4 15 15 13 17 6 3 5 12 5 8 5
0 6 14 16 16 0 8 17
1 17 8 11 6 8 8 1 10 19 13 9 19 9 16 19 3 5 10
0 2 12 1
1 39 14 8 5 12 5 10 2 10 15 3 17 15 13 17 3 17 3 17 3 17 15 13 17 3 17 15 13 17 3 17 6 2 18 8 16 10 8 5 8
0 3 4 1 7
1 13 13 3 15 8 3 15 15 13 17 15 13 17 6
1 6 5 6 9 18 9 14
0 7 17 15 19 14 19 12 10
1 12 4 5 6 15 19 19 0 8 14 5 14 14
1 6 18 3 8 2 6 13
0 10 12 19 13 1 1 1 1 1 1 1
0 3 18 18 10
1 10 8 15 13 11 4 10 6 13 14 6
0 4 4 8 1 3
0 4 9 9 8 17
0 1 16
0 8 10 19 8 17 1 1 6 1
1 4 5 6 17 3
0 1 9
1 4 3 18 9 17
0 3 15 17 17
0 25 5 10 10 3 5 10 8 15 13 17 3 17 3 17 15 13 17 2 15 19 19 17 17 1 1
0 10 17 15 7 18 9 6 14 10 10 10
0 5 15 13 19 1 4
1 15 14 10 2 3 15 15 13 17 15 13 17 3 17 6 3
1 4 14 12 5 12
0 3 6 13 9
0 12 11 1 14 3 17 3 15 17 3 17 6 3
1 13 1 15 13 17 3 17 6 3 5 12 5 10 15
1 12 14 8 5 10 8 15 13 17 6 15 19 4
0 8 13 1 10 16 13 10 6 0
1 12 0 2 10 19 8 17 1 1 1 1 1 1
1 48 4 7 15 13 17 15 13 17 6 8 6 8 15 13 17 6 2 15 6 8 15 13 17 15 13 17 6 2 4 14 19 4 14 15 15 13 17 6 15 19 8 17 1 1 1 1 1 1
0 15 13 2 6 10 8 3 13 16 16 13 13 13 5 16 0
1 33 9 18 19 6 10 19 3 5 10 16 5 10 16 13 13 19 13 9 13 12 16 19 3 10 16 19 13 9 5 19 13 9 10
0 6 5 10 2 11 2 5
1 11 1 6 8 15 13 17 6 15 19 8 17
1 15 9 18 8 10 6 1 15 13 17 15 13 17 6 3 5
1 11 5 10 10 3 5 10 2 8 17 18 10
0 8 3 14 8 5 12 5 15 19
0 25 4 15 3 17 15 13 17 15 13 17 3 1 15 16 19 17 6 15 19 0 14 5 14 14 14
1 9 13 13 10 16 10 12 5 10 3
1 6 8 8 1 10 5 13
1 3 5 10 8
0 4 12 18 3 18
1 8 3 18 19 6 10 19 5 0
0 1 6
0 11 3 18 9 18 3 15 15 18 15 19 4
1 20 5 10 10 8 3 17 15 13 17 15 13 17 3 17 6 15 19 19 17 17
1 15 14 10 8 3 17 15 13 17 15 13 17 6 3 5 8
1 14 14 10 8 3 17 3 17 3 17 15 13 17 6 3
0 6 0 2 9 10 18 1
1 4 5 6 3 18
1 7 0 2 1 3 17 6 15
1 7 1 3 17 6 15 19 4
0 4 17 19 8 3
1 13 14 8 5 8 5 8 5 12 5 10 3 5 8
0 25 4 15 15 13 17 14 17 3 17 15 13 17 6 2 18 8 8 2 6 10 5 13 12 8 0
1 10 5 6 1 3 17 15 13 17 6 15
1 14 14 10 8 3 17 3 17 6 3 5 10 15 19 8
0 3 6 13 9
1 15 10 19 19 0 8 8 8 8 8 14 5 14 14 14 14
0 5 18 18 18 6 3
1 18 17 8 3 17 3 17 15 13 17 15 13 17 6 2 18 10 19 4
1 10 9 18 10 11 10 19 8 17 1 1
1 7 9 18 19 11 8 5 11
0 4 17 18 18 2
0 34 8 16 10 10 3 5 10 2 10 15 15 15 13 17 9 6 2 1 11 19 16 2 18 16 11 1 1 13 6 0 19 19 16 18
0 1 9
0 20 1 3 10 8 3 17 6 8 3 17 17 3 17 15 13 17 5 13 17 6
1 4 3 18 10 4
0 6 6 12 3 8 2 18
0 4 0 8 1 2
1 8 4 8 15 19 8 17 1 1
1 8 18 2 6 10 16 16 13 10
0 25 4 15 15 13 17 14 17 3 17 15 13 17 6 2 18 8 8 2 6 10 5 13 12 8 0
1 12 13 1 10 5 10 16 13 12 3 5 13 13
0 26 19 4 19 4 3 17 3 17 15 13 17 15 13 17 6 15 19 19 8 17 1 1 1 1 19 1
1 8 14 10 3 5 8 5 12 5
0 7 0 14 2 19 1 18 17
0 12 13 17 11 4 2 5 3 17 6 15 19 4
0 3 15 19 7
1 6 9 18 9 4 8 3
0 5 0 14 13 1 17
1 12 8 15 3 7 15 13 17 15 13 17 6 3
0 5 18 3 11 5 11
0 5 8 5 12 12 8
1 11 18 2 11 0 14 1 19 19 19 19 17
1 21 5 10 10 2 18 17 8 3 17 3 17 15 13 17 6 3 5 10 2 13 9
0 5 14 6 7 3 5
1 14 1 15 13 17 15 13 17 3 17 6 3 5 10 3
1 9 0 2 8 11 6 5 6 14 8
1 10 13 2 11 8 15 1 18 11 9 0
0 34 8 16 10 10 3 5 10 2 10 15 15 15 13 17 9 6 2 1 11 19 16 2 18 16 11 1 1 13 6 0 19 19 16 18
0 16 9 18 8 10 6 5 6 3 18 19 7 14 1 10 10 10
1 3 8 5 11
1 15 13 2 7 18 9 18 9 14 10 9 18 9 18 9 14
1 11 17 3 5 10 3 5 10 2 8 13 12
0 10 9 18 8 10 6 8 11 6 10 15
1 25 4 15 3 17 3 17 3 17 3 17 3 17 15 13 17 6 3 5 10 3 5 10 15 19 4
1 7 18 17 11 15 19 19 17
0 5 18 13 17 13 8
0 3 19 3 4
0 3 9 8 13
0 6 9 10 18 12 4 14
1 23 1 15 13 17 3 17 15 13 17 6 8 3 17 6 8 3 17 6 15 19 8 17 1
1 5 9 18 4 1 13
0 4 19 8 2 3
0 14 1 3 17 15 13 17 3 17 3 17 10 17 6 15
1 5 4 8 3 5 10
1 12 1 3 17 6 8 3 17 3 17 6 3 5
0 11 13 3 5 16 11 10 2 1 9 0 0
0 8 17 15 8 8 10 17 1 1
0 11 9 15 18 8 2 19 13 8 19 14 1
0 5 14 6 7 3 5
1 9 13 13 10 8 1 10 16 13 13
0 3 14 15 5
0 24 13 11 6 8 15 15 15 13 17 15 13 17 15 13 17 6 2 4 14 15 15 13 17 6
0 7 0 10 4 14 6 10 15
0 2 7 9
0 3 19 19 17
1 8 13 2 11 3 18 10 4 14
1 3 1 6 15
0 16 3 8 10 10 5 8 5 8 5 10 2 18 7 15 19 4
1 14 3 18 9 9 18 10 11 1 3 17 6 15 19 4
0 6 15 8 18 17 1 14
0 3 1 13 17
1 10 8 8 17 4 14 10 10 10 9 14
1 6 3 18 10 6 10 6
1 9 1 6 8 6 8 3 17 6 3
0 14 3 15 18 8 9 10 6 12 3 2 18 8 8 1
0 3 18 19 10
0 5 3 18 4 9 13
0 6 5 14 5 14 8 1
0 8 19 6 5 0 2 8 17 1
0 5 18 4 8 19 16
1 18 4 5 3 17 3 17 3 17 15 13 17 15 13 17 6 2 3 8
0 3 9 2 4
0 8 19 6 5 0 2 8 17 1
0 7 15 19 4 17 17 1 1
0 4 6 7 17 8
1 36 4 15 6 2 8 2 8 3 17 3 17 6 8 15 13 17 15 13 17 3 17 15 13 17 3 17 3 17 15 13 17 15 13 17 6 15
0 19 8 16 6 0 10 10 12 10 15 19 19 17 13 1 1 1 1 1 1
1 20 5 10 10 8 3 17 15 13 17 15 13 17 3 17 6 15 19 19 17 17
0 6 5 8 18 8 19 17
0 28 4 5 15 2 17 5 3 17 6 2 1 15 15 13 17 3 17 15 13 17 6 2 12 3 8 15 19 8
1 7 9 18 8 19 8 1 17
1 7 0 10 6 10 19 19 12
1 14 3 18 10 11 10 19 19 0 8 8 8 14 5 14
1 3 8 5 11
1 8 1 6 15 19 8 17 1 1
0 27 5 10 12 5 12 5 12 5 10 1 11 19 4 18 11 9 2 1 6 18 9 17 18 19 0 16 17
1 10 4 15 15 13 17 15 13 17 6 2
1 17 17 2 3 8 2 1 15 17 7 17 18 9 0 2 18 1 10
0 10 9 7 11 19 10 11 0 16 10 8
1 6 4 15 6 15 19 4
0 4 8 8 16 10
0 11 15 19 15 8 17 1 1 1 1 7 1
1 18 4 5 3 17 3 17 3 17 15 13 17 15 13 17 6 2 3 8
0 7 17 7 15 19 1 8 1
1 8 3 18 19 6 10 16 13 13
1 24 18 3 15 8 2 8 15 13 17 15 13 17 15 13 17 3 17 6 15 19 19 17 17 1
1 7 5 6 9 18 19 7 14
1 3 13 1 13
1 3 1 6 15
1 9 5 6 3 18 8 19 14 1 17
1 6 0 2 0 19 10 10
1 8 18 17 11 0 14 1 19 17
0 5 12 18 2 2 4
1 16 14 10 8 6 8 15 13 17 3 17 15 13 17 6 2 4
1 13 5 6 4 15 3 17 3 17 15 13 17 6 3
1 9 5 6 1 6 15 19 19 12 19
0 8 10 19 8 17 1 1 6 1
1 7 18 17 11 15 19 19 17
0 5 14 17 8 5 8
0 7 3 18 9 9 5 4 15
0 33 9 18 8 2 14 12 5 10 2 15 15 13 17 6 8 3 17 3 17 3 17 15 13 17 15 13 17 6 17 6 15 19 8
0 6 15 18 19 8 9 17
1 7 0 10 6 13 2 6 13
1 21 4 15 15 13 17 6 8 3 17 3 17 15 13 17 6 2 8 13 12 19 4
1 12 10 19 19 17 17 1 1 1 1 1 1 1
0 5 0 2 10 16 14
0 8 13 10 15 8 2 2 18 15
0 10 3 7 18 10 6 10 17 6 13 13
0 8 4 15 13 17 6 3 5 8
1 20 5 6 8 8 3 15 10 15 15 13 17 6 8 3 17 6 3 5 10 15
0 9 5 10 15 9 12 9 5 8 5
0 16 3 8 10 10 5 8 5 8 5 10 2 18 7 15 19 4
0 5 14 10 1 8 17
1 33 3 18 19 11 13 3 16 6 4 5 6 2 13 19 4 14 14 6 13 19 4 14 14 6 13 19 10 12 12 6 10 12 6
1 4 5 6 3 18
1 11 8 8 2 11 5 6 0 2 15 19 4
1 7 0 19 2 15 19 8 17
0 5 9 18 6 16 17
0 2 0 16
0 4 0 1 6 17
1 14 1 15 13 17 15 13 17 3 17 6 3 5 10 3
0 4 17 18 18 2
0 3 10 12 6
1 19 13 3 15 1 18 7 17 17 18 1 0 2 1 1 13 6 0 16 3
0 2 12 1
0 2 1 1
1 10 9 18 10 11 10 19 8 17 1 1
1 7 0 19 2 15 19 8 17
0 9 2 8 17 10 15 6 3 5 4
0 2 6 14
1 16 4 7 15 13 17 3 17 15 13 17 6 15 19 19 12 19
0 22 3 8 15 13 17 3 17 3 17 15 13 17 3 17 15 13 15 17 13 17 6 2
1 12 9 18 10 11 15 19 8 17 1 1 1 1
1 15 13 2 7 18 9 18 9 14 10 9 18 9 18 9 14
0 4 9 12 19 4
1 6 5 6 13 2 6 13
0 3 14 8 16
0 6 17 5 8 5 10 3
1 9 18 2 11 1 6 3 5 10 15
0 6 9 6 6 10 19 3
0 3 19 3 4
1 4 0 19 10 10
1 14 18 3 11 6 3 18 9 5 6 10 19 8 17 1
1 15 9 18 8 10 6 1 15 13 17 15 13 17 6 3 5
0 10 1 15 2 13 17 3 3 17 6 15
0 6 17 0 19 5 14 16
0 11 9 18 9 18 17 11 0 19 8 6 19
1 13 3 18 9 0 19 10 10 8 5 10 15 19 4
1 38 5 6 3 18 8 2 0 19 2 4 5 3 17 15 13 17 15 13 17 3 17 15 13 17 3 17 3 17 15 13 17 6 8 15 13 17 6 3
1 6 15 19 8 17 1 1
0 3 10 13 3
0 10 5 10 10 8 15 13 15 13 17 6
0 2 14 11
0 121 3 18 8 2 5 6 4 7 15 13 17 15 13 17 3 17 3 17 15 13 17 15 13 17 15 16 17 3 17 3 17 3 17 15 13 17 15 13 17 3 17 15 13 17 3 17 6 2 3 15 15 13 4 17 6 8 6 8 15 13 17 3 17 15 13 17 15 13 17 15 13 17 6 8 15 13 17 3 17 3 6 8 3 17 3 17 15 13 17 3 17 3 17 3 17 15 13 17 3 17 15 9 17 3 17 6 8 3 17 6 3 5 8 5 8 5 10 15 19 8 17
1 3 8 5 11
0 4 14 13 17 18
1 14 3 18 10 11 10 19 19 0 8 8 8 14 5 14
0 11 13 3 5 16 11 10 2 1 9 0 0
1 7 4 7 6 3 5 10 15
0 15 18 1 10 19 9 5 5 19 3 10 11 13 10 19 9
0 14 4 8 2 14 15 15 8 17 3 17 6 8 6 15
0 34 18 3 11 10 10 3 5 10 2 3 5 15 13 17 3 17 6 3 0 10 8 3 17 6 8 3 17 15 9 11 13 17 6 2
1 20 1 3 17 3 17 15 13 17 3 17 15 13 17 3 17 6 15 19 19 17
0 8 13 1 10 16 13 10 6 0
0 5 12 8 11 8 5
1 5 9 18 4 1 13
0 11 12 9 9 18 11 8 19 8 5 1 17
0 6 17 2 10 7 9 6
1 6 18 2 7 18 9 14
0 6 2 8 19 8 0 17
1 12 4 5 6 8 3 17 15 13 17 6 2 8
1 15 18 17 6 10 10 16 5 16 16 12 16 6 8 13 13
0 3 13 0 9
0 14 4 5 15 13 17 15 19 5 17 1 1 1 8 1
0 8 1 6 6 0 19 19 12 19
0 11 13 15 13 17 15 13 17 5 15 6 2
0 3 14 10 12
0 18 18 1 3 11 17 6 8 3 4 17 15 13 17 6 2 18 14 8
1 5 4 5 6 2 4
1 13 14 8 5 12 5 12 5 10 15 19 19 12 19
0 9 2 8 17 10 15 6 3 5 4
0 12 11 1 14 3 17 3 15 17 3 17 6 3
1 7 5 6 5 6 18 3 12
0 4 14 4 1 17
1 3 8 5 11
1 40 4 15 15 13 17 15 13 17 3 17 3 17 15 13 17 15 13 17 3 17 15 13 17 15 13 17 15 13 17 3 17 3 17 3 17 6 15 19 19 17
0 16 1 5 17 15 13 17 3 17 15 13 17 3 12 2 13 9
1 6 9 18 9 15 19 4
0 6 14 12 5 8 5 16
1 4 3 18 9 18
0 20 17 8 15 12 3 17 15 13 17 15 13 17 15 13 17 17 15 13 17 6
0 3 0 1 17
1 9 15 19 19 0 14 5 14 14 14
0 20 3 18 4 2 4 14 10 9 14 10 10 10 9 2 18 10 9 15 10 18
0 6 1 8 16 17 6 3
1 5 0 19 2 17 15
1 5 13 3 8 3 15
0 10 9 18 8 10 6 8 11 6 10 15
1 10 5 10 8 5 8 5 10 15 19 4
1 13 3 18 9 0 19 10 10 8 5 10 15 19 4
0 27 5 10 12 5 12 5 12 5 10 1 11 19 4 18 11 9 2 1 6 18 9 17 18 19 0 16 17
0 7 1 9 10 6 8 19 9
1 3 13 1 13
1 13 1 15 13 17 15 13 17 6 2 13 15 6 3
1 9 3 18 8 19 2 0 10 10 12
0 20 1 3 10 8 3 17 6 8 3 17 17 3 17 15 13 17 5 13 17 6
0 3 5 12 18
0 22 3 18 9 4 9 6 2 3 15 6 8 3 17 15 13 15 13 17 9 6 3 5
0 15 4 5 3 17 3 17 6 8 13 17 6 15 19 19 4
1 12 9 18 10 11 15 19 8 17 1 1 1 1
0 3 10 12 15
0 2 1 1
0 2 10 4
0 26 19 4 19 4 3 17 3 17 15 13 17 15 13 17 6 15 19 19 8 17 1 1 1 1 19 1
0 5 16 8 5 13 12
1 17 9 18 10 7 14 10 9 18 9 18 9 18 9 18 9 18 9
1 3 4 5 6
0 9 5 10 15 9 12 9 5 8 5
0 3 18 2 2
1 8 1 6 8 15 13 17 6 15
1 9 13 13 10 8 1 10 16 13 13
1 8 9 18 8 10 10 8 5 8
0 10 15 19 8 17 1 13 1 1 1 1
0 1 9
1 10 0 19 2 14 8 5 8 5 8 5
1 3 8 8 13
1 15 0 10 10 10 2 15 3 17 15 13 17 6 15 19 4
0 42 17 8 13 17 6 8 15 13 17 15 13 17 15 13 17 15 13 17 3 17 15 13 17 17 3 17 15 13 17 15 13 15 13 17 3 17 15 13 6 15 19 4
0 43 1 3 17 3 9 15 13 17 15 13 17 3 17 15 13 19 17 6 2 3 8 8 3 17 3 17 3 17 15 19 17 6 3 5 15 5 12 5 10 2 3 7 6
1 3 8 5 11
0 25 14 10 8 3 17 8 15 13 17 6 2 13 15 3 17 15 13 17 15 13 17 6 15 19 4
1 4 0 19 10 10
1 6 17 2 4 14 19 4
0 11 13 15 13 17 15 13 17 5 15 6 2
1 20 4 5 15 13 17 3 17 3 17 15 13 17 15 13 17 15 13 17 6 15
1 3 8 5 11
1 12 0 2 3 18 10 11 10 19 8 17 1 1
1 5 3 18 4 3 8
0 6 13 13 13 2 8 13
1 8 9 18 4 3 8 2 7 14
0 9 15 13 17 13 17 6 3 2 12
1 3 13 1 13
1 6 5 6 9 18 9 14
1 10 3 18 19 7 18 10 10 9 18 9
0 6 15 18 19 8 9 17
0 19 9 10 18 9 3 18 3 4 1 10 5 13 12 8 13 2 10 5 10
0 4 14 13 17 18
0 3 13 14 9
0 42 9 18 9 4 17 3 17 15 13 17 15 13 17 15 13 17 3 17 3 17 15 13 17 3 17 15 13 19 17 5 3 17 6 8 15 13 17 6 2 10 19 10
1 8 17 3 5 10 3 5 10 15
0 7 17 15 19 14 19 12 10
1 8 1 15 13 17 6 3 5 12
1 7 14 10 2 13 19 10 6
1 6 9 18 8 19 10 10
0 23 4 3 3 17 3 17 6 2 3 15 3 6 8 3 17 6 13 15 7 19 0 14 5
1 6 3 18 4 17 6 13
1 6 18 17 18 10 10 10
0 7 17 7 15 19 1 8 1
0 15 8 11 6 4 15 3 17 3 15 13 17 3 17 6 15
0 2 19 15
1 10 0 10 10 10 2 8 13 12 19 4
1 4 14 12 5 12
1 10 4 7 6 15 19 19 0 14 5 14
0 26 4 7 3 15 13 17 15 13 12 3 17 3 17 6 8 14 17 6 2 1 11 19 16 13 6 14
1 18 17 8 3 17 3 17 15 13 17 15 13 17 6 2 18 10 19 4
1 11 17 8 3 17 3 17 6 15 19 8 17
1 6 9 18 8 19 2 14
0 2 8 10
0 4 18 17 17 4
1 6 3 18 9 13 1 13
0 7 8 11 13 6 8 5 11
1 7 14 10 2 13 19 10 6
0 1 6
0 7 0 2 1 17 15 9 12
1 7 13 1 10 5 6 8 0
1 4 18 3 16 6
0 3 5 12 18
0 3 13 17 3
0 4 18 4 13 2
1 26 14 10 8 3 17 6 2 10 19 10 6 4 14 11 6 10 15 6 8 15 13 17 6 15 19 8
1 7 5 10 12 5 10 2 3
0 14 1 15 13 17 3 14 3 17 17 15 10 17 6 3
0 11 9 15 18 8 2 19 13 8 19 14 1
1 17 4 7 6 3 5 12 5 10 15 19 8 17 1 1 1 1 1
1 38 5 6 3 18 8 2 0 19 2 4 5 3 17 15 13 17 15 13 17 3 17 15 13 17 3 17 3 17 15 13 17 6 8 15 13 17 6 3
0 25 1 15 13 17 3 17 6 8 3 17 15 13 17 15 17 15 13 17 15 13 3 17 6 2 4
1 15 9 18 9 17 3 5 8 5 12 5 10 2 1 18 6
0 19 17 8 15 6 17 15 13 17 15 13 17 3 3 17 12 13 17 6 3
1 8 13 2 11 0 19 10 10 10
1 10 0 19 2 14 8 5 8 5 8 5
0 8 3 18 8 19 0 14 1 17
1 12 1 3 17 6 8 3 17 3 17 6 3 5
1 4 13 17 4 18
1 8 14 10 3 5 8 5 12 5
1 6 3 18 9 13 1 13
1 40 14 12 5 8 5 12 5 12 5 10 8 15 13 17 15 13 17 3 17 15 13 17 6 2 3 5 15 13 17 3 17 15 13 17 3 17 6 15 19 8
0 6 19 19 14 5 18 1
0 7 9 8 9 14 3 8 10
1 4 3 18 9 17
0 4 4 15 14 6
1 3 14 10 2
1 9 18 1 10 6 16 19 9 8 0
1 7 8 15 18 0 8 1 17
1 10 5 10 10 15 19 8 17 1 1 1
0 8 13 17 18 10 10 9 14 10
1 9 1 6 15 19 8 17 1 1 1
0 6 15 8 18 17 1 14
1 14 5 10 8 5 8 5 8 5 10 15 19 19 12 19
1 15 18 17 6 10 10 16 5 16 16 12 16 6 8 13 13
1 8 1 15 13 17 6 3 5 12
0 8 18 16 11 10 19 1 19 4
1 3 8 5 11
0 42 17 8 13 17 6 8 15 13 17 15 13 17 15 13 17 15 13 17 3 17 15 13 17 17 3 17 15 13 17 15 13 15 13 17 3 17 15 13 6 15 19 4
1 8 18 17 7 18 9 14 10 9
1 10 4 7 6 15 19 19 0 14 5 14
0 14 1 15 13 17 3 17 15 13 17 6 2 0 10 19
0 2 13 4
0 9 4 0 19 18 10 9 18 9 18
1 7 3 18 8 19 14 1 17
1 3 1 6 15
0 9 10 19 0 8 8 8 14 5 10
0 2 7 9
0 7 11 18 0 8 3 1 17
0 23 0 2 8 11 6 4 7 3 17 15 0 13 17 10 13 17 3 17 15 3 17 6 15
1 12 3 18 9 8 16 10 8 5 12 5 12 5
0 5 0 1 15 14 17
0 14 1 15 13 17 3 17 15 13 17 6 2 0 10 19
0 7 11 18 0 8 3 1 17
0 4 3 18 19 13
1 12 1 6 2 13 15 15 13 17 3 17 6 15
0 27 17 8 6 3 5 10 2 1 18 7 18 9 2 19 4 18 16 9 19 4 19 10 15 13 0 6 3
1 4 18 2 4 14
1 25 1 15 13 17 3 17 15 13 17 3 17 3 17 6 8 15 13 17 6 3 5 10 2 18 13
1 3 13 1 13
0 4 4 8 1 3
0 6 4 2 15 16 19 8
0 25 5 6 8 15 10 14 4 10 6 18 1 15 13 17 15 13 17 6 2 8 3 2 17 8 2
1 4 0 10 6 14
1 13 14 8 5 12 5 12 5 10 15 19 19 12 19
0 2 10 15
0 18 0 9 2 10 19 8 17 1 1 1 1 19 1 1 1 1 2 1
0 15 4 5 3 17 3 17 6 8 13 17 6 15 19 19 4
0 4 9 17 11 3
1 7 3 18 9 5 6 14 12
1 8 14 10 2 3 5 6 3 5
1 5 3 18 4 3 8
1 14 14 10 8 3 17 3 17 6 3 5 10 15 19 8
0 5 0 1 15 14 17
0 3 9 3 13
0 1 16
1 4 18 3 16 6
1 7 17 3 5 12 5 8 5
1 13 1 3 17 3 17 3 17 15 13 17 6 8 6
0 2 2 10
0 5 0 6 5 1 10
0 4 5 9 8 13
1 15 18 1 10 6 3 13 9 16 16 13 19 13 9 16 0
0 3 13 14 9
1 7 9 18 8 19 8 1 17
1 10 1 15 13 17 6 15 19 19 12 19
1 10 17 3 5 8 5 12 5 8 5 10
0 4 15 15 0 17
1 3 1 6 15
0 2 19 15
0 13 1 15 13 17 3 17 3 17 15 2 17 6 15
1 9 15 19 19 17 17 1 1 1 1
1 11 8 16 10 12 5 8 5 10 3 5 10
1 5 4 8 3 5 10
1 13 17 2 3 15 15 13 17 6 15 19 19 17 17
1 4 3 18 9 10
0 4 10 18 1 13
1 8 14 10 15 19 19 17 17 1
1 12 1 6 2 13 15 15 13 17 3 17 6 15
1 5 0 19 2 3 18
1 6 3 18 10 7 18 10
1 6 3 18 9 8 5 11
1 7 17 3 5 12 5 8 5
0 9 1 4 8 15 19 5 19 17 17
1 13 1 15 13 17 15 13 17 6 2 13 15 6 3
1 8 3 18 19 6 10 19 5 0
0 13 0 6 2 13 2 4 14 7 10 10 6 9 18
1 12 3 18 9 8 16 10 8 5 12 5 12 5
1 4 3 18 10 4
0 1 6
0 10 9 7 11 19 10 11 0 16 10 8
0 5 12 0 14 1 17
1 14 8 8 13 10 11 6 4 5 3 17 6 3 5 12
1 15 17 3 5 10 2 8 13 12 19 19 0 8 8 14 5
1 9 8 8 2 11 14 10 15 19 4
0 6 17 5 8 5 10 3
1 20 5 6 8 8 3 15 10 15 15 13 17 6 8 3 17 6 3 5 10 15
1 13 5 6 1 15 13 17 15 13 17 3 17 6 15
0 121 3 18 8 2 5 6 4 7 15 13 17 15 13 17 3 17 3 17 15 13 17 15 13 17 15 16 17 3 17 3 17 3 17 15 13 17 15 13 17 3 17 15 13 17 3 17 6 2 3 15 15 13 4 17 6 8 6 8 15 13 17 3 17 15 13 17 15 13 17 15 13 17 6 8 15 13 17 3 17 3 6 8 3 17 3 17 15 13 17 3 17 3 17 3 17 15 13 17 3 17 15 9 17 3 17 6 8 3 17 6 3 5 8 5 8 5 10 15 19 8 17
1 24 18 3 15 8 2 8 15 13 17 15 13 17 15 13 17 3 17 6 15 19 19 17 17 1
1 11 8 11 10 12 5 8 5 12 5 8 5
1 19 14 10 2 13 15 6 2 3 15 15 13 17 3 17 15 13 17 6 3
0 3 6 13 8
1 8 3 18 9 0 14 1 19 17
1 9 0 2 3 18 8 14 1 19 17
1 6 3 18 8 19 10 10
0 7 8 18 10 5 11 10 15
1 6 13 3 8 13 17 15
1 9 3 18 9 5 6 0 2 8 15
0 6 13 18 1 3 18 12
1 19 8 8 3 8 1 10 13 12 3 3 19 9 8 16 13 19 13 9 10
1 5 3 18 10 4 18
0 3 17 18 13
1 40 14 12 5 8 5 12 5 12 5 10 8 15 13 17 15 13 17 3 17 15 13 17 6 2 3 5 15 13 17 3 17 15 13 17 3 17 6 15 19 8
1 10 5 10 8 5 8 5 10 15 19 4
1 8 13 1 10 13 13 5 16 0
1 10 0 10 10 10 2 8 13 12 19 4
0 25 5 10 10 3 5 10 8 15 13 17 3 17 3 17 15 13 17 2 15 19 19 17 17 1 1
1 20 4 5 15 13 17 3 17 3 17 15 13 17 15 13 17 15 13 17 6 15
0 31 5 6 17 2 13 19 4 14 14 6 8 17 3 5 3 17 3 17 3 17 3 17 6 3 5 5 8 5 8 5 12
0 3 6 11 4
1 6 8 8 3 15 13 19
1 8 13 3 11 10 8 5 12 5
1 6 0 19 19 8 1 17
1 17 5 6 9 18 19 11 0 10 10 8 5 10 15 19 8 17 1
0 4 8 8 16 10
1 8 3 18 19 4 14 10 9 14
0 7 14 17 5 4 16 5 0
0 4 11 18 7 7
1 9 3 18 10 4 18 9 14 10 10
1 9 5 6 1 6 15 19 19 12 19
1 5 0 2 18 13 2
1 4 5 6 17 3
1 9 13 2 6 10 5 5 16 13 13
1 10 8 15 8 17 8 3 18 8 5 11
0 17 5 18 9 18 3 11 4 6 14 8 5 10 15 19 19 17 17
0 4 0 1 6 17
0 8 3 18 8 19 0 14 1 17
1 7 0 10 10 8 5 8 5
1 19 1 3 17 15 13 17 3 17 15 13 17 15 13 17 15 13 17 6 3
0 7 1 1 15 1 19 14 17
0 21 6 10 10 10 2 3 15 3 17 3 17 14 15 13 17 3 17 6 15 19 4
0 16 9 18 8 10 6 5 6 3 18 19 7 14 1 10 10 10
1 9 18 1 10 6 16 19 9 8 0
0 9 3 18 10 7 17 14 18 9 18
0 6 8 10 19 0 19 12
1 7 3 18 9 14 8 5 8
0 8 18 16 11 10 19 1 19 4
0 6 14 16 16 0 8 17
1 13 1 3 17 6 15 19 8 17 1 1 1 1 1
0 3 15 8 8
1 4 3 18 9 18
1 11 5 10 10 3 5 10 2 8 17 18 10
1 6 9 18 8 19 10 10
0 9 10 19 0 8 8 8 14 5 10
1 30 18 3 16 10 10 8 3 17 3 17 15 13 17 3 17 15 13 17 15 13 17 6 8 3 17 15 13 17 6 15
0 15 18 1 10 19 9 5 5 19 3 10 11 13 10 19 9
0 4 11 18 7 7
0 15 10 15 15 13 6 14 5 2 13 4 10 6 4 14 9
1 15 18 1 10 6 3 13 9 16 16 13 19 13 9 16 0
1 13 1 15 13 17 3 17 6 3 5 12 5 10 15
0 31 1 3 17 15 13 17 6 3 5 10 8 3 17 3 17 17 15 13 17 15 13 17 3 17 6 15 19 8 17 1 1
0 14 1 3 17 15 13 17 3 17 3 17 10 17 6 15
1 10 18 1 10 10 3 3 19 5 13 13
1 5 4 5 6 2 4
1 9 18 2 11 1 6 3 5 10 15
1 20 1 15 13 17 15 13 17 3 17 3 17 3 17 6 2 8 3 4 14 9
1 3 1 6 15
0 3 0 17 17
1 10 4 8 2 13 14 4 10 6 10 9
0 5 6 13 8 9 17
1 24 1 15 13 17 15 13 17 3 17 3 17 3 17 6 8 15 13 17 6 3 5 8 5 8
1 9 14 8 5 10 3 5 10 3 5
0 11 15 19 15 8 17 1 1 1 1 7 1
0 3 15 8 8
1 13 5 6 9 18 19 7 18 9 14 10 9 18 10
1 6 9 18 9 4 8 3
1 17 17 2 3 8 2 1 15 17 7 17 18 9 0 2 18 1 10
1 79 4 15 15 13 17 3 17 15 13 17 3 17 6 8 3 17 15 13 17 15 13 17 3 17 15 13 17 3 17 6 3 5 12 5 8 5 12 5 8 5 10 8 3 17 3 17 15 13 17 3 17 6 8 3 17 3 17 6 15 19 19 0 8 14 5 14 14 14 14 14 14 14 14 14 14 14 14 14 14
1 17 9 18 8 2 0 10 6 3 18 10 11 17 15 19 19 12 19
1 9 1 15 13 17 15 13 17 6 3
1 5 9 18 4 1 13
1 7 0 10 10 12 5 10 15
1 6 3 18 8 19 10 10
1 8 9 18 4 17 18 10 9 18
1 16 10 19 19 0 14 5 14 14 14 14 14 14 14 14 14 14
0 5 4 7 13 13 6
1 8 4 8 15 19 8 17 1 1
1 7 4 5 3 17 6 2 4
1 9 1 6 15 19 8 17 1 1 1
0 14 4 8 2 14 15 15 8 17 3 17 6 8 6 15
0 7 14 17 5 4 16 5 0
1 8 9 18 4 17 18 10 9 18
1 8 14 10 2 3 5 6 3 5
1 30 17 2 18 4 15 3 17 6 8 3 17 6 15 19 19 0 8 14 5 14 14 14 14 14 14 14 14 14 14 14
0 4 2 9 15 2
0 6 7 19 8 17 1 1
0 5 17 12 15 17 6
1 16 13 3 15 10 11 4 10 4 10 6 4 14 19 10 12 12
0 10 15 2 18 14 5 7 13 13 13 3
1 19 8 16 6 18 2 11 5 6 9 18 9 1 3 17 6 3 5 10 15
0 6 13 13 13 2 8 13
1 21 4 15 15 13 17 3 17 15 13 17 3 17 15 13 17 3 17 3 17 6 2
0 9 17 2 8 10 13 7 13 12 4
0 5 17 12 15 17 6
1 39 5 6 9 18 9 5 6 13 3 11 6 4 7 6 8 15 13 17 15 13 17 15 13 17 15 13 17 15 13 17 3 17 3 17 15 13 17 6 3
1 3 5 10 8
0 8 16 10 19 17 17 17 1 1
1 10 0 10 10 8 5 8 5 12 5 12
0 18 18 1 3 11 17 6 8 3 4 17 15 13 17 6 2 18 14 8
1 3 8 5 11
1 14 17 2 8 2 8 3 17 15 13 17 6 8 6 3
1 48 4 7 15 13 17 15 13 17 6 8 6 8 15 13 17 6 2 15 6 8 15 13 17 15 13 17 6 2 4 14 19 4 14 15 15 13 17 6 15 19 8 17 1 1 1 1 1 1
1 11 8 16 10 12 5 8 5 10 3 5 10
0 6 3 18 10 8 5 5
0 6 3 3 18 4 15 9
1 14 1 15 13 17 6 3 5 12 5 8 5 12 5 8
0 2 5 16
0 5 12 0 14 1 17
1 13 4 8 8 3 17 15 13 17 6 15 19 8 17
1 20 9 18 9 9 18 4 3 11 10 10 8 3 17 6 2 8 13 12 19 4
1 13 17 2 3 15 15 13 17 6 15 19 19 17 17
1 6 18 17 18 10 10 10
1 3 13 3 12
1 45 4 15 15 13 17 3 17 3 17 3 17 15 13 17 3 17 3 17 15 13 17 6 8 15 13 17 3 17 3 17 15 13 17 3 17 15 13 17 3 17 3 17 6 2 8
0 23 5 6 8 0 19 19 19 19 10 6 14 10 2 13 15 15 17 6 3 5 8 5 12
1 36 1 3 17 15 13 17 15 13 17 6 2 8 3 13 11 4 10 4 10 4 10 4 10 6 10 14 4 10 6 1 11 4 15 17 9 17
1 9 0 2 3 18 10 18 10 10 10
0 14 1 3 17 13 3 17 16 7 15 13 3 17 6 15
0 6 14 12 5 8 5 16
0 5 1 5 19 5 12
0 12 13 17 11 4 2 5 3 17 6 15 19 4
1 14 17 2 8 2 8 3 17 15 13 17 6 8 6 3
0 21 14 12 11 5 2 13 13 11 4 10 4 10 1 6 8 13 8 2 3 5 10
1 12 3 18 4 2 11 18 3 11 10 12 5 12
1 9 17 8 6 8 15 13 17 6 3
0 4 11 15 19 8
0 3 18 19 10
1 19 14 10 2 13 15 6 2 3 15 15 13 17 3 17 15 13 17 6 3
1 7 9 18 4 3 11 6 10
1 5 0 2 18 13 2
1 20 1 3 17 3 17 15 13 17 3 17 15 13 17 3 17 6 15 19 19 17
1 8 18 2 6 10 16 16 13 10
0 3 9 2 4
0 6 4 2 15 16 19 8
1 6 18 2 11 5 6 14
1 5 8 11 10 10 15
1 14 3 18 19 7 14 10 9 18 10 10 9 18 10 10
1 12 4 5 6 15 19 19 0 8 14 5 14 14
0 13 1 15 13 17 3 17 3 17 15 2 17 6 15
0 5 12 8 11 8 5
1 3 8 5 11
1 23 17 2 4 14 14 6 15 15 13 17 3 17 6 2 15 15 13 17 6 15 19 8 17
1 7 13 2 6 10 19 5 16
0 7 1 1 15 1 19 14 17
1 15 9 18 9 17 3 5 8 5 12 5 10 2 1 18 6
1 7 1 3 17 6 15 19 4
1 10 1 15 13 17 6 15 19 19 12 19
1 13 5 6 13 2 4 18 10 10 9 18 9 14 10
0 29 1 16 17 7 2 15 15 13 17 15 13 17 15 13 17 15 13 17 15 13 17 15 13 16 17 6 8 6 3
0 11 3 18 9 18 3 15 15 18 15 19 4
0 10 3 7 18 10 6 10 17 6 13 13
1 3 8 5 11
0 4 9 9 8 17
1 8 8 16 10 12 5 8 5 12
1 52 1 3 17 3 17 15 13 17 3 17 3 17 15 13 17 15 13 17 15 13 17 3 17 3 17 3 17 3 17 3 17 15 13 17 3 17 15 13 17 15 13 17 15 13 17 15 13 17 6 8 6 15
0 3 14 4 12
1 11 17 8 15 13 17 3 17 6 15 19 4
1 23 4 8 8 15 13 17 3 17 3 17 15 13 17 15 13 17 15 13 17 6 15 19 8
0 4 14 4 1 17
1 9 5 6 3 18 8 19 14 1 17
1 5 8 15 15 6 3
1 10 4 15 15 13 17 15 13 17 6 3
0 5 10 19 11 2 1
0 3 9 6 4
1 6 0 10 10 8 5 12
0 3 19 19 17
0 17 5 18 9 18 3 11 4 6 14 8 5 10 15 19 19 17 17
0 33 9 18 8 2 14 12 5 10 2 15 15 13 17 6 8 3 17 3 17 3 17 15 13 17 15 13 17 6 17 6 15 19 8
0 5 11 3 4 18 9
0 14 3 15 18 8 9 10 6 12 3 2 18 8 8 1
0 5 18 4 8 19 16
0 23 0 2 8 11 6 4 7 3 17 15 0 13 17 10 13 17 3 17 15 3 17 6 15
0 6 18 17 18 17 9 10
1 3 8 5 11
1 14 14 10 8 3 17 3 17 3 17 15 13 17 6 3
1 7 3 18 9 14 12 5 12
0 6 5 1 14 17 17 9
0 4 0 8 1 2
1 20 9 18 9 9 18 4 3 11 10 10 8 3 17 6 2 8 13 12 19 4
1 13 13 3 15 8 3 15 15 13 17 15 13 17 6
1 25 4 15 3 17 3 17 3 17 3 17 3 17 15 13 17 6 3 5 10 3 5 10 15 19 4
1 6 3 18 19 18 10 10
1 7 0 10 6 13 2 6 13
1 5 5 6 8 5 11
0 2 3 16
0 3 18 18 10
0 16 1 5 17 15 13 17 3 17 15 13 17 3 12 2 13 9
0 9 15 14 9 0 13 8 8 14 5
1 9 0 2 14 10 2 8 17 3 8
0 2 5 16
0 11 3 18 4 2 11 10 13 10 15 19 11
0 6 10 6 17 19 12 19
0 3 14 19 12
0 5 3 16 19 12 8
0 8 3 2 19 18 10 9 4 9
1 4 8 16 6 10
1 8 4 15 15 13 17 6 8 6
0 6 6 15 9 19 19 15
0 12 10 19 19 0 1 14 5 14 14 14 14 14
1 13 1 3 17 6 15 19 8 17 1 1 1 1 1
0 2 5 3
1 8 13 2 11 3 18 10 4 14
0 19 9 10 18 9 3 18 3 4 1 10 5 13 12 8 13 2 10 5 10
0 10 5 10 8 5 2 11 10 3 7 9
1 10 4 8 2 13 14 4 10 6 10 9
0 25 4 15 3 17 15 13 17 15 13 17 3 1 15 16 19 17 6 15 19 0 14 5 14 14 14
0 2 4 12
0 6 19 8 2 0 4 13
1 8 9 18 8 10 10 8 5 8
0 6 3 2 16 18 10 13
1 6 0 19 19 8 1 17
1 19 3 18 19 11 14 8 5 10 8 3 17 6 15 19 19 0 8 14 5
1 7 5 10 12 5 10 2 3
1 6 3 18 10 6 10 6
1 17 1 15 13 17 15 13 17 15 13 17 3 17 6 8 6 2 4
1 7 13 1 10 5 6 8 0
0 31 1 3 17 15 13 17 6 3 5 10 8 3 17 3 17 17 15 13 17 15 13 17 3 17 6 15 19 8 17 1 1
1 9 0 2 3 18 10 18 10 10 10
0 15 13 2 6 10 8 3 13 16 16 13 13 13 5 16 0
1 9 5 6 17 2 18 18 3 5 11
0 25 15 3 18 2 11 14 10 8 8 3 9 17 15 13 17 15 13 17 15 13 17 3 17 6 15
1 68 17 8 15 13 17 6 8 15 13 17 6 8 3 17 3 17 3 17 3 17 15 13 17 15 13 17 15 13 17 15 13 17 6 8 15 13 17 15 13 17 15 13 17 3 17 3 17 15 13 17 15 13 17 15 13 17 3 17 6 2 8 2 2 8 2 15 19 4
0 2 16 0
0 6 6 12 3 8 2 18
0 6 5 10 2 11 2 5
0 3 18 0 13
1 5 9 18 4 1 13
0 21 4 15 3 17 15 13 17 3 17 15 13 17 17 15 13 17 12 17 3 17 6
0 6 1 1 12 6 1 15
1 18 4 8 8 15 13 17 3 17 3 17 15 13 17 15 13 17 6 15
0 55 14 10 2 8 13 15 8 17 3 7 15 13 17 15 13 17 15 13 17 15 13 17 6 8 15 13 17 15 13 17 3 17 3 17 3 17 6 3 5 10 2 4 14 15 3 19 17 3 17 3 17 6 15 19 8
1 21 4 15 15 13 17 6 8 3 17 3 17 15 13 17 6 2 8 13 12 19 4
0 11 3 18 4 2 11 10 13 10 15 19 11
0 5 3 16 19 12 8
0 6 5 14 5 14 8 1
0 6 7 19 8 17 1 1
0 6 4 17 9 18 10 4
0 5 3 15 13 17 17
1 7 17 8 15 13 17 6 15
1 17 1 15 13 17 15 13 17 15 13 17 3 17 6 8 6 2 4
0 6 4 17 9 18 10 4
1 6 18 2 7 18 9 14
1 7 5 6 8 11 6 18 10
1 6 3 18 19 11 17 3
0 8 4 15 13 17 6 3 5 8
0 3 12 2 1
0 3 0 17 17
0 10 5 10 10 8 15 13 15 13 17 6
1 9 9 18 9 3 18 19 7 18 10
0 15 14 8 17 8 5 8 5 10 2 8 17 15 6 7 5
0 25 15 3 18 2 11 14 10 8 8 3 9 17 15 13 17 15 13 17 15 13 17 3 17 6 15
1 8 13 2 11 0 19 10 10 10
1 8 18 17 11 0 14 1 19 17
1 11 17 3 5 10 3 5 10 2 8 13 12
1 17 5 6 9 18 19 11 0 10 10 8 5 10 15 19 8 17 1
1 13 5 6 9 18 19 7 18 9 14 10 9 18 10
1 36 1 3 17 15 13 17 15 13 17 6 2 8 3 13 11 4 10 4 10 4 10 4 10 6 10 14 4 10 6 1 11 4 15 17 9 17
1 13 14 8 5 8 5 8 5 12 5 10 3 5 8
1 11 13 1 10 6 16 6 16 13 12 8 0
1 6 18 3 8 2 6 13
1 11 3 18 9 4 8 8 15 13 17 6 3
1 3 0 2 14
1 7 5 6 9 18 19 7 14
1 10 8 15 13 11 4 10 6 13 14 6
0 2 18 6
1 22 4 15 3 17 3 17 15 13 17 15 13 17 15 13 17 6 2 15 6 15 19 8
1 3 13 1 13
0 11 6 3 4 3 17 6 2 4 14 6 0
0 3 18 2 2
1 4 0 10 6 14
1 7 3 18 9 14 8 5 8
1 13 1 3 17 3 17 3 17 15 13 17 6 8 6
0 4 2 9 15 2
0 5 16 8 5 13 12
0 22 3 18 9 4 9 6 2 3 15 6 8 3 17 15 13 15 13 17 9 6 3 5
0 21 14 12 11 5 2 13 13 11 4 10 4 10 1 6 8 13 8 2 3 5 10
0 2 1 2
1 10 0 2 17 3 5 10 8 6 2 3
1 6 3 18 4 17 6 13
0 6 9 18 4 14 19 18
1 19 1 15 13 17 15 13 17 15 13 17 6 8 15 13 17 3 17 6 15
0 6 3 2 16 18 10 13
1 19 5 10 8 5 12 5 8 5 12 5 10 8 15 13 17 6 3 5 10
0 4 15 15 0 17
0 15 14 8 17 8 5 8 5 10 2 8 17 15 6 7 5
1 12 4 5 6 8 3 17 15 13 17 6 2 8
0 5 10 19 14 17 1
0 13 17 15 19 8 15 1 2 1 1 1 9 1 1
1 79 4 15 15 13 17 3 17 15 13 17 3 17 6 8 3 17 15 13 17 15 13 17 3 17 15 13 17 3 17 6 3 5 12 5 8 5 12 5 8 5 10 8 3 17 3 17 15 13 17 3 17 6 8 3 17 3 17 6 15 19 19 0 8 14 5 14 14 14 14 14 14 14 14 14 14 14 14 14 14
1 7 9 18 4 3 11 6 10
0 3 13 16 0
1 6 14 8 5 8 5 12
0 3 2 10 16
1 6 4 15 6 15 19 4
0 5 14 12 7 10 3
1 17 8 11 10 10 2 1 15 18 4 11 16 4 18 16 9 16 10
0 4 0 2 0 18
1 10 9 18 8 19 19 14 1 19 19 17
1 39 5 6 9 18 9 5 6 13 3 11 6 4 7 6 8 15 13 17 15 13 17 15 13 17 15 13 17 15 13 17 3 17 3 17 15 13 17 6 3
0 5 18 2 4 10 10
1 10 14 12 5 10 8 15 13 17 6 15
1 24 1 15 13 17 15 13 17 3 17 3 17 3 17 6 8 15 13 17 6 3 5 8 5 8
1 7 5 6 8 11 6 18 10
0 4 9 5 17 6
1 4 3 18 9 10
0 5 13 9 18 10 18
0 6 5 1 14 17 17 9
0 3 13 17 3
0 5 0 2 10 16 14
1 19 3 18 19 11 14 8 5 10 8 3 17 6 15 19 19 0 8 14 5
0 8 17 2 4 19 14 15 17 13
0 3 4 9 18
1 3 8 5 11
1 9 8 11 6 14 10 15 19 19 17
1 10 4 15 15 13 17 15 13 17 6 3
1 3 8 5 11
1 28 17 2 8 17 15 15 13 17 6 2 18 13 2 4 18 9 14 10 9 14 10 10 10 9 14 10 10 10
1 9 17 8 6 8 15 13 17 6 3
1 3 8 5 11
0 9 8 17 10 10 3 5 8 5 12
1 25 1 3 17 6 15 19 19 0 8 8 14 5 14 14 14 14 14 14 14 14 14 14 14 14 14
0 8 3 14 8 5 12 5 15 19
0 40 16 4 7 6 2 15 3 17 15 13 17 3 17 3 17 15 13 17 10 3 17 15 13 17 3 17 3 17 15 13 17 6 3 17 6 2 4 14 19 4
1 33 3 18 19 11 13 3 16 6 4 5 6 2 13 19 4 14 14 6 13 19 4 14 14 6 13 19 10 12 12 6 10 12 6
1 14 1 15 13 17 6 3 5 12 5 8 5 12 5 8
1 16 18 17 7 18 10 10 9 18 10 10 9 18 9 14 10 9
1 11 17 8 15 13 17 3 17 3 17 6 15
0 19 17 2 3 15 3 17 3 17 6 3 3 8 3 5 19 3 8 5 8
0 2 13 4
1 17 8 15 15 6 8 15 13 17 6 8 15 13 17 15 13 17 6
0 3 15 19 7
0 11 14 3 3 5 12 5 12 5 8 5 12
1 15 14 10 8 3 17 15 13 17 15 13 17 6 3 5 8
0 4 9 18 14 10
1 23 18 2 11 14 10 8 3 17 15 13 17 3 17 3 17 15 13 17 15 13 17 6 3
0 4 18 19 5 19
1 13 9 18 9 5 6 8 15 1 1 19 6 1 19
1 40 4 15 15 13 17 15 13 17 3 17 3 17 15 13 17 15 13 17 3 17 15 13 17 15 13 17 15 13 17 3 17 3 17 3 17 6 15 19 19 17
0 5 3 15 13 17 17
1 9 8 11 6 14 10 15 19 19 17
1 9 1 3 17 3 17 3 17 6 2
0 5 14 12 7 10 3
0 1 6
0 6 3 3 18 4 15 9
0 10 17 15 7 18 9 6 14 10 10 10
0 2 10 15
1 17 8 11 10 10 2 1 15 18 4 11 16 4 18 16 9 16 10
1 6 15 19 8 17 1 1
1 6 3 18 10 7 18 10
0 6 10 6 17 19 12 19
1 12 13 1 10 5 10 16 13 12 3 5 13 13
0 2 19 2
1 19 13 3 15 1 18 7 17 17 18 1 0 2 1 1 13 6 0 16 3
1 14 15 19 19 0 14 5 14 14 14 14 14 14 14 14
1 3 8 5 11
0 2 18 2
0 5 12 18 2 2 4
1 9 9 18 9 3 18 19 7 18 10
0 5 18 2 4 10 10
1 17 9 18 8 2 0 10 6 3 18 10 11 17 15 19 19 12 19
1 3 0 2 10
0 1 6
0 2 10 13
0 14 4 5 15 13 17 15 19 5 17 1 1 1 8 1
1 30 17 2 18 4 15 3 17 6 8 3 17 6 15 19 19 0 8 14 5 14 14 14 14 14 14 14 14 14 14 14
0 3 17 8 4
1 23 1 15 13 17 3 17 15 13 17 6 8 3 17 6 8 3 17 6 15 19 8 17 1
1 20 1 15 13 17 15 13 17 3 17 3 17 3 17 6 2 8 3 4 14 9
0 10 1 15 2 13 17 3 3 17 6 15
0 3 14 4 12
0 6 5 8 18 8 19 17
1 6 5 6 14 8 5 12
0 1 16
0 9 1 3 17 3 17 17 6 3 5
1 11 1 6 8 15 13 17 6 15 19 8 17
1 8 1 6 15 19 8 17 1 1
1 6 8 8 3 15 13 19
0 24 13 11 6 8 15 15 15 13 17 15 13 17 15 13 17 6 2 4 14 15 15 13 17 6
1 3 5 10 8
1 7 5 6 9 18 10 18 10
1 15 10 19 19 0 8 8 8 8 8 14 5 14 14 14 14
0 4 18 17 17 4
1 5 8 11 10 12 5
1 7 17 8 15 13 17 6 15
1 19 1 15 13 17 15 13 17 15 13 17 6 8 15 13 17 3 17 6 15
1 8 9 18 8 8 1 19 19 17
1 27 4 8 3 5 12 5 8 5 8 5 10 8 6 2 15 3 17 6 2 13 11 6 3 8 3 5 8
1 13 5 6 13 2 4 18 10 10 9 18 9 14 10
0 15 8 11 6 4 15 3 17 3 15 13 17 3 17 6 15
0 10 5 10 8 5 2 11 10 3 7 9
0 7 8 18 10 5 11 10 15
1 6 13 2 11 0 8 1
1 5 8 11 10 12 5
0 3 12 2 1
0 10 15 19 8 17 1 13 1 1 1 1
0 44 17 2 8 17 1 19 13 18 1 1 13 18 11 4 18 11 1 0 2 18 9 2 18 9 0 2 17 4 15 17 6 2 18 9 0 0 0 17 2 1 6 19 19 0
1 14 15 19 19 0 8 8 8 14 5 14 14 14 14 14
1 3 13 1 13
0 3 17 8 4
0 13 0 6 2 13 2 4 14 7 10 10 6 9 18
0 3 9 3 13
1 27 4 8 3 5 12 5 8 5 8 5 10 8 6 2 15 3 17 6 2 13 11 6 3 8 3 5 8
0 4 4 15 14 6
0 9 15 14 9 0 13 8 8 14 5
1 9 9 18 19 11 10 19 19 12 19
0 19 8 16 6 0 10 10 12 10 15 19 19 17 13 1 1 1 1 1 1
0 11 9 18 9 18 17 11 0 19 8 6 19
0 24 5 6 4 2 14 3 17 6 0 8 17 15 6 8 6 3 5 10 15 19 8 17 1 1
0 5 10 19 14 17 1
1 3 8 5 11
1 15 0 10 10 10 2 15 3 17 15 13 17 6 15 19 4
0 6 1 8 16 17 6 3
0 5 18 3 11 5 11
1 4 8 16 6 10
0 1 9
1 23 17 2 4 14 14 6 15 15 13 17 3 17 6 2 15 15 13 17 6 15 19 8 17
0 7 8 11 13 6 8 5 11
1 11 17 8 15 13 17 3 17 6 15 19 4
1 6 0 2 9 18 10 18
1 8 9 18 8 14 1 19 19 17
0 26 17 4 7 3 17 15 13 17 15 13 17 15 13 17 8 13 8 10 12 12 12 12 6 4 14 19
0 6 18 17 18 17 9 10
0 29 1 16 17 7 2 15 15 13 17 15 13 17 15 13 17 15 13 17 15 13 17 15 13 16 17 6 8 6 3
1 5 8 11 10 10 15
1 13 9 18 9 5 6 8 15 1 1 19 6 1 19
1 11 17 8 15 13 17 3 17 3 17 6 15
0 10 12 19 13 1 1 1 1 1 1 1
0 5 17 4 18 19 18
0 2 8 10
0 6 2 8 19 8 0 17
0 40 16 4 7 6 2 15 3 17 15 13 17 3 17 3 17 15 13 17 10 3 17 15 13 17 3 17 3 17 15 13 17 6 3 17 6 2 4 14 19 4
1 10 8 8 17 4 14 10 10 10 9 14
0 9 3 18 10 7 17 14 18 9 18
1 6 0 2 0 19 10 10
0 2 5 3
0 20 3 18 4 2 4 14 10 9 14 10 10 10 9 2 18 10 9 15 10 18
0 8 17 2 4 19 14 15 17 13
1 11 4 8 8 3 17 6 15 19 8 17 1
0 24 5 6 4 2 14 3 17 6 0 8 17 15 6 8 6 3 5 10 15 19 8 17 1 1
0 5 13 9 18 10 18
0 4 10 10 17 14
0 5 9 18 18 6 13
0 7 15 14 1 6 8 3 1
1 5 3 18 10 4 18
1 10 4 15 15 13 17 15 13 17 6 2
0 14 14 12 5 8 5 8 5 10 2 7 3 17 6 2
1 4 4 7 6 15
0 23 5 6 8 0 19 19 19 19 10 6 14 10 2 13 15 15 17 6 3 5 8 5 12
1 14 8 8 13 10 11 6 4 5 3 17 6 3 5 12
0 7 0 14 2 19 1 18 17
0 4 0 14 19 17
1 3 13 3 12
1 12 0 2 10 19 8 17 1 1 1 1 1 1
1 6 5 6 13 13 17 15
0 11 0 2 4 13 8 2 8 7 3 10 9
0 6 19 8 2 0 4 13
1 9 3 18 8 19 2 0 10 10 12
1 4 18 2 4 14
1 3 13 3 12
0 3 6 13 8
1 9 13 2 6 10 5 5 16 13 13
1 18 4 8 8 15 13 17 3 17 3 17 15 13 17 15 13 17 6 15
0 4 13 10 11 13
1 7 4 15 6 15 19 19 12
0 8 13 10 15 8 2 2 18 15
0 3 15 17 17
0 3 6 11 4
0 3 7 0 4
1 12 14 8 5 10 8 15 13 17 6 15 19 4
1 6 17 2 4 14 19 4
0 4 6 7 17 8
1 6 3 18 4 13 10 12
0 7 14 2 15 1 1 1 10
1 3 8 5 11
0 11 13 3 4 10 3 14 10 9 18 9 18
1 16 4 7 15 13 17 3 17 15 13 17 6 15 19 19 12 19
1 3 13 1 13
0 9 8 17 10 10 3 5 8 5 12
1 16 14 10 8 6 8 15 13 17 3 17 15 13 17 6 2 4
1 8 14 10 15 19 19 17 17 1
1 13 0 10 6 1 6 8 15 13 17 6 2 10 9
0 2 18 6
0 11 14 3 3 5 12 5 12 5 8 5 12
1 3 8 8 13
1 30 18 3 16 10 10 8 3 17 3 17 15 13 17 3 17 15 13 17 15 13 17 6 8 3 17 15 13 17 6 15
1 19 8 8 3 8 1 10 13 12 3 3 19 9 8 16 13 19 13 9 10
1 5 9 18 8 2 13
1 6 9 18 9 15 19 4
1 19 8 16 6 18 2 11 5 6 9 18 9 1 3 17 6 3 5 10 15
0 34 18 3 11 10 10 3 5 10 2 3 5 15 13 17 3 17 6 3 0 10 8 3 17 6 8 3 17 15 9 11 13 17 6 2
0 3 2 3 5
0 3 7 0 4
0 6 0 14 1 12 15 19
0 20 17 8 15 12 3 17 15 13 17 15 13 17 15 13 17 17 15 13 17 6
1 9 14 8 5 10 3 5 10 3 5
0 19 17 8 15 6 17 15 13 17 15 13 17 3 3 17 12 13 17 6 3
0 15 14 10 2 3 17 3 17 15 13 17 15 1 16 6 3
1 10 8 15 8 17 8 3 18 8 5 11
1 13 4 5 15 13 17 15 13 17 6 15 19 8 17
1 6 5 6 13 2 6 13
0 5 0 6 5 1 10
0 2 2 10
0 3 14 10 12
1 10 3 18 19 7 18 10 10 9 18 9
0 9 1 3 17 3 17 17 6 3 5
1 3 8 5 11
0 19 17 2 3 15 3 17 3 17 6 3 3 8 3 5 19 3 8 5 8
0 4 0 14 19 17
0 5 10 19 11 2 1
0 4 3 18 19 13
0 9 15 13 17 13 17 6 3 2 12
0 42 9 18 9 4 17 3 17 15 13 17 15 13 17 15 13 17 3 17 3 17 15 13 17 3 17 15 13 19 17 5 3 17 6 8 15 13 17 6 2 10 19 10
0 3 13 0 9
1 4 14 12 5 12
1 8 13 1 10 13 13 5 16 0
0 2 6 14
1 7 5 6 9 18 10 18 10
0 3 9 8 13
1 16 18 17 7 18 10 10 9 18 10 10 9 18 9 14 10 9
1 8 9 18 8 8 1 19 19 17
1 7 4 5 3 17 6 2 4
0 3 4 9 18
1 15 4 15 3 17 6 8 6 2 13 14 6 18 18 2 7
