2157 50
0 5 41 41 25 19 15
1 5 41 37 36 37 36
0 3 47 3 25
0 17 29 2 2 2 11 19 11 19 21 2 2 11 19 2 2 11 19
1 11 47 25 27 48 9 9 46 21 24 39 15
0 6 43 48 7 17 44 8
1 2 44 35
1 18 5 2 7 17 22 15 29 43 2 7 15 32 15 43 2 21 28 8
1 5 47 33 25 9 8
1 1 29
0 5 13 30 40 29 5
1 2 44 35
0 23 17 0 30 15 32 15 29 29 43 2 7 15 32 22 15 44 32 22 15 5 32 15 43
0 11 17 21 19 31 10 37 21 8 38 41 21
0 5 9 9 41 38 4
0 3 3 23 5
0 6 28 17 48 0 30 15
0 3 26 44 14
0 4 17 19 43 5
1 14 17 43 48 30 19 46 21 47 41 4 41 4 19 17
0 7 42 43 48 9 46 13 9
1 2 44 35
1 5 29 2 11 19 2
0 3 7 45 31
0 5 20 47 18 10 2
0 6 44 26 46 0 44 35
0 10 9 5 2 43 48 17 7 0 30 15
0 4 17 7 17 20
1 8 30 43 9 46 21 44 21 44
1 18 9 9 46 21 8 9 46 13 9 46 13 9 46 13 9 17 33 2
1 13 9 9 46 13 9 46 21 47 41 4 43 9 15
1 5 47 18 41 6 2
0 8 17 7 0 30 38 21 16 32
0 1 36
1 16 30 41 4 41 4 43 9 46 13 9 46 13 9 46 13 9
1 2 44 35
1 10 47 18 5 27 23 9 46 16 34 41
0 15 30 43 9 46 21 21 44 46 21 24 39 46 21 17 15
0 12 30 30 43 9 46 21 19 44 42 13 9 46
0 3 4 4 47
0 19 17 43 48 29 2 2 2 2 18 2 11 30 30 19 11 19 2 2 11
1 1 29
1 10 47 18 31 0 14 37 36 28 0 13
1 5 44 26 0 9 9
0 4 5 15 41 30
1 9 5 32 15 29 6 15 32 22 8
0 11 29 11 19 11 12 47 30 19 10 12 2
0 2 41 28
1 10 47 25 27 48 47 17 37 36 38 31
1 11 17 21 28 38 21 40 40 40 40 40 40
0 3 38 15 28
1 1 29
0 13 2 7 30 15 32 22 15 43 2 30 43 48 44
0 2 44 48
1 10 17 43 48 30 43 9 46 21 24 39
0 8 9 0 9 46 21 24 10 44
1 9 17 21 8 38 40 40 21 40 40
1 6 30 41 3 43 9 15
0 4 15 42 49 10
1 9 5 32 22 22 15 6 17 22 8
0 3 4 4 47
0 9 25 27 30 41 11 7 1 38 19
0 3 14 28 44
1 10 29 2 11 30 30 19 2 11 30 30
1 5 47 33 25 23 23
1 2 30 19
1 9 5 2 5 8 38 40 40 40 21
1 15 17 43 48 17 21 19 24 38 40 40 40 40 21 40 40
0 5 47 11 38 16 12
0 2 16 22
1 8 47 18 31 14 14 37 36 37
1 7 30 41 11 41 4 19 15
1 9 9 9 46 21 44 21 8 9 15
1 1 29
1 8 47 17 37 36 37 36 28 5
0 6 30 41 11 43 42 17
0 5 47 11 38 16 12
0 5 1 15 49 35 10
0 7 9 9 4 21 44 13 9
1 10 44 26 0 5 2 43 48 47 25 49
1 2 44 35
0 4 39 3 25 35
0 3 21 25 44
0 5 4 30 43 9 41
0 4 41 43 34 14
1 7 17 5 19 29 2 5 19
1 5 5 2 5 31 8
0 1 0
0 4 30 19 7 15
0 3 40 13 10
0 3 19 21 32
0 8 24 44 11 9 24 9 17 33
0 6 5 32 22 43 22 8
1 3 47 33 27
1 4 41 38 9 40
1 2 44 35
0 5 30 41 3 48 19
1 2 44 35
1 1 29
1 23 5 32 15 29 6 31 42 31 42 0 30 0 30 0 30 15 32 15 43 32 22 22 8
1 8 47 33 27 9 41 46 40 45
0 8 35 41 3 19 46 13 9 15
1 11 17 43 48 44 24 9 46 21 44 13 9
0 7 5 2 5 19 18 47 21
1 8 30 41 11 43 9 17 33 2
1 26 44 26 0 29 2 2 2 2 11 19 2 2 2 11 19 11 30 19 11 30 19 11 19 11 30 19
1 8 30 43 9 17 33 33 33 33
0 5 9 40 35 17 15
1 2 30 19
0 10 44 26 36 2 43 48 47 17 37 36
1 6 17 5 19 46 11 37
0 5 13 30 40 29 5
0 5 43 25 49 9 32
1 4 5 2 5 31
1 2 44 35
0 6 44 26 28 43 37 15
1 6 30 41 4 41 4 19
0 4 22 26 0 29
0 6 29 11 48 2 32 2
0 4 47 44 24 9
0 4 17 11 5 32
0 4 32 26 38 44
0 4 30 9 28 15
0 7 17 19 17 9 21 33 33
0 5 36 9 49 9 15
1 11 17 7 0 30 31 42 15 2 43 48 47
0 6 41 44 37 36 38 29
1 9 47 33 25 23 9 34 27 9 34
1 6 29 11 19 2 2 11
1 10 29 2 11 30 30 19 2 11 30 30
0 5 37 0 37 38 12
0 17 9 9 46 16 13 9 46 21 17 46 12 24 39 46 21 17 15
1 2 30 19
1 14 5 32 15 43 32 22 15 44 26 32 15 45 7 15
0 6 28 14 2 38 29 13
1 2 44 35
0 5 43 33 41 27 23
0 5 10 41 28 14 10
0 4 49 41 8 31
0 7 4 41 44 28 7 0 13
0 4 47 32 12 44
0 3 41 5 2
0 3 17 24 7
1 8 17 5 26 2 21 26 32 8
0 9 30 34 9 17 33 33 33 33 33
1 12 47 17 37 36 28 35 35 35 14 14 37 36
1 9 5 32 15 29 6 15 32 22 8
0 2 3 35
1 2 30 19
0 4 23 11 6 3
1 2 44 35
1 6 47 17 37 36 28 3
0 3 45 31 35
1 6 17 7 31 42 17 8
1 8 9 9 46 13 9 46 13 9
1 12 30 19 46 21 8 9 46 13 9 17 33 2
1 10 44 24 9 46 21 47 41 3 19 15
0 5 29 2 11 19 35
1 8 44 26 0 29 2 11 30 30
1 7 44 26 0 41 37 36 37
0 4 17 42 32 7
0 3 7 45 31
1 11 17 5 26 32 15 29 45 5 31 38 21
0 4 47 20 33 25
1 4 41 38 9 40
0 3 9 46 24
0 2 17 2
0 4 30 1 43 9
0 3 38 1 40
0 2 9 30
1 6 44 26 0 30 19 46
1 8 17 7 31 42 15 32 22 8
1 9 9 9 46 21 47 43 9 17 2
1 2 44 35
0 4 30 39 32 9
1 8 44 26 0 9 9 46 21 17
1 2 44 35
0 2 39 28
0 5 17 38 14 37 36
0 16 47 25 17 21 26 32 22 22 22 15 2 7 31 42 31 42
0 8 30 43 21 9 24 17 3 2
0 2 27 10
1 1 29
0 6 44 45 46 39 8 9
0 6 12 30 43 9 33 2
1 7 47 33 25 23 9 41 46
0 16 17 26 2 43 48 29 2 2 45 33 30 30 30 19 2 7
1 5 47 17 28 0 13
0 2 24 20
0 2 9 33
0 5 14 47 5 43 9
1 13 17 43 48 17 21 28 38 40 21 40 40 40 40
0 3 31 18 35
1 1 29
1 5 41 37 36 37 36
0 4 17 43 8 10
1 11 5 32 15 44 28 38 40 40 40 40 21
0 14 44 15 24 46 21 47 43 9 28 21 4 8 9 15
0 15 47 17 37 36 38 14 28 0 14 4 37 36 38 9 12
1 1 29
0 4 18 37 30 15
0 4 6 4 39 47
1 18 17 7 0 30 31 42 17 15 6 31 42 31 42 17 22 22 22 8
1 8 41 28 35 0 14 38 35 40
1 2 44 35
0 6 44 26 9 20 9 15
1 8 5 2 43 48 47 33 27 23
1 8 47 17 28 0 14 38 35 12
1 12 5 32 22 15 43 2 21 26 2 5 31 8
1 24 17 7 0 30 15 32 15 43 2 43 48 9 9 46 13 9 46 21 44 21 8 9 17 2
0 3 46 2 17
0 4 29 2 42 2
1 14 9 9 46 13 9 46 13 9 46 21 8 9 17 2
0 4 5 15 41 30
1 8 29 11 19 11 19 2 11 19
1 9 17 7 0 30 31 42 15 32 15
1 19 30 41 3 43 9 46 13 9 46 21 17 46 13 9 46 13 9 17 2
0 4 41 11 43 9
0 5 2 33 14 19 31
0 2 41 36
1 11 47 33 27 23 9 8 25 9 4 2 46
1 12 5 2 5 26 2 7 31 42 17 15 29 29
0 4 30 9 2 2
0 8 5 2 44 43 5 45 48 35
0 8 8 47 33 25 9 8 27 7
0 6 30 19 17 39 33 2
0 4 20 17 42 8
0 4 38 44 22 40
0 2 17 15
1 18 5 2 7 17 22 15 29 43 2 7 15 32 15 43 2 21 28 8
1 1 29
0 4 41 38 44 20
1 1 29
0 6 4 43 9 18 13 20
0 10 17 7 0 31 30 15 2 5 3 28
0 5 35 32 36 9 46
1 39 5 32 15 6 17 22 15 6 31 42 0 30 0 30 0 30 31 42 17 22 15 29 29 43 2 7 15 32 22 15 45 7 15 32 15 45 5 8 8
1 2 47 19
0 4 21 47 31 8
0 8 47 17 16 5 37 36 38 31
1 2 44 35
0 1 36
0 5 41 37 2 36 17
0 15 31 5 14 2 21 11 28 38 21 40 40 40 40 40 40
0 4 9 34 9 15
1 7 5 32 22 15 29 44 8
1 20 17 7 31 42 17 22 22 15 29 45 21 26 2 21 19 21 28 38 40 21
1 4 41 38 9 40
1 9 41 37 36 28 14 14 38 35 12
0 5 21 30 0 41 37
1 1 29
1 3 47 18 41
1 6 47 19 37 36 38 6
0 6 44 26 46 0 44 35
0 13 43 9 39 40 21 28 8 9 46 21 47 43 9
0 11 30 43 24 47 8 46 38 4 9 17 2
0 3 48 8 41
0 2 15 35
1 5 41 37 36 37 36
0 9 43 32 29 2 31 36 2 2 11
1 5 17 7 17 15 29
1 2 44 35
0 9 44 17 43 48 5 2 33 28 41
0 6 30 5 34 45 9 15
0 2 4 25
0 2 9 33
0 5 47 17 9 1 38
1 8 30 41 11 43 9 17 33 2
0 3 26 36 46
0 8 47 25 49 25 9 41 46 40
1 6 29 2 2 11 30 30
0 10 34 8 44 24 36 9 46 21 24 39
0 3 47 31 38
1 6 47 18 27 38 44 40
1 7 5 2 43 48 47 18 5
0 2 46 42
0 7 41 37 36 46 38 25 29
1 2 30 19
1 8 41 28 0 14 37 36 38 31
1 8 47 25 23 47 33 25 9 34
1 1 29
0 13 47 27 23 23 9 6 44 46 40 45 40 47 45
0 4 27 9 2 46
0 14 9 9 46 13 9 46 13 9 46 13 9 48 33 2
0 4 42 41 33 6
0 4 5 2 21 11
0 4 11 33 22 9
0 9 20 5 2 5 19 48 7 0 30
0 16 29 11 19 2 11 30 19 11 19 11 30 19 11 11 30 19
1 4 17 7 31 42
0 21 29 29 11 40 19 2 11 30 45 30 19 11 19 11 19 2 11 2 30 30 30
1 5 47 18 31 35 5
1 2 44 35
1 9 17 43 48 17 43 48 41 28 5
0 5 44 23 43 9 2
0 4 26 36 29 31
1 10 17 43 48 30 43 9 46 21 24 39
1 11 5 32 22 15 29 45 43 48 30 19 15
1 5 44 26 0 9 9
1 8 41 37 36 37 36 28 0 13
0 3 41 37 5
0 8 47 18 26 2 46 45 40 45
1 5 47 18 31 14 13
0 6 29 44 9 18 28 15
1 4 17 5 8 8
1 1 29
0 5 36 41 35 35 3
0 2 5 33
0 5 35 41 10 38 31
0 8 47 16 17 3 38 9 19 40
0 8 41 36 28 0 14 38 9 40
0 3 45 31 35
1 4 47 33 25 23
1 6 29 11 19 2 2 2
1 2 47 19
1 4 41 28 0 14
1 8 47 33 25 9 16 45 23 23
1 9 29 2 2 11 19 11 19 2 2
0 9 29 5 2 2 2 2 2 2 11
0 5 9 40 35 17 15
0 1 6
0 10 9 5 2 43 48 17 7 0 30 15
0 4 38 9 7 12
0 8 17 21 19 18 36 13 38 21
0 2 26 1
0 3 47 28 25
1 12 47 33 27 9 34 25 9 8 27 9 16 45
0 9 47 28 23 17 5 31 38 21 40
1 6 17 7 31 42 31 42
1 3 17 5 8
0 5 47 24 18 31 3
1 12 30 41 11 41 3 41 4 41 4 19 17 2
1 5 5 2 5 31 8
1 6 17 43 48 30 19 15
0 3 9 17 2
1 11 5 32 15 44 28 38 40 40 40 40 21
0 4 39 3 25 35
0 11 5 2 21 8 38 40 24 40 40 40 40
0 7 41 28 45 35 35 0 13
0 2 41 5
0 6 41 27 24 16 47 40
0 6 29 40 17 23 20 22
1 7 9 9 46 21 47 19 15
1 11 17 7 17 22 15 44 31 38 40 40 21
0 3 47 25 20
1 8 5 2 7 15 2 21 8 8
0 8 47 16 17 3 38 9 19 40
1 7 47 33 27 9 8 27 23
0 4 29 49 30 30
0 4 22 5 49 45
1 1 29
1 6 17 43 48 30 19 15
0 4 32 9 20 26
0 5 17 48 29 11 30
1 10 47 18 5 27 23 9 46 16 34 41
1 9 47 17 38 29 14 37 36 37 36
1 8 41 28 0 14 37 36 38 31
0 9 47 33 25 23 9 43 46 41 46
0 2 26 1
0 8 44 43 9 10 46 13 9 33
0 4 34 13 10 41
0 7 46 37 39 5 17 49 2
0 5 17 38 14 37 36
0 4 24 42 9 49
0 6 44 24 9 30 47 19
1 5 30 19 17 33 33
0 8 29 2 2 2 2 11 9 30
1 7 44 26 0 5 2 21 26
0 8 47 17 16 5 37 36 38 31
0 7 29 41 3 43 48 17 2
0 2 5 42
1 10 17 5 19 48 7 31 42 15 32 8
0 4 31 24 44 13
0 3 34 18 36
0 8 44 43 9 10 46 13 9 33
0 2 37 29
1 2 30 19
1 7 44 26 0 5 2 21 26
0 7 33 0 30 43 9 4 7
1 7 47 18 26 2 46 40 45
1 4 47 33 25 9
1 4 17 7 31 42
0 7 47 27 47 45 38 9 40
1 8 17 43 48 29 11 30 19 2
0 19 30 41 3 43 20 13 9 46 21 8 23 9 46 21 44 21 44 13 15
1 2 44 35
1 9 41 37 36 28 0 14 38 9 40
0 6 44 26 28 43 37 15
0 3 14 16 6
0 1 0
0 3 21 27 9
0 4 49 41 8 31
1 5 17 5 19 31 45
1 32 17 43 48 17 7 31 42 31 42 31 42 31 42 0 30 0 30 0 30 31 42 17 15 43 2 5 19 29 2 21 31 8
1 1 29
0 6 12 30 43 9 33 2
1 17 30 41 11 43 9 46 13 9 46 13 9 46 13 9 17 33 33
0 2 34 5
0 3 40 15 32
1 12 30 41 11 41 3 41 3 41 11 41 4 19
0 3 49 5 31
1 2 44 35
1 4 9 9 17 33
1 2 44 35
0 2 49 35
0 5 19 4 38 15 6
1 8 5 2 21 26 2 43 48 41
1 2 44 35
0 6 41 44 37 36 38 29
0 5 27 41 0 48 35
1 8 5 2 21 26 2 43 48 41
1 1 29
1 6 5 2 5 31 38 21
1 8 47 17 28 0 14 38 9 40
1 8 9 9 46 13 9 46 13 9
0 3 42 11 9
0 14 5 2 43 48 44 26 0 17 34 48 9 9 17 2
1 1 29
0 1 11
0 5 47 19 36 28 5
1 2 44 35
0 7 44 24 9 29 17 33 43
0 5 31 17 43 48 29
0 3 19 9 46
0 5 41 11 21 15 17
1 11 5 2 7 0 30 31 42 31 42 17 8
1 6 30 41 3 43 9 15
1 9 47 33 25 23 9 34 27 9 34
1 2 44 35
1 2 44 35
0 6 30 6 43 46 13 15
1 7 5 2 43 48 9 9 15
0 3 32 30 13
0 5 9 9 41 38 4
1 8 5 2 21 26 32 15 29 43
0 3 47 28 25
1 2 47 17
1 10 29 11 19 11 19 2 11 19 2 2
0 2 27 35
0 3 35 9 15
1 10 30 41 11 41 11 19 17 33 33 2
0 9 25 27 30 41 11 7 1 38 19
1 5 30 41 3 19 15
0 5 47 10 38 12 13
1 2 44 35
1 4 9 9 17 33
1 9 47 18 26 2 46 40 45 40 45
1 8 29 11 19 11 19 2 11 19
0 10 9 46 21 21 47 4 41 3 43 9
0 4 47 45 27 10
0 4 0 5 2 8
1 2 47 17
0 2 8 38
0 4 17 7 17 20
0 4 9 27 17 2
0 5 12 2 6 2 2
0 4 13 32 8 47
1 2 44 35
0 5 17 30 43 9 15
0 10 5 32 39 15 6 15 2 21 39 26
0 3 47 3 25
1 5 29 11 30 30 30
1 5 5 2 5 31 8
0 2 15 6
0 2 31 18
0 10 29 11 19 11 19 32 2 2 2 11
1 4 29 11 19 2
1 18 29 2 2 11 30 19 11 19 2 11 19 2 11 30 19 11 19 11
0 3 8 24 8
1 12 30 41 11 41 3 41 4 41 4 19 17 2
0 6 5 2 14 17 8 8
1 1 29
0 10 2 5 23 32 15 43 32 40 45 48
1 9 30 41 4 43 9 17 33 33 2
0 3 34 23 31
1 1 29
1 15 17 21 26 2 7 0 30 0 30 0 30 15 32 22 15
1 2 44 35
0 9 17 21 19 18 31 31 21 40 40
0 5 1 15 49 35 10
1 12 47 33 27 9 34 25 9 8 27 9 16 45
1 2 44 35
0 13 44 24 9 8 21 24 39 46 13 9 40 17 2
1 6 17 21 26 2 43 48
1 2 44 35
0 1 32
0 4 23 11 6 3
0 4 6 41 13 38
0 6 9 9 47 17 33 33
1 16 29 2 2 2 2 2 11 19 11 30 30 30 30 30 30 30
1 9 44 26 0 47 19 37 36 38 6
1 8 47 25 23 47 33 25 9 34
1 9 47 33 27 23 9 8 27 9 16
1 6 29 11 19 2 2 2
0 7 30 32 43 9 17 33 33
0 4 16 47 28 9
0 9 29 11 9 30 19 0 2 2 11
0 4 48 41 31 41
0 10 5 2 5 38 40 40 40 40 28 40
0 3 40 15 32
0 3 44 26 29
0 3 10 16 9
1 7 5 2 7 0 30 0 30
1 7 44 26 0 17 5 28 8
1 10 5 2 5 19 17 7 31 42 17 8
1 3 17 5 8
1 10 47 18 31 0 14 37 36 28 0 13
0 5 18 2 23 47 15
0 2 11 10
0 3 8 26 9
1 9 29 11 19 11 30 19 11 30 19
0 6 41 27 24 16 47 40
0 5 5 15 44 19 46
1 7 47 25 23 17 7 0 30
1 6 47 18 27 38 44 40
0 8 30 43 21 9 24 17 3 2
1 7 5 32 22 15 43 32 8
1 8 30 41 4 43 9 17 33 2
0 5 29 2 11 19 35
0 2 15 35
0 2 40 17
0 15 47 17 37 36 38 14 28 0 14 4 37 36 38 9 12
0 4 30 19 7 15
0 17 9 9 46 16 13 9 46 21 17 46 12 24 39 46 21 17 15
1 2 44 35
0 4 9 39 49 2
1 9 29 11 19 11 19 11 19 2 2
0 3 32 31 49
0 3 41 38 13
0 1 2
0 7 5 32 15 29 42 44 28
0 1 0
1 9 5 32 15 29 43 2 7 17 8
0 4 44 5 48 8
0 7 5 2 5 19 18 47 21
0 7 4 41 44 28 7 0 13
0 3 47 7 19
0 5 9 14 9 31 17
1 20 17 7 31 42 17 22 22 15 29 45 21 26 2 21 19 21 28 38 40 21
0 11 30 41 19 46 15 9 46 13 9 17 2
1 6 47 19 37 36 28 3
0 12 29 11 30 30 19 2 2 11 19 7 11 1
1 10 5 32 22 15 44 19 24 38 40 21
1 2 44 35
0 5 5 5 31 24 8
1 8 30 41 3 41 11 43 9 15
0 1 31
0 5 4 31 36 38 31
0 11 29 11 45 30 19 11 30 30 30 30 19
0 2 5 10
0 6 5 2 26 32 22 8
1 7 17 43 48 5 32 22 8
0 9 33 46 23 9 8 25 30 23 23
1 39 5 32 15 6 17 22 15 6 31 42 0 30 0 30 0 30 31 42 17 22 15 29 29 43 2 7 15 32 22 15 45 7 15 32 15 45 5 8 8
1 15 5 32 15 6 17 22 15 45 7 17 15 29 6 17 8
1 12 17 5 26 32 15 29 6 15 32 15 45 7
0 7 5 32 15 29 42 44 28
0 1 31
0 3 35 9 15
0 4 30 19 19 2
0 5 13 21 29 44 11
1 5 47 17 38 29 13
1 8 5 2 43 48 41 28 14 13
0 3 15 24 10
0 16 17 7 17 15 29 43 32 1 32 15 43 2 43 48 29 2
0 19 29 2 30 19 11 19 2 11 19 2 11 15 19 21 19 11 19 2 2
0 3 14 28 44
1 10 5 32 22 22 15 29 29 45 21 19
1 8 5 2 7 0 30 15 32 8
0 2 26 10
1 1 29
1 4 47 33 25 9
1 8 17 43 48 17 43 48 30 19
0 10 30 41 4 47 9 46 21 24 39 15
1 8 47 19 38 29 14 38 16 40
0 3 21 25 44
0 2 17 2
0 3 40 11 35
1 1 29
0 2 21 19
1 2 44 35
0 2 16 39
0 2 29 30
1 5 47 18 27 38 31
0 5 23 2 0 40 8
1 17 44 26 0 44 26 0 44 26 0 17 7 0 30 31 42 31 42
1 1 29
1 9 5 32 15 29 43 2 7 17 8
0 3 9 34 8
0 9 29 5 2 2 2 2 2 2 11
0 5 44 23 43 9 2
1 4 41 28 0 14
0 1 36
0 5 9 11 19 26 47
1 5 47 17 38 16 12
0 4 42 9 9 1
1 7 47 25 27 48 41 28 14
1 8 44 26 0 17 7 15 32 8
0 3 4 30 5
0 16 47 18 41 41 42 46 40 45 40 45 40 45 40 45 40 45
0 13 5 26 32 22 15 45 43 48 47 25 27 48 10
0 4 24 42 9 49
1 15 17 7 15 2 7 0 30 0 30 15 2 5 28 38 21
1 19 41 38 29 14 37 36 37 36 37 36 37 36 37 36 37 36 28 35 5
1 2 44 35
1 4 9 9 17 33
1 12 47 25 27 48 17 43 48 41 37 36 38 6
0 4 30 19 9 15
0 3 41 5 2
1 17 30 41 11 43 9 46 13 9 46 13 9 46 13 9 17 33 33
0 9 9 9 46 21 20 44 13 4 9
0 8 17 7 0 30 38 21 16 32
1 6 30 41 11 43 9 17
1 2 30 19
1 11 17 5 31 38 40 21 40 40 40 40 40
0 14 5 2 43 48 44 26 0 17 34 48 9 9 17 2
0 10 29 11 30 30 22 30 19 2 11 19
1 7 17 43 48 17 21 28 8
0 2 49 25
1 4 5 32 22 15
1 5 29 2 11 19 2
0 3 36 28 5
1 10 5 32 22 22 15 29 29 45 21 19
1 10 29 2 11 30 30 19 2 11 19 11
1 7 17 21 19 46 25 6 20
0 6 17 7 31 42 48 6
1 7 5 32 15 43 2 21 45
0 3 24 21 10
0 5 16 17 43 2 15
1 1 29
0 7 41 37 36 37 36 37 46
0 6 29 40 17 23 20 22
0 3 4 30 5
0 9 20 5 2 5 19 48 7 0 30
1 17 44 26 0 44 26 0 44 26 0 17 7 0 30 31 42 31 42
0 3 7 9 15
0 11 29 2 2 2 11 19 2 2 11 33 2
0 4 41 36 45 5
0 2 40 46
1 7 17 43 48 5 32 22 8
0 5 4 31 36 38 31
0 8 30 41 19 4 19 26 9 15
1 4 47 17 28 3
0 16 47 18 41 41 42 46 40 45 40 45 40 45 40 45 40 45
0 5 46 2 26 11 19
1 10 44 26 0 9 9 46 21 24 39 15
1 7 29 2 2 11 19 11 30
0 2 17 15
0 8 44 26 0 41 25 35 14 13
1 10 5 32 15 6 0 30 17 22 22 8
1 7 29 11 30 19 2 11 30
1 6 17 21 26 2 43 48
1 2 44 35
0 2 4 36
1 5 47 18 31 14 14
1 8 5 32 15 45 5 26 32 8
1 10 30 41 11 41 11 19 17 33 33 2
1 10 30 41 4 43 9 46 21 24 39 46
0 2 10 20
0 7 9 9 4 21 44 13 9
0 4 41 43 34 14
1 8 5 32 22 15 44 31 38 21
1 2 44 35
0 4 22 5 49 45
1 9 41 37 36 28 14 14 38 35 12
1 8 17 5 26 2 21 26 32 8
0 10 47 33 27 34 21 34 25 48 25 23
0 8 30 41 19 4 19 26 9 15
1 4 47 17 28 3
1 5 17 7 17 15 29
0 18 5 32 15 45 7 2 39 26 32 22 15 29 29 44 28 38 40 21
0 1 32
0 2 41 28
0 5 17 33 8 33 8
1 1 29
0 5 46 2 26 11 19
0 8 9 9 46 46 21 47 19 15
0 4 47 38 16 34
1 13 5 2 5 19 48 5 28 38 21 40 40 40 40
0 2 30 21
0 2 31 18
1 13 5 2 5 19 48 5 28 38 21 40 40 40 40
1 6 30 41 11 43 9 17
0 8 47 25 49 25 9 41 46 40
1 10 44 26 0 9 9 46 21 24 39 15
1 9 17 43 48 41 37 36 38 29 13
1 17 5 32 22 15 44 19 24 38 21 40 40 40 40 40 40 40 40
1 14 29 11 19 2 2 2 11 19 2 2 2 11 30 19
0 19 30 41 3 43 20 13 9 46 21 8 23 9 46 21 44 21 44 13 15
0 3 41 14 36
0 18 5 32 15 29 29 29 45 43 48 47 25 27 48 5 5 26 49 7
0 14 41 5 32 15 2 7 31 42 31 42 31 42 0 30
0 2 8 38
0 3 23 41 49
1 9 9 9 46 21 47 43 9 17 2
1 7 29 11 30 19 11 30 30
0 1 6
0 5 21 21 19 2 7
1 10 5 2 5 19 17 7 31 42 17 8
1 16 5 2 43 48 17 43 48 17 7 15 2 7 15 32 22 8
1 8 29 2 2 2 11 30 30 30
0 18 5 32 15 45 7 2 39 26 32 22 15 29 29 44 28 38 40 21
1 4 47 17 28 3
1 11 5 2 21 28 38 40 21 40 40 40 40
0 3 40 32 8
0 9 13 43 47 33 27 9 1 2 27
0 7 17 5 42 3 38 5 40
0 3 1 25 4
0 4 47 45 27 10
0 4 9 30 43 9
0 7 17 5 42 3 38 5 40
1 6 41 37 36 38 35 40
0 6 34 44 26 0 29 2
0 12 39 5 2 7 5 36 31 42 31 42 17 8
1 2 47 17
0 3 41 38 28
0 5 43 9 7 9 15
0 5 24 9 9 46 13
0 5 12 2 6 2 2
0 7 5 2 7 0 30 17 12
1 3 47 33 27
0 3 5 5 45
1 2 44 35
1 10 29 11 19 11 19 2 11 19 2 2
0 4 9 9 33 16
0 9 13 43 47 33 27 9 1 2 27
0 3 17 8 44
1 2 44 35
1 2 47 17
1 8 17 43 48 29 11 30 19 2
0 5 37 9 5 14 13
0 4 9 16 17 11
0 3 42 11 9
0 5 44 24 9 35 15
1 11 30 41 4 41 11 43 9 46 13 9 17
0 1 32
0 4 29 2 42 2
0 7 10 26 0 45 5 8 8
0 4 16 21 19 37
1 6 47 19 37 36 28 3
1 10 29 2 2 2 11 30 19 11 30 19
0 4 32 26 38 44
1 10 30 41 3 43 9 46 13 9 17 2
1 2 44 35
1 4 47 17 28 3
1 11 44 26 0 41 37 36 37 36 38 35 40
0 5 41 3 43 36 2
0 6 43 17 7 23 33 8
1 5 29 11 30 30 30
1 17 47 18 26 2 48 34 16 45 23 9 16 34 6 2 48 45 23
1 9 9 9 46 13 9 46 13 9 15
1 6 44 26 0 17 5 28
0 1 36
0 9 17 36 43 49 48 17 43 44 35
0 14 9 9 46 13 9 46 13 9 46 13 9 48 33 2
0 3 48 22 44
1 9 47 25 49 27 9 1 2 48 45
0 3 9 29 44
0 4 5 30 19 46
0 5 21 21 19 2 7
0 1 31
1 2 47 17
1 9 5 2 7 31 42 15 32 22 8
1 6 30 41 4 41 4 19
0 10 47 33 27 34 21 34 25 48 25 23
0 6 43 48 30 41 11 19
0 3 11 27 23
1 4 5 2 5 31
1 11 17 5 26 32 15 29 45 5 31 38 21
1 12 5 2 5 26 2 7 31 42 17 15 29 29
0 5 23 9 17 33 2
1 9 47 25 27 48 17 7 15 32 8
0 15 29 2 2 8 2 2 11 30 19 2 26 41 11 10 11
0 4 17 43 8 10
0 9 49 47 33 35 27 9 1 2 48
0 6 0 9 9 46 21 19
1 9 17 43 48 17 43 48 41 28 5
0 6 31 41 32 42 20 8
0 4 30 1 43 9
0 4 30 2 11 19
1 10 44 24 9 46 21 47 41 3 19 15
0 2 15 6
0 4 30 30 19 45
0 10 44 26 36 2 43 48 47 17 37 36
1 2 44 35
0 5 23 9 17 33 2
1 9 17 43 48 30 41 4 19 17 2
1 4 41 38 35 40
0 1 11
0 5 16 17 43 2 15
1 11 17 43 48 44 24 9 46 21 44 13 9
1 1 29
1 2 44 35
0 4 2 10 44 8
0 4 7 16 31 15
1 13 30 19 46 13 9 46 21 44 21 44 13 9 17
0 3 34 23 44
0 5 17 48 29 11 30
0 3 24 21 10
0 4 6 4 39 47
1 5 5 2 5 31 8
1 7 5 2 7 0 30 0 30
0 7 24 39 46 21 44 13 22
1 4 5 32 22 15
0 4 47 17 28 28
0 6 43 48 30 41 11 19
1 8 5 32 22 15 44 31 38 21
1 2 44 35
1 15 29 11 30 30 19 11 30 30 30 19 11 30 30 19 2
1 3 47 33 27
0 10 33 5 32 22 37 22 15 43 32 8
0 2 17 28
0 3 7 21 28
0 4 9 27 17 2
0 5 17 21 8 38 40
0 4 17 7 10 25
1 10 47 18 5 27 9 6 2 46 40 45
1 12 30 41 4 41 3 43 9 17 33 33 33 2
0 5 3 9 13 9 15
0 2 4 25
0 10 17 43 48 48 44 26 0 47 33 25
0 3 17 19 33
1 8 41 37 36 28 14 14 28 5
1 7 47 33 27 23 9 8 27
1 8 47 17 28 0 14 38 9 40
0 13 29 47 11 19 2 2 11 21 19 11 36 19 11
1 10 30 41 3 43 9 46 13 9 17 2
1 16 30 41 4 41 4 43 9 46 13 9 46 13 9 46 13 9
0 5 32 47 25 49 25
0 3 41 37 5
0 9 47 18 41 46 24 4 40 46 45
0 7 17 9 15 22 22 22 8
1 4 47 19 38 6
0 7 23 33 15 2 21 31 8
0 4 11 15 8 41
1 4 9 9 17 33
0 6 25 28 35 0 43 13
0 3 48 8 41
1 10 47 25 27 48 47 17 37 36 38 31
1 2 44 35
1 11 17 7 0 30 15 2 43 48 9 9 15
1 6 30 41 11 43 9 17
0 3 28 18 41
1 7 30 41 3 43 9 17 2
0 9 43 32 29 2 31 36 2 2 11
0 2 6 5
1 9 5 32 22 22 15 6 17 22 8
1 14 9 9 46 13 9 46 21 47 41 11 19 46 13 9
0 13 44 24 9 8 21 24 39 46 13 9 40 17 2
0 1 6
0 2 35 48
1 11 17 21 19 46 25 6 20 20 32 32 32
0 9 17 43 48 5 13 45 22 22 15
1 1 29
1 8 47 25 23 9 9 46 13 9
0 3 41 38 28
1 15 47 25 23 29 11 30 19 11 30 30 30 30 19 11 19
0 2 41 5
0 3 8 2 43
1 7 17 5 26 2 7 17 8
1 2 44 35
1 4 47 19 38 6
0 7 44 24 9 17 33 47 2
0 4 9 48 32 18
0 3 9 30 15
1 13 29 11 30 30 19 2 11 19 11 19 11 30 19
1 1 29
1 2 44 35
1 11 9 9 46 21 47 43 9 46 13 9 46
0 5 44 9 13 21 46
0 9 17 43 48 5 13 45 22 22 15
0 3 7 30 32
1 2 30 19
0 7 44 24 9 29 17 33 43
0 4 44 10 46 46
1 6 47 25 23 29 11 30
0 11 5 2 21 8 38 40 24 40 40 40 40
0 2 29 7
1 1 29
1 8 30 41 3 41 11 43 9 15
1 9 9 9 46 21 44 21 8 9 15
1 8 44 26 0 9 9 46 21 17
1 21 5 2 7 15 2 21 19 46 20 32 32 32 32 32 32 32 32 32 32 32 32
1 4 17 7 31 42
1 4 5 2 21 28
0 6 44 24 9 30 47 19
0 6 19 2 30 11 49 30
0 10 29 11 19 11 19 32 2 2 2 11
0 10 38 47 25 23 20 43 48 27 33 25
1 1 29
0 1 6
1 18 17 5 19 29 2 5 28 38 40 40 40 40 21 40 40 40 40 40
0 3 34 23 31
1 9 5 2 7 31 42 0 30 17 8
0 3 26 36 46
0 5 9 11 19 26 47
1 8 41 37 36 28 14 14 28 5
1 8 47 17 28 0 14 38 35 12
1 9 47 25 27 48 44 24 9 17 33
1 10 30 41 4 43 9 46 21 24 39 46
0 4 37 1 8 9
0 5 2 33 14 19 31
1 6 44 26 0 30 19 46
1 2 47 19
0 10 9 2 11 7 31 42 0 30 31 42
1 3 17 5 8
1 14 17 7 0 30 17 15 43 2 7 31 42 15 32 8
1 5 47 18 27 28 5
1 4 17 7 31 42
0 2 49 35
0 4 48 43 15 28
0 3 16 11 19
0 6 36 30 43 25 47 11
0 10 22 30 19 46 21 44 21 24 39 15
1 5 47 17 38 16 12
0 3 47 28 3
0 6 5 32 22 43 22 8
0 8 9 9 46 21 46 13 9 17
0 3 28 15 46
0 3 41 32 46
0 1 6
1 3 47 33 27
0 3 32 31 49
0 3 25 6 41
0 7 34 9 9 46 13 9 15
0 2 26 15
1 6 47 25 27 48 44 35
0 6 7 37 36 38 35 40
0 5 9 31 41 31 4
1 2 30 19
1 2 44 35
0 21 29 29 11 40 19 2 11 30 45 30 19 11 19 11 19 2 11 2 30 30 30
0 5 17 43 48 19 2
0 8 33 47 25 42 7 49 27 34
1 7 44 26 0 17 5 28 8
0 3 13 32 19
0 8 44 26 0 41 25 35 14 13
1 2 44 35
1 4 9 9 17 33
0 6 17 21 8 1 38 21
1 8 5 32 15 45 21 19 24 8
0 7 41 37 36 37 36 37 46
1 2 30 19
0 2 6 5
0 5 4 30 43 9 41
1 15 29 11 19 2 11 19 11 30 30 19 2 11 30 19 2
1 8 30 19 46 13 9 17 33 33
1 17 5 32 15 6 0 30 31 42 31 42 17 15 43 2 21 8 8
1 8 29 2 11 19 2 11 19 2
1 7 30 41 3 43 9 17 2
0 4 11 33 22 9
0 11 17 21 19 31 10 37 21 8 38 41 21
0 8 5 2 5 2 41 19 31 41
0 4 38 9 7 12
0 3 8 24 8
0 8 41 34 38 29 14 38 16 12
0 6 0 9 9 46 21 19
1 4 41 38 35 40
0 4 48 43 15 28
0 3 19 9 16
0 8 19 5 28 38 40 20 5 4
1 8 30 19 46 21 47 19 17 2
1 2 44 35
0 5 5 5 31 24 8
0 4 30 19 9 15
0 2 39 43
0 4 17 19 43 5
1 6 5 2 5 31 38 21
0 5 37 0 37 38 12
1 15 30 41 11 41 11 41 4 41 11 43 9 46 13 9 15
0 2 19 6
0 7 30 41 11 43 9 21 17
0 3 17 21 38
0 4 27 9 2 46
0 8 24 44 11 9 24 9 17 33
1 7 9 9 46 21 17 17 2
1 8 41 28 35 0 14 38 35 40
1 11 17 5 31 38 40 21 40 40 40 40 40
0 6 5 2 21 43 0 29
0 2 45 2
1 7 47 18 26 2 46 40 45
1 4 17 5 8 8
1 2 44 35
1 7 47 25 23 17 7 0 30
1 8 5 32 15 43 32 15 44 8
1 2 44 35
0 4 2 10 44 8
1 11 5 2 21 28 38 40 21 40 40 40 40
0 1 32
0 4 5 7 29 5
0 13 5 26 32 22 15 45 43 48 47 25 27 48 10
1 19 44 26 0 17 7 15 2 43 48 5 2 7 17 22 15 43 32 22 8
1 3 17 5 8
1 13 5 32 15 43 2 7 31 42 15 2 21 19 46
1 6 41 37 36 37 36 37
0 6 28 17 48 0 30 15
0 12 30 41 2 22 12 46 13 9 46 13 9 27
1 10 47 25 27 48 47 33 25 23 9 8
0 3 21 35 2
0 9 47 18 41 46 24 4 40 46 45
0 17 29 2 2 2 11 19 11 19 21 2 2 11 19 2 2 11 19
1 10 29 11 19 11 30 30 30 19 11 19
1 2 47 19
1 5 30 41 3 19 15
0 3 36 28 5
0 5 43 9 7 9 15
0 2 25 5
1 11 17 7 15 2 7 31 42 0 30 17 8
0 4 9 39 49 2
0 8 19 5 28 38 40 20 5 4
0 4 29 11 27 30
0 3 28 14 14
1 11 5 32 22 15 29 43 2 7 17 22 8
1 7 5 32 15 43 2 21 45
1 5 30 41 11 19 15
1 8 29 2 2 2 11 30 30 30
0 4 26 11 30 4
0 4 30 11 19 34
0 2 3 5
1 8 5 32 22 15 45 21 31 8
0 4 47 32 12 44
0 2 5 42
1 5 17 21 28 38 21
1 2 47 19
0 9 47 33 25 23 9 43 46 41 46
1 9 5 2 5 8 38 40 40 40 21
1 4 41 38 9 40
0 9 17 36 43 49 48 17 43 44 35
1 2 30 19
0 12 30 41 2 22 12 46 13 9 46 13 9 27
0 11 29 11 19 11 12 47 30 19 10 12 2
1 4 17 5 8 8
0 4 32 9 20 26
0 6 30 41 11 43 42 17
1 2 44 35
0 3 7 9 15
1 2 44 35
0 6 28 14 2 38 29 13
1 19 47 18 41 34 25 23 9 8 27 9 34 27 23 9 34 25 9 1 2
1 14 30 41 3 41 3 41 3 43 9 46 21 8 9 15
1 8 9 9 46 21 47 19 17 2
1 2 30 19
0 8 41 36 28 0 14 38 9 40
0 9 17 21 11 31 21 40 24 40 40
0 7 4 5 2 43 35 41 37
1 11 5 32 22 22 22 22 15 45 43 48 10
1 6 17 7 31 42 17 8
0 6 47 17 38 19 35 41
1 11 5 32 22 15 29 43 2 7 17 22 8
0 6 30 6 43 46 13 15
1 4 5 32 22 15
1 14 17 7 0 30 17 15 43 2 7 31 42 15 32 8
0 9 17 21 11 31 21 40 24 40 40
0 3 24 40 8
0 2 27 10
1 2 44 35
1 14 29 11 19 2 2 2 11 19 2 2 2 11 30 19
0 6 34 44 26 0 29 2
1 18 17 7 0 30 31 42 17 15 6 31 42 31 42 17 22 22 22 8
0 4 3 2 19 2
1 9 47 25 27 48 17 7 15 32 8
1 15 5 2 43 48 9 9 46 13 9 46 21 8 9 17 2
1 4 9 9 17 33
1 6 41 37 36 38 35 40
0 5 41 11 21 15 17
1 6 47 33 27 23 23 23
1 9 17 43 48 41 37 36 38 29 13
1 7 41 37 36 37 36 28 5
0 2 49 25
0 14 30 43 9 21 47 43 9 46 21 44 21 8 9 15
0 3 47 7 19
0 3 14 16 6
0 1 11
1 5 47 18 27 38 31
1 8 17 43 48 29 2 2 2 2
1 8 44 26 0 17 7 15 32 8
0 6 30 19 17 39 33 2
0 3 27 43 15
0 3 47 8 5
1 19 41 38 29 14 37 36 37 36 37 36 37 36 37 36 37 36 28 35 5
1 1 29
0 5 14 44 24 9 15
1 2 44 35
0 9 30 16 26 41 4 43 33 6 9
1 5 30 41 3 19 15
0 10 2 5 23 32 15 43 32 40 45 48
0 22 5 2 43 48 34 5 26 30 15 43 2 21 31 38 40 40 40 21 17 40 40 40
0 5 17 43 1 4 41
0 3 43 41 15
1 12 30 19 46 21 8 9 46 13 9 17 33 2
1 2 47 19
0 4 30 9 28 15
1 13 5 2 43 48 29 11 30 30 30 19 2 11 19
0 13 29 47 11 19 2 2 11 21 19 11 36 19 11
0 4 15 42 49 10
0 15 9 26 0 29 11 19 2 2 2 2 11 30 30 11 30
1 21 5 2 21 19 17 43 48 17 21 19 48 43 48 30 41 4 19 46 13 9 46
1 16 47 25 27 48 29 11 19 11 30 30 30 19 11 30 19 11
1 17 47 18 26 2 48 45 9 46 4 2 46 40 45 40 45 40 45
0 2 20 29
0 11 29 11 30 19 2 11 30 19 10 11 30
1 10 30 41 4 41 11 41 3 19 17 2
1 12 17 7 31 42 0 30 31 42 15 32 22 8
0 1 0
0 4 39 9 17 2
1 11 17 7 0 30 31 42 15 2 43 48 47
0 4 27 5 2 47
1 5 30 19 17 33 33
0 8 44 44 17 26 0 9 9 47
0 7 48 9 46 17 13 9 46
0 5 14 34 18 26 2
0 3 41 38 2
1 15 17 7 15 2 7 0 30 0 30 15 2 5 28 38 21
1 10 47 18 5 27 9 6 2 46 40 45
0 3 19 21 32
1 8 17 43 48 17 5 19 21 45
0 7 34 9 9 46 13 9 15
0 5 26 7 9 6 15
0 3 47 18 35
1 11 29 2 11 30 30 30 30 19 2 2 11
1 11 47 33 27 23 9 8 25 9 4 2 46
1 11 9 9 46 21 47 43 9 46 13 9 46
0 4 37 1 8 9
0 7 41 28 45 35 35 0 13
0 9 47 28 23 17 5 31 38 21 40
1 14 17 43 48 44 26 0 47 25 27 48 30 41 3 41
1 2 30 19
0 4 21 24 9 15
0 2 45 2
0 3 48 38 6
0 5 47 24 18 31 3
1 8 17 43 48 29 2 2 2 2
0 4 41 46 41 35
0 7 5 2 7 0 30 36 8
1 8 30 19 46 13 9 17 33 33
0 3 47 16 26
0 2 21 5
0 12 30 30 43 9 46 21 19 44 42 13 9 46
0 5 30 48 31 9 7
1 8 30 43 9 17 33 33 33 33
1 8 17 7 31 42 15 32 22 8
0 3 46 2 17
0 3 0 29 11
0 3 17 8 44
1 8 5 32 15 45 21 19 24 8
0 4 6 14 46 19
0 6 47 35 47 48 2 11
0 5 9 31 41 31 4
0 5 9 9 46 13 46
1 8 5 2 7 0 30 15 32 8
0 3 8 26 9
1 12 17 5 26 2 7 0 30 0 30 31 42 15
1 8 5 2 43 48 41 28 14 13
0 4 21 47 31 8
0 3 26 44 14
0 2 29 30
0 4 30 46 21 18
1 2 44 35
1 9 17 7 0 30 31 42 15 32 15
0 2 32 0
0 6 5 2 21 43 0 29
0 3 23 41 49
0 5 17 30 43 9 15
0 1 31
0 3 7 20 11
0 8 35 41 3 19 46 13 9 15
1 7 41 28 0 14 38 35 40
0 4 30 2 11 19
0 5 44 9 13 21 46
0 4 47 38 16 34
1 9 5 2 7 31 42 0 30 17 8
0 4 17 21 5 8
0 4 13 32 8 47
1 10 17 5 19 48 7 31 42 15 32 8
0 5 48 9 46 36 9
1 7 5 2 43 48 47 18 5
0 2 41 28
0 3 2 21 2
1 2 44 35
0 3 40 11 35
1 2 44 35
0 3 2 21 2
0 5 30 41 3 48 19
0 9 29 11 9 30 19 0 2 2 11
1 18 29 11 19 11 30 30 30 19 2 2 2 11 30 30 19 11 19 11
1 2 44 35
0 18 5 32 15 29 29 29 45 43 48 47 25 27 48 5 5 26 49 7
0 7 9 9 46 13 10 9 15
0 2 43 3
1 1 29
1 23 17 7 31 42 31 42 17 22 22 15 6 0 30 15 2 43 48 9 9 46 13 9 15
1 15 47 18 5 25 23 23 9 41 48 45 9 41 46 40 45
0 16 47 25 17 21 26 32 22 22 22 15 2 7 31 42 31 42
1 4 29 11 19 2
0 2 28 14
0 3 32 30 13
0 6 6 47 19 28 0 13
1 4 47 17 28 3
1 1 29
0 3 45 9 33
0 3 34 18 36
0 7 3 29 11 30 30 41 19
1 11 9 9 46 13 9 46 13 9 17 33 33
0 12 30 43 9 46 49 13 9 24 41 9 17 2
0 5 41 38 36 34 31
0 6 17 28 31 2 6 37
0 4 7 16 31 15
0 7 5 29 20 11 0 5 2
0 4 38 14 44 14
1 9 47 33 27 23 9 8 27 9 16
0 2 28 23
0 8 17 45 21 2 20 0 30 8
0 16 29 11 19 2 11 30 19 11 19 11 30 19 11 11 30 19
0 4 44 24 9 16
0 5 44 26 4 0 10
1 5 47 17 28 0 13
1 4 9 9 17 33
0 5 47 10 38 12 13
0 1 0
1 16 5 2 7 17 15 43 32 15 43 32 15 29 43 32 22 15
1 1 29
0 4 31 24 44 13
0 5 9 14 9 31 17
1 5 44 26 0 47 33
0 6 28 25 7 0 34 30
0 4 9 48 32 18
1 14 5 32 15 43 32 22 15 44 26 32 15 45 7 15
1 21 29 11 19 11 30 30 19 11 19 11 30 19 2 11 30 19 11 30 30 19 2
0 7 47 27 47 45 38 9 40
1 16 29 2 11 30 30 19 2 11 30 30 30 30 30 30 30 19
1 11 29 11 30 19 11 30 19 2 2 11 19
0 4 44 5 48 8
0 1 0
1 7 47 33 25 23 9 4 2
0 15 30 43 9 46 21 21 44 46 21 24 39 46 21 17 15
1 8 29 2 11 19 2 11 19 2
0 6 17 43 26 29 33 11
0 7 44 26 43 0 9 9 15
1 4 47 33 25 23
1 10 5 32 22 15 44 19 24 38 40 21
0 5 41 37 2 36 17
1 5 30 41 3 19 15
0 3 44 26 29
0 7 41 37 36 46 38 25 29
1 15 17 43 48 17 21 19 24 38 40 40 40 40 21 40 40
1 7 29 11 30 19 2 11 30
0 2 44 48
1 7 29 11 30 19 11 30 19
0 3 29 6 17
1 2 44 35
1 9 29 11 19 11 30 19 11 30 19
0 3 17 24 7
1 1 29
0 2 20 29
1 8 5 2 21 26 32 15 29 43
0 5 32 47 25 49 25
1 8 47 25 23 9 9 46 13 9
1 15 5 32 15 6 17 22 15 45 7 17 15 29 6 17 8
0 14 44 15 24 46 21 47 43 9 28 21 4 8 9 15
1 2 47 19
0 4 30 39 32 9
0 1 36
0 8 44 44 17 26 0 9 9 47
0 7 44 24 9 17 33 47 2
0 4 9 16 17 11
0 8 9 9 46 21 17 37 47 23
1 8 5 32 22 15 45 21 31 8
1 7 5 2 43 48 9 9 15
1 15 17 21 26 2 7 0 30 0 30 0 30 15 32 22 15
0 7 24 39 46 21 44 13 22
0 8 47 18 26 2 46 1 45 40
0 1 36
1 9 41 28 0 14 37 36 38 29 14
0 7 46 37 39 5 17 49 2
0 8 9 9 46 21 46 13 9 17
0 4 47 19 38 12
0 8 29 2 2 48 2 2 17 11
0 10 5 32 39 15 6 15 2 21 39 26
1 7 5 32 22 15 43 32 8
0 10 30 41 4 47 9 46 21 24 39 15
0 9 33 46 23 9 8 25 30 23 23
0 11 47 25 23 41 30 28 0 14 38 44 12
0 6 6 47 19 28 0 13
1 19 47 18 41 34 25 23 9 8 27 9 34 27 23 9 34 25 9 1 2
0 6 17 7 44 5 15 30
1 2 44 35
0 3 34 29 8
0 7 44 26 4 0 30 43 9
1 1 29
0 3 41 39 29
0 3 9 46 24
1 5 47 18 31 35 5
0 3 29 6 17
1 14 9 9 46 13 9 46 21 47 41 11 19 46 13 9
0 4 17 32 33 7
1 8 30 41 4 43 9 17 33 2
0 5 14 44 24 9 15
1 11 29 11 19 2 2 2 2 2 11 19 11
1 14 17 7 0 30 31 42 31 42 0 30 15 32 22 8
0 11 30 41 19 46 15 9 46 13 9 17 2
1 1 29
1 7 47 33 27 23 9 8 27
1 5 44 26 0 47 33
0 2 3 35
0 3 25 2 2
0 7 47 26 26 2 41 40 45
0 3 1 47 18
1 12 17 5 26 32 15 29 6 15 32 15 45 7
0 6 37 36 38 14 38 6
0 3 41 39 29
0 4 29 24 2 2
1 16 29 2 2 2 2 2 11 19 11 30 30 30 30 30 30 30
0 5 19 4 38 15 6
0 2 40 12
1 13 30 43 9 46 21 47 43 9 46 21 17 17 2
1 9 17 43 48 41 37 36 28 0 14
1 10 5 32 15 6 0 30 17 22 22 8
0 3 11 30 33
0 6 32 22 22 22 22 8
0 4 30 9 2 2
1 5 44 26 0 9 9
1 2 44 35
0 3 21 18 10
0 10 22 30 19 46 21 44 21 24 39 15
1 14 5 32 15 45 43 48 5 32 15 45 7 15 32 8
0 5 44 26 4 0 10
0 3 40 4 12
1 8 17 43 48 30 43 9 17 2
1 9 41 37 36 28 0 14 38 9 40
0 4 30 33 4 41
0 2 41 3
1 8 29 2 11 30 19 11 30 19
0 6 43 30 43 9 4 2
1 11 41 38 29 14 37 36 37 36 38 35 40
1 7 29 11 30 19 11 30 19
1 11 29 2 11 30 30 30 30 19 2 2 11
1 7 29 11 19 11 19 2 2
0 6 47 17 38 19 35 41
1 6 47 33 27 9 46 8
0 11 49 22 17 7 28 0 30 0 30 17 8
0 8 5 2 5 2 41 19 31 41
1 7 47 33 25 23 9 4 2
0 3 38 15 28
1 17 5 32 22 15 44 19 24 38 21 40 40 40 40 40 40 40 40
0 13 2 7 30 15 32 22 15 43 2 30 43 48 44
1 6 47 25 27 48 44 35
1 6 47 25 23 17 21 45
1 26 44 26 0 29 2 2 2 2 11 19 2 2 2 11 19 11 30 19 11 30 19 11 19 11 30 19
0 8 17 45 21 2 20 0 30 8
1 4 5 2 21 28
0 4 48 30 43 15
0 4 30 17 33 2
0 3 37 21 35
0 3 29 34 1
0 5 48 9 46 36 9
0 8 47 18 26 2 46 1 45 40
0 6 19 2 30 11 49 30
1 17 47 18 26 2 48 45 9 46 4 2 46 40 45 40 45 40 45
1 1 29
0 6 17 21 8 1 38 21
0 3 21 27 9
1 6 17 43 48 30 19 15
1 7 5 2 21 28 38 21 40
0 2 9 30
0 6 6 41 47 20 7 12
1 11 17 21 19 46 25 6 20 20 32 32 32
1 18 5 32 15 29 6 0 30 0 30 0 30 31 42 0 30 17 15 6
0 4 20 17 42 8
0 23 17 0 30 15 32 15 29 29 43 2 7 15 32 22 15 44 32 22 15 5 32 15 43
0 4 47 20 33 25
1 5 17 43 48 47 19
1 8 44 26 0 29 2 11 30 30
0 5 4 30 43 9 46
1 5 47 25 49 27 23
1 5 17 21 31 38 21
0 3 28 15 46
1 7 5 2 43 48 17 21 31
0 9 44 24 9 46 13 0 9 17 2
0 4 26 36 29 31
1 2 44 35
1 3 47 18 41
0 1 0
0 4 9 30 43 9
0 3 41 14 36
0 1 2
1 4 47 33 25 23
0 8 5 41 15 29 29 43 32 8
0 14 7 38 43 48 41 37 36 37 36 37 38 34 35 40
0 2 0 38
1 5 17 7 0 30 15
0 4 32 21 42 31
0 7 5 29 20 11 0 5 2
0 3 47 39 25
1 4 47 33 25 23
0 3 4 14 36
0 8 9 9 46 46 21 47 19 15
1 10 47 25 27 48 47 33 25 23 9 8
0 2 41 3
1 6 41 37 36 37 36 37
0 2 19 6
1 10 44 26 0 5 2 43 48 47 25 49
0 3 40 13 10
0 9 29 11 44 30 30 30 19 11 24
0 3 23 21 26
0 5 35 41 10 38 31
0 5 18 47 5 33 27
1 12 5 2 21 31 38 40 40 21 40 40 40 40
0 7 4 5 2 43 35 41 37
0 5 15 30 47 18 8
1 1 29
1 12 47 17 37 36 28 35 35 35 14 14 37 36
1 11 5 2 43 48 30 41 11 41 11 19 15
0 2 15 12
1 1 29
0 7 30 32 43 9 17 33 33
1 10 44 26 0 41 28 14 14 38 29 13
0 5 9 23 18 23 5
1 10 29 2 11 30 30 19 2 11 19 11
1 12 47 25 27 48 17 43 48 41 37 36 38 6
0 6 43 30 43 9 4 2
0 7 30 41 11 43 9 21 17
1 1 29
0 6 4 43 9 18 13 20
1 10 29 2 2 11 30 19 11 19 2 2
1 6 17 5 19 46 11 37
0 11 47 25 23 41 30 28 0 14 38 44 12
1 18 17 5 19 29 2 5 28 38 40 40 40 40 21 40 40 40 40 40
0 8 29 2 2 48 2 2 17 11
1 15 47 18 5 25 23 23 9 41 48 45 9 41 46 40 45
1 4 17 5 8 8
1 9 9 9 46 13 9 46 13 9 15
0 10 30 41 11 41 3 43 9 17 49 33
1 17 30 41 3 19 46 21 17 46 21 47 41 11 41 4 43 9 46
1 2 44 35
1 2 47 17
1 9 17 43 48 44 26 0 29 2 11
0 4 16 21 19 37
1 6 17 21 26 2 21 19
0 5 36 41 35 35 3
0 6 9 9 47 17 33 33
0 24 47 33 23 23 23 23 23 9 1 2 48 45 9 8 9 1 9 2 40 45 40 45 40 45
1 5 17 7 0 30 15
0 6 17 7 44 5 15 30
1 5 30 41 11 19 15
1 12 17 21 8 38 40 40 40 21 40 40 40 40
0 2 15 12
1 8 47 33 27 9 41 46 40 45
1 14 5 32 15 45 43 48 5 32 15 45 7 15 32 8
0 6 30 5 34 45 9 15
1 4 41 38 35 40
1 15 29 11 30 30 19 11 30 30 30 19 11 30 30 19 2
0 3 26 0 10
0 4 41 36 45 5
1 5 47 18 41 6 2
1 7 17 5 26 2 7 17 8
1 11 29 11 30 19 11 30 19 2 2 11 19
1 8 47 25 27 48 5 32 15 43
1 14 9 9 46 13 9 46 13 9 46 21 8 9 17 2
1 18 5 32 22 15 45 7 0 30 17 22 15 44 26 2 21 31 38 21
1 10 17 5 19 17 21 19 18 17 21 45
0 9 9 9 46 21 20 44 13 4 9
1 14 30 41 3 41 3 41 3 43 9 46 21 8 9 15
1 4 41 38 9 40
0 6 17 7 31 42 48 6
0 2 16 39
0 3 4 14 36
1 5 44 26 0 29 2
0 6 7 37 36 38 35 40
1 12 29 11 30 19 2 2 2 11 19 2 2 11
0 8 41 34 38 29 14 38 16 12
0 1 2
0 6 19 32 22 22 18 15
0 5 17 21 8 38 40
0 8 28 0 36 21 14 0 0 13
1 9 17 43 48 29 2 11 19 11 30
0 9 17 21 19 18 31 31 21 40 40
0 3 33 10 47
0 8 29 42 2 2 2 2 11 48
0 16 17 26 2 43 48 29 2 2 45 33 30 30 30 19 2 7
0 3 26 10 25
0 2 41 36
1 8 30 41 4 41 11 43 9 46
0 5 22 20 19 45 2
1 8 47 18 31 14 14 37 36 37
1 21 17 5 19 29 32 15 6 17 22 15 43 32 22 22 15 43 32 15 44 28 8
0 3 44 34 39
1 10 17 5 19 17 21 19 18 17 21 45
0 3 17 19 33
0 11 44 0 44 24 9 46 32 21 24 39 15
0 3 34 29 8
1 2 44 35
1 13 30 43 9 46 13 9 46 13 9 46 13 9 15
0 3 38 1 40
1 2 44 35
0 5 5 32 22 15 44
0 12 29 11 30 30 19 2 2 11 19 7 11 1
1 15 5 2 43 48 9 9 46 13 9 46 21 8 9 17 2
1 9 5 2 43 48 30 43 9 17 2
1 10 5 2 7 0 30 17 15 43 32 8
1 11 29 11 19 2 2 2 2 2 11 19 11
0 4 30 33 4 41
1 8 41 37 36 37 36 28 0 13
1 21 5 2 21 19 17 43 48 17 21 19 48 43 48 30 41 4 19 46 13 9 46
0 4 38 44 22 40
0 5 26 7 9 6 15
1 2 30 19
1 8 5 2 43 48 9 9 17 2
1 19 30 41 3 43 9 46 13 9 46 21 17 46 13 9 46 13 9 17 2
1 3 47 33 27
0 7 17 13 5 8 38 21 40
1 6 29 11 19 2 2 2
0 3 14 17 2
1 8 5 2 7 15 2 21 8 8
0 2 4 36
0 5 5 32 22 22 39
1 7 29 2 2 11 19 11 30
0 7 30 29 3 9 46 13 15
0 4 11 15 8 41
0 4 39 9 17 2
0 6 44 26 9 20 9 15
0 4 16 47 28 9
0 14 7 38 43 48 41 37 36 37 36 37 38 34 35 40
1 9 17 21 31 38 40 40 40 21 40
0 3 9 17 2
1 10 44 26 0 29 11 30 19 2 11 19
1 4 41 38 35 40
0 3 23 21 26
1 1 29
1 8 30 43 9 46 21 44 21 44
1 14 17 5 8 38 21 40 40 40 40 40 40 40 40 40
0 6 47 35 47 48 2 11
1 6 47 19 37 36 38 6
0 4 9 34 9 15
0 5 24 9 9 46 13
0 8 2 43 23 48 41 38 39 6
1 10 30 41 4 41 11 41 3 19 17 2
1 15 47 25 23 29 11 30 19 11 30 30 30 30 19 11 19
0 14 41 5 32 15 2 7 31 42 31 42 31 42 0 30
0 4 17 32 33 7
1 9 5 2 43 48 30 43 9 17 2
1 2 44 35
1 11 17 7 17 22 15 44 31 38 40 40 21
1 12 17 21 19 21 19 31 8 38 40 40 21 40
1 4 9 9 17 33
0 5 10 41 28 14 10
1 8 5 2 43 48 47 33 27 23
1 8 5 2 43 48 9 9 17 2
0 3 27 43 15
1 2 44 35
0 4 27 5 2 47
0 3 43 41 15
0 3 19 9 46
1 2 44 35
1 12 17 7 31 42 0 30 31 42 15 32 22 8
1 9 47 18 26 2 46 40 45 40 45
0 5 17 43 48 19 2
0 5 22 5 32 24 40
1 7 9 9 46 21 47 19 15
1 7 44 26 0 41 37 36 37
0 4 26 11 30 4
0 2 18 29
0 4 6 14 46 19
0 4 47 37 36 5
1 11 5 32 22 22 22 22 15 45 43 48 10
1 8 47 33 27 23 9 46 4 2
0 4 29 11 27 30
0 10 30 41 11 41 3 43 9 17 49 33
0 6 18 27 37 15 38 6
0 3 39 47 5
1 2 44 35
0 3 47 12 10
0 3 33 10 47
0 2 5 10
0 5 44 24 9 35 15
0 2 32 0
0 6 17 43 26 29 33 11
0 4 41 31 38 40
1 5 44 26 0 29 2
0 3 25 2 2
0 5 4 30 43 9 46
0 2 26 10
1 7 30 19 46 21 17 17 2
0 7 33 0 30 43 9 4 7
0 6 5 2 14 17 8 8
0 11 29 2 2 2 11 19 2 2 11 33 2
0 7 42 43 48 9 46 13 9
1 2 30 19
1 9 47 25 49 27 9 1 2 48 45
1 11 17 21 28 38 21 40 40 40 40 40 40
0 2 45 3
0 1 6
1 5 47 33 25 23 23
1 7 17 43 48 17 21 28 8
0 5 9 23 18 23 5
0 7 17 13 5 8 38 21 40
0 9 29 11 44 30 30 30 19 11 24
0 2 28 23
1 12 44 26 0 5 2 43 48 47 19 38 35 12
1 1 29
0 6 29 41 2 11 30 19
1 1 29
0 4 32 21 42 31
0 8 5 41 15 29 29 43 32 8
1 4 17 5 8 8
0 4 29 49 30 30
0 5 14 34 18 26 2
0 3 0 9 2
1 12 44 26 0 5 2 43 48 47 19 38 35 12
1 4 29 11 19 2
0 2 45 3
1 21 44 26 0 5 2 21 31 38 40 40 40 40 40 21 40 40 40 40 40 40 40
0 2 37 29
1 10 47 25 23 44 26 0 29 11 30 30
0 4 30 19 19 2
1 6 29 11 19 2 2 11
1 8 17 43 48 17 43 48 30 19
0 5 9 9 46 13 46
0 6 28 25 7 0 34 30
0 6 5 2 26 32 22 8
0 5 43 25 49 9 32
0 19 17 43 48 29 2 2 2 2 18 2 11 30 30 19 11 19 2 2 11
0 5 17 43 9 17 18
1 2 30 19
1 15 30 41 11 41 11 41 4 41 11 43 9 46 13 9 15
1 1 29
1 5 17 21 31 38 21
1 16 47 25 27 48 29 11 19 11 30 30 30 19 11 30 19 11
0 19 5 2 43 48 29 11 19 11 30 30 30 30 15 30 30 19 2 2 11
0 4 18 37 30 15
0 4 41 38 44 20
0 1 6
0 4 48 30 43 15
0 4 0 5 2 8
1 12 29 11 30 19 2 2 2 11 19 2 2 11
0 3 11 30 33
1 8 30 41 4 41 11 43 9 46
0 8 9 9 46 21 17 37 47 23
1 32 17 43 48 17 7 31 42 31 42 31 42 31 42 0 30 0 30 0 30 31 42 17 15 43 2 5 19 29 2 21 31 8
1 8 9 9 46 13 9 46 13 9
0 3 7 30 15
0 7 41 3 28 0 14 28 5
0 10 17 43 48 48 44 26 0 47 33 25
1 2 44 35
0 4 19 35 46 17
1 7 30 41 11 41 4 19 15
0 1 2
1 9 17 43 48 30 41 4 19 17 2
0 9 30 34 9 17 33 33 33 33 33
1 5 29 11 30 30 30
1 10 41 28 35 35 35 14 14 38 9 12
0 8 9 0 9 46 21 24 10 44
1 1 29
1 1 29
1 13 17 43 48 17 21 28 38 40 21 40 40 40 40
0 3 47 8 5
1 12 17 5 26 2 7 0 30 0 30 31 42 15
0 3 5 32 22
1 2 44 35
1 2 47 17
0 6 17 8 38 40 21 27
0 6 36 30 43 25 47 11
1 1 29
0 10 9 2 11 7 31 42 0 30 31 42
0 6 42 44 15 32 17 3
0 4 44 24 9 16
1 2 44 35
0 3 47 39 25
0 5 23 2 0 40 8
1 7 17 21 19 46 25 6 20
0 4 44 10 46 46
1 1 29
1 9 17 43 48 44 26 0 29 2 11
1 17 5 32 15 6 0 30 31 42 31 42 17 15 43 2 21 8 8
1 5 47 17 38 16 12
1 11 47 25 27 48 9 9 46 21 24 39 15
1 1 29
1 11 5 32 22 15 29 45 43 48 30 19 15
1 9 47 25 27 48 44 24 9 17 33
1 11 17 7 0 30 15 2 43 48 9 9 15
0 3 40 4 12
0 6 17 8 38 40 21 27
1 8 29 2 11 30 19 11 30 19
1 2 47 17
0 3 40 32 8
0 2 24 20
1 2 44 35
0 3 41 32 46
0 5 44 24 12 9 15
0 2 18 29
0 3 47 25 20
0 6 44 45 46 39 8 9
1 2 44 35
1 1 29
1 12 17 21 8 38 40 40 40 21 40 40 40 40
0 1 31
1 2 44 35
0 7 44 26 4 0 30 43 9
1 9 17 43 48 41 37 36 28 0 14
0 1 2
0 10 29 11 30 30 22 30 19 2 11 19
0 3 21 18 10
1 1 29
0 4 38 20 44 14
0 8 29 42 2 2 2 2 11 48
1 7 5 32 22 15 29 44 8
0 5 37 9 5 14 13
1 1 29
0 3 9 17 2
0 15 29 2 2 8 2 2 11 30 19 2 26 41 11 10 11
1 7 30 19 46 21 8 9 15
0 7 41 3 28 0 14 28 5
0 1 32
1 11 44 26 0 41 37 36 37 36 38 35 40
1 1 29
1 9 5 2 7 31 42 15 32 22 8
0 3 44 34 39
1 10 5 2 7 0 30 17 15 43 32 8
1 12 5 32 22 15 43 2 21 26 2 5 31 8
1 8 9 9 46 21 47 19 17 2
0 3 34 23 44
0 5 47 9 23 36 15
1 6 17 7 31 42 17 8
1 18 29 11 19 11 30 30 30 19 2 2 2 11 30 30 19 11 19 11
0 2 40 46
0 3 42 19 20
1 18 5 32 15 29 6 0 30 0 30 0 30 31 42 0 30 17 15 6
1 17 17 7 0 30 0 30 0 30 31 42 15 2 43 48 9 9 15
0 3 29 34 1
0 4 32 41 28 21
1 7 9 9 46 21 17 17 2
1 10 47 25 23 44 26 0 29 11 30 30
0 11 49 22 17 7 28 0 30 0 30 17 8
1 13 30 43 9 46 21 47 43 9 46 21 17 17 2
1 8 47 33 27 23 9 46 4 2
0 3 5 5 45
1 1 29
0 5 35 32 36 9 46
1 5 47 18 31 14 14
1 10 29 2 2 2 11 30 19 11 30 19
0 11 44 0 44 24 9 46 32 21 24 39 15
0 4 41 11 43 9
1 4 47 19 38 6
1 2 44 35
0 1 11
1 9 9 9 46 13 9 46 13 9 15
0 6 29 11 48 2 32 2
1 11 17 7 15 2 7 31 42 0 30 17 8
1 14 17 43 48 44 26 0 47 25 27 48 30 41 3 41
1 8 5 32 15 45 5 26 32 8
1 8 17 43 48 17 5 19 21 45
0 3 48 38 6
0 6 19 32 22 22 18 15
1 7 30 41 3 43 9 17 2
1 2 44 35
1 5 47 33 25 9 8
1 7 41 37 36 37 36 28 5
0 5 5 32 22 22 39
0 19 5 2 43 48 29 11 19 11 30 30 30 30 15 30 30 19 2 2 11
0 2 25 5
1 18 29 2 2 11 30 19 11 19 2 11 19 2 11 30 19 11 19 11
0 5 9 9 17 30 2
0 3 14 17 2
0 5 36 9 49 9 15
1 7 47 25 27 48 41 28 14
1 6 47 25 23 17 21 45
0 3 28 14 14
1 2 44 35
0 14 30 43 9 21 47 43 9 46 21 44 21 8 9 15
0 3 43 24 45
0 4 30 46 21 18
1 5 47 18 27 28 5
1 5 17 21 28 38 21
0 3 19 9 16
0 8 48 17 36 36 26 32 22 8
0 5 2 21 31 32 45
1 5 30 41 3 19 15
0 6 6 41 47 20 7 12
1 10 29 11 19 11 30 30 30 19 11 19
1 12 17 21 19 21 19 31 8 38 40 40 21 40
0 2 27 35
1 18 9 9 46 21 8 9 46 13 9 46 13 9 46 13 9 17 33 2
0 3 13 32 19
1 4 9 9 17 33
0 8 17 21 19 18 36 13 38 21
0 8 47 33 25 9 2 26 40 45
0 5 43 39 21 45 20
1 5 17 43 48 47 19
1 7 29 11 30 19 11 30 30
0 2 5 33
0 8 47 18 26 2 46 45 40 45
0 3 43 24 45
0 10 17 7 0 31 30 15 2 5 3 28
1 9 30 41 4 43 9 17 33 33 2
1 13 9 9 46 13 9 46 21 47 41 4 43 9 15
0 5 41 1 38 49 31
1 1 29
1 1 29
0 3 28 18 41
1 17 47 18 26 2 48 34 16 45 23 9 16 34 6 2 48 45 23
1 5 30 41 11 19 15
0 13 19 44 26 0 29 2 11 19 2 44 23 25 11
0 5 5 15 44 19 46
0 3 30 9 46
0 3 21 35 2
1 6 47 25 23 29 11 30
0 4 1 4 12 40
1 9 44 26 0 47 19 37 36 38 6
1 21 5 2 7 15 2 21 19 46 20 32 32 32 32 32 32 32 32 32 32 32 32
0 3 25 42 10
1 8 47 25 27 48 5 32 15 43
1 24 17 7 0 30 15 32 15 43 2 43 48 9 9 46 13 9 46 21 44 21 8 9 17 2
1 6 30 41 3 43 9 15
1 23 5 32 15 29 6 31 42 31 42 0 30 0 30 0 30 15 32 15 43 32 22 22 8
1 8 47 33 25 9 16 45 23 23
1 15 29 11 19 2 11 19 11 30 30 19 2 11 30 19 2
1 14 29 11 19 11 19 11 19 11 19 2 11 30 19 11
0 4 17 7 10 25
1 2 44 35
1 4 29 11 19 2
1 17 30 41 3 19 46 21 17 46 21 47 41 11 41 4 43 9 46
0 5 46 30 43 9 17
0 2 35 48
0 21 29 2 2 2 11 30 19 11 30 19 28 19 11 23 30 30 30 19 2 5 11
1 5 47 17 28 0 13
1 7 17 5 19 29 2 5 19
0 2 17 28
0 4 32 41 28 21
1 14 47 25 49 27 23 9 8 27 23 23 9 4 2 48
1 11 9 9 46 13 9 46 13 9 17 33 33
1 1 29
0 5 47 19 36 28 5
1 13 29 11 30 30 19 2 11 19 11 19 11 30 19
0 4 47 19 38 12
0 3 41 9 9
0 5 9 9 17 30 2
0 2 29 7
0 5 41 1 38 49 31
1 19 5 32 22 22 15 6 17 15 29 6 17 22 15 44 26 32 22 22 8
0 4 17 42 32 7
1 12 30 41 11 41 3 41 3 41 11 41 4 19
0 3 41 9 9
1 2 44 35
1 2 44 35
0 6 18 27 37 15 38 6
0 4 6 41 13 38
0 5 47 17 9 1 38
0 3 45 9 33
0 3 25 6 41
0 4 41 31 38 40
1 9 17 21 8 38 40 40 21 40 40
1 9 17 43 48 29 2 11 19 11 30
1 16 5 2 7 17 15 43 32 15 43 32 15 29 43 32 22 15
1 8 5 32 15 43 32 15 44 8
0 8 2 43 23 48 41 38 39 6
0 11 29 11 30 19 2 11 30 19 10 11 30
0 7 9 9 46 13 10 9 15
0 7 48 9 46 17 13 9 46
0 3 47 16 26
0 1 32
0 21 29 2 2 2 11 30 19 11 30 19 28 19 11 23 30 30 30 19 2 5 11
1 7 30 19 46 21 8 9 15
0 4 29 24 2 2
0 4 17 21 5 8
1 2 44 35
0 4 5 2 21 11
0 1 11
0 4 5 30 19 46
0 5 44 24 12 9 15
1 5 47 18 31 14 13
1 6 17 21 28 38 21 40
1 20 29 2 2 2 2 11 19 2 11 19 11 19 2 2 2 11 19 2 11 30
1 12 30 41 4 41 3 43 9 17 33 33 33 2
0 2 43 3
1 11 5 2 43 48 30 41 11 41 11 19 15
1 2 44 35
0 3 37 21 35
1 7 41 28 0 14 38 35 40
0 3 47 28 3
0 5 5 32 22 15 44
1 2 44 35
1 9 17 21 31 38 40 40 40 21 40
0 3 9 34 8
1 4 17 5 8 8
0 2 39 28
1 6 17 21 28 38 21 40
0 2 10 20
0 6 30 43 9 35 13 46
0 8 48 17 36 36 26 32 22 8
1 10 44 26 0 41 28 14 14 38 29 13
1 4 5 2 5 31
0 9 0 26 44 9 9 17 7 33 2
0 7 5 2 7 0 30 17 12
0 19 29 2 30 19 11 19 2 11 19 2 11 15 19 21 19 11 19 2 2
0 5 17 33 8 33 8
0 2 28 14
0 5 18 47 5 33 27
1 13 30 43 9 46 13 9 46 13 9 46 13 9 15
0 3 10 16 9
0 5 41 41 25 19 15
0 4 34 13 10 41
0 2 11 10
0 8 28 0 36 21 14 0 0 13
1 2 47 19
1 9 29 2 2 11 19 11 19 2 2
1 2 44 35
0 5 18 2 23 47 15
1 19 5 32 22 22 15 6 17 15 29 6 17 22 15 44 26 32 22 22 8
1 5 30 19 17 33 33
0 3 7 20 11
0 5 3 9 13 9 15
1 10 41 28 35 35 35 14 14 38 9 12
1 3 47 18 41
0 2 40 41
0 2 2 30
0 2 30 11
1 4 41 38 35 40
1 11 30 41 4 41 11 43 9 46 13 9 17
0 2 21 19
0 4 47 44 24 9
0 3 49 5 31
0 6 32 22 22 22 22 8
0 5 22 5 32 24 40
0 4 42 41 33 6
0 4 5 7 29 5
0 5 43 39 21 45 20
1 12 5 2 21 31 38 40 40 21 40 40 40 40
1 3 47 33 27
0 4 48 41 31 41
0 3 9 43 15
0 7 23 33 15 2 21 31 8
0 16 17 7 17 15 29 43 32 1 32 15 43 2 43 48 29 2
0 6 25 28 35 0 43 13
1 4 41 38 35 40
0 15 9 26 0 29 11 19 2 2 2 2 11 30 30 11 30
0 1 32
0 1 6
1 6 17 43 48 30 43 9
1 14 47 25 49 27 23 9 8 27 23 23 9 4 2 48
0 5 22 20 19 45 2
1 2 47 19
0 3 1 25 4
0 6 42 44 15 32 17 3
1 2 44 35
0 2 21 5
1 4 5 2 21 8
0 5 2 21 31 32 45
1 13 30 19 46 13 9 46 21 44 21 44 13 9 17
0 2 34 5
1 5 47 25 49 27 23
0 8 8 47 33 25 9 8 27 7
1 6 29 2 2 11 30 30
0 5 15 30 47 18 8
1 4 9 9 17 33
0 3 42 19 20
0 10 33 5 32 22 37 22 15 43 32 8
0 3 41 38 2
0 6 37 36 38 14 38 6
0 8 33 47 25 42 7 49 27 34
0 4 47 17 28 28
0 3 24 40 8
1 11 41 38 29 14 37 36 37 36 38 35 40
0 11 30 43 24 47 8 46 38 4 9 17 2
1 2 44 35
0 2 26 15
0 9 44 24 9 46 13 0 9 17 2
0 3 7 30 32
1 2 44 35
0 4 30 11 19 34
0 13 19 44 26 0 29 2 11 19 2 44 23 25 11
0 7 47 26 26 2 41 40 45
0 3 47 31 38
0 3 26 0 10
1 2 44 35
1 6 47 33 27 23 23 23
0 5 13 21 29 44 11
1 8 47 19 38 29 14 38 16 40
0 3 25 42 10
0 2 40 41
0 3 17 21 38
1 16 5 2 43 48 17 43 48 17 7 15 2 7 15 32 22 8
0 7 17 19 17 9 21 33 33
0 7 44 26 43 0 9 9 15
0 15 31 5 14 2 21 11 28 38 21 40 40 40 40 40 40
0 3 8 2 43
1 1 29
1 13 5 32 15 43 2 7 31 42 15 2 21 19 46
0 3 11 27 23
0 12 39 5 2 7 5 36 31 42 31 42 17 8
1 10 29 2 2 11 30 19 11 19 2 2
0 4 47 37 36 5
0 5 17 43 1 4 41
0 4 1 4 12 40
0 1 11
1 6 41 37 36 38 35 40
1 2 30 19
1 19 44 26 0 17 7 15 2 43 48 5 2 7 17 22 15 43 32 22 8
1 2 44 35
1 9 47 17 38 29 14 37 36 37 36
0 4 9 19 9 15
0 3 0 29 11
1 10 44 26 0 29 11 30 19 2 11 19
0 3 0 9 2
0 1 11
0 8 29 2 2 2 2 11 9 30
1 1 29
0 3 7 21 28
1 8 30 19 46 21 47 19 17 2
0 5 21 30 0 41 37
0 3 39 47 5
0 3 9 43 15
1 7 5 2 21 28 38 21 40
1 2 44 35
0 6 17 28 31 2 6 37
0 3 26 10 25
0 5 43 33 41 27 23
0 10 38 47 25 23 20 43 48 27 33 25
0 4 42 9 9 1
0 2 30 11
1 21 17 5 19 29 32 15 6 17 22 15 43 32 22 22 15 43 32 15 44 28 8
0 6 31 41 32 42 20 8
0 7 10 26 0 45 5 8 8
0 3 9 30 15
0 3 16 11 19
0 3 15 24 10
1 14 29 11 19 11 19 11 19 11 19 2 11 30 19 11
0 2 0 38
1 7 5 2 43 48 17 21 31
1 6 17 21 26 2 21 19
0 5 41 3 43 36 2
0 4 19 35 46 17
0 3 3 23 5
0 7 30 29 3 9 46 13 15
0 3 1 47 18
1 5 47 17 38 29 13
1 6 47 33 27 9 46 8
1 6 30 41 11 43 9 46
0 1 6
0 6 43 48 7 17 44 8
0 4 9 9 33 16
1 21 44 26 0 5 2 21 31 38 40 40 40 40 40 21 40 40 40 40 40 40 40
0 10 34 8 44 24 36 9 46 21 24 39
0 10 9 46 21 21 47 4 41 3 43 9
0 6 30 43 9 35 13 46
0 9 0 26 44 9 9 17 7 33 2
0 22 5 2 43 48 34 5 26 30 15 43 2 21 31 38 40 40 40 21 17 40 40 40
0 4 11 30 15 30
1 5 29 11 30 30 30
1 14 17 5 8 38 21 40 40 40 40 40 40 40 40 40
1 6 47 17 37 36 28 3
0 3 47 12 10
0 5 47 9 23 36 15
0 4 30 17 33 2
1 6 17 43 48 30 43 9
0 2 2 30
0 3 41 38 13
1 1 29
0 3 47 18 35
0 8 47 33 25 9 2 26 40 45
1 4 41 38 35 40
1 7 30 41 3 43 9 17 2
1 11 5 2 7 0 30 31 42 31 42 17 8
1 6 44 26 0 17 5 28
0 8 5 2 44 43 5 45 48 35
0 5 31 17 43 48 29
0 4 9 19 9 15
1 18 5 32 22 15 45 7 0 30 17 22 15 44 26 2 21 31 38 21
0 5 30 41 41 11 19
0 3 30 9 46
0 2 3 26
0 6 43 17 7 23 33 8
1 1 29
1 20 29 2 2 2 2 11 19 2 11 19 11 19 2 2 2 11 19 2 11 30
0 11 29 11 45 30 19 11 30 30 30 30 19
0 1 11
1 8 17 43 48 30 43 9 17 2
0 2 40 12
1 4 29 11 19 2
1 4 41 38 9 40
0 2 16 22
0 4 17 11 5 32
0 4 13 18 43 42
1 4 5 2 21 8
1 1 29
0 4 22 26 0 29
0 2 3 26
0 2 30 21
0 9 30 16 26 41 4 43 33 6 9
0 7 3 29 11 30 30 41 19
0 3 9 29 44
1 2 44 35
0 24 47 33 23 23 23 23 23 9 1 2 48 45 9 8 9 1 9 2 40 45 40 45 40 45
1 4 41 28 0 14
0 3 31 18 35
1 1 29
0 4 38 20 44 14
1 2 44 35
1 2 30 19
0 5 30 41 41 11 19
0 7 29 41 3 43 48 17 2
0 5 14 47 5 43 9
1 4 17 5 8 8
0 2 46 42
0 6 29 44 9 18 28 15
1 2 44 35
0 5 27 41 0 48 35
0 4 30 30 19 45
0 7 5 2 7 0 30 36 8
0 13 47 27 23 23 9 6 44 46 40 45 40 47 45
0 2 40 17
0 5 30 48 31 9 7
0 2 3 5
1 21 29 11 19 11 30 30 19 11 19 11 30 19 2 11 30 19 11 30 30 19 2
1 2 44 35
0 4 11 30 15 30
0 12 30 43 9 46 49 13 9 24 41 9 17 2
0 4 38 14 44 14
0 5 46 30 43 9 17
1 7 47 33 25 23 9 41 46
0 4 41 46 41 35
1 3 17 5 8
0 3 5 32 22
0 4 25 45 10 37
1 1 29
1 9 41 28 0 14 37 36 38 29 14
0 9 44 17 43 48 5 2 33 28 41
1 13 5 2 43 48 29 11 30 30 30 19 2 11 19
1 2 30 19
0 4 21 24 9 15
1 4 29 11 19 2
0 9 49 47 33 35 27 9 1 2 48
1 7 30 19 46 21 17 17 2
1 7 47 33 27 9 8 27 23
1 9 29 11 19 11 19 11 19 2 2
0 7 17 9 15 22 22 22 8
1 23 17 7 31 42 31 42 17 22 22 15 6 0 30 15 2 43 48 9 9 46 13 9 15
0 5 20 47 18 10 2
0 4 13 18 43 42
0 6 29 41 2 11 30 19
1 5 17 5 19 31 45
1 14 17 7 0 30 31 42 31 42 0 30 15 32 22 8
0 10 5 2 5 38 40 40 40 40 28 40
0 5 41 38 36 34 31
0 13 43 9 39 40 21 28 8 9 46 21 47 43 9
1 7 29 11 19 11 19 2 2
1 16 29 2 11 30 30 19 2 11 30 30 30 30 30 30 30 19
1 8 47 17 37 36 37 36 28 5
0 3 48 22 44
0 3 7 30 15
1 17 17 7 0 30 0 30 0 30 31 42 15 2 43 48 9 9 15
0 2 39 43
0 1 32
1 14 17 43 48 30 19 46 21 47 41 4 41 4 19 17
0 4 3 2 19 2
1 6 30 41 11 43 9 46
1 6 17 7 31 42 31 42
0 4 25 45 10 37
0 5 17 43 9 17 18
