3134 50
0 12 41 25 24 27 27 34 20 31 48 26 5 48
1 9 22 29 49 44 15 15 15 15 15
0 3 11 18 9
1 9 10 32 24 10 43 8 0 41 41
1 13 26 1 5 11 41 48 41 48 11 8 14 34 24
0 10 3 9 22 13 34 24 12 28 12 28
0 3 11 35 14
0 4 22 44 0 9
1 7 3 37 44 26 5 21 30
1 7 36 34 24 28 12 12 12
1 20 15 0 32 45 37 9 34 18 37 6 45 9 5 45 2 23 2 29 28 41
0 6 26 39 35 10 31 2
0 2 24 18
0 5 12 28 41 12 27
1 9 10 16 3 47 44 16 8 36 40
1 11 42 43 1 46 34 19 18 23 34 16 11
1 6 3 22 1 46 13 32
0 8 22 24 44 11 33 27 5 48
1 8 49 34 0 16 36 41 14 40
1 4 25 27 36 15
0 5 15 44 0 21 9
1 3 37 12 44
0 5 31 32 45 40 18
0 5 0 11 48 36 31
0 4 1 11 12 27
1 8 34 19 45 43 38 29 28 41
0 8 34 28 1 10 45 41 0 26
1 6 3 1 32 45 40 18
1 15 26 11 8 9 39 1 24 44 11 32 36 15 15 15 15
0 9 25 2 44 12 39 39 5 29 38
1 9 22 3 15 15 15 15 15 15 15
1 4 3 3 36 15
0 7 23 23 34 18 45 12 8
1 10 22 46 34 20 2 46 37 15 31 3
1 3 33 41 37
0 7 40 36 23 48 41 27 41
1 19 3 39 0 8 22 24 44 16 23 39 0 20 31 16 21 6 25 28 41
1 5 40 8 0 15 0
0 4 30 27 5 48
1 12 49 34 0 16 36 41 27 43 43 49 47 20
0 9 40 43 31 49 33 44 27 5 48
0 19 12 10 19 41 26 18 45 46 21 31 20 31 32 44 32 25 28 43 24
1 10 22 9 42 19 5 21 14 1 1 1
1 9 40 8 40 11 24 41 27 30 7
1 7 12 9 34 6 15 19 28
1 12 25 45 21 49 47 29 28 43 24 41 9 47
0 9 37 12 19 11 32 26 15 5 48
0 6 25 14 23 29 5 41
0 10 10 12 41 23 19 46 15 21 12 44
1 5 26 48 41 9 21
1 6 3 37 22 22 22 27
0 18 32 44 36 19 49 18 34 44 29 28 20 37 21 49 33 10 15 15
1 6 25 19 31 29 28 41
0 4 15 26 19 32
1 8 44 41 37 32 32 32 32 32
0 3 26 4 39
1 6 37 31 44 16 11 47
0 4 11 0 0 40
1 9 22 29 45 8 23 41 36 13 40
1 5 22 23 24 11 41
0 11 13 32 32 32 21 32 32 32 32 32 32
1 20 34 19 27 3 40 21 29 19 29 1 29 39 21 31 44 16 37 24 48 40
0 3 2 36 13
1 6 28 43 35 26 6 14
1 4 15 21 6 34
0 4 5 47 12 40
1 2 13 32
0 16 3 3 27 31 15 21 31 32 24 33 41 31 39 34 18 28
0 16 37 31 32 38 16 37 44 34 15 20 21 12 44 15 15 15
0 3 25 49 21
1 41 15 34 20 31 16 23 45 45 23 34 44 29 28 43 8 0 49 23 19 31 32 44 0 49 23 2 44 44 16 41 43 8 36 20 49 22 29 35 4 40 49
1 21 22 9 5 45 34 0 32 8 0 20 19 31 29 28 43 45 3 47 29 28 41
0 13 37 12 18 23 29 27 20 21 25 11 41 49 18
1 15 26 11 8 9 39 1 24 44 11 32 36 15 15 15 15
1 24 3 23 0 20 31 32 32 8 23 41 0 39 35 17 42 34 23 2 20 31 32 29 28 41
0 24 10 44 42 16 17 42 34 44 35 26 31 43 23 36 29 19 43 45 23 21 12 26 5 48
0 3 32 8 40
1 7 40 44 36 5 36 48 40
1 6 42 43 19 19 6 34
1 13 26 49 34 39 34 18 40 21 24 26 21 31 16
1 8 26 4 9 11 45 39 14 34
0 8 13 32 32 32 15 32 32 32
1 7 22 24 21 6 39 35 34
0 4 2 12 9 37
1 8 25 4 22 19 15 2 10 15
0 7 36 34 41 3 15 15 15
0 22 41 26 41 48 48 41 0 25 2 30 1 28 43 8 40 35 4 15 43 20 49 31
0 3 16 28 20
0 7 23 24 33 31 42 12 40
1 11 49 2 29 47 31 23 27 3 34 13 40
0 13 49 15 16 41 24 40 4 0 37 18 44 9 41
1 16 25 25 39 44 48 18 23 18 1 20 31 11 32 33 46 11
0 8 15 31 4 2 32 44 14 40
1 8 15 23 18 1 32 8 9 47
0 3 12 17 27
1 3 28 41 28
0 5 35 38 17 16 15
1 3 40 24 48
1 7 40 44 36 5 36 48 40
1 4 12 44 44 15
0 6 16 29 31 41 0 34
1 6 12 19 41 28 12 40
0 7 3 40 1 26 5 21 30
1 5 34 5 39 35 49
0 10 18 15 49 24 4 11 19 17 16 31
0 5 2 3 33 33 9
1 4 22 23 36 20
0 6 33 26 32 32 32 20
1 22 25 17 44 16 45 46 11 26 32 32 32 32 32 32 32 32 32 32 32 32 32 32
0 7 7 22 37 24 21 31 20
0 18 25 25 11 41 48 18 1 5 26 49 22 17 44 44 32 44 40 47
0 12 26 24 10 24 48 34 39 43 5 15 1 40
0 7 40 21 45 43 36 13 20
0 5 25 18 3 5 48
1 5 36 34 15 35 41
0 2 7 44
1 6 49 21 31 20 31 16
1 5 44 0 41 37 32
0 8 28 41 21 12 29 28 45 41
0 29 3 37 44 7 21 15 19 5 21 14 49 49 1 49 1 49 49 49 1 1 49 1 1 49 49 49 49 1 49
1 3 42 6 14
1 13 10 29 28 43 44 40 4 23 41 9 18 41 41
1 2 13 32
1 9 22 3 15 15 15 15 15 15 15
1 7 15 0 32 24 41 14 40
0 3 12 0 0
1 14 42 34 24 28 28 28 12 12 28 12 28 28 28 28
1 5 49 15 11 30 12
1 16 42 34 24 28 28 12 28 28 28 12 28 28 28 12 12 28
0 3 18 11 8
1 10 22 9 42 19 5 21 14 1 1 1
0 5 44 34 35 49 40
0 8 22 24 44 11 33 27 5 48
0 27 23 17 16 17 5 21 14 6 49 44 35 26 49 24 4 17 28 43 43 27 18 12 44 47 34 16 31
0 4 13 38 32 32
1 12 42 43 20 31 9 42 21 31 29 28 30 15
1 5 28 43 0 36 40
0 4 42 43 6 35
1 6 25 27 26 5 21 14
0 17 10 20 31 35 17 5 45 15 25 43 17 12 29 28 43 13 23
0 15 37 5 19 48 44 29 15 28 43 36 43 38 44 16 31
1 5 34 35 30 35 48
0 14 36 34 18 32 4 4 15 34 36 28 12 12 1 12
0 6 26 39 35 10 31 2
1 7 25 25 36 32 45 39 23
0 22 3 44 43 1 29 28 10 43 43 47 34 1 21 31 29 28 30 1 43 24 48 40
1 6 12 19 41 28 12 40
1 5 40 8 36 13 40
1 8 3 1 16 11 4 0 41 41
0 5 22 27 5 6 48
0 7 33 0 41 37 32 14 32
1 22 10 20 31 16 23 47 15 19 31 32 21 24 8 40 8 23 1 4 24 4 49 36
0 5 45 15 19 44 20
1 11 10 32 21 29 5 36 10 30 1 28 41
1 6 22 23 17 44 16 31
1 22 49 49 24 4 17 44 44 32 24 41 23 41 36 1 29 24 20 36 32 8 0 34
1 8 26 11 8 9 48 1 24 34
0 3 28 45 44
1 5 34 13 34 24 12
0 11 7 34 19 25 36 32 49 47 39 49 5
0 6 34 18 27 17 19 4
1 8 42 19 0 10 32 43 24 31
1 14 49 15 36 20 31 48 47 20 31 35 39 16 34 16
0 4 44 44 41 32
0 15 40 21 24 11 48 17 49 42 21 15 21 12 36 15 20
1 6 12 19 43 0 26 21
0 5 25 17 32 33 39
0 6 40 13 5 37 45 18
0 43 49 3 3 24 10 44 29 28 30 13 31 14 13 31 14 14 14 1 28 43 8 0 19 19 35 25 30 30 1 28 30 14 14 37 45 23 21 15 49 31 4 11 21
1 11 15 23 47 49 24 4 24 49 34 44 20
0 6 3 22 1 27 31 48
1 13 10 44 20 31 32 44 16 17 5 45 19 5 48
1 3 33 41 37
0 2 48 32
0 5 8 29 42 42 13
1 3 42 6 14
0 17 37 12 49 24 4 2 49 4 47 34 0 20 31 11 24 32 36
0 5 37 12 34 35 47
1 10 22 9 42 2 9 42 19 5 21 30
1 5 44 0 41 37 32
1 3 28 41 22
1 6 34 5 37 24 41 40
1 13 36 34 6 26 34 6 15 34 39 19 35 15 19
1 8 40 21 17 20 31 48 24 13
1 6 34 19 18 39 40 47
0 4 39 26 40 44
1 11 49 2 29 47 31 23 27 3 34 13 40
0 8 34 2 29 7 11 41 48 47
0 3 3 48 9
0 4 7 25 2 32
0 7 30 8 49 36 15 33 15
0 4 22 11 15 15
0 4 5 22 9 40
1 8 3 23 44 48 26 5 21 14
1 6 25 29 35 4 23 18
0 6 40 24 35 24 43 40
1 7 40 44 36 19 27 47 20
1 15 22 29 11 4 27 43 21 39 44 48 3 12 19 43 13
1 6 22 29 25 29 13 40
1 6 40 21 47 15 4 24
0 5 29 7 21 18 32
1 9 36 34 4 26 34 39 19 13 13
1 7 34 5 3 36 15 15 15
1 22 25 24 20 29 19 49 18 21 31 44 44 20 31 32 32 24 41 23 41 40 39 1
0 4 15 41 48 49
0 9 49 2 9 42 21 15 21 18 31
1 2 42 6
0 4 36 24 44 9
1 4 10 16 15 40
0 5 46 33 41 37 32
1 11 49 49 22 29 35 1 20 34 34 16 31
1 7 15 23 45 45 3 3 36
1 21 25 19 15 34 23 39 44 32 32 44 40 1 1 3 15 15 15 15 15 15 15
0 5 24 0 0 41 37
0 4 33 35 32 27
0 3 3 8 40
0 4 14 4 0 23
1 11 26 11 44 36 5 8 22 24 44 48 36
0 10 34 35 1 48 29 1 17 48 29 40
0 4 12 1 44 36
1 5 36 34 18 11 9
1 8 37 15 31 24 34 32 44 14
1 10 3 37 9 34 4 15 34 39 34 24
0 10 44 4 26 32 32 32 32 32 32 32
0 2 19 46
1 14 42 43 20 34 23 29 5 39 35 11 39 35 41 48
1 6 3 22 1 27 5 48
0 4 0 9 41 37
1 8 25 4 22 11 48 41 27 41
1 3 34 5 34
0 3 33 28 18
0 6 22 23 26 36 16 34
1 12 40 43 47 15 11 11 43 39 0 29 28 41
0 10 30 35 1 5 45 24 0 16 15 40
0 6 25 29 1 24 24 20
0 3 1 3 15
0 7 33 40 46 43 29 13 40
1 21 10 44 16 41 30 13 31 14 37 24 41 23 41 40 11 24 10 43 24 48 40
1 8 25 49 47 16 11 4 14 40
1 14 15 0 20 31 11 32 24 22 27 5 21 14 49 49
1 7 42 43 1 27 5 21 25
0 6 13 46 47 32 18 15
1 9 40 21 2 20 31 48 44 15 15
0 12 40 45 23 23 36 32 43 36 16 27 10 15
1 2 10 16
0 2 44 27
1 6 42 34 4 15 19 28
0 5 26 0 10 15 15
1 20 37 12 19 16 23 38 20 31 32 20 31 16 0 44 16 8 34 35 49 40
1 7 12 9 34 6 15 19 28
0 8 13 32 32 32 15 32 32 32
1 8 25 27 18 21 31 29 28 41
0 6 12 30 39 6 7 14
1 51 12 44 24 25 38 44 29 28 30 14 14 13 31 14 13 31 14 1 28 43 45 22 1 9 5 38 36 10 36 7 36 10 36 7 36 7 36 7 36 10 36 10 36 16 17 36 7 36 7 36 7
1 2 13 32
0 14 36 34 18 32 4 4 15 34 36 28 12 12 1 12
0 11 15 44 11 15 12 15 15 15 15 15 15
1 48 42 19 35 15 34 15 19 36 20 31 32 29 28 43 24 10 30 37 44 23 1 39 34 32 8 0 17 42 2 24 21 31 20 31 16 21 15 31 46 22 46 10 16 11 30 36 36 48
0 8 40 49 39 23 19 31 16 34
1 7 40 45 39 9 49 34 24
0 4 26 23 15 36
1 8 44 41 37 32 32 32 32 32
1 15 22 29 45 43 39 21 31 29 28 43 24 41 9 48 18
1 24 3 22 35 48 41 0 26 15 27 33 9 42 15 47 34 34 32 8 27 30 37 21 47 2
0 20 3 33 22 19 39 34 29 28 19 44 40 18 49 34 32 43 39 23 18 40
0 10 32 42 34 39 19 35 15 19 28 35
0 6 40 24 35 24 43 40
1 16 49 49 22 38 29 28 30 14 14 37 43 18 39 40 39 13
0 5 3 48 1 44 20
1 20 42 19 35 15 19 13 35 15 34 39 19 35 15 43 1 3 15 15 15 15
0 2 44 49
0 8 40 49 39 23 19 31 16 34
0 10 37 44 15 49 15 15 41 15 15 15
0 6 35 12 22 44 36 44
0 5 46 33 41 37 32
1 19 34 35 41 48 49 34 18 34 19 49 27 44 16 23 18 40 1 45 24
1 7 28 43 35 26 19 28 14
0 9 17 39 18 1 20 48 38 44 9
0 7 11 41 32 49 32 32 32
1 5 42 34 18 42 19
0 3 40 35 0
1 19 40 8 36 20 21 15 49 24 4 45 8 36 35 49 34 18 22 3 15
1 7 25 27 33 27 5 21 25
1 6 34 19 18 39 40 47
0 4 36 34 39 35
0 15 42 19 0 37 6 5 26 21 15 31 46 22 27 5 48
0 13 45 7 41 14 34 4 15 21 13 34 4 26 6
0 1 5
0 5 44 45 19 12 40
1 37 3 40 41 27 43 24 41 23 41 0 41 30 13 31 14 1 28 43 43 36 44 29 28 43 21 2 16 45 27 5 21 14 1 49 1 49 1
1 6 49 2 46 28 12 40
0 3 30 34 34
0 2 12 28
0 7 40 31 4 21 24 48 40
1 12 49 34 0 16 36 41 27 43 43 49 47 20
1 12 42 43 19 47 15 18 22 20 15 49 36 15
0 3 18 20 30
0 3 44 0 5
0 10 25 44 38 48 44 20 16 36 32 45
1 9 25 11 1 20 49 24 4 27 44
1 8 26 4 9 11 45 39 14 34
0 13 15 0 29 34 28 43 43 25 47 19 39 21 30
1 14 28 43 0 11 26 32 32 32 32 32 32 32 32 32
1 7 34 19 24 39 48 36 15
1 5 22 23 29 35 21
0 4 11 37 4 32
0 5 34 5 45 25 18
0 6 3 37 34 39 6 35
1 11 28 12 34 15 1 24 21 31 16 11 47
0 14 36 34 39 19 35 26 19 35 15 34 17 15 13 40
0 15 10 20 31 8 44 16 5 48 33 46 49 16 19 5 48
1 6 37 6 25 28 30 7
0 4 15 14 48 18
1 10 25 47 19 5 21 14 49 1 49 49
1 10 12 44 27 21 31 44 32 8 23 18
1 9 26 41 48 39 20 15 11 18 31
0 4 31 36 32 14
0 5 28 41 36 37 34
0 2 40 17
1 13 36 34 18 40 44 0 8 10 44 32 44 9 47
1 6 42 19 0 12 9 40
1 37 10 44 20 31 16 21 6 3 47 44 44 29 28 43 21 47 15 17 32 43 47 21 6 36 10 30 13 31 14 1 28 43 21 45 24 10 41
0 11 10 29 28 43 45 36 24 37 21 29 40
0 3 40 24 10
1 8 15 0 44 44 29 28 30 15
1 11 3 3 33 9 5 45 31 27 5 21 25
1 4 3 23 44 16
0 9 12 19 48 34 6 15 30 28 35
1 48 42 19 35 15 34 15 19 36 20 31 32 29 28 43 24 10 30 37 44 23 1 39 34 32 8 0 17 42 2 24 21 31 20 31 16 21 15 31 46 22 46 10 16 11 30 36 36 48
0 2 2 39
0 3 40 24 10
1 13 37 15 49 22 2 16 20 11 4 36 35 18 31
0 6 27 18 44 36 29 7
0 17 28 41 49 49 22 4 31 4 45 21 39 0 29 28 5 30 7
1 11 42 19 35 15 34 6 26 43 35 49 40
1 10 3 3 26 5 21 14 1 1 49 49
0 3 31 22 24
1 31 28 43 13 0 25 11 11 43 29 19 24 3 19 32 20 31 48 19 16 44 11 32 24 15 44 16 21 15 19 5 48
1 10 40 21 36 16 11 18 20 27 44 15
1 20 49 21 31 16 3 27 34 32 45 22 5 39 48 18 21 31 44 29 28 41
1 5 22 23 29 35 21
1 6 3 22 1 46 13 32
1 13 40 21 27 47 44 29 28 43 43 11 30 35 48
0 10 37 45 31 29 18 16 11 35 18 34
0 3 24 44 10
0 1 32
0 9 40 43 31 49 33 44 27 5 48
1 11 40 43 49 24 42 43 35 41 48 48 18
1 10 37 12 27 23 18 22 1 27 5 48
1 9 25 27 47 32 43 36 29 28 41
1 10 25 47 19 5 21 14 49 1 49 49
1 3 25 4 31
1 6 3 1 29 28 30 15
0 11 21 31 16 25 28 43 8 24 9 23 18
1 3 33 41 37
1 21 12 44 19 32 20 31 32 44 44 44 20 31 32 44 32 8 14 34 15 13 40
1 19 34 20 34 23 49 47 29 28 30 37 43 45 24 10 43 43 18 37 27
1 16 10 32 43 27 18 0 44 20 31 16 21 12 26 5 21 25
1 9 15 0 32 24 41 0 11 30 48
0 9 49 34 21 12 24 2 10 15 15
0 16 42 20 20 31 9 42 49 31 4 18 37 37 19 41 11 44
1 16 37 6 39 32 16 25 28 30 1 28 43 44 40 4 9 18
0 18 32 44 36 19 49 18 34 44 29 28 20 37 21 49 33 10 15 15
0 9 3 20 42 31 12 26 5 21 37
1 21 10 32 8 23 1 25 38 16 11 4 9 18 45 29 18 37 19 41 3 40 18
1 11 49 49 22 47 49 22 49 47 29 28 41
0 6 34 1 9 38 5 38
1 8 15 23 18 1 32 8 9 47
1 10 49 21 31 44 32 24 41 9 49 40
1 15 28 41 28 43 35 15 19 0 15 21 6 37 44 9 47
0 3 28 12 3
0 4 13 45 28 32
1 12 15 23 38 20 31 11 32 3 40 24 48 40
0 11 42 43 35 41 30 36 44 36 36 35 48
1 13 34 20 34 23 27 24 15 23 38 32 24 48 40
0 3 12 6 35
0 7 25 17 44 44 20 16 31
1 6 22 29 25 29 13 40
0 6 26 9 39 35 48 18
1 10 34 19 18 40 1 17 20 31 48 44
1 23 40 45 39 0 36 41 9 1 5 36 10 43 44 0 25 28 43 45 37 19 41 3 40
1 10 49 21 31 44 32 24 41 9 49 40
1 5 28 43 0 11 0
0 2 34 6
0 6 12 47 32 21 24 40
0 4 26 12 14 44
0 3 13 40 12
0 3 45 5 32
0 4 30 27 5 48
1 12 37 12 33 24 21 15 49 22 45 44 40 41
1 4 36 34 39 19
1 5 15 23 29 5 34
1 19 36 34 6 15 19 35 26 43 20 31 24 21 15 2 27 5 21 14 1
1 8 15 21 31 16 8 28 12 40
1 10 42 34 6 26 34 18 3 3 44 15
0 2 34 41
1 9 49 15 29 13 34 15 35 48 18
0 3 34 19 17
0 3 21 49 40
1 3 40 24 48
1 8 26 1 13 34 4 15 6 14
1 22 42 19 35 15 43 19 29 5 26 34 0 44 29 28 43 24 10 43 45 39 9 21
1 6 34 13 34 39 6 35
0 4 44 31 0 26
0 14 15 34 20 31 11 32 36 15 15 15 20 5 15 22
1 9 34 1 24 21 15 31 9 42 2
1 26 22 24 0 29 28 30 1 28 43 8 36 19 24 8 34 5 49 23 45 21 18 1 32 44 40 41
1 7 10 32 21 24 39 48 18
0 9 40 45 23 25 35 25 28 30 49
0 17 42 19 0 10 29 47 28 43 24 42 41 36 20 40 19 5 48
1 6 34 1 46 34 5 34
1 5 10 44 32 24 48
1 9 42 43 19 24 8 42 19 28 14
0 10 18 22 20 40 38 44 32 8 0 34
0 2 24 18
1 7 34 19 24 39 48 36 15
0 6 44 41 49 32 32 32
1 7 36 34 24 12 12 12 28
1 11 44 26 32 32 32 32 32 32 32 32 32
1 20 37 12 3 36 34 4 26 43 20 21 31 32 21 11 49 34 6 26 6 35
1 6 22 46 40 8 14 40
0 6 13 32 25 32 32 32
0 9 10 20 5 31 32 22 34 29 49
0 3 13 13 32
0 12 30 42 43 6 14 34 12 12 12 12 28 28
1 9 15 44 16 44 48 26 5 21 25
1 11 40 24 48 34 4 26 34 24 12 12 12
0 3 10 1 39
1 4 49 2 10 15
0 9 49 31 44 5 21 14 1 49 1
1 8 10 32 21 2 32 45 37 27
0 10 25 24 41 43 45 1 29 22 28 41
0 26 49 2 24 0 29 28 30 46 37 43 38 32 45 39 35 27 43 43 45 43 29 35 1 35 48 18
0 11 3 3 47 44 44 6 38 5 1 28 41
0 5 18 12 23 13 32
0 12 36 34 15 5 37 45 22 24 26 19 5 48
1 7 10 32 44 36 1 3 15
1 21 10 32 8 23 1 25 38 16 11 4 9 18 45 29 18 37 19 41 3 40 18
0 6 49 19 5 11 21 25
1 4 10 16 15 40
1 13 26 1 5 11 41 48 41 48 11 8 14 34 24
1 6 3 3 26 5 21 25
1 10 36 34 15 19 49 27 21 6 15 0
0 5 28 19 15 6 35
1 6 15 34 16 36 48 40
0 10 42 34 18 3 30 23 44 35 15 0
0 4 48 43 40 18
1 11 49 49 22 29 35 1 20 34 34 16 31
1 12 42 43 35 41 48 4 23 41 36 35 4 23
0 5 18 12 23 13 32
1 11 3 22 19 19 6 8 36 34 39 6 35
1 5 34 35 41 48 47
1 5 10 32 43 24 34
1 5 42 19 35 15 6
1 6 34 5 39 35 45 3
1 13 26 1 5 26 49 22 39 34 44 29 28 30 15
0 2 35 47
0 8 33 41 37 32 32 27 32 32
1 28 40 45 23 0 20 31 16 21 12 27 34 44 16 45 24 44 32 20 31 16 34 44 44 20 31 35 15 0
0 1 32
1 17 40 43 18 22 1 24 34 44 16 37 21 47 34 0 29 28 41
0 9 44 0 41 37 32 35 32 32 32
1 14 3 39 27 43 21 27 19 32 29 28 30 1 28 41
1 8 22 9 42 15 49 19 48 36
1 7 28 43 0 26 39 5 36
1 7 40 44 36 19 27 47 20
0 2 35 47
1 9 15 21 15 31 10 15 15 15 15
0 16 3 23 44 16 34 32 8 36 35 49 8 34 24 38 12 28
0 9 34 34 23 24 17 21 31 18 20
0 3 37 40 18
1 3 26 18 49
1 7 22 46 22 23 45 24 48
1 8 40 21 19 15 49 22 11 41
1 24 36 34 39 19 13 0 37 31 44 44 44 44 44 20 31 16 23 24 20 25 38 16 15 0
0 19 28 21 47 27 15 15 11 18 11 48 1 12 17 16 41 43 24 48 34
0 3 12 35 9
0 4 49 15 18 44
0 12 25 48 36 24 4 11 22 1 5 25 28 42
0 4 25 43 15 14
0 12 40 45 23 23 36 32 43 36 16 27 10 15
1 7 10 29 28 43 44 9 47
0 4 3 26 33 48
1 5 26 39 35 30 2
1 5 36 34 24 28 12
0 3 0 12 43
0 3 12 20 6
0 6 20 10 22 19 43 13
0 3 39 19 42
1 11 26 11 44 36 5 8 22 24 44 48 36
1 32 37 15 49 31 4 38 44 32 45 23 44 11 32 27 44 35 8 12 22 22 19 43 35 15 34 6 15 19 0 42 6 14
0 7 27 37 31 32 21 24 31
1 10 36 34 18 44 0 41 37 32 32 32
1 4 34 20 2 3
1 12 36 34 6 26 34 4 26 19 13 13 28 14
0 7 25 38 37 44 4 16 44
1 4 49 2 10 15
1 6 26 48 1 2 16 34
1 10 34 5 37 45 39 23 41 0 11 21
1 5 37 6 39 35 31
1 20 42 43 19 36 16 20 27 19 16 34 29 28 30 37 45 23 23 11 48 18
0 5 10 32 3 22 7
1 26 22 24 23 11 1 20 2 29 17 29 28 43 8 0 3 19 48 18 23 27 44 15 15 15 15 15
1 8 49 21 31 16 25 28 30 15
1 13 12 9 34 4 26 43 19 45 45 39 40 30 48
0 5 11 10 15 15 15
0 32 49 49 31 4 49 3 10 20 31 35 17 5 38 36 10 36 10 36 16 17 36 10 36 16 44 46 31 16 44 10 31 7
1 10 26 4 0 26 2 24 23 11 41 48
1 12 42 43 20 31 9 42 21 31 29 28 30 15
1 14 40 44 9 39 5 17 5 45 2 29 45 45 40 18
1 3 42 6 14
1 13 34 20 15 19 15 21 12 24 10 32 8 0 34
0 5 44 26 46 32 9
0 4 16 27 37 13
0 17 28 41 49 49 22 4 31 4 45 21 39 0 29 28 5 30 7
1 7 28 43 35 15 34 24 28
1 24 10 44 20 31 16 34 32 43 2 44 20 31 16 23 36 44 20 31 35 39 11 32 36 15
0 11 34 34 22 24 31 39 32 44 43 49 4
0 2 35 26
1 8 3 23 44 48 36 15 15 15
0 2 33 36
0 4 21 24 1 20
1 13 34 13 34 39 34 6 26 43 1 9 42 2 3
0 5 8 29 42 42 13
0 4 7 15 48 5
0 3 45 33 44
0 10 3 39 11 20 33 23 1 24 15 40
0 4 23 0 42 9
1 7 3 1 20 31 35 15 40
0 2 16 13
0 2 8 14
1 6 22 29 2 44 44 20
1 2 42 6
0 7 25 5 32 36 15 27 15
1 2 13 32
0 8 39 37 12 27 21 15 19 25
0 2 3 11
1 29 42 19 13 13 35 15 34 15 5 17 42 21 31 16 20 24 25 28 43 21 19 15 21 6 41 30 1 28 41
0 16 22 24 0 38 16 38 36 48 34 24 22 12 12 12 12 28
1 5 36 34 18 11 9
1 5 42 19 13 13 28
1 11 49 34 21 15 15 39 44 48 33 10 15
1 8 3 23 44 48 26 5 21 14
1 11 37 31 20 31 11 32 27 44 48 47 20
1 5 36 34 24 28 12
0 3 36 31 40
0 5 19 35 30 8 12
1 9 3 1 20 31 11 32 26 5 48
1 3 33 41 37
1 4 40 21 36 20
1 8 26 11 8 9 48 1 24 34
1 21 37 6 20 11 49 34 15 1 29 45 43 45 8 0 45 23 49 47 16 15 0
1 3 26 18 34
0 11 3 0 13 20 31 35 39 17 32 36 15
1 12 49 34 44 48 47 20 31 16 44 48 24 28
0 4 49 38 27 26
0 3 0 15 4
0 4 28 43 28 27
1 8 49 15 39 0 29 28 30 7
0 4 0 13 37 40
0 5 40 33 1 36 14
1 3 10 44 20
1 11 3 22 19 19 6 8 36 34 39 6 35
1 4 40 43 29 13
0 8 37 6 17 7 11 19 5 48
1 16 25 36 16 36 41 23 1 2 44 29 28 30 13 31 14 7
1 5 10 32 43 24 34
0 2 6 35
0 8 25 39 44 16 1 31 32 34
0 5 36 34 0 9 19
0 5 14 42 17 6 14
0 22 42 43 19 27 19 11 16 37 36 19 25 19 6 3 19 16 47 4 22 47 2 3
1 9 12 44 19 11 32 27 21 6 34
1 7 3 39 9 48 41 14 40
0 18 34 5 37 43 45 45 40 1 25 17 16 49 0 5 36 41 40 21
1 7 26 48 1 47 19 5 48
0 4 21 16 40 47
1 27 28 43 0 42 43 20 15 39 34 20 31 35 37 44 36 13 34 6 15 34 15 5 26 31 27 5 48
1 13 15 34 29 28 30 14 14 13 31 14 14 14 7
1 20 42 19 35 15 19 13 35 15 34 39 19 35 15 43 1 3 15 15 15 15
0 8 3 13 11 37 19 12 20 40
1 21 42 43 19 29 19 38 29 28 43 45 23 44 35 37 43 39 0 32 8 27 41
0 3 16 36 34
1 6 37 6 25 28 30 7
0 3 14 21 40
0 23 40 21 24 49 23 39 34 32 21 4 11 48 1 24 8 33 41 37 32 32 32 32 32
0 9 34 35 27 43 24 41 9 37 0
0 4 48 22 12 42
1 19 13 32 32 32 32 32 32 32 32 32 32 32 32 32 32 32 32 32 32
0 2 40 3
1 17 37 15 31 24 34 32 21 25 25 45 24 48 34 18 28 12 40
0 2 10 2
1 10 15 21 31 16 20 39 0 29 28 41
0 7 3 3 28 33 47 14 30
0 2 35 20
1 12 34 20 31 9 42 15 19 31 44 29 28 41
1 9 28 43 35 15 43 5 25 28 41
0 6 26 11 44 14 8 40
1 16 10 29 28 30 13 31 14 13 31 14 37 45 3 24 13 32
1 7 34 19 17 29 28 30 7
0 22 42 43 19 27 19 11 16 37 36 19 25 19 6 3 19 16 47 4 22 47 2 3
1 26 40 8 27 43 43 4 24 4 27 27 23 36 20 31 11 32 18 0 44 20 31 48 47 29 28 41
0 4 14 4 0 23
0 3 26 26 14
1 4 15 44 32 20
0 9 40 45 23 25 35 25 28 30 49
0 4 16 27 37 13
0 3 12 35 9
1 11 3 3 18 23 2 16 36 41 0 15 0
0 4 49 19 6 11
1 16 34 19 4 24 4 17 44 20 31 48 33 29 25 11 49 40
1 9 34 19 39 44 11 32 26 5 48
0 11 49 15 8 45 43 29 19 45 8 12 41
1 2 13 32
0 5 16 40 8 40 47
1 3 34 5 34
0 9 12 19 48 34 6 15 30 28 35
1 12 40 21 27 47 16 37 43 39 34 29 28 41
1 10 10 44 44 32 8 27 43 21 45 24
0 9 10 16 37 24 41 0 28 15 40
1 14 15 23 24 49 21 12 18 34 32 24 41 40 1 13
1 12 28 41 26 49 34 4 15 19 35 15 6 35
1 17 12 44 3 12 19 12 34 18 12 22 44 47 44 44 16 15 40
1 11 3 3 18 23 2 16 36 41 0 15 0
0 7 40 3 39 23 41 27 41
1 6 42 19 0 12 9 40
1 3 42 6 14
0 9 25 18 1 7 28 20 14 14 7
0 10 5 3 8 44 20 31 35 4 45 3
0 3 12 22 20
0 3 11 27 44
0 2 15 6
1 10 28 43 0 15 21 12 19 32 32 24
1 18 37 15 34 23 38 32 8 23 1 19 12 47 29 28 43 24 10 41
1 7 42 34 18 28 41 36 40
1 7 36 34 24 28 12 12 12
0 3 10 29 28
1 13 34 1 23 4 24 4 29 1 46 12 19 12 40
1 3 42 6 14
1 2 13 32
0 7 40 17 14 34 33 35 12
0 10 37 31 32 29 27 14 1 27 20 5
0 20 37 15 34 21 31 44 40 32 45 22 5 3 35 39 35 49 44 32 44 20
0 3 18 10 13
1 5 25 2 29 28 41
1 9 34 1 23 11 18 17 42 49 24
0 3 28 12 3
0 6 12 47 32 21 24 40
0 10 34 1 23 4 21 22 37 22 49 44
0 5 37 31 15 16 34
0 25 10 20 31 48 18 0 44 32 4 21 47 15 38 20 31 35 41 30 37 24 41 0 41 30 7
1 44 40 43 25 29 19 19 12 18 23 11 18 37 21 27 47 29 28 30 13 31 14 14 14 14 14 1 28 30 1 28 43 24 10 30 13 31 14 14 14 37 8 9 11 24
0 28 3 22 32 19 29 19 27 19 48 47 32 45 37 9 1 34 26 4 28 43 13 34 18 40 24 10 30 15
0 29 3 37 44 7 21 15 19 5 21 14 49 49 1 49 1 49 49 49 1 1 49 1 1 49 49 49 49 1 49
0 2 0 18
0 16 32 39 35 1 5 29 20 31 10 15 15 15 15 15 15 15
1 51 12 44 24 25 38 44 29 28 30 14 14 13 31 14 13 31 14 1 28 43 45 22 1 9 5 38 36 10 36 7 36 10 36 7 36 7 36 7 36 10 36 10 36 16 17 36 7 36 7 36 7
1 37 3 40 41 27 43 24 41 23 41 0 41 30 13 31 14 1 28 43 43 36 44 29 28 43 21 2 16 45 27 5 21 14 1 49 1 49 1
1 9 28 12 34 24 12 28 12 12 28
1 7 34 19 2 44 29 28 41
0 4 48 43 40 18
1 5 40 45 22 1 3
1 24 22 46 10 16 3 27 23 27 19 32 16 3 18 44 11 32 44 15 15 15 15 15 15 15
1 17 49 15 38 32 21 2 32 44 23 41 36 19 25 17 29 28 41
1 9 28 41 33 26 32 32 32 32 32
0 7 5 15 34 32 32 32 32
1 22 26 11 45 23 0 44 29 28 30 37 44 14 34 39 19 0 13 32 32 32 32 32
0 6 33 26 32 32 32 20
1 9 10 20 31 16 34 44 16 15 0
1 14 49 2 29 45 44 40 39 1 24 23 49 44 15 15
0 7 33 40 46 43 29 13 40
1 18 10 44 16 45 29 19 12 33 29 27 27 21 12 47 32 8 40 21
1 2 42 6
0 13 37 31 25 29 28 10 43 21 7 19 12 33 3
0 3 26 19 40
1 3 42 43 1
1 10 22 46 37 31 44 32 45 22 5 34
1 3 44 26 32
1 17 34 13 34 15 20 34 0 16 25 28 43 21 39 23 19 12 36
0 2 45 35
1 5 12 44 26 5 48
1 7 12 22 9 34 15 35 21
0 9 44 0 41 37 32 35 32 32 32
1 6 40 45 3 3 33 26
1 28 22 24 21 12 47 32 43 18 39 27 30 37 44 14 34 4 26 34 6 26 43 1 23 47 2 27 5 48
1 8 34 1 46 26 48 41 40 47
1 7 42 34 18 28 43 28 35
1 12 3 40 1 11 41 48 11 43 29 5 41 41
0 10 25 44 38 48 44 20 16 36 32 45
1 8 37 6 3 44 15 15 15 15
0 2 47 12
0 13 12 9 34 15 19 4 22 29 40 35 41 48 47
1 11 34 5 11 39 5 36 10 43 24 48 40
0 6 25 27 28 6 47 15
0 13 36 34 15 12 22 44 19 32 15 32 24 10 41
1 4 25 27 36 15
0 4 49 15 18 44
1 5 28 43 0 11 0
0 3 38 34 13
1 11 26 39 1 24 23 17 29 28 43 24 48
0 18 25 25 11 41 48 18 1 5 26 49 22 17 44 44 32 44 40 47
0 12 4 20 24 44 32 19 42 2 27 7 5 30
1 11 28 41 22 46 3 39 0 17 42 49 31
0 13 26 1 5 26 4 31 4 49 26 21 14 1 49
1 11 34 5 11 39 5 36 10 43 24 48 40
1 17 37 15 31 24 34 32 21 25 25 45 24 48 34 18 28 12 40
0 17 28 12 34 24 12 28 12 12 28 28 28 28 12 28 12 27 28
1 7 10 29 28 43 44 9 47
0 2 10 45
1 8 40 8 14 34 6 26 6 35
0 3 11 45 0
0 2 46 36
0 6 18 34 6 15 6 14
1 20 22 24 21 12 47 32 43 29 1 27 5 21 14 49 49 1 1 1 49 49
0 6 28 43 35 26 6 21
1 7 40 45 3 26 5 21 25
0 3 16 36 34
0 5 44 39 37 32 32
1 7 37 15 15 17 16 15 40
0 12 15 0 44 0 8 6 41 27 43 30 44 41
0 6 37 30 39 35 6 31
1 15 22 29 11 4 27 43 21 39 44 48 3 12 19 43 13
0 15 26 1 19 17 44 16 3 18 21 12 33 31 45 19 5
0 2 7 44
1 13 36 34 24 12 28 28 12 12 28 12 28 28 12
1 5 40 43 11 30 12
0 14 15 34 20 31 11 32 36 15 15 15 20 5 15 22
0 3 39 19 42
1 30 25 19 31 32 43 47 34 21 31 44 29 28 43 8 23 1 17 29 28 43 24 41 36 20 31 24 23 36 16 31
1 12 49 2 46 25 45 45 37 44 36 15 15 15
0 6 37 7 10 41 30 7
1 8 34 20 21 31 44 29 28 41
1 8 49 34 34 20 31 48 36 15
0 13 36 19 47 21 6 8 32 41 12 44 18 0 20
0 18 3 40 1 17 44 23 1 39 16 0 20 31 11 32 19 35 15 0
0 2 30 0
0 13 26 11 44 23 24 37 21 37 20 27 26 5 30
0 6 15 23 44 35 41 30
1 3 42 6 14
0 4 44 7 43 12
1 14 37 15 34 0 29 28 30 14 14 14 14 14 14 7
1 9 28 41 49 34 21 6 20 2 20
1 5 10 29 28 30 7
1 9 10 16 3 47 44 16 8 36 40
1 3 33 41 37
0 17 3 22 46 41 30 13 31 14 37 45 37 44 36 15 15 15 15
0 16 3 23 44 16 34 32 8 36 35 49 8 34 24 38 12 28
0 25 49 21 31 20 31 42 34 32 45 22 20 19 5 21 14 49 49 49 1 1 1 1 49 1 1
1 24 28 43 0 28 43 0 10 20 31 16 0 32 8 40 4 14 34 4 15 19 0 33 0 26
1 6 37 12 19 35 15 0
0 10 37 31 32 29 27 14 1 27 20 5
1 10 3 37 44 3 22 46 22 29 45 24
1 3 44 26 32
0 5 26 0 10 15 15
0 17 28 43 10 37 31 29 28 30 14 14 1 28 30 13 31 14 15
1 2 13 32
1 5 15 0 29 28 41
1 19 34 20 15 4 24 4 38 29 28 30 13 31 14 1 28 30 14 14 7
1 9 34 5 26 15 18 23 23 29 1
0 10 23 23 27 47 32 21 45 21 4 24
0 19 25 25 26 19 31 29 33 28 43 45 3 44 15 15 49 15 15 15 15
1 6 15 34 32 44 27 41
0 5 13 32 10 32 32
1 3 42 6 14
0 7 15 25 0 9 12 46 3
1 11 34 35 49 34 6 15 43 20 19 5 48
1 10 10 16 41 43 8 0 3 44 15 15
1 11 3 1 16 26 49 22 11 39 35 30 12
0 3 12 9 28
1 5 28 41 36 34 24
1 25 10 32 45 37 9 34 18 37 12 19 48 24 10 32 45 3 24 26 41 48 11 43 2 16 34
0 3 44 17 44
1 11 34 5 11 39 19 19 15 2 27 5 48
0 2 44 17
1 7 49 2 10 15 15 15 15
1 9 22 46 34 20 31 27 5 21 30
0 17 5 6 12 34 18 24 28 28 12 12 12 28 25 28 12 28 28
1 14 40 21 25 25 4 31 4 18 22 5 26 19 5 48
0 4 44 32 0 32
1 5 40 8 9 18 31
1 14 40 43 36 20 31 11 32 27 23 39 44 11 32 36
1 3 42 6 14
1 10 42 34 6 26 34 18 3 3 44 15
0 3 16 28 20
0 3 33 28 18
1 26 42 34 15 35 18 20 29 13 34 39 34 39 19 0 12 44 27 34 44 16 26 19 5 21 14 49
0 6 46 29 27 5 21 14
1 3 33 41 37
0 6 13 32 25 32 32 32
0 4 25 43 15 14
0 3 14 21 40
1 6 22 24 21 6 15 40
1 2 13 32
0 6 3 22 1 27 31 48
0 13 25 4 22 39 44 32 32 8 36 20 20 15 39
0 15 25 38 32 21 39 44 38 0 17 42 15 4 24 4 4
0 6 16 29 31 41 0 34
1 7 42 34 18 28 43 28 35
1 10 34 1 9 42 15 39 0 29 28 41
1 11 40 24 10 43 24 41 27 43 21 18 23
1 7 49 15 27 36 15 15 15
0 5 12 28 41 12 27
0 11 37 15 21 8 12 33 9 5 38 36 10
1 6 42 34 4 15 6 35
0 5 37 31 15 16 34
1 11 22 24 0 20 31 16 0 44 29 28 41
1 7 12 19 12 34 39 6 14
1 27 28 43 0 42 43 20 15 39 34 20 31 35 37 44 36 13 34 6 15 34 15 5 26 31 27 5 48
0 5 21 37 15 41 24
0 7 23 15 2 44 35 15 40
1 10 28 41 37 31 29 28 30 1 28 41
0 6 26 19 36 44 30 7
0 9 10 16 37 24 41 0 28 15 40
1 6 42 43 5 39 32 20
1 4 40 45 39 23
0 20 3 33 22 19 39 34 29 28 19 44 40 18 49 34 32 43 39 23 18 40
1 41 15 34 20 31 16 23 45 45 23 34 44 29 28 43 8 0 49 23 19 31 32 44 0 49 23 2 44 44 16 41 43 8 36 20 49 22 29 35 4 40 49
1 5 36 34 4 26 19
1 7 3 40 41 40 39 35 21
1 17 49 21 12 19 48 47 44 20 31 48 27 23 17 32 21 11 21
0 10 34 1 23 4 21 22 37 22 49 44
0 11 28 43 13 13 0 26 9 48 39 5 31
0 3 33 41 32
1 11 3 3 18 21 6 39 48 26 5 21 30
0 5 34 18 30 32 3
1 14 40 45 23 0 32 24 48 34 18 34 5 25 28 41
0 6 19 33 21 25 45 44
1 17 12 44 3 12 19 12 34 18 12 22 44 47 44 44 16 15 40
1 10 36 34 4 15 19 35 26 43 13 40
1 9 15 34 20 31 11 32 26 5 48
0 3 13 46 32
1 6 15 34 29 28 43 24
0 10 22 24 21 31 44 41 31 35 45 34
1 2 13 32
1 6 34 1 10 15 15 15
1 3 42 6 14
0 11 40 8 36 20 38 6 36 34 39 6 14
1 5 12 44 26 5 48
0 5 25 9 29 28 41
1 4 34 20 2 3
1 6 28 41 25 2 16 34
0 4 8 44 11 24
0 23 21 41 48 49 34 6 15 43 35 0 25 28 43 43 18 1 20 31 11 32 30 15 15
1 14 10 20 31 11 32 27 34 29 28 43 45 37 9 40
1 9 26 41 48 39 20 15 11 18 31
1 36 49 15 4 22 38 20 31 16 34 20 31 48 24 12 9 34 6 15 43 1 24 23 25 17 44 44 32 43 49 18 44 32 32 44 14 40
1 12 3 1 16 20 17 29 28 30 1 28 43 24
0 8 10 20 31 48 26 5 21 35
1 7 26 11 45 3 26 5 48
0 7 31 44 21 32 32 32 32
1 32 25 39 44 35 49 23 17 16 20 2 44 16 49 0 16 39 32 20 31 11 32 36 15 15 15 15 15 15 15 15 15 15
0 6 12 43 34 41 36 46
1 8 15 23 17 32 43 38 44 20
1 6 42 19 35 26 19 13
0 2 21 18
0 5 22 10 41 15 15
1 6 40 45 3 3 33 26
0 12 19 10 43 35 15 43 5 37 16 25 47 34
0 2 34 42
0 3 33 16 9
0 30 37 6 17 42 15 4 24 4 18 1 44 29 28 30 14 14 37 43 47 21 12 41 32 32 8 0 18 34 1 3
1 7 12 19 41 25 36 16 36
1 5 12 19 41 13 32
1 8 25 49 47 16 11 4 14 40
1 7 34 1 24 23 24 11 41
1 9 25 17 44 44 16 3 33 10 15
0 4 3 26 33 48
0 4 21 24 1 20
1 8 26 39 1 9 42 19 5 48
1 12 40 43 2 20 31 16 21 15 49 22 27 36
0 9 15 17 11 18 39 13 2 45 40
1 7 15 21 15 21 12 36 15
0 2 35 20
1 2 10 16
1 10 26 4 0 26 2 24 23 11 41 48
1 11 26 49 34 18 42 43 19 25 49 36 15
1 14 12 9 34 4 26 43 35 4 40 4 9 4 27 41
0 8 15 34 29 28 30 8 15 0
1 8 49 31 9 5 45 19 5 48
1 11 34 5 37 24 41 36 35 11 21 18 23
1 24 28 43 35 15 34 39 19 13 13 0 40 8 40 1 35 4 9 1 20 21 6 25 28 41
0 4 7 25 2 32
0 4 22 22 22 27
0 4 26 24 34 21
0 14 3 3 3 25 32 32 43 29 24 19 38 16 45 3
0 9 25 18 1 7 28 20 14 14 7
1 5 36 34 24 12 28
0 10 40 21 19 15 21 31 32 44 41 41
1 5 34 19 29 1 10
0 4 49 34 31 5
1 7 3 39 9 48 41 23 18
0 3 36 40 45
1 3 3 39 0
1 27 12 9 34 6 26 43 35 11 45 3 18 34 44 20 31 32 20 31 11 32 27 44 32 44 29 28 41
0 4 26 41 38 32
0 8 37 31 23 44 48 44 15 15
0 7 32 5 20 44 24 5 31
0 3 15 33 32
0 9 49 2 25 13 34 18 26 49 40
0 12 41 12 16 45 46 33 44 40 11 6 48 40
0 5 15 44 0 21 9
0 7 11 41 32 49 32 32 32
1 13 42 19 35 26 43 5 39 32 44 20 31 48 44
1 9 15 44 35 20 45 44 36 13 40
0 8 3 13 11 37 19 12 20 40
1 9 26 4 14 34 24 28 28 28 12
0 4 44 41 9 32
1 26 22 24 23 11 1 20 2 29 17 29 28 43 8 0 3 19 48 18 23 27 44 15 15 15 15 15
1 6 42 34 4 15 19 28
1 18 25 49 47 44 16 37 24 41 9 48 41 27 30 37 43 25 11 47
1 9 12 19 43 13 13 35 26 6 14
0 7 44 39 41 37 32 32 32
0 4 28 43 23 28
0 17 10 32 8 13 40 18 5 17 42 15 45 45 40 22 41 41 48
0 7 15 44 45 27 5 13 27
1 5 10 29 28 30 7
1 17 40 43 18 22 1 24 34 44 16 37 21 47 34 0 29 28 41
1 17 15 34 16 39 16 44 32 29 28 43 21 29 35 41 48 1 13
0 2 24 17
1 20 37 12 19 16 23 38 20 31 32 20 31 16 0 44 16 8 34 35 49 40
0 10 37 45 31 29 18 16 11 35 18 34
0 7 27 37 31 32 21 24 31
1 6 15 0 32 24 10 41
1 32 34 1 46 22 23 18 23 44 48 18 34 29 28 43 8 36 13 34 15 20 21 15 31 9 42 49 22 19 31 29 28 41
0 12 31 9 23 29 42 32 19 17 41 16 15 0
1 8 15 21 31 16 8 28 12 40
1 4 49 21 6 34
1 7 10 32 44 40 18 15 40
0 13 37 12 18 23 29 27 20 21 25 11 41 49 18
0 5 33 26 28 32 49
1 7 26 11 45 3 26 5 48
0 11 42 34 15 48 36 44 32 43 11 30 5
1 2 13 32
1 8 34 20 19 5 21 14 1 49
1 4 10 16 26 34
1 20 26 39 19 2 16 37 8 14 34 18 26 1 20 34 44 16 34 29 28 41
0 2 40 27
0 9 37 31 35 16 37 44 23 8 18
1 6 22 46 40 8 14 40
0 4 28 40 42 25
0 1 5
0 2 13 41
0 10 12 44 47 16 29 9 42 19 5 48
1 9 28 43 0 26 49 34 18 12 27
0 9 28 43 35 15 43 35 18 28 41
0 20 27 12 27 44 29 34 20 31 48 24 13 10 32 32 32 32 32 32 32 32
1 4 22 46 42 6
1 8 3 1 16 26 31 3 15 15
0 10 12 44 47 16 29 9 42 19 5 48
1 16 49 21 12 24 25 38 20 31 11 32 19 11 32 3 26 21
1 7 40 24 48 34 39 6 14
0 5 24 31 21 15 15
0 3 21 5 15
0 26 37 6 45 9 5 45 15 4 22 39 44 16 21 6 49 0 16 41 43 8 36 35 1 10 15 15
0 15 25 38 32 21 39 44 38 0 17 42 15 4 24 4 4
1 3 33 41 37
0 20 22 4 26 43 20 2 46 48 37 15 21 12 33 24 34 20 9 37 47 20
1 12 3 40 41 9 48 41 36 5 45 27 5 48
0 6 40 40 5 9 43 48
1 9 36 34 6 26 19 35 15 6 14
0 6 28 43 35 26 6 21
1 15 25 27 18 0 32 21 47 21 31 44 16 11 30 35 48
1 8 3 1 16 11 4 0 41 41
1 19 26 48 1 25 25 18 1 16 8 25 27 47 32 24 10 43 24 48 34
1 5 12 22 19 43 13
0 11 42 43 35 41 30 36 44 36 36 35 48
1 15 33 0 41 37 32 32 32 32 32 32 32 32 32 32 32
0 26 49 49 31 4 39 10 34 44 20 31 16 0 16 15 35 8 15 23 4 49 24 18 28 41 44 26
1 7 12 22 9 34 15 35 21
0 17 42 43 13 9 34 7 15 1 27 19 5 44 15 8 15 15 15
1 7 40 8 27 30 1 28 41
1 12 34 35 4 40 39 13 34 4 26 19 28 14
0 2 44 3
1 6 22 9 42 31 10 15
1 24 3 22 35 48 41 0 26 15 27 33 9 42 15 47 34 34 32 8 27 30 37 21 47 2
0 9 49 31 44 5 21 14 1 49 1
0 6 33 24 12 32 32 32
0 22 25 24 41 14 34 6 15 19 0 9 28 41 42 19 0 26 48 41 23 41 0 34
1 10 10 29 28 30 1 28 43 24 48 40
1 8 3 3 33 24 23 18 40 18
0 6 3 39 0 11 49 48
1 26 40 44 9 4 0 49 23 47 15 17 20 31 32 29 28 43 43 19 31 44 32 45 39 0 15 40
1 31 12 44 33 9 42 21 31 16 8 40 8 23 1 4 22 38 44 29 28 43 44 0 17 5 45 34 21 6 8 22 10
0 7 3 40 27 33 46 44 9
1 14 25 29 5 41 43 45 1 32 24 48 34 24 28 12
1 8 25 36 16 39 48 26 5 48
1 3 37 15 31
0 5 2 3 33 33 9
0 4 44 36 3 32
0 3 3 33 44
0 12 22 23 2 32 43 36 37 15 15 15 15 15
1 39 25 18 22 20 34 23 36 20 31 32 44 20 31 16 44 35 37 21 38 16 39 32 32 43 39 44 32 20 31 11 32 33 29 2 20 31 35 41 41
1 8 37 6 3 44 15 15 15 15
0 6 26 9 39 35 48 18
0 2 3 11
0 6 37 30 39 35 6 31
1 19 22 24 21 15 34 23 38 16 49 23 38 44 32 44 27 43 8 27 41
1 13 34 19 17 32 21 36 44 16 11 30 35 35 12
1 5 15 0 29 28 41
0 2 27 39
1 11 15 0 16 49 34 32 43 45 8 23 18
1 8 49 15 39 0 29 28 30 7
1 21 10 44 16 41 30 13 31 14 37 24 41 23 41 40 11 24 10 43 24 48 40
1 2 13 32
0 12 15 23 19 31 30 20 31 32 29 17 30 15
1 2 42 6
1 9 26 41 48 41 48 48 41 14 40
1 3 15 23 11
1 6 15 34 16 36 41 23
1 6 42 43 20 34 34 20
0 2 11 3
0 3 12 6 35
0 1 32
0 5 47 34 42 17 41
0 10 3 40 41 27 37 14 34 4 27 6
0 5 10 16 37 44 31
1 6 42 43 1 46 36 40
1 17 34 1 46 37 31 20 31 35 8 15 34 16 3 26 5 21 14
1 6 15 34 29 28 30 7
1 8 34 1 24 0 29 28 30 15
0 5 45 21 26 32 32
0 3 49 0 36
0 5 13 32 10 32 32
0 18 25 25 39 46 31 32 38 29 28 20 21 11 1 19 18 3 36 15
1 4 42 19 0 33
0 5 36 22 25 30 21
0 5 5 6 8 26 19
1 2 13 32
1 5 34 19 29 1 10
0 3 26 32 32
1 15 12 44 27 23 47 15 36 20 31 35 45 29 45 8 40
1 16 28 43 0 3 23 34 44 32 43 27 27 34 44 29 28 41
1 5 12 19 41 13 32
1 5 12 44 24 49 31
1 9 10 20 31 11 32 26 5 21 30
0 4 0 9 41 37
1 7 12 9 34 6 26 34 24
0 14 22 46 37 12 44 44 16 3 24 11 41 37 44 32
0 2 24 17
0 5 28 19 15 6 35
0 8 25 29 19 18 1 16 21 36
1 9 10 32 24 10 43 8 0 41 41
0 3 12 20 6
1 2 13 32
1 10 37 12 19 48 44 15 15 15 15 15
1 14 28 41 49 31 46 40 21 49 27 44 32 16 15 40
0 29 42 43 19 45 45 23 44 35 37 8 40 48 1 25 39 21 39 44 32 20 31 48 19 32 32 44 23 1 18
1 18 34 19 17 44 20 31 32 16 26 31 24 21 31 44 44 29 28 41
0 1 18
0 3 28 39 43
1 8 37 15 31 24 34 32 44 14
0 11 36 34 4 26 25 8 45 39 19 28 14
1 11 22 23 49 19 32 16 8 33 0 41 37
1 32 25 39 44 35 49 23 17 16 20 2 44 16 49 0 16 39 32 20 31 11 32 36 15 15 15 15 15 15 15 15 15 15
0 10 34 1 23 27 24 6 43 0 33 9
0 15 49 34 20 31 32 16 26 15 25 34 22 24 28 28 28
0 2 16 40
0 10 47 13 40 18 22 35 1 0 1 3
1 6 34 1 10 15 15 15
1 5 34 5 49 0 20
0 9 3 20 42 31 12 26 5 21 37
0 3 45 5 32
0 9 49 34 21 12 24 2 10 15 15
0 1 7
1 6 44 41 37 32 32 32
0 3 0 36 38
1 6 25 27 33 10 15 15
1 6 34 20 19 5 21 30
1 14 40 45 23 0 32 24 48 34 18 34 5 25 28 41
0 2 40 9
1 13 37 6 17 5 45 31 9 5 45 21 12 36 15
1 12 10 29 28 30 14 14 13 31 14 14 14 15
0 16 3 23 0 44 44 29 28 43 45 37 19 12 18 44 41 37
1 10 49 49 31 4 36 20 31 48 36 15
0 2 20 16
1 3 42 6 14
1 9 25 17 44 44 16 3 33 10 15
0 4 26 12 14 44
0 8 37 6 17 7 11 19 5 48
1 2 13 32
1 11 22 23 49 19 32 16 8 33 0 41 37
1 6 42 19 13 13 28 14
0 6 40 2 11 0 0 9
0 3 13 0 32
1 6 42 19 13 13 28 14
1 5 40 8 9 18 31
1 3 42 6 14
1 21 42 34 39 43 20 21 15 49 31 4 47 49 22 38 29 28 30 37 45 39 14
0 8 26 42 34 15 32 35 49 40
1 10 36 34 6 15 34 39 34 39 6 14
0 2 30 0
0 24 10 44 42 16 17 42 34 44 35 26 31 43 23 36 29 19 43 45 23 21 12 26 5 48
1 6 26 48 1 2 16 34
0 3 49 0 36
0 1 20
1 24 22 46 10 16 3 27 23 27 19 32 16 3 18 44 11 32 44 15 15 15 15 15 15 15
1 8 26 18 26 21 15 19 5 48
1 5 40 45 22 1 3
0 19 28 43 35 15 19 34 0 12 19 41 26 11 8 23 1 47 19 5 48
0 6 25 22 8 34 9 40
0 2 5 34
1 6 26 1 19 36 44 20
1 11 10 32 21 29 5 36 10 30 1 28 41
1 2 13 32
0 5 25 18 23 36 34
1 14 37 15 34 0 29 28 30 14 14 14 14 14 14 7
0 4 22 11 15 15
1 8 49 34 0 16 36 41 14 40
0 14 22 9 5 45 49 31 47 21 20 22 29 43 5 34
1 4 25 18 37 19
1 8 42 43 1 23 11 4 40 47
0 3 49 39 2
0 24 25 18 3 27 0 20 31 11 32 33 24 34 10 16 26 49 34 31 4 49 19 11 32 33
1 19 40 8 36 20 21 15 49 24 4 45 8 36 35 49 34 18 22 3 15
1 7 34 19 47 31 10 15 15
0 5 2 34 35 20 30
1 9 22 29 45 8 23 41 36 13 40
0 4 10 38 49 21
1 6 49 49 22 24 15 0
1 13 34 20 15 19 15 21 12 24 10 32 8 0 34
0 11 26 3 3 36 15 15 24 8 15 15 15
0 6 44 0 32 32 32 32
1 6 12 19 43 0 10 20
0 9 37 31 35 16 37 44 23 8 18
0 4 26 23 15 36
1 5 42 19 35 15 6
1 7 15 23 36 20 31 35 34
0 10 22 46 3 3 19 28 48 18 34 20
0 40 22 46 24 15 11 11 43 41 25 19 12 24 26 4 23 41 27 43 8 0 41 43 44 40 39 20 34 44 48 33 9 5 38 36 46 16 17 36 7 36
1 20 22 24 23 25 18 3 24 49 34 44 48 27 23 36 16 49 23 49 24 3
0 25 25 38 16 20 17 44 16 11 39 3 5 41 43 44 9 11 8 27 30 13 31 14 14 14 15
0 13 13 32 32 32 32 32 1 32 32 32 42 32 32
1 13 42 34 15 5 20 18 23 23 45 8 9 1 13
1 5 26 41 48 18 34
1 6 40 21 47 15 4 24
1 8 26 39 1 9 42 19 5 48
1 6 12 9 34 24 12 28
1 7 42 19 35 15 19 13 28
1 2 42 6
1 10 12 44 27 21 31 44 32 8 23 18
0 13 37 31 25 29 28 10 43 21 7 19 12 33 3
1 6 40 21 47 21 6 34
1 6 37 15 19 5 21 30
1 17 28 41 37 15 31 23 47 34 0 16 36 48 34 24 12 28 12
0 3 12 17 40
1 7 15 0 32 24 41 14 40
1 24 10 44 20 31 16 34 32 43 2 44 20 31 16 23 36 44 20 31 35 39 11 32 36 15
1 17 15 23 25 4 22 25 4 31 4 36 32 43 45 8 27 30 15
0 7 1 41 11 48 41 40 47
0 2 33 40
0 6 33 44 41 37 32 32
0 3 12 9 28
0 3 24 44 10
1 11 25 38 20 31 16 44 11 32 44 15 15
1 6 10 44 44 16 15 40
0 15 37 6 26 49 22 38 16 39 11 32 33 46 42 29 19
0 18 36 34 4 8 34 6 15 43 19 17 32 43 39 44 11 32 36 15
0 3 45 33 44
1 29 42 19 13 13 35 15 34 15 5 17 42 21 31 16 20 24 25 28 43 21 19 15 21 6 41 30 1 28 41
1 7 49 2 24 34 29 28 41
0 15 25 17 29 28 43 21 25 17 29 28 30 1 28 30 28
0 15 40 21 24 11 48 17 49 42 21 15 21 12 36 15 20
0 4 47 10 33 22
1 17 28 41 37 15 31 23 47 34 0 16 36 48 34 24 12 28 12
0 5 33 3 42 37 29
1 20 15 0 32 45 37 9 34 18 37 6 45 9 5 45 2 23 2 29 28 41
0 5 3 48 1 44 20
1 8 40 8 14 34 39 19 28 14
0 6 34 20 12 30 27 2
1 15 25 4 24 4 18 23 23 36 32 21 29 19 18 40 18
1 10 15 0 20 31 35 26 19 5 21 25
1 6 10 16 36 41 14 40
1 21 26 11 43 25 36 32 21 27 27 34 32 44 0 26 49 24 4 18 22 13 40
1 18 49 34 44 16 23 11 1 5 41 43 43 36 32 43 36 29 28 41
0 9 12 44 24 49 32 44 5 39 11
0 4 22 46 33 32
0 8 25 17 16 39 10 26 5 21
0 17 36 3 22 35 1 15 18 37 44 27 44 16 23 48 47 31 3
0 2 5 34
0 5 28 11 41 7 44
0 12 26 39 19 24 29 35 18 26 2 27 21 30
1 4 25 29 13 40
1 18 15 21 6 8 26 41 48 18 45 46 42 43 5 41 30 1 28 41
0 7 23 24 33 31 42 12 40
0 4 42 20 6 29
1 15 42 19 13 0 28 43 35 26 34 39 34 15 19 27 36
0 7 10 29 28 43 45 7 9
0 4 0 43 24 0
0 5 44 28 41 16 37
1 4 49 2 10 15
0 2 27 9
0 3 10 29 15
0 7 40 21 45 43 36 13 20
0 4 8 44 11 24
0 11 36 45 34 18 10 44 44 32 45 37 19
1 11 25 2 20 31 35 17 5 45 31 46 36
0 2 44 17
0 5 31 32 45 40 18
0 10 18 15 49 24 4 11 19 17 16 31
1 6 22 29 2 44 44 20
0 11 42 31 28 32 43 2 29 41 46 32 28
1 6 49 49 22 24 15 0
0 6 49 15 49 32 26 38
0 20 27 12 27 44 29 34 20 31 48 24 13 10 32 32 32 32 32 32 32 32
1 6 12 19 12 34 39 6
1 7 42 34 39 34 39 6 35
1 3 44 26 32
0 5 36 22 25 30 21
0 4 26 24 34 21
0 17 36 34 30 4 26 34 18 26 38 49 34 15 35 18 44 25 47
1 16 15 44 35 25 28 43 45 39 36 35 48 41 0 17 5 38
1 13 25 19 31 44 20 31 32 20 31 48 26 5 48
0 18 34 5 37 43 45 45 40 1 25 17 16 49 0 5 36 41 40 21
0 5 3 28 31 12 40
0 2 33 40
0 3 0 15 4
0 20 22 4 26 43 20 2 46 48 37 15 21 12 33 24 34 20 9 37 47 20
1 4 15 21 6 34
1 4 15 21 6 34
0 3 47 18 44
1 19 49 21 31 32 8 27 43 21 38 32 24 10 43 43 36 32 24 41 9
1 4 11 0 41 37
1 16 25 36 16 36 41 23 1 2 44 29 28 30 13 31 14 7
0 4 42 21 6 14
0 3 25 49 21
0 13 30 25 33 32 0 44 27 21 38 32 6 8 23
0 9 42 46 20 24 44 32 29 28 23
0 5 10 24 21 12 14
1 6 25 27 24 33 26 32
0 2 34 41
1 30 49 34 21 12 33 46 22 23 2 29 28 30 14 14 37 21 4 22 38 32 21 36 32 24 41 23 41 9 30 2
1 6 49 2 46 3 3 18
0 4 27 5 20 6
1 3 49 2 10
0 4 49 38 27 26
0 7 17 20 34 44 15 43 40
0 10 10 19 41 36 34 15 1 3 15 15
0 8 44 49 24 4 17 38 45 24
0 3 11 7 44
1 10 49 49 31 4 36 20 31 48 36 15
0 4 14 41 37 32
1 7 26 48 1 47 19 5 48
1 3 10 44 20
1 4 40 44 9 47
1 13 36 34 24 12 28 28 12 12 28 12 28 28 12
1 12 40 44 27 30 37 45 23 21 6 25 28 41
1 26 40 8 27 43 43 4 24 4 27 27 23 36 20 31 11 32 18 0 44 20 31 48 47 29 28 41
1 11 28 41 10 16 45 29 38 29 28 30 7
0 9 28 43 35 15 43 35 18 28 41
1 2 13 32
1 22 25 17 44 16 45 46 11 26 32 32 32 32 32 32 32 32 32 32 32 32 32 32
0 16 37 31 32 38 16 37 44 34 15 20 21 12 44 15 15 15
1 9 15 34 32 45 1 29 28 30 15
0 4 11 26 34 32
1 6 40 21 47 21 6 34
1 3 25 4 31
0 6 33 44 41 37 32 32
1 8 10 44 44 32 24 10 30 7
0 3 25 16 36
0 26 3 22 19 47 7 21 12 47 29 28 43 44 36 20 2 16 5 38 36 16 17 36 7 10 43 10
0 5 10 20 43 45 32
1 7 42 34 39 34 39 6 35
0 21 3 19 41 25 28 38 43 2 20 17 35 36 41 14 34 15 37 45 3 36 15
0 11 1 47 31 24 23 39 21 15 19 5 48
1 14 40 43 36 20 31 11 32 27 23 39 44 11 32 36
0 8 26 42 34 15 32 35 49 40
1 9 34 5 26 15 18 23 23 29 1
1 7 40 21 25 18 39 0 31
0 4 44 31 0 26
1 10 44 0 0 41 37 32 32 32 32 32
1 26 40 44 9 4 0 49 23 47 15 17 20 31 32 29 28 43 43 19 31 44 32 45 39 0 15 40
1 11 42 43 1 46 34 19 18 23 34 16 11
1 7 49 34 23 45 8 14 40
0 19 15 23 35 49 34 6 15 19 0 40 44 27 43 43 18 3 26 5 48
0 5 40 33 1 36 14
0 5 14 42 17 6 14
1 2 13 32
1 6 49 2 46 28 12 40
1 7 34 19 36 32 24 48 40
0 4 44 7 43 12
1 11 12 44 27 44 16 23 36 44 16 15 40
0 3 5 33 36
1 7 22 24 21 12 24 33 9
0 12 36 34 15 5 37 45 22 24 26 19 5 48
1 7 34 5 49 21 12 3 15
1 8 40 43 2 44 32 24 48 34
1 4 3 3 36 15
1 21 40 24 10 30 37 43 19 6 8 40 21 27 27 34 32 21 39 0 16 15 40
1 13 34 35 4 0 36 41 0 25 28 43 24 48 40
1 6 49 2 46 3 3 18
0 3 11 27 44
1 5 10 44 32 24 48
1 7 28 43 0 26 39 5 36
0 15 49 27 31 44 21 32 44 11 34 15 13 34 39 6 35
0 6 40 40 5 9 43 48
0 12 40 45 22 13 34 39 34 6 45 34 18 26
0 8 25 39 44 16 1 31 32 34
1 10 3 3 26 5 21 14 1 1 49 49
1 20 49 21 31 16 3 27 34 32 45 22 5 39 48 18 21 31 44 29 28 41
1 5 12 19 41 26 47
1 7 22 46 22 3 15 15 15
0 7 11 30 48 31 42 32 32
0 7 22 27 5 26 14 5 25
0 4 36 18 13 32
0 5 10 29 4 28 41
1 7 3 40 41 40 39 35 21
0 11 1 47 31 24 23 39 21 15 19 5 48
1 5 3 39 40 30 2
0 4 19 27 15 44
1 5 22 23 47 31 10
1 14 3 40 41 40 41 48 39 19 2 44 32 44 23 18
1 16 12 22 9 34 15 13 34 39 43 1 27 5 21 14 1 1
1 28 42 43 35 18 8 34 19 39 44 16 34 20 31 32 16 49 0 20 31 16 34 44 44 16 45 9 42 2
1 6 22 9 42 31 10 15
1 6 42 19 0 10 16 34
0 4 22 46 33 32
0 19 12 22 44 27 20 16 49 0 34 32 24 41 42 1 36 20 31 31 20
0 4 48 22 12 42
0 7 33 0 41 37 32 14 32
1 39 25 18 22 20 34 23 36 20 31 32 44 20 31 16 44 35 37 21 38 16 39 32 32 43 39 44 32 20 31 11 32 33 29 2 20 31 35 41 41
1 11 37 31 29 28 43 45 3 26 5 21 25
0 10 5 3 8 44 20 31 35 4 45 3
0 7 30 8 49 36 15 33 15
1 2 13 32
1 10 22 9 5 38 36 16 44 46 31 7
1 24 42 43 19 4 22 36 16 45 29 2 44 16 8 10 16 26 49 31 4 19 15 19 5 48
1 8 25 25 11 4 23 41 14 40
0 12 15 0 44 0 8 6 41 27 43 30 44 41
0 3 11 35 14
0 5 40 40 2 20 9
0 6 41 27 5 19 21 30
0 22 3 44 43 1 29 28 10 43 43 47 34 1 21 31 29 28 30 1 43 24 48 40
1 2 13 32
1 10 49 19 5 21 14 1 1 49 1 49
1 14 40 43 17 32 45 3 18 0 29 28 43 8 23 18
1 8 40 8 0 39 48 3 44 44
1 5 25 2 29 28 41
1 28 40 45 23 0 20 31 16 21 12 27 34 44 16 45 24 44 32 20 31 16 34 44 44 20 31 35 15 0
1 11 28 41 22 46 3 39 0 17 42 49 31
1 6 25 19 31 29 28 41
1 5 42 34 6 26 34
1 3 49 2 10
1 26 3 23 23 27 47 32 8 40 11 44 14 34 15 20 15 24 45 23 4 24 4 24 17 42 2 3
0 3 36 40 45
0 8 25 29 19 18 1 16 21 36
1 3 3 3 44
1 4 12 44 44 15
0 3 0 36 38
0 15 49 34 20 31 32 16 26 15 25 34 22 24 28 28 28
0 5 24 0 0 41 37
1 6 42 43 20 34 34 20
1 2 25 11
1 6 42 43 19 19 6 34
0 2 22 0
1 9 36 34 39 19 0 12 44 36 15
0 5 12 11 32 30 22
0 18 42 19 35 26 34 46 19 19 10 29 28 43 8 14 34 39 6 14
0 2 11 3
1 12 25 47 21 31 29 28 43 21 36 29 28 41
1 3 34 5 34
0 17 49 15 11 4 17 33 11 1 19 12 29 34 44 16 8 28 43
1 2 13 32
1 8 37 6 39 32 44 16 41 41
1 9 28 43 35 15 43 5 25 28 41
1 23 26 18 39 11 32 19 35 26 31 24 0 32 45 1 16 26 34 34 20 31 35 39 16
1 6 12 44 18 44 48 36
1 6 44 41 37 32 32 32
1 6 44 41 37 32 32 32
1 2 13 32
1 3 42 6 14
1 10 36 34 4 15 19 0 37 6 11 30
0 27 10 16 36 41 9 18 8 37 32 20 31 48 24 20 34 23 17 29 28 43 43 4 22 17 29 28 41
1 5 36 34 4 26 19
1 21 37 6 20 11 49 34 15 1 29 45 43 45 8 0 45 23 49 47 16 15 0
1 4 25 18 37 19
1 3 3 3 44
1 15 28 41 12 44 26 5 21 14 49 49 1 49 1 1 49
0 10 34 1 23 27 24 6 43 0 33 9
0 9 28 12 17 34 18 11 0 0 9
0 18 37 31 32 43 2 44 32 45 1 20 31 32 20 31 32 29 28 25
0 10 22 24 21 31 44 41 31 35 45 34
1 9 28 41 49 34 21 6 20 2 20
1 6 3 37 44 26 5 48
1 4 28 43 0 11
1 9 34 1 24 21 15 31 9 42 2
0 15 15 23 17 32 21 21 49 34 4 15 19 35 26 6 35
1 6 15 0 32 21 11 21
0 8 49 21 12 44 9 15 15 15
1 5 42 19 35 15 34
1 9 40 45 40 1 38 44 16 15 40
1 7 22 29 2 16 3 44 15
0 10 23 23 27 47 32 21 45 21 4 24
0 8 33 41 37 32 32 27 32 32
1 7 3 22 19 47 31 10 15
1 16 49 21 12 24 25 38 20 31 11 32 19 11 32 3 26 21
0 4 37 37 31 24
1 9 10 20 31 32 29 28 43 24 48
1 42 49 34 34 29 28 30 1 28 30 14 14 14 14 13 31 14 13 31 14 14 14 13 31 14 37 24 41 40 39 20 31 9 5 45 2 10 15 15 15 15 15 15
1 21 40 44 36 20 31 23 36 44 44 20 31 16 23 2 44 29 28 43 24 10 41
1 14 28 41 49 31 46 40 21 49 27 44 32 16 15 40
1 32 34 1 46 22 23 18 23 44 48 18 34 29 28 43 8 36 13 34 15 20 21 15 31 9 42 49 22 19 31 29 28 41
0 12 26 24 10 24 48 34 39 43 5 15 1 40
0 27 3 40 1 17 28 43 8 4 0 8 10 32 21 39 34 16 39 32 32 44 40 39 19 25 24 15 0
0 3 11 45 0
1 6 12 44 18 44 48 36
0 18 42 19 35 26 34 46 19 19 10 29 28 43 8 14 34 39 6 14
1 8 22 24 44 11 32 3 13 32
0 2 44 3
0 4 44 32 0 32
1 11 12 44 27 44 16 23 36 44 16 15 40
0 4 34 35 43 29
0 6 25 14 23 29 5 41
1 20 22 24 0 32 44 40 11 8 36 20 21 31 20 31 32 44 16 8 22 3
1 9 25 36 29 28 43 44 9 48 18
0 3 21 22 14
1 3 15 23 11
0 4 33 26 32 12
0 17 28 12 34 24 12 28 12 12 28 28 28 28 12 28 12 27 28
0 2 26 31
1 6 3 1 32 45 40 18
1 9 28 43 0 26 49 34 18 12 27
1 10 34 19 18 40 1 17 20 31 48 44
1 8 26 1 13 34 4 15 6 14
0 2 8 14
0 17 10 20 31 35 17 5 45 15 25 43 17 12 29 28 43 13 23
1 5 37 6 39 35 31
0 6 49 19 5 11 21 25
0 10 18 22 20 40 38 44 32 8 0 34
0 30 25 24 17 5 45 15 4 22 19 12 18 42 7 34 44 29 28 30 37 44 23 1 34 18 37 43 27 12 36 15
0 22 41 26 41 48 48 41 0 25 2 30 1 28 43 8 40 35 4 15 43 20 49 31
0 3 40 35 0
1 11 11 26 32 32 32 32 32 32 32 32 32
0 8 28 30 41 34 1 23 49 44
0 18 36 34 4 8 34 6 15 43 19 17 32 43 39 44 11 32 36 15
0 6 43 6 3 3 26 47
0 3 15 0 23
1 22 49 49 24 4 17 44 44 32 24 41 23 41 36 1 29 24 20 36 32 8 0 34
0 10 32 19 34 44 44 35 41 24 10 30
1 9 49 21 31 32 45 23 21 12 36
0 6 3 39 0 11 49 48
1 7 25 4 22 45 44 27 41
0 6 13 46 47 32 18 15
1 24 36 34 39 19 13 0 37 31 44 44 44 44 44 20 31 16 23 24 20 25 38 16 15 0
1 11 40 24 48 34 4 26 34 24 12 12 12
0 5 49 2 2 23 35
0 3 3 9 21
0 8 44 41 30 37 32 32 24 32
0 10 10 44 26 44 20 32 26 6 21 25
1 15 33 0 41 37 32 32 32 32 32 32 32 32 32 32 32
1 7 42 34 18 28 41 36 40
1 13 26 1 5 26 49 22 39 34 44 29 28 30 15
0 14 10 32 21 11 49 34 19 15 43 1 3 15 15 15
1 11 25 38 20 31 16 44 11 32 44 15 15
0 6 15 23 44 35 41 30
1 11 49 34 21 15 31 27 5 21 14 1 1
1 12 40 43 47 15 11 11 43 39 0 29 28 41
1 14 12 9 34 4 26 43 35 4 40 4 9 4 27 41
1 18 22 23 4 31 4 49 24 26 18 41 30 1 28 30 37 8 14 40
0 5 44 7 33 28 32
0 4 8 9 35 36
0 12 41 12 16 45 46 33 44 40 11 6 48 40
1 5 26 41 48 18 34
1 9 26 41 48 41 48 48 41 14 40
0 7 29 23 29 1 27 5 48
1 10 12 19 41 22 29 18 37 19 43 28
1 7 36 34 6 26 19 28 14
0 3 18 20 30
0 3 18 11 8
1 10 34 5 8 42 19 35 15 34 18 11
0 5 14 49 49 22 18
0 7 36 43 34 10 29 28 41
0 12 34 44 32 32 43 27 31 44 15 15 15 15
0 4 22 44 0 9
0 1 32
0 4 42 13 43 13
0 4 13 38 32 32
1 3 26 18 49
1 10 28 41 37 15 21 15 34 34 16 34
1 11 15 23 47 49 24 4 24 49 34 44 20
0 1 18
0 2 15 6
0 7 15 44 45 27 5 13 27
0 4 10 38 49 21
1 10 40 43 24 37 21 47 31 3 15 15
0 4 42 13 43 13
1 11 49 49 22 47 49 22 49 47 29 28 41
1 7 36 34 6 26 19 28 14
1 30 15 23 17 20 31 32 44 20 31 11 32 18 34 44 16 26 34 34 16 49 21 31 16 37 45 22 20 19 5 48
0 1 18
0 3 3 33 44
1 6 34 20 49 31 4 24
0 16 3 3 27 31 15 21 31 32 24 33 41 31 39 34 18 28
0 4 42 18 24 28
1 14 28 43 0 11 26 32 32 32 32 32 32 32 32 32
0 15 49 27 31 44 21 32 44 11 34 15 13 34 39 6 35
0 5 21 37 15 41 24
1 19 49 21 31 32 8 27 43 21 38 32 24 10 43 43 36 32 24 41 9
0 6 19 49 18 21 19 49
0 4 13 10 32 32
1 6 36 34 18 12 44 44
0 13 12 9 34 15 19 4 22 29 40 35 41 48 47
0 21 3 19 41 25 28 38 43 2 20 17 35 36 41 14 34 15 37 45 3 36 15
0 4 23 22 2 26
0 17 37 31 29 28 43 15 39 27 30 14 14 14 12 14 14 14 7
0 27 26 11 24 41 36 19 18 5 18 34 20 31 32 16 36 10 30 13 31 14 14 37 24 48 34 6 26
0 5 35 34 1 10 26
1 23 40 45 39 0 36 41 9 1 5 36 10 43 44 0 25 28 43 45 37 19 41 3 40
1 5 12 44 24 49 31
1 5 42 34 6 26 34
1 8 25 4 24 4 49 3 12 9
1 8 44 0 41 37 32 32 32 32
1 8 49 34 34 20 31 48 36 15
0 3 38 40 24
0 2 22 37
1 2 13 32
0 16 26 18 43 31 16 8 49 34 21 15 31 23 29 35 4 47
1 9 10 16 37 24 41 36 20 49 31
1 6 42 19 35 26 19 13
0 7 15 25 0 9 12 46 3
1 18 40 21 49 18 21 31 32 44 0 49 44 35 26 15 27 18 34 20
0 5 25 44 26 32 32
0 3 31 22 24
1 7 49 21 15 2 9 5 38
1 6 15 34 16 41 30 15
0 4 23 0 0 43
0 2 33 32
1 6 25 27 24 33 26 32
0 2 40 44
1 13 37 15 49 22 2 16 20 11 4 36 35 18 31
1 12 40 43 2 20 31 16 21 15 49 22 27 36
0 19 28 43 35 15 19 34 0 12 19 41 26 11 8 23 1 47 19 5 48
0 14 26 41 48 48 1 32 8 36 8 29 47 19 5 48
1 24 28 43 0 28 43 0 10 20 31 16 0 32 8 40 4 14 34 4 15 19 0 33 0 26
1 9 49 21 31 32 45 23 21 12 36
0 4 1 11 12 27
1 17 10 20 31 32 16 39 16 34 32 43 17 20 31 35 17 5 38
1 12 25 47 21 31 29 28 43 21 36 29 28 41
1 14 10 20 31 11 32 27 34 29 28 43 45 37 9 40
1 17 34 1 46 37 31 20 31 35 8 15 34 16 3 26 5 21 14
1 20 34 20 49 24 4 17 29 28 30 1 28 43 45 40 1 49 33 29 24 45
0 4 5 47 12 40
0 5 40 44 40 25 47
0 6 46 29 27 5 21 14
0 1 32
1 5 37 31 29 28 41
0 6 34 1 9 38 5 38
1 9 22 46 49 15 47 31 27 5 48
0 3 13 46 32
1 11 10 32 44 40 11 21 4 22 19 12 44
1 9 10 32 8 40 49 34 15 5 31
0 3 47 18 44
1 9 10 20 31 32 29 28 43 24 48
0 6 40 2 11 0 0 9
0 6 34 18 27 17 19 4
0 3 15 33 32
1 2 13 32
1 6 15 34 16 41 30 15
1 19 26 48 41 23 41 36 5 45 29 4 22 27 18 44 48 33 27 5 48
0 11 3 0 13 20 31 35 39 17 32 36 15
1 11 10 16 45 46 42 19 35 15 19 28 35
0 5 37 12 34 35 47
1 7 25 4 22 45 44 27 41
1 7 36 34 4 26 19 28 14
0 7 25 17 44 44 20 16 31
0 3 26 4 39
0 14 38 32 8 9 19 29 28 43 14 19 6 25 15 0
0 6 25 29 1 24 24 20
0 3 24 43 41
0 2 20 16
0 5 16 40 8 40 47
1 11 3 1 16 26 49 22 11 39 35 30 12
1 18 10 44 16 45 29 19 12 33 29 27 27 21 12 47 32 8 40 21
1 6 3 1 16 11 39 1
0 10 34 35 1 48 29 1 17 48 29 40
1 2 34 1
1 12 3 40 41 9 48 41 36 5 45 27 5 48
1 7 40 45 39 0 8 12 27
0 10 14 44 33 9 42 21 26 22 21 25
1 4 34 1 46 13
1 5 26 4 40 30 48
1 13 42 34 15 1 23 11 18 45 46 11 26 32 32
1 5 34 35 41 48 47
0 1 32
0 16 42 43 19 22 24 10 44 27 43 21 19 31 34 29 28 41
1 12 25 45 21 49 47 29 28 43 24 41 9 47
1 7 22 29 2 16 3 44 15
1 2 42 6
0 17 25 19 15 25 15 18 22 19 49 24 34 13 34 6 15 6 14
0 10 25 11 2 44 32 21 36 39 0 20
1 22 10 20 31 16 23 47 15 19 31 32 21 24 8 40 8 23 1 4 24 4 49 36
0 16 3 43 9 48 41 9 4 27 43 3 43 33 3 23 15 15
0 15 15 23 17 32 45 22 34 18 3 10 44 7 48 15 36
0 3 5 15 15
0 2 22 14
1 12 37 12 3 3 23 44 11 32 26 5 21 25
0 4 25 38 29 28
1 5 37 31 32 8 14
1 9 15 44 35 20 45 44 36 13 40
0 6 15 34 44 0 29 22
1 12 15 0 20 31 32 20 31 11 32 24 11 9
0 3 2 36 13
0 9 34 1 1 29 47 49 22 42 20
0 4 28 43 23 28
0 10 32 19 34 44 44 35 41 24 10 30
1 5 34 5 49 0 20
1 6 49 34 21 6 15 0
1 7 15 23 45 45 3 3 36
1 7 49 49 22 36 29 28 41
1 16 12 22 9 34 15 13 34 39 43 1 27 5 21 14 1 1
0 17 28 43 10 37 31 29 28 30 14 14 1 28 30 13 31 14 15
0 26 37 31 44 29 28 43 24 10 43 21 27 27 44 11 32 34 40 43 24 37 8 27 43 44 0 34
0 13 36 19 47 21 6 8 32 41 12 44 18 0 20
1 21 40 24 10 30 37 43 19 6 8 40 21 27 27 34 32 21 39 0 16 15 40
1 16 34 13 34 15 20 31 23 39 23 47 31 46 10 20 31 16
1 20 42 43 19 36 16 20 27 19 16 34 29 28 30 37 45 23 23 11 48 18
0 7 36 43 34 10 29 28 41
1 11 22 10 15 15 15 15 15 15 15 15 15
0 11 26 3 3 36 15 15 24 8 15 15 15
0 4 10 44 44 29
1 18 13 32 32 32 32 32 32 32 32 32 32 32 32 32 32 32 32 32
1 16 37 6 39 32 16 25 28 30 1 28 43 44 40 4 9 18
1 12 10 29 28 30 14 14 13 31 14 14 14 15
0 18 28 43 0 34 19 36 19 8 34 7 19 32 30 37 35 31 16 45
1 4 10 32 24 48
1 6 37 31 32 24 48 40
1 2 42 6
0 2 15 41
1 17 33 41 37 32 32 32 32 32 32 32 32 32 32 32 32 32 32
1 11 28 12 34 15 5 37 45 37 9 34 24
1 8 37 31 29 28 43 43 4 24
1 7 10 32 44 36 1 3 15
1 13 34 1 29 19 12 44 15 15 15 15 15 15 15
0 4 27 5 20 6
1 6 3 1 29 28 30 15
0 6 26 11 44 14 8 40
1 20 15 21 31 32 43 2 29 28 43 45 23 44 11 32 33 27 5 21 14 49
0 5 10 24 21 12 14
1 14 25 11 48 1 27 3 3 23 0 20 31 32 44 20
0 11 42 31 28 32 43 2 29 41 46 32 28
1 15 22 29 45 43 39 21 31 29 28 43 24 41 9 48 18
0 3 34 19 17
1 16 49 49 22 38 29 28 30 14 14 37 43 18 39 40 39 13
1 12 34 20 31 9 42 15 19 31 44 29 28 41
1 5 49 15 29 35 41
1 11 28 41 10 16 45 29 38 29 28 30 7
1 3 26 18 34
1 7 25 39 0 16 25 28 41
1 15 25 4 24 4 18 23 23 36 32 21 29 19 18 40 18
0 23 42 43 35 49 34 4 11 34 42 34 13 34 3 20 15 38 16 17 5 45 31 42 15
0 3 13 41 20
1 5 12 22 19 43 13
0 10 47 13 40 18 22 35 1 0 1 3
1 3 42 6 14
1 10 36 34 15 19 49 27 21 6 15 0
1 8 42 19 0 10 32 43 24 31
0 6 35 41 33 0 41 32
0 5 33 3 42 37 29
0 22 25 17 20 31 35 26 34 21 6 49 0 29 28 43 8 36 5 13 21 11 11 45
0 8 44 26 32 32 47 32 32 37
0 8 15 31 4 2 32 44 14 40
1 13 25 29 13 34 6 26 19 35 26 19 0 11 44
0 7 49 2 46 3 15 15 15
1 10 37 12 3 22 46 33 41 37 32 32
1 8 40 8 0 39 48 3 44 44
0 4 19 27 15 44
1 10 15 21 31 16 20 39 0 29 28 41
0 7 36 10 39 40 35 30 2
0 4 38 47 47 6
1 2 13 32
0 20 37 15 34 21 31 44 40 32 45 22 5 3 35 39 35 49 44 32 44 20
1 16 40 43 36 44 44 16 20 18 1 20 31 11 32 44 15 15
0 2 16 40
0 3 35 1 38
1 8 49 21 31 16 25 28 30 15
0 5 44 26 46 32 9
0 7 11 30 48 31 42 32 32
1 18 3 39 0 20 4 22 49 24 37 31 32 21 39 0 16 25 28 41
1 12 37 12 27 34 29 28 30 14 14 14 14 15
0 4 5 22 9 40
0 7 40 17 14 34 33 35 12
0 7 37 27 3 32 4 44 20
0 8 37 15 22 45 5 21 37 32
1 5 22 23 47 31 10
1 7 40 45 3 26 5 21 25
1 3 10 44 20
1 2 13 32
1 7 15 21 15 49 22 24 31
1 10 34 1 9 42 15 39 0 29 28 41
1 10 10 44 16 39 48 47 44 16 11 41
1 8 12 44 27 34 29 28 30 7
0 2 34 6
1 11 37 15 31 29 11 4 40 30 35 35 12
1 8 10 44 44 32 24 10 30 7
1 10 10 29 28 30 1 28 43 24 48 40
0 3 29 46 20
0 6 19 33 21 25 45 44
1 2 13 32
0 5 7 0 16 45 29
0 8 15 34 29 28 30 8 15 0
1 2 13 32
1 25 10 32 45 37 9 34 18 37 12 19 48 24 10 32 45 3 24 26 41 48 11 43 2 16 34
1 5 49 15 29 35 41
0 11 34 34 22 24 31 39 32 44 43 49 4
0 5 14 49 34 16 0
1 10 3 37 44 3 22 46 22 29 45 24
0 4 11 41 25 32
0 8 1 42 44 20 35 35 15 0
0 3 49 30 2
1 10 15 0 20 31 35 26 19 5 21 25
1 6 44 41 37 32 32 32
1 6 25 11 39 35 49 40
1 5 22 23 24 11 41
1 5 34 5 37 43 24
1 10 49 15 49 47 20 31 35 25 28 41
1 9 10 16 20 19 31 29 28 43 24
1 9 34 1 24 44 16 23 25 36 20
0 4 11 41 25 32
1 12 40 44 27 30 37 45 23 21 6 25 28 41
1 9 36 34 4 26 34 39 19 13 13
1 18 13 32 32 32 32 32 32 32 32 32 32 32 32 32 32 32 32 32
0 6 15 34 44 0 29 22
1 4 11 0 41 37
0 5 24 31 21 15 15
1 7 34 5 3 36 15 15 15
0 25 19 40 31 16 8 42 19 35 15 43 1 25 44 34 35 49 0 16 49 44 32 44 29 17 41
0 4 23 0 0 43
1 4 28 12 34 24
0 2 24 9
0 12 25 27 24 23 10 29 28 43 40 37 9 40
0 4 10 44 44 29
0 23 12 22 19 41 34 39 34 39 35 19 0 49 49 24 4 38 44 31 16 29 39 35 18
1 12 15 23 38 32 8 27 43 21 36 29 28 41
1 5 10 20 31 35 34
1 9 28 41 33 26 32 32 32 32 32
0 23 34 1 24 23 2 20 31 44 45 46 40 21 19 10 25 29 20 2 3 15 15 15 15
0 5 10 29 4 28 41
1 6 40 43 27 24 33 26
1 3 28 41 22
1 10 34 5 39 32 29 28 43 44 27 41
1 7 49 2 9 5 38 36 10
0 6 35 12 22 44 36 44
0 11 12 16 21 41 36 38 18 24 47 28 28
1 18 34 19 17 44 20 31 32 16 26 31 24 21 31 44 44 29 28 41
1 10 10 44 44 32 8 27 43 21 45 24
1 2 34 1
0 2 0 18
1 4 11 0 41 37
1 11 3 3 33 9 5 45 31 27 5 21 25
0 6 6 23 24 25 28 41
0 12 22 23 47 34 23 36 32 21 25 17 0 34
0 10 3 40 41 27 37 14 34 4 27 6
1 13 40 21 27 47 44 29 28 43 43 11 30 35 48
1 4 10 32 8 0
0 5 7 0 16 45 29
1 6 40 43 27 24 33 26
1 3 28 41 28
0 8 34 28 1 10 45 41 0 26
0 7 3 30 22 20 15 49 44
1 13 3 23 23 38 16 37 21 25 27 26 5 21 25
0 10 37 44 15 49 15 15 41 15 15 15
1 6 25 45 8 40 30 2
0 4 12 1 44 36
0 2 0 35
0 5 44 28 41 16 37
1 7 34 19 36 32 24 48 40
1 3 42 6 14
0 16 32 39 35 1 5 29 20 31 10 15 15 15 15 15 15 15
0 9 20 2 9 5 38 36 7 36 7
1 10 11 26 32 32 32 32 32 32 32 32
0 11 38 40 45 37 19 41 22 3 15 15 15
1 20 12 19 41 15 21 12 47 20 31 32 20 31 16 21 15 21 15 19 5 48
0 3 38 34 13
0 19 15 23 35 49 34 6 15 19 0 40 44 27 43 43 18 3 26 5 48
1 44 40 43 25 29 19 19 12 18 23 11 18 37 21 27 47 29 28 30 13 31 14 14 14 14 14 1 28 30 1 28 43 24 10 30 13 31 14 14 14 37 8 9 11 24
0 2 12 22
0 4 15 14 48 18
1 24 3 23 0 20 31 32 32 8 23 41 0 39 35 17 42 34 23 2 20 31 32 29 28 41
1 8 40 21 19 15 49 22 11 41
1 8 34 19 45 43 38 29 28 41
0 11 40 8 36 20 38 6 36 34 39 6 14
0 3 3 1 32
1 9 49 15 29 13 34 15 35 48 18
0 40 22 46 24 15 11 11 43 41 25 19 12 24 26 4 23 41 27 43 8 0 41 43 44 40 39 20 34 44 48 33 9 5 38 36 46 16 17 36 7 36
0 1 7
0 19 34 20 49 31 4 47 21 15 2 19 6 20 38 29 28 30 1 28 41
1 18 25 49 47 44 16 37 24 41 9 48 41 27 30 37 43 25 11 47
0 3 13 41 20
0 6 20 19 5 5 7 1
0 3 21 49 40
0 5 28 22 27 1 31
0 4 42 18 24 28
1 11 28 12 34 15 1 24 21 31 16 11 47
1 6 3 37 22 22 22 27
0 24 25 19 31 20 31 35 3 41 34 5 3 19 11 32 18 23 27 33 3 15 15 15 15 15
1 5 37 12 33 10 15
1 8 10 16 49 21 15 19 5 48
0 8 37 31 23 44 48 44 15 15
0 5 12 11 32 30 22
0 3 33 18 6
1 5 10 44 16 15 40
1 9 36 34 18 25 18 1 44 44 16
1 17 15 0 16 3 24 22 9 42 2 9 42 21 12 3 3 40 18
0 4 34 35 43 29
0 4 12 26 19 36
1 3 33 41 37
1 15 42 43 20 2 23 17 44 32 43 38 20 31 35 15 0
0 6 37 7 10 41 30 7
0 5 25 44 26 32 32
1 17 15 0 16 3 24 22 9 42 2 9 42 21 12 3 3 40 18
1 31 28 43 13 0 25 11 11 43 29 19 24 3 19 32 20 31 48 19 16 44 11 32 24 15 44 16 21 15 19 5 48
0 26 49 2 24 0 29 28 30 46 37 43 38 32 45 39 35 27 43 43 45 43 29 35 1 35 48 18
1 5 12 19 41 26 47
1 13 3 23 23 38 16 37 21 25 27 26 5 21 25
1 2 10 16
0 23 28 18 21 24 26 34 34 44 16 17 21 5 21 12 19 32 1 20 31 29 35 25 28
0 17 37 31 29 28 43 15 39 27 30 14 14 14 12 14 14 14 7
0 2 16 44
1 8 10 32 21 2 32 45 37 27
1 9 49 34 34 20 31 48 36 15 15
1 17 49 15 38 32 21 2 32 44 23 41 36 19 25 17 29 28 41
1 5 28 43 13 28 35
1 8 40 8 40 1 35 18 41 41
0 12 30 42 43 6 14 34 12 12 12 12 28 28
1 8 26 18 26 21 15 19 5 48
0 14 37 31 44 32 43 49 33 9 5 45 2 43 37 31
1 4 40 8 9 18
0 2 40 3
1 2 42 6
0 5 45 21 26 32 32
0 17 42 43 13 9 34 7 15 1 27 19 5 44 15 8 15 15 15
0 14 10 32 43 11 11 43 39 23 39 49 24 12 9 40
1 12 3 3 3 15 34 16 17 5 38 36 10 36
1 13 25 2 20 31 11 32 47 16 39 16 44 35 34
1 10 25 4 24 4 38 32 21 49 36 15
0 12 40 24 41 0 8 40 34 31 45 39 9 47
1 28 42 43 35 18 8 34 19 39 44 16 34 20 31 32 16 49 0 20 31 16 34 44 44 16 45 9 42 2
0 4 12 22 9 27
0 1 20
0 15 10 20 31 8 44 16 5 48 33 46 49 16 19 5 48
0 9 10 39 28 6 20 30 1 28 41
1 7 37 31 16 3 47 44 20
0 2 44 49
1 7 42 43 35 39 5 15 40
0 1 5
1 7 3 22 5 17 5 38 36
1 7 11 0 26 32 32 32 32
1 9 22 29 49 44 15 15 15 15 15
0 3 33 41 32
1 13 22 9 5 45 15 2 29 28 30 1 28 30 7
1 21 40 44 36 20 31 23 36 44 44 20 31 16 23 2 44 29 28 43 24 10 41
1 7 15 23 18 3 24 3 40
1 7 34 19 2 16 25 28 41
0 6 11 0 0 7 37 37
0 2 21 18
0 5 25 29 21 6 31
0 9 34 34 23 24 17 21 31 18 20
0 2 24 9
0 4 36 34 39 35
0 9 42 46 20 24 44 32 29 28 23
0 7 17 20 34 44 15 43 40
0 5 44 41 37 46 32
1 6 37 12 19 35 15 0
1 11 42 19 35 15 34 6 26 43 35 49 40
1 11 49 2 10 15 15 15 15 15 15 15 15
0 3 11 41 44
1 14 42 43 20 34 23 29 5 39 35 11 39 35 41 48
0 5 3 12 20 2 34
0 3 12 41 11
0 14 31 49 49 22 36 16 25 34 21 19 4 47 12 44
1 8 22 24 44 11 32 3 13 32
0 5 34 5 45 25 18
1 4 40 45 39 23
0 2 35 26
1 7 10 32 44 40 18 15 40
0 3 28 36 25
1 7 34 19 2 16 25 28 41
0 8 28 41 21 12 29 28 45 41
0 12 42 43 20 2 3 15 15 15 0 15 15 15
0 3 13 25 32
0 8 28 15 48 18 32 29 28 41
1 37 49 15 24 41 43 21 24 45 9 42 49 24 4 18 23 0 44 20 31 11 32 47 29 28 43 44 9 11 8 9 4 36 1 29 24 15 40
0 3 11 41 44
1 13 10 32 45 3 47 32 45 23 34 32 24 10 41
0 27 3 40 1 17 28 43 8 4 0 8 10 32 21 39 34 16 39 32 32 44 40 39 19 25 24 15 0
1 9 49 2 9 42 34 0 16 36 48
1 26 22 24 0 29 28 30 1 28 43 8 36 19 24 8 34 5 49 23 45 21 18 1 32 44 40 41
0 11 10 29 28 43 45 36 24 37 21 29 40
1 3 10 44 20
1 2 13 32
0 12 27 34 16 25 28 43 43 4 22 29 13 40
0 3 28 12 17
1 19 13 32 32 32 32 32 32 32 32 32 32 32 32 32 32 32 32 32 32
0 4 40 44 49 22
0 5 45 43 10 26 41
1 7 40 45 39 0 8 12 27
0 3 49 30 2
0 3 25 16 36
1 8 25 25 11 4 23 41 14 40
0 9 10 20 31 16 11 0 44 7 34
1 12 36 34 6 26 34 4 26 19 13 13 28 14
0 4 12 26 19 36
0 9 49 33 22 20 31 48 17 44 18
0 4 11 37 4 32
1 7 34 19 17 29 28 30 7
1 9 10 16 37 24 41 36 20 49 31
1 10 36 34 4 15 19 0 37 6 11 30
1 7 28 12 34 39 34 18 15
0 9 49 2 25 13 34 18 26 49 40
0 8 40 36 7 20 31 36 15 3
0 26 37 6 45 9 5 45 15 4 22 39 44 16 21 6 49 0 16 41 43 8 36 35 1 10 15 15
0 12 15 23 19 31 30 20 31 32 29 17 30 15
0 7 9 36 24 28 12 28 28
0 25 49 21 31 20 31 42 34 32 45 22 20 19 5 21 14 49 49 49 1 1 1 1 49 1 1
0 10 41 3 3 33 4 46 3 15 15 15
0 15 49 34 21 31 44 20 31 16 32 23 38 16 25 28 41
1 19 26 4 23 1 45 8 40 11 45 40 41 9 4 23 41 36 1 10 15
0 7 15 25 14 19 2 5 15
1 5 40 8 36 13 40
0 22 25 17 20 31 35 26 34 21 6 49 0 29 28 43 8 36 5 13 21 11 11 45
0 9 34 20 21 38 6 45 27 5 48
0 8 42 34 39 31 43 35 18 31
1 5 42 19 35 15 34
0 5 0 11 48 36 31
0 10 32 42 34 39 19 35 15 19 28 35
1 7 34 19 47 31 10 15 15
1 11 3 3 18 21 6 39 48 26 5 21 30
0 7 25 5 32 36 15 27 15
0 14 32 26 29 4 17 40 39 49 19 15 26 5 21 30
0 4 8 9 35 36
1 12 36 34 24 12 28 28 12 12 28 12 28 12
0 7 3 40 1 26 5 21 30
0 3 13 0 32
0 12 3 37 19 43 0 40 45 2 22 5 15 0
0 28 3 22 32 19 29 19 27 19 48 47 32 45 37 9 1 34 26 4 28 43 13 34 18 40 24 10 30 15
0 4 22 25 43 24
0 19 28 21 47 27 15 15 11 18 11 48 1 12 17 16 41 43 24 48 34
1 9 15 34 32 45 1 29 28 30 15
0 10 11 18 1 41 42 19 35 15 19 13
1 6 34 1 46 34 5 34
1 21 26 11 43 25 36 32 21 27 27 34 32 44 0 26 49 24 4 18 22 13 40
1 9 40 45 40 1 38 44 16 15 40
0 4 7 15 48 5
0 4 42 20 6 29
1 14 25 29 5 41 43 45 1 32 24 48 34 24 28 12
1 8 22 46 28 43 0 34 13 40
1 12 37 12 3 3 23 44 11 32 26 5 21 25
1 7 3 37 44 26 5 21 30
1 8 15 23 36 16 26 2 10 15
0 6 12 43 34 41 36 46
1 12 3 3 3 15 34 16 17 5 38 36 10 36
0 22 25 24 41 14 34 6 15 19 0 9 28 41 42 19 0 26 48 41 23 41 0 34
1 14 15 0 20 31 11 32 24 22 27 5 21 14 49 49
1 7 49 2 24 34 29 28 41
1 16 15 23 36 16 20 17 32 43 24 45 23 2 16 3 36 15
0 3 44 17 44
0 3 26 26 14
1 4 3 39 40 49
0 11 28 43 13 13 0 26 9 48 39 5 31
1 22 26 11 45 23 0 44 29 28 30 37 44 14 34 39 19 0 13 32 32 32 32 32
1 24 10 20 31 32 16 49 0 29 28 30 13 31 14 1 28 43 45 23 44 16 34 16 15 0
1 6 28 41 49 31 3 15
1 4 26 4 23 18
0 18 25 25 39 46 31 32 38 29 28 20 21 11 1 19 18 3 36 15
0 16 3 43 9 48 41 9 4 27 43 3 43 33 3 23 15 15
0 3 13 40 12
1 7 37 15 15 17 16 15 40
1 2 13 32
1 9 25 45 45 1 20 31 11 32 44
1 10 37 12 3 22 46 33 41 37 32 32
0 3 11 18 9
1 9 25 27 47 32 43 36 29 28 41
0 6 19 49 18 21 19 49
1 24 28 43 35 15 34 39 19 13 13 0 40 8 40 1 35 4 9 1 20 21 6 25 28 41
1 11 12 44 33 29 2 44 32 24 41 27 41
1 4 10 32 8 0
0 3 29 46 20
1 7 15 23 36 20 31 35 34
1 12 3 1 16 20 17 29 28 30 1 28 43 24
0 9 10 39 28 6 20 30 1 28 41
1 4 28 43 0 11
1 2 42 6
0 6 25 22 8 34 9 40
0 9 25 2 44 12 39 39 5 29 38
0 17 37 31 20 31 16 21 20 31 48 29 49 47 20 31 11 32 18
1 3 44 26 32
1 6 15 34 29 28 30 7
0 3 36 31 40
1 8 15 0 20 31 32 16 15 0
0 3 49 12 3
0 17 37 31 20 31 16 21 20 31 48 29 49 47 20 31 11 32 18
1 4 40 43 36 20
1 6 34 5 37 24 41 40
0 15 49 34 21 31 44 20 31 16 32 23 38 16 25 28 41
0 5 3 12 20 2 34
1 21 25 19 15 34 23 39 44 32 32 44 40 1 1 3 15 15 15 15 15 15 15
1 13 12 19 43 0 15 21 12 18 34 32 24 10 41
0 7 36 10 39 40 35 30 2
1 7 49 15 27 36 15 15 15
0 30 25 24 17 5 45 15 4 22 19 12 18 42 7 34 44 29 28 30 37 44 23 1 34 18 37 43 27 12 36 15
0 8 42 34 4 19 0 13 32 32
0 11 37 31 18 44 44 29 32 45 39 14 40
1 10 28 41 37 31 29 28 30 1 28 41
1 6 49 21 31 20 31 16
1 6 25 27 26 5 21 14
1 6 12 19 12 34 39 6
1 7 3 39 9 48 41 23 18
0 10 22 46 3 3 19 28 48 18 34 20
1 2 13 32
0 3 35 1 38
1 8 40 21 2 32 44 27 30 15
0 10 10 12 41 23 19 46 15 21 12 44
1 7 49 49 22 36 29 28 41
0 5 29 7 21 18 32
0 27 10 16 36 41 9 18 8 37 32 20 31 48 24 20 34 23 17 29 28 43 43 4 22 17 29 28 41
0 24 25 18 3 27 0 20 31 11 32 33 24 34 10 16 26 49 34 31 4 49 19 11 32 33
0 4 31 23 40 15
1 4 40 21 36 20
0 7 3 40 27 33 46 44 9
0 6 20 19 5 5 7 1
0 15 15 23 17 32 21 21 49 34 4 15 19 35 26 6 35
1 7 22 24 21 12 24 33 9
0 6 40 42 43 30 5 47
0 3 12 41 11
1 13 25 11 4 36 1 27 5 21 14 49 49 1 1
1 8 25 4 24 4 49 3 12 9
1 7 3 22 5 17 5 38 36
1 5 40 8 0 15 0
0 2 10 45
1 8 25 24 20 39 21 31 32 24
0 11 37 15 21 8 12 33 9 5 38 36 10
0 5 11 10 15 15 15
0 2 26 19
1 21 42 43 19 29 19 38 29 28 43 45 23 44 35 37 43 39 0 32 8 27 41
1 8 15 23 36 16 26 2 10 15
0 7 0 39 30 28 21 36 2
1 6 28 43 35 26 6 14
1 11 49 34 21 15 15 39 44 48 33 10 15
0 43 49 3 3 24 10 44 29 28 30 13 31 14 13 31 14 14 14 1 28 43 8 0 19 19 35 25 30 30 1 28 30 14 14 37 45 23 21 15 49 31 4 11 21
0 3 43 26 32
0 11 36 45 34 18 10 44 44 32 45 37 19
1 6 25 17 16 45 10 15
1 7 22 24 21 6 39 35 34
1 7 40 8 27 30 1 28 41
1 6 3 1 16 36 10 41
1 8 28 41 22 27 5 21 14 1
1 15 26 39 20 49 22 29 20 34 23 11 49 34 39 6 35
1 7 37 12 47 32 44 27 41
0 3 1 3 15
1 5 26 30 35 35 48
0 12 25 48 36 24 4 11 22 1 5 25 28 42
0 3 37 11 13
1 22 42 19 35 15 43 19 29 5 26 34 0 44 29 28 43 24 10 43 45 39 9 21
1 4 26 4 23 18
0 5 44 7 33 28 32
0 26 3 22 1 46 34 12 19 35 39 32 32 8 14 45 34 24 12 28 28 17 17 12 12 12 28 12
0 9 5 29 36 19 12 25 27 0 20
1 15 36 34 39 43 1 9 42 15 17 20 31 11 32 3 11
0 8 10 29 28 39 37 44 23 18
0 4 21 16 40 47
0 1 7
1 12 3 22 19 27 3 42 34 4 15 19 0 44
1 10 40 43 24 37 21 47 31 3 15 15
0 14 22 9 5 45 49 31 47 21 20 22 29 43 5 34
0 2 27 9
0 5 10 16 37 44 31
0 17 42 19 0 10 29 47 28 43 24 42 41 36 20 40 19 5 48
0 9 15 21 6 49 26 31 27 35 48
0 8 44 41 30 37 32 32 24 32
0 7 40 36 23 48 41 27 41
1 5 37 31 29 28 41
1 6 25 27 33 10 15 15
1 8 34 20 21 31 44 29 28 41
1 13 10 29 28 43 44 40 4 23 41 9 18 41 41
1 10 28 41 37 15 21 15 34 34 16 34
0 9 49 49 21 15 31 42 15 2 20
0 5 25 18 3 5 48
1 16 40 43 36 44 44 16 20 18 1 20 31 11 32 44 15 15
1 6 42 43 1 46 36 40
1 10 10 44 29 28 43 43 2 16 15 40
1 5 10 32 8 40 21
1 11 12 9 34 15 19 49 33 23 19 15 34
0 8 10 44 20 40 31 35 41 41
0 5 44 32 43 19 5
1 3 3 39 0
0 12 26 3 25 13 34 12 18 15 44 35 3 44
1 17 49 21 12 19 48 47 44 20 31 48 27 23 17 32 21 11 21
0 3 18 20 33
0 17 3 22 46 41 30 13 31 14 37 45 37 44 36 15 15 15 15
0 6 15 22 45 23 49 47
0 9 10 44 32 28 21 38 32 27 41
1 7 34 1 24 23 24 11 41
1 3 25 4 31
0 4 14 41 37 32
0 7 44 39 41 37 32 32 32
0 24 25 19 31 20 31 35 3 41 34 5 3 19 11 32 18 23 27 33 3 15 15 15 15 15
1 11 15 0 16 49 34 32 43 45 8 23 18
0 5 28 11 41 7 44
0 4 49 19 6 11
1 13 42 34 15 1 23 11 18 45 46 11 26 32 32
1 3 40 24 48
0 7 22 27 5 26 14 5 25
1 8 10 16 49 21 15 19 5 48
0 7 40 31 4 21 24 48 40
0 4 42 19 0 12
1 15 26 39 19 2 16 25 28 30 1 28 43 24 41 14 40
0 32 49 49 31 4 49 3 10 20 31 35 17 5 38 36 10 36 10 36 16 17 36 10 36 16 44 46 31 16 44 10 31 7
1 20 15 34 44 16 3 27 44 16 34 16 39 16 0 20 31 16 0 29 28 41
0 5 19 35 30 8 12
0 23 21 41 48 49 34 6 15 43 35 0 25 28 43 43 18 1 20 31 11 32 30 15 15
0 10 31 17 32 18 40 32 32 32 32 36
1 3 34 5 34
1 11 10 32 44 40 11 21 4 22 19 12 44
0 6 42 12 19 35 26 19
0 14 10 32 43 11 11 43 39 23 39 49 24 12 9 40
0 3 15 0 23
1 18 15 23 18 22 1 9 42 15 47 34 0 44 32 44 27 43 45 23
0 2 7 39
1 2 25 11
0 15 49 34 34 32 21 25 47 44 14 21 15 21 31 16 34
1 11 37 15 21 6 36 48 34 6 15 6 14
0 3 21 22 14
1 11 12 9 34 15 19 49 33 23 19 15 34
1 10 36 34 6 15 43 20 15 49 44 15
1 13 15 34 29 28 30 14 14 13 31 14 14 14 7
0 15 37 6 26 49 22 38 16 39 11 32 33 46 42 29 19
1 7 34 5 49 21 12 3 15
1 15 28 41 28 43 35 15 19 0 15 21 6 37 44 9 47
1 16 40 43 25 47 31 23 11 18 45 9 5 45 21 6 41 41
1 6 44 41 37 32 32 32
0 3 12 17 40
0 3 26 32 32
1 8 37 31 29 28 43 43 4 24
1 7 49 21 15 2 9 5 38
1 4 36 34 39 19
1 5 36 34 24 28 12
0 12 19 10 43 35 15 43 5 37 16 25 47 34
1 7 12 22 19 43 35 15 6
0 5 48 13 32 24 32
1 9 3 1 20 31 11 32 26 5 48
1 24 25 29 19 38 16 17 42 15 39 23 4 24 4 2 44 32 24 48 34 18 40 44 23 18
0 3 30 17 18
0 1 5
1 5 37 31 29 28 41
0 6 3 39 25 48 28 41
1 13 49 34 23 36 16 8 12 9 34 39 19 28 35
0 11 7 34 19 25 36 32 49 47 39 49 5
1 18 40 21 49 18 21 31 32 44 0 49 44 35 26 15 27 18 34 20
1 5 34 5 39 35 49
1 16 15 23 36 16 20 17 32 43 24 45 23 2 16 3 36 15
0 3 13 25 32
1 14 15 23 24 49 21 12 18 34 32 24 41 40 1 13
1 17 15 34 44 44 20 31 32 44 32 8 40 11 45 23 34 16 36
1 11 37 15 21 6 36 48 34 6 15 6 14
0 19 26 39 1 23 29 20 49 22 5 1 19 2 47 44 32 26 45 40 18
1 4 25 49 33 3
0 12 25 27 24 23 10 29 28 43 40 37 9 40
1 7 3 39 9 48 41 14 40
1 4 22 46 33 26
0 15 49 9 42 2 29 24 10 30 1 28 30 13 31 14 7
0 2 26 31
1 13 42 19 35 26 43 5 39 32 44 20 31 48 44
1 5 10 32 8 40 21
0 7 36 5 15 14 23 21 21
1 7 49 21 31 32 43 19 6
0 23 34 1 24 23 2 20 31 44 45 46 40 21 19 10 25 29 20 2 3 15 15 15 15
0 12 27 34 16 25 28 43 43 4 22 29 13 40
0 13 49 21 6 36 34 18 33 41 37 32 32 32 32
1 5 42 34 18 42 19
1 5 26 39 35 30 2
1 8 40 8 14 34 39 19 28 14
0 4 15 26 19 32
0 7 49 2 46 3 15 15 15
0 3 49 12 3
1 13 25 2 20 31 11 32 47 16 39 16 44 35 34
1 11 26 49 34 18 42 43 19 25 49 36 15
1 12 37 12 27 34 29 28 30 14 14 14 14 15
1 6 28 41 15 44 32 20
1 4 25 49 33 3
1 15 42 43 20 2 23 17 44 32 43 38 20 31 35 15 0
0 5 44 39 37 32 32
1 17 34 13 34 15 20 34 0 16 25 28 43 21 39 23 19 12 36
0 3 18 13 43
0 7 25 38 37 44 4 16 44
1 11 37 31 29 28 43 45 3 26 5 21 25
0 7 23 23 34 18 45 12 8
0 9 35 8 39 27 30 37 27 7 48
1 6 10 44 44 16 15 40
1 5 26 48 41 9 21
1 6 49 15 11 4 9 21
0 2 42 49
0 4 31 36 32 14
0 3 10 29 28
1 8 34 1 46 26 48 41 40 47
0 5 33 0 8 26 32
0 4 37 15 5 48
1 16 42 19 0 3 39 0 41 43 43 19 31 20 31 35 3 44
1 8 25 36 44 20 31 11 32 36
1 10 37 15 21 6 39 16 21 6 15 40
1 10 37 12 19 48 44 15 15 15 15 15
0 12 26 3 25 13 34 12 18 15 44 35 3 44
1 6 3 22 1 27 5 48
1 19 37 31 32 21 2 20 31 11 32 36 15 15 15 15 15 15 15 15 15
0 13 26 1 5 26 4 31 4 49 26 21 14 1 49
0 5 14 49 49 22 18
0 7 31 44 21 32 32 32 32
1 6 37 12 24 11 0 44
1 21 25 17 29 28 43 43 49 47 44 32 21 39 44 11 32 27 44 48 26 5 48
1 18 36 34 18 42 19 13 0 28 41 3 1 20 31 11 32 26 5 48
0 7 32 5 20 44 24 5 31
1 7 49 2 9 42 19 5 48
0 6 27 18 44 36 29 7
0 2 16 13
0 15 15 23 17 32 45 22 34 18 3 10 44 7 48 15 36
1 21 12 44 19 32 20 31 32 44 44 44 20 31 32 44 32 8 14 34 15 13 40
0 7 15 25 14 19 2 5 15
1 5 34 35 39 13 40
0 2 0 35
0 3 28 45 44
0 2 15 41
1 6 34 20 19 5 21 30
0 12 4 20 24 44 32 19 42 2 27 7 5 30
0 2 3 44
0 3 28 12 17
1 16 34 19 4 24 4 17 44 20 31 48 33 29 25 11 49 40
1 6 3 3 26 5 21 25
0 8 11 0 41 34 8 32 32 32
1 18 3 39 0 20 4 22 49 24 37 31 32 21 39 0 16 25 28 41
1 18 37 15 34 23 38 32 8 23 1 19 12 47 29 28 43 24 10 41
1 8 22 9 42 15 49 19 48 36
0 5 40 40 2 20 9
0 11 15 44 11 15 12 15 15 15 15 15 15
1 13 42 43 20 15 47 15 2 32 43 47 19 5 48
1 8 25 24 20 39 21 31 32 24
1 7 15 23 18 3 24 3 40
1 10 34 5 37 45 39 23 41 0 11 21
0 27 26 11 24 41 36 19 18 5 18 34 20 31 32 16 36 10 30 13 31 14 14 37 24 48 34 6 26
0 10 3 3 3 34 13 34 34 6 26 19
0 26 49 49 31 4 39 10 34 44 20 31 16 0 16 15 35 8 15 23 4 49 24 18 28 41 44 26
0 2 22 14
0 5 28 41 36 37 34
0 9 5 29 36 19 12 25 27 0 20
1 17 15 23 25 4 22 25 4 31 4 36 32 43 45 8 27 30 15
1 7 15 0 32 43 39 0 20
1 6 49 15 11 4 9 21
1 17 10 20 31 32 16 39 16 34 32 43 17 20 31 35 17 5 38
1 5 15 0 29 28 41
0 5 22 27 5 6 48
1 6 15 34 16 36 41 23
1 9 36 34 6 26 19 35 15 6 14
1 42 49 34 34 29 28 30 1 28 30 14 14 14 14 13 31 14 13 31 14 14 14 13 31 14 37 24 41 40 39 20 31 9 5 45 2 10 15 15 15 15 15 15
0 9 15 21 6 49 26 31 27 35 48
1 10 34 5 39 32 29 28 43 44 27 41
1 9 10 20 31 11 32 26 5 21 30
1 20 22 24 23 25 18 3 24 49 34 44 48 27 23 36 16 49 23 49 24 3
0 7 29 23 29 1 27 5 48
0 8 39 37 12 27 21 15 19 25
1 7 15 0 32 43 39 0 20
0 17 37 12 49 24 4 2 49 4 47 34 0 20 31 11 24 32 36
0 5 10 16 20 26 49
1 9 10 32 8 40 49 34 15 5 31
0 2 38 9
1 5 34 5 37 43 24
1 9 49 34 34 20 31 48 36 15 15
0 11 21 31 16 25 28 43 8 24 9 23 18
1 13 34 13 34 39 34 6 26 43 1 9 42 2 3
0 2 33 32
1 16 22 9 42 49 22 24 37 21 25 25 18 40 1 18 40 18
0 9 12 44 24 49 32 44 5 39 11
1 4 15 44 32 20
0 11 12 16 21 41 36 38 18 24 47 28 28
0 3 13 13 32
0 23 12 22 19 41 34 39 34 39 35 19 0 49 49 24 4 38 44 31 16 29 39 35 18
1 6 12 19 43 0 26 21
0 3 10 1 39
1 8 34 1 9 42 19 5 21 25
0 6 3 39 25 48 28 41
0 7 10 32 17 27 20 41 15
1 6 10 29 28 43 44 0
1 16 40 43 25 47 31 23 11 18 45 9 5 45 21 6 41 41
0 8 10 29 28 39 37 44 23 18
1 6 15 34 29 28 43 24
1 7 15 44 35 49 34 44 20
0 3 12 0 0
0 4 36 24 44 9
1 8 22 46 3 22 19 39 34 20
1 6 26 1 19 36 44 20
1 3 49 2 10
0 4 32 28 32 32
1 7 22 46 22 23 45 24 48
1 16 42 43 19 36 20 31 48 33 23 38 29 28 30 1 28 41
0 5 34 18 30 32 3
0 5 49 2 2 23 35
0 9 49 49 21 15 31 42 15 2 20
0 5 36 34 0 9 19
0 4 22 25 43 24
0 12 23 16 38 29 28 30 37 43 49 26 5 21
1 37 49 15 24 41 43 21 24 45 9 42 49 24 4 18 23 0 44 20 31 11 32 47 29 28 43 44 9 11 8 9 4 36 1 29 24 15 40
1 5 25 36 16 11 48
0 8 28 15 48 18 32 29 28 41
0 16 3 23 0 44 44 29 28 43 45 37 19 12 18 44 41 37
1 13 25 11 4 36 1 27 5 21 14 49 49 1 1
1 23 26 18 39 11 32 19 35 26 31 24 0 32 45 1 16 26 34 34 20 31 35 39 16
0 3 4 6 9
1 9 15 34 20 31 11 32 26 5 48
1 8 15 0 44 44 29 28 30 15
0 9 25 0 38 32 24 34 18 36 40
1 19 34 20 15 4 24 4 38 29 28 30 13 31 14 1 28 30 14 14 7
1 9 25 11 1 20 49 24 4 27 44
0 5 48 13 32 24 32
1 7 40 45 39 9 49 34 24
1 8 22 46 28 43 0 34 13 40
0 3 10 22 15
0 5 19 26 5 0 25
0 9 10 20 5 31 32 22 34 29 49
0 13 26 11 44 23 24 37 21 37 20 27 26 5 30
1 14 40 21 25 25 4 31 4 18 22 5 26 19 5 48
0 2 40 17
1 12 42 43 19 47 15 18 22 20 15 49 36 15
0 8 10 20 31 48 26 5 21 35
0 4 40 29 24 48
0 4 13 45 28 32
1 10 37 12 27 23 18 22 1 27 5 48
0 3 12 22 20
1 3 25 25 39
0 9 15 17 11 18 39 13 2 45 40
1 6 36 34 18 12 44 44
1 8 25 36 44 20 31 11 32 36
0 5 11 3 24 27 11
0 5 47 49 5 5 48
1 6 40 21 17 16 15 0
1 9 34 5 17 5 45 2 27 5 48
1 31 12 44 33 9 42 21 31 16 8 40 8 23 1 4 22 38 44 29 28 43 44 0 17 5 45 34 21 6 8 22 10
0 1 7
0 4 13 10 32 32
0 7 7 22 37 24 21 31 20
1 2 42 6
1 3 37 15 31
0 6 49 15 49 32 26 38
1 2 13 32
1 2 13 32
0 9 34 35 27 43 24 41 9 37 0
1 4 40 8 9 18
0 6 11 0 0 26 22 32
0 8 28 15 22 23 7 19 5 48
0 15 40 45 3 21 6 49 21 20 31 11 32 49 44 38 44
0 25 10 20 31 48 18 0 44 32 4 21 47 15 38 20 31 35 41 30 37 24 41 0 41 30 7
1 37 10 44 20 31 16 21 6 3 47 44 44 29 28 43 21 47 15 17 32 43 47 21 6 36 10 30 13 31 14 1 28 43 21 45 24 10 41
1 6 28 41 10 29 28 41
0 9 11 26 14 32 32 32 32 32 32
0 12 22 23 2 32 43 36 37 15 15 15 15 15
1 7 36 34 4 26 19 28 14
0 5 44 41 37 46 32
0 7 3 1 10 39 45 22 13
1 9 37 6 26 34 44 11 32 33 24
0 3 1 10 42
1 4 22 46 33 26
1 3 44 26 32
1 14 3 40 41 40 41 48 39 19 2 44 32 44 23 18
0 2 13 34
1 7 40 21 25 18 39 0 31
1 15 26 39 20 49 22 29 20 34 23 11 49 34 39 6 35
0 2 3 44
1 5 15 23 11 30 2
1 8 3 23 44 48 36 15 15 15
0 3 49 39 2
1 13 37 6 17 5 45 31 9 5 45 21 12 36 15
0 3 44 6 27
1 8 42 34 6 15 19 35 26 19
1 7 12 19 12 34 39 6 14
1 5 26 30 35 35 48
0 9 25 0 38 32 24 34 18 36 40
1 9 3 23 34 32 8 9 30 36 12
1 6 15 34 32 44 27 41
0 13 32 18 37 15 15 24 28 41 13 32 32 32 32
0 4 42 43 6 35
1 4 3 39 40 49
0 10 49 29 10 23 36 32 44 0 15 40
1 6 12 19 43 0 10 20
0 6 35 41 33 0 41 32
1 16 42 43 19 36 20 31 48 33 23 38 29 28 30 1 28 41
0 6 33 24 12 32 32 32
1 5 10 20 31 35 34
0 11 13 32 32 32 21 32 32 32 32 32 32
0 12 40 24 41 0 8 40 34 31 45 39 9 47
1 11 37 15 31 29 11 4 40 30 35 35 12
1 3 25 4 31
0 2 38 9
1 6 10 44 44 32 44 14
1 7 49 2 10 15 15 15 15
1 11 15 21 31 44 44 44 20 31 16 34 20
0 6 42 38 27 34 5 13
0 5 14 49 34 16 0
0 2 13 41
1 2 13 32
1 6 12 9 34 24 12 28
1 8 44 0 41 37 32 32 32 32
1 21 22 9 5 45 34 0 32 8 0 20 19 31 29 28 43 45 3 47 29 28 41
0 9 49 33 22 20 31 48 17 44 18
1 16 28 43 0 3 23 34 44 32 43 27 27 34 44 29 28 41
1 9 12 44 19 11 32 27 21 6 34
1 14 3 39 27 43 21 27 19 32 29 28 30 1 28 41
1 9 10 20 31 16 34 44 16 15 0
1 16 42 34 24 28 28 12 28 28 28 12 28 28 28 12 12 28
1 5 15 23 29 5 34
1 4 3 23 44 16
0 3 33 16 9
1 3 33 41 37
0 8 34 19 25 29 1 27 9 48
1 8 3 40 41 9 18 36 48 40
0 4 32 28 32 32
0 6 18 34 6 15 6 14
0 3 33 42 32
0 7 25 49 27 0 28 3 47
1 7 25 49 47 32 43 24 34
0 2 4 40
1 15 28 41 12 44 26 5 21 14 49 49 1 49 1 1 49
1 4 3 22 5 31
0 2 42 49
0 8 34 2 29 7 11 41 48 47
1 9 49 15 38 32 45 39 9 30 48
0 12 3 37 19 43 0 40 45 2 22 5 15 0
0 2 12 28
1 5 36 34 24 12 28
1 24 10 20 31 32 16 49 0 29 28 30 13 31 14 1 28 43 45 23 44 16 34 16 15 0
1 5 42 19 13 13 28
1 10 10 44 16 39 48 47 44 16 11 41
1 8 44 41 37 32 32 32 32 32
1 11 44 26 32 32 32 32 32 32 32 32 32
1 5 34 13 34 24 12
0 5 11 3 24 27 11
0 4 31 23 40 15
1 6 28 41 15 44 32 20
0 1 20
0 15 42 19 0 37 6 5 26 21 15 31 46 22 27 5 48
0 2 34 42
1 5 26 18 41 30 7
1 9 34 19 39 44 11 32 26 5 48
1 6 37 31 32 24 48 40
1 11 34 19 39 21 15 34 44 35 41 30 15
1 4 28 12 34 24
1 19 22 24 21 15 34 23 38 16 49 23 38 44 32 44 27 43 8 27 41
1 20 37 31 32 45 3 24 25 39 21 15 2 29 25 4 22 38 29 28 30 15
1 8 40 21 2 32 44 27 30 15
0 26 37 31 44 29 28 43 24 10 43 21 27 27 44 11 32 34 40 43 24 37 8 27 43 44 0 34
0 17 37 15 31 44 20 31 11 12 33 27 5 21 14 49 1 49 1
1 7 28 43 35 15 34 24 28
1 10 3 37 9 34 4 15 34 39 34 24
1 2 13 32
1 14 25 11 48 1 27 3 3 23 0 20 31 32 44 20
1 8 42 34 6 15 19 35 26 19
0 15 49 34 34 32 21 25 47 44 14 21 15 21 31 16 34
0 5 34 48 39 8 40
1 10 10 44 44 29 28 43 8 27 30 7
0 18 37 31 32 43 2 44 32 45 1 20 31 32 20 31 32 29 28 25
0 9 10 20 31 16 11 0 44 7 34
0 7 40 3 39 23 41 27 41
1 12 37 12 33 24 21 15 49 22 45 44 40 41
1 4 40 43 36 20
0 6 11 0 0 26 22 32
0 12 37 19 14 28 37 3 1 9 29 32 28 41
1 8 3 3 47 20 31 32 16 31
1 6 34 35 11 24 48 40
0 4 40 44 49 22
1 8 37 6 39 32 44 16 41 41
1 13 42 34 15 5 20 18 23 23 45 8 9 1 13
0 2 27 44
1 22 3 37 22 9 34 6 26 43 20 49 31 4 18 3 47 16 8 36 34 6 26 34
1 5 28 41 36 34 24
1 7 49 34 23 45 8 14 40
1 30 25 19 31 32 43 47 34 21 31 44 29 28 43 8 23 1 17 29 28 43 24 41 36 20 31 24 23 36 16 31
0 14 3 3 3 25 32 32 43 29 24 19 38 16 45 3
1 9 49 2 9 42 34 0 16 36 48
1 10 15 0 29 28 43 8 9 1 35 41
1 19 26 48 1 25 25 18 1 16 8 25 27 47 32 24 10 43 24 48 34
0 4 28 40 42 25
1 13 42 34 6 15 34 18 13 32 32 32 32 32 32
0 14 38 32 8 9 19 29 28 43 14 19 6 25 15 0
1 10 44 0 0 41 37 32 32 32 32 32
1 9 15 44 16 44 48 26 5 21 25
0 5 3 28 31 12 40
0 34 10 16 39 35 45 46 25 45 48 34 6 26 43 19 45 45 22 19 39 21 31 29 28 43 45 3 18 0 16 11 4 27 30 7
0 3 3 8 40
0 6 26 19 36 44 30 7
1 4 22 46 42 6
0 17 36 34 30 4 26 34 18 26 38 49 34 15 35 18 44 25 47
1 20 34 20 49 24 4 17 29 28 30 1 28 43 45 40 1 49 33 29 24 45
0 2 4 40
0 6 26 27 44 43 46 22
1 12 15 23 39 34 32 45 1 16 37 8 9 47
1 10 25 4 24 4 38 32 21 49 36 15
1 8 3 3 33 24 23 18 40 18
1 6 10 16 36 41 14 40
0 3 41 3 18
0 19 12 22 44 27 20 16 49 0 34 32 24 41 42 1 36 20 31 31 20
1 5 15 23 11 30 2
0 9 12 19 43 0 12 44 36 7 15
1 13 12 9 34 4 26 43 19 45 45 39 40 30 48
0 6 34 20 12 30 27 2
0 14 31 49 49 22 36 16 25 34 21 19 4 47 12 44
1 3 44 26 32
1 5 28 43 0 36 40
1 8 22 46 36 34 15 20 49 31
1 3 42 6 14
1 8 37 12 47 32 24 41 0 31
0 6 22 23 26 36 16 34
1 23 37 6 25 28 43 21 36 44 32 43 18 39 40 39 1 24 0 32 8 40 4 9 47
0 8 34 19 25 29 1 27 9 48
1 16 37 31 44 44 32 24 10 30 37 43 24 17 42 19 5 48
1 13 26 49 34 39 34 18 40 21 24 26 21 31 16
0 4 42 27 6 13
0 12 37 19 14 28 37 3 1 9 29 32 28 41
0 8 28 15 22 23 7 19 5 48
1 11 22 24 0 20 31 16 0 44 29 28 41
1 6 49 31 3 15 15 15
1 4 49 21 6 34
0 8 44 26 32 32 47 32 32 37
0 4 33 26 32 12
0 16 26 18 43 31 16 8 49 34 21 15 31 23 29 35 4 47
1 10 22 46 37 31 44 32 45 22 5 34
1 6 34 20 49 31 4 24
1 9 26 4 14 34 24 28 28 28 12
1 2 42 6
1 9 34 5 17 5 45 2 27 5 48
1 6 34 13 34 39 6 35
1 12 40 21 27 47 16 37 43 39 34 29 28 41
1 30 15 23 17 20 31 32 44 20 31 11 32 18 34 44 16 26 34 34 16 49 21 31 16 37 45 22 20 19 5 48
0 10 44 4 26 32 32 32 32 32 32 32
0 21 36 4 15 19 18 10 44 32 24 48 34 4 13 34 4 26 43 1 27 5 48
1 11 34 19 38 16 25 28 30 1 28 30 7
1 22 49 15 38 32 45 23 44 35 11 11 45 3 3 3 23 0 16 39 11 32 36 15
1 21 25 18 23 44 16 21 12 3 28 41 49 21 31 16 36 41 40 30 36 35 48
1 12 3 40 1 11 41 48 11 43 29 5 41 41
1 5 37 31 29 28 41
0 11 42 34 15 48 36 44 32 43 11 30 5
1 13 36 34 18 40 44 0 8 10 44 32 44 9 47
1 6 28 41 25 2 16 34
0 22 48 41 0 25 28 30 37 43 19 6 45 24 44 11 16 32 27 0 45 28 30 15
0 3 21 5 15
1 11 22 10 15 15 15 15 15 15 15 15 15
1 7 15 21 15 21 12 36 15
1 9 25 36 29 28 43 44 9 48 18
0 11 3 3 12 47 9 8 27 43 8 14 40
0 11 26 14 21 19 45 15 49 30 42 28 24
0 10 34 8 13 15 34 43 31 48 36 15
1 10 49 15 49 47 20 31 35 25 28 41
0 10 0 23 37 36 44 32 44 9 3 13
0 17 37 15 31 44 20 31 11 12 33 27 5 21 14 49 1 49 1
1 12 15 0 20 31 32 20 31 11 32 24 11 9
1 16 22 9 42 49 22 24 37 21 25 25 18 40 1 18 40 18
1 7 10 32 21 24 39 48 18
0 19 26 39 1 23 29 20 49 22 5 1 19 2 47 44 32 26 45 40 18
0 29 42 43 19 45 45 23 44 35 37 8 40 48 1 25 39 21 39 44 32 20 31 48 19 32 32 44 23 1 18
0 11 22 0 29 36 44 44 12 6 24 10 41
0 8 11 0 41 34 8 32 32 32
1 15 12 44 27 23 47 15 36 20 31 35 45 29 45 8 40
1 9 36 34 18 25 18 1 44 44 16
0 6 40 13 5 37 45 18
0 2 22 37
0 7 25 49 27 0 28 3 47
0 13 13 32 32 32 32 32 1 32 32 32 42 32 32
1 27 12 9 34 6 26 43 35 11 45 3 18 34 44 20 31 32 20 31 11 32 27 44 32 44 29 28 41
1 5 3 39 40 30 2
1 6 3 3 47 29 28 41
1 9 42 43 19 24 8 42 19 28 14
0 3 18 20 33
0 10 30 35 1 5 45 24 0 16 15 40
1 8 49 31 9 5 45 19 5 48
1 8 40 43 2 44 32 24 48 34
0 19 26 41 36 5 10 49 34 34 16 37 43 19 6 37 44 34 3 44 15
1 16 42 19 0 3 39 0 41 43 43 19 31 20 31 35 3 44
0 5 44 32 43 19 5
1 21 10 16 36 48 34 6 26 34 6 26 43 35 18 49 21 15 15 19 6 41 41
1 3 42 6 14
0 1 18
1 36 49 15 4 22 38 20 31 16 34 20 31 48 24 12 9 34 6 15 43 1 24 23 25 17 44 44 32 43 49 18 44 32 32 44 14 40
0 4 10 25 38 1
1 10 36 34 18 44 0 41 37 32 32 32
0 5 44 45 19 12 40
1 8 25 27 18 21 31 29 28 41
0 7 37 27 3 32 4 44 20
1 2 34 1
1 12 34 35 4 40 39 13 34 4 26 19 28 14
0 5 22 10 41 15 15
0 11 36 34 4 26 25 8 45 39 19 28 14
1 5 10 29 28 30 7
0 6 42 12 19 35 26 19
0 13 32 18 37 15 15 24 28 41 13 32 32 32 32
1 22 3 37 22 9 34 6 26 43 20 49 31 4 18 3 47 16 8 36 34 6 26 34
1 4 40 43 29 13
0 5 10 5 18 49 40
1 7 12 19 41 25 36 16 36
0 2 27 39
1 11 34 5 11 39 19 19 15 2 27 5 48
1 7 37 31 16 3 47 44 20
0 2 46 36
0 6 26 27 44 43 46 22
1 28 22 24 21 12 47 32 43 18 39 27 30 37 44 14 34 4 26 34 6 26 43 1 23 47 2 27 5 48
0 4 0 13 37 40
1 32 37 15 49 31 4 38 44 32 45 23 44 11 32 27 44 35 8 12 22 22 19 43 35 15 34 6 15 19 0 42 6 14
1 20 37 31 32 45 3 24 25 39 21 15 2 29 25 4 22 38 29 28 30 15
1 9 15 21 15 31 10 15 15 15 15
0 5 25 9 29 28 41
0 6 15 22 45 23 49 47
1 6 37 12 24 11 0 44
1 6 40 21 45 24 10 41
1 11 26 39 1 24 23 17 29 28 43 24 48
0 4 44 44 41 32
1 11 34 5 37 24 41 36 35 11 21 18 23
1 7 3 22 19 47 31 10 15
1 7 40 24 48 34 39 6 14
1 8 28 41 22 27 5 21 14 1
1 7 28 43 35 26 19 28 14
1 13 10 32 45 3 47 32 45 23 34 32 24 10 41
1 3 33 41 37
1 18 22 23 4 31 4 49 24 26 18 41 30 1 28 30 37 8 14 40
1 7 15 21 15 49 22 24 31
1 19 36 34 6 15 19 35 26 43 20 31 24 21 15 2 27 5 21 14 1
0 15 49 9 42 2 29 24 10 30 1 28 30 13 31 14 7
1 12 42 43 35 41 48 4 23 41 36 35 4 23
0 5 10 32 3 22 7
0 18 3 40 1 17 44 23 1 39 16 0 20 31 11 32 19 35 15 0
1 7 12 22 19 43 35 15 6
0 6 43 6 3 3 26 47
0 26 34 17 23 17 1 15 43 4 22 49 27 21 15 19 5 21 14 49 1 49 1 49 1 49 49 49
1 17 37 31 20 31 35 37 21 17 32 44 40 11 21 27 24 44 9
0 4 47 10 33 22
1 10 25 17 44 29 28 30 37 24 48 40
1 8 3 23 0 20 31 35 15 40
0 10 25 24 41 43 45 1 29 22 28 41
1 7 37 12 47 32 44 27 41
1 5 10 44 16 15 40
1 18 15 21 6 8 26 41 48 18 45 46 42 43 5 41 30 1 28 41
1 10 22 9 42 2 9 42 19 5 21 30
0 8 42 34 39 31 43 35 18 31
1 7 22 46 22 3 15 15 15
0 7 5 15 34 32 32 32 32
0 3 5 15 15
0 17 25 19 15 25 15 18 22 19 49 24 34 13 34 6 15 6 14
0 14 10 32 8 43 4 22 11 4 0 11 30 12 36 12
0 8 10 44 20 40 31 35 41 41
1 9 34 1 23 11 18 17 42 49 24
1 11 40 43 49 24 42 43 35 41 48 48 18
1 9 10 44 16 49 23 11 4 0 49
0 3 43 26 32
1 11 34 19 39 21 15 34 44 35 41 30 15
0 14 36 34 39 19 35 26 19 35 15 34 17 15 13 40
1 23 37 6 25 28 43 21 36 44 32 43 18 39 40 39 1 24 0 32 8 40 4 9 47
1 5 26 18 41 30 7
0 18 28 43 0 34 19 36 19 8 34 7 19 32 30 37 35 31 16 45
1 10 12 19 41 22 29 18 37 19 43 28
0 9 37 12 19 11 32 26 15 5 48
0 4 11 0 0 40
0 2 48 32
1 10 22 46 34 20 2 46 37 15 31 3
0 19 26 41 36 5 10 49 34 34 16 37 43 19 6 37 44 34 3 44 15
0 13 49 21 6 36 34 18 33 41 37 32 32 32 32
1 4 40 44 9 47
1 2 34 1
1 9 34 1 24 44 16 23 25 36 20
0 10 0 23 37 36 44 32 44 9 3 13
0 8 25 17 16 39 10 26 5 21
1 10 40 21 25 49 27 44 48 26 5 48
1 6 10 29 28 43 44 0
1 20 22 24 0 32 44 40 11 8 36 20 21 31 20 31 32 44 16 8 22 3
1 10 36 34 6 15 34 39 34 39 6 14
1 9 37 6 26 34 44 11 32 33 24
1 10 10 16 41 43 8 0 3 44 15 15
1 7 15 44 35 49 34 44 20
0 26 3 22 19 47 7 21 12 47 29 28 43 44 36 20 2 16 5 38 36 16 17 36 7 10 43 10
1 4 25 29 13 40
0 19 12 10 19 41 26 18 45 46 21 31 20 31 32 44 32 25 28 43 24
1 14 49 15 36 20 31 48 47 20 31 35 39 16 34 16
0 5 47 34 42 17 41
0 17 5 6 12 34 18 24 28 28 12 12 12 28 25 28 12 28 28
0 5 40 44 40 25 47
0 11 22 0 29 36 44 44 12 6 24 10 41
0 5 10 16 20 26 49
1 22 25 24 20 29 19 49 18 21 31 44 44 20 31 32 32 24 41 23 41 40 39 1
0 14 26 41 48 48 1 32 8 36 8 29 47 19 5 48
0 19 25 25 26 19 31 29 33 28 43 45 3 44 15 15 49 15 15 15 15
0 9 10 44 32 28 21 38 32 27 41
0 5 45 43 10 26 41
1 13 34 35 4 0 36 41 0 25 28 43 24 48 40
1 9 10 29 28 43 45 39 0 11 21
0 25 25 38 16 20 17 44 16 11 39 3 5 41 43 44 9 11 8 27 30 13 31 14 14 14 15
1 10 22 9 5 38 36 16 44 46 31 7
1 7 11 0 26 32 32 32 32
1 8 25 4 22 11 48 41 27 41
1 19 49 49 22 11 4 14 34 18 42 43 19 49 47 20 31 35 39 32 20
0 15 26 1 19 17 44 16 3 18 21 12 33 31 45 19 5
0 15 37 5 19 48 44 29 15 28 43 36 43 38 44 16 31
0 5 47 49 5 5 48
1 5 22 29 2 16 31
1 8 34 1 9 42 19 5 21 25
0 3 28 39 43
1 8 12 44 27 34 29 28 30 7
1 20 15 21 31 32 43 2 29 28 43 45 23 44 11 32 33 27 5 21 14 49
1 10 34 5 8 42 19 35 15 34 18 11
1 20 34 19 27 3 40 21 29 19 29 1 29 39 21 31 44 16 37 24 48 40
1 6 42 19 0 10 16 34
1 4 42 19 0 33
1 2 13 32
1 7 42 43 35 39 5 15 40
0 6 3 37 34 39 6 35
1 3 40 24 48
0 4 37 37 31 24
1 6 15 0 32 21 11 21
0 12 31 9 23 29 42 32 19 17 41 16 15 0
0 5 2 34 35 20 30
0 10 3 3 3 34 13 34 34 6 26 19
0 3 4 6 9
1 10 10 44 29 28 43 43 2 16 15 40
1 18 15 23 18 22 1 9 42 15 47 34 0 44 32 44 27 43 45 23
1 2 42 6
0 11 3 3 12 47 9 8 27 43 8 14 40
1 11 40 24 10 43 24 41 27 43 21 18 23
1 11 34 19 38 16 25 28 30 1 28 30 7
1 8 3 1 16 26 31 3 15 15
0 1 20
1 24 42 43 19 4 22 36 16 45 29 2 44 16 8 10 16 26 49 31 4 19 15 19 5 48
0 2 16 44
1 4 26 41 48 48
0 6 12 30 39 6 7 14
1 3 37 12 44
1 13 42 43 20 15 47 15 2 32 43 47 19 5 48
1 17 37 31 20 31 35 37 21 17 32 44 40 11 21 27 24 44 9
1 9 40 8 40 11 24 41 27 30 7
1 11 49 2 10 15 15 15 15 15 15 15 15
1 8 22 46 36 34 15 20 49 31
1 6 49 21 6 39 48 18
0 9 28 12 17 34 18 11 0 0 9
0 13 45 7 41 14 34 4 15 21 13 34 4 26 6
1 9 10 44 16 49 23 11 4 0 49
0 10 3 9 22 13 34 24 12 28 12 28
1 6 15 34 16 36 48 40
0 9 17 39 18 1 20 48 38 44 9
1 6 34 5 39 35 45 3
1 3 10 44 20
1 9 37 6 37 44 36 35 39 13 40
1 9 10 16 20 19 31 29 28 43 24
0 6 44 41 49 32 32 32
1 16 34 13 34 15 20 31 23 39 23 47 31 46 10 20 31 16
1 20 22 24 21 12 47 32 43 29 1 27 5 21 14 49 49 1 1 1 49 49
0 6 11 0 0 7 37 37
0 8 42 34 4 19 0 13 32 32
1 7 3 1 20 31 35 15 40
1 16 10 29 28 30 13 31 14 13 31 14 37 45 3 24 13 32
0 2 46 23
0 5 25 29 21 6 31
0 4 36 18 13 32
1 7 25 25 36 32 45 39 23
0 5 34 48 39 8 40
1 10 40 21 25 49 27 44 48 26 5 48
0 11 38 40 45 37 19 41 22 3 15 15 15
1 13 36 34 6 26 34 6 15 34 39 19 35 15 19
1 4 25 24 11 21
0 5 25 17 32 33 39
0 9 34 1 1 29 47 49 22 42 20
0 3 28 36 25
0 6 6 23 24 25 28 41
0 12 34 44 32 32 43 27 31 44 15 15 15 15
1 4 22 23 36 20
0 2 33 20
1 11 10 16 45 46 42 19 35 15 19 28 35
0 12 23 16 38 29 28 30 37 43 49 26 5 21
1 9 22 46 34 20 31 27 5 21 30
1 10 11 26 32 32 32 32 32 32 32 32
1 13 42 19 0 25 17 16 26 31 24 44 11 32 33
0 16 42 20 20 31 9 42 49 31 4 18 37 37 19 41 11 44
0 1 5
0 4 23 0 42 9
1 6 42 43 5 39 32 20
1 11 15 21 31 44 44 44 20 31 16 34 20
1 16 15 44 35 25 28 43 45 39 36 35 48 41 0 17 5 38
1 3 25 25 39
1 3 44 26 32
0 5 10 20 43 45 32
1 6 22 23 17 44 16 31
1 3 42 43 1
1 12 15 23 39 34 32 45 1 16 37 8 9 47
1 7 25 27 33 27 5 21 25
0 5 28 22 27 1 31
0 3 10 29 15
0 4 0 43 24 0
0 6 20 10 22 19 43 13
0 2 40 9
1 18 49 34 44 16 23 11 1 5 41 43 43 36 32 43 36 29 28 41
0 5 28 43 32 49 14
1 8 42 43 1 23 11 4 40 47
1 21 42 34 39 43 20 21 15 49 31 4 47 49 22 38 29 28 30 37 45 39 14
0 4 42 21 6 14
1 19 37 31 32 21 2 20 31 11 32 36 15 15 15 15 15 15 15 15 15
0 14 32 26 29 4 17 40 39 49 19 15 26 5 21 30
1 5 36 34 4 26 6
1 22 15 34 32 43 47 15 2 20 31 11 32 47 29 28 30 13 31 14 13 31 14 15
0 7 1 41 11 48 41 40 47
1 11 49 34 21 15 31 27 5 21 14 1 1
1 19 26 4 23 1 45 8 40 11 45 40 41 9 4 23 41 36 1 10 15
1 5 34 35 30 35 48
1 15 26 39 19 2 16 25 28 30 1 28 43 24 41 14 40
1 6 37 12 24 11 0 26
1 14 40 43 17 32 45 3 18 0 29 28 43 8 23 18
0 3 24 43 41
1 2 13 32
1 6 3 3 47 29 28 41
0 8 44 49 24 4 17 38 45 24
1 13 22 9 5 45 15 2 29 28 30 1 28 30 7
1 6 37 12 24 11 0 26
1 20 12 19 41 15 21 12 47 20 31 32 20 31 16 21 15 21 15 19 5 48
1 9 28 12 34 24 12 28 12 12 28
1 6 25 11 39 35 49 40
0 11 3 3 47 44 44 6 38 5 1 28 41
1 9 40 21 2 20 31 48 44 15 15
0 3 1 9 28
0 9 11 26 14 32 32 32 32 32 32
1 17 15 34 16 39 16 44 32 29 28 43 21 29 35 41 48 1 13
1 10 10 44 44 29 28 43 8 27 30 7
1 8 34 1 24 0 29 28 30 15
1 10 49 19 5 21 14 1 1 49 1 49
1 19 34 35 41 48 49 34 18 34 19 49 27 44 16 23 18 40 1 45 24
0 8 28 30 41 34 1 23 49 44
1 8 40 21 17 20 31 48 24 13
1 8 3 40 41 9 18 36 48 40
0 6 44 0 32 32 32 32
0 2 44 27
1 6 40 21 17 16 15 0
1 6 40 43 24 3 36 15
0 4 25 38 29 28
0 4 12 22 9 27
0 3 37 11 13
1 13 34 19 17 32 21 36 44 16 11 30 35 35 12
1 7 25 49 47 32 43 24 34
1 21 25 18 23 44 16 21 12 3 28 41 49 21 31 16 36 41 40 30 36 35 48
0 17 36 3 22 35 1 15 18 37 44 27 44 16 23 48 47 31 3
1 22 49 15 38 32 45 23 44 35 11 11 45 3 3 3 23 0 16 39 11 32 36 15
1 3 44 26 32
1 13 10 44 20 31 32 44 16 17 5 45 19 5 48
0 4 11 26 34 32
1 16 10 32 43 27 18 0 44 20 31 16 21 12 26 5 21 25
1 3 42 6 14
0 11 26 14 21 19 45 15 49 30 42 28 24
0 34 10 16 39 35 45 46 25 45 48 34 6 26 43 19 45 45 22 19 39 21 31 29 28 43 45 3 18 0 16 11 4 27 30 7
1 9 37 6 37 44 36 35 39 13 40
1 10 12 44 47 32 8 27 43 24 10 41
0 12 10 19 36 29 28 30 37 21 21 18 3 36
1 6 34 35 11 24 48 40
1 9 15 0 32 24 41 0 11 30 48
1 26 42 34 15 35 18 20 29 13 34 39 34 39 19 0 12 44 27 34 44 16 26 19 5 21 14 49
0 14 37 31 44 32 43 49 33 9 5 45 2 43 37 31
0 2 27 44
1 6 49 21 6 39 48 18
0 26 3 22 1 46 34 12 19 35 39 32 32 8 14 45 34 24 12 28 28 17 17 12 12 12 28 12
0 10 3 39 11 20 33 23 1 24 15 40
1 10 36 34 4 15 19 35 26 43 13 40
0 2 33 20
0 17 10 32 8 13 40 18 5 17 42 15 45 45 40 22 41 41 48
0 4 42 27 6 13
0 3 0 12 43
1 4 25 24 11 21
0 4 15 41 48 49
0 9 12 19 43 0 12 44 36 7 15
1 13 12 19 43 0 15 21 12 18 34 32 24 10 41
1 12 28 41 26 49 34 4 15 19 35 15 6 35
1 13 25 29 13 34 6 26 19 35 26 19 0 11 44
1 4 3 22 5 31
1 19 34 20 34 23 49 47 29 28 30 37 43 45 24 10 43 43 18 37 27
0 6 45 42 24 37 15 20
1 8 15 23 17 32 43 38 44 20
0 12 41 25 24 27 27 34 20 31 48 26 5 48
0 6 25 27 28 6 47 15
0 4 22 22 22 27
1 6 40 43 24 3 36 15
1 14 40 44 9 39 5 17 5 45 2 29 45 45 40 18
1 10 37 15 21 6 39 16 21 6 15 40
1 19 49 49 22 11 4 14 34 18 42 43 19 49 47 20 31 35 39 32 20
1 30 49 34 21 12 33 46 22 23 2 29 28 30 14 14 37 21 4 22 38 32 21 36 32 24 41 23 41 9 30 2
1 17 33 41 37 32 32 32 32 32 32 32 32 32 32 32 32 32 32
1 9 25 45 45 1 20 31 11 32 44
0 2 7 39
0 2 22 0
1 21 25 17 29 28 43 43 49 47 44 32 21 39 44 11 32 27 44 48 26 5 48
0 5 35 34 1 10 26
0 3 33 18 6
1 2 13 32
0 8 40 36 7 20 31 36 15 3
0 10 11 18 1 41 42 19 35 15 19 13
0 16 22 24 0 38 16 38 36 48 34 24 22 12 12 12 12 28
0 11 49 15 8 45 43 29 19 45 8 12 41
0 15 25 17 29 28 43 21 25 17 29 28 30 1 28 30 28
0 12 10 19 36 29 28 30 37 21 21 18 3 36
0 3 26 11 21
1 2 13 32
1 7 25 39 0 16 25 28 41
0 15 40 45 3 21 6 49 21 20 31 11 32 49 44 38 44
0 3 30 34 34
1 11 11 26 32 32 32 32 32 32 32 32 32
0 3 10 22 15
1 6 3 1 16 36 10 41
1 13 25 19 31 44 20 31 32 20 31 48 26 5 48
0 3 3 9 21
0 10 25 11 2 44 32 21 36 39 0 20
1 8 3 3 47 20 31 32 16 31
1 8 40 8 40 1 35 18 41 41
0 3 3 48 9
0 2 26 19
0 3 26 11 21
0 5 10 5 18 49 40
0 2 0 42
0 2 13 34
1 5 49 15 11 30 12
1 8 3 23 0 20 31 35 15 40
0 9 20 2 9 5 38 36 7 36 7
1 12 15 23 38 20 31 11 32 3 40 24 48 40
0 3 26 19 40
1 14 40 8 27 43 45 23 34 20 31 48 18 44 35 34
1 13 42 19 0 25 17 16 26 31 24 44 11 32 33
0 17 49 15 11 4 17 33 11 1 19 12 29 34 44 16 8 28 43
1 19 3 39 0 8 22 24 44 16 23 39 0 20 31 16 21 6 25 28 41
0 7 3 3 28 33 47 14 30
1 13 34 20 34 23 27 24 15 23 38 32 24 48 40
0 3 30 17 18
1 8 25 36 16 39 48 26 5 48
0 5 25 18 23 36 34
1 7 49 2 9 5 38 36 10
0 10 49 29 10 23 36 32 44 0 15 40
0 10 10 44 26 44 20 32 26 6 21 25
1 9 10 29 28 43 45 39 0 11 21
0 4 33 35 32 27
0 13 49 15 16 41 24 40 4 0 37 18 44 9 41
0 5 33 26 28 32 49
1 7 49 2 9 42 19 5 48
1 26 3 23 23 27 47 32 8 40 11 44 14 34 15 20 15 24 45 23 4 24 4 24 17 42 2 3
0 4 23 22 2 26
1 5 15 0 29 28 41
1 5 22 29 2 16 31
1 8 22 46 3 22 19 39 34 20
1 6 25 29 35 4 23 18
1 5 28 43 13 28 35
0 4 44 36 3 32
0 5 33 0 8 26 32
1 6 37 15 19 5 21 30
0 3 41 3 18
0 3 32 8 40
1 6 49 34 21 6 15 0
0 16 42 43 19 22 24 10 44 27 43 21 19 31 34 29 28 41
1 8 25 4 22 19 15 2 10 15
1 6 10 44 44 32 44 14
0 7 23 15 2 44 35 15 40
0 2 47 12
0 8 28 43 32 36 29 15 13 34
0 10 41 3 3 33 4 46 3 15 15 15
0 13 36 34 15 12 22 44 19 32 15 32 24 10 41
1 9 12 19 43 13 13 35 26 6 14
1 13 34 1 23 4 24 4 29 1 46 12 19 12 40
0 3 44 6 27
1 7 28 12 34 39 34 18 15
1 6 22 24 21 6 15 40
1 11 34 35 49 34 6 15 43 20 19 5 48
1 6 49 31 3 15 15 15
0 4 44 41 9 32
1 4 26 41 48 48
1 11 12 44 33 29 2 44 32 24 41 27 41
1 4 10 32 24 48
0 2 12 22
1 20 15 34 44 16 3 27 44 16 34 16 39 16 0 20 31 16 0 29 28 41
1 9 3 23 34 32 8 9 30 36 12
1 7 12 9 34 6 26 34 24
0 12 22 23 47 34 23 36 32 21 25 17 0 34
0 30 37 6 17 42 15 4 24 4 18 1 44 29 28 30 14 14 37 43 47 21 12 41 32 32 8 0 18 34 1 3
1 12 49 34 44 48 47 20 31 16 44 48 24 28
1 18 36 34 18 42 19 13 0 28 41 3 1 20 31 11 32 26 5 48
1 15 42 19 13 0 28 43 35 26 34 39 34 15 19 27 36
1 13 34 1 29 19 12 44 15 15 15 15 15 15 15
0 2 10 2
0 14 10 32 8 43 4 22 11 4 0 11 30 12 36 12
0 2 6 35
1 24 25 29 19 38 16 17 42 15 39 23 4 24 4 2 44 32 24 48 34 18 40 44 23 18
1 4 10 16 15 40
1 9 36 34 39 19 0 12 44 36 15
1 21 10 16 36 48 34 6 26 34 6 26 43 35 18 49 21 15 15 19 6 41 41
0 7 36 5 15 14 23 21 21
0 3 44 0 5
1 15 36 34 39 43 1 9 42 15 17 20 31 11 32 3 11
1 14 42 34 24 28 28 28 12 12 28 12 28 28 28 28
0 12 26 39 19 24 29 35 18 26 2 27 21 30
1 3 3 3 44
0 3 38 40 24
0 25 19 40 31 16 8 42 19 35 15 43 1 25 44 34 35 49 0 16 49 44 32 44 29 17 41
1 8 34 20 19 5 21 14 1 49
0 3 37 40 18
1 6 3 1 16 11 39 1
1 19 26 48 41 23 41 36 5 45 29 4 22 27 18 44 48 33 27 5 48
0 6 45 42 24 37 15 20
0 3 18 13 43
0 26 34 17 23 17 1 15 43 4 22 49 27 21 15 19 5 21 14 49 1 49 1 49 1 49 49 49
0 3 1 9 28
1 3 33 41 37
0 5 28 43 32 49 14
0 2 19 46
1 5 36 34 4 26 6
0 7 9 36 24 28 12 28 28
1 10 15 0 29 28 43 8 9 1 35 41
0 4 42 19 0 12
0 5 45 15 19 44 20
0 4 2 12 9 37
0 5 44 34 35 49 40
0 6 42 38 27 34 5 13
1 5 37 12 33 10 15
1 7 36 34 24 12 12 12 28
1 4 34 1 46 13
0 8 49 21 12 44 9 15 15 15
0 4 10 25 38 1
0 9 49 2 9 42 21 15 21 18 31
1 6 42 34 4 15 6 35
0 3 11 7 44
1 22 15 34 32 43 47 15 2 20 31 11 32 47 29 28 30 13 31 14 13 31 14 15
0 21 36 4 15 19 18 10 44 32 24 48 34 4 13 34 4 26 43 1 27 5 48
1 2 13 32
1 12 15 21 15 2 9 5 38 36 16 44 46 31
1 10 36 34 6 15 43 20 15 49 44 15
1 6 28 41 49 31 3 15
0 10 34 8 13 15 34 43 31 48 36 15
1 6 28 41 10 29 28 41
0 4 38 47 47 6
0 4 26 41 38 32
1 6 15 0 32 24 10 41
1 14 40 8 27 43 45 23 34 20 31 48 18 44 35 34
0 2 46 23
0 2 0 42
0 5 19 26 5 0 25
0 3 18 10 13
1 5 37 31 29 28 41
0 2 33 36
0 12 42 43 20 2 3 15 15 15 0 15 15 15
0 3 1 10 42
0 5 5 6 8 26 19
1 9 49 15 38 32 45 39 9 30 48
1 8 40 8 14 34 6 26 6 35
1 2 13 32
0 4 49 34 31 5
1 10 28 43 0 15 21 12 19 32 32 24
0 10 10 19 41 36 34 15 1 3 15 15
1 9 37 6 17 42 15 49 26 5 48
1 13 49 34 23 36 16 8 12 9 34 39 19 28 35
1 20 26 39 19 2 16 37 8 14 34 18 26 1 20 34 44 16 34 29 28 41
0 20 17 34 1 46 12 44 3 36 34 18 25 39 23 17 32 8 19 34 24 48
1 12 36 34 24 12 28 28 12 12 28 12 28 12
0 6 40 42 43 30 5 47
1 9 22 46 49 15 47 31 27 5 48
0 19 34 20 49 31 4 47 21 15 2 19 6 20 38 29 28 30 1 28 41
0 10 14 44 33 9 42 21 26 22 21 25
1 10 40 21 36 16 11 18 20 27 44 15
1 12 15 21 15 2 9 5 38 36 16 44 46 31
1 5 26 4 40 30 48
1 6 3 37 44 26 5 48
0 3 12 17 27
0 4 40 29 24 48
0 23 40 21 24 49 23 39 34 32 21 4 11 48 1 24 8 33 41 37 32 32 32 32 32
0 4 37 15 5 48
0 3 3 1 32
1 17 15 34 44 44 20 31 32 44 32 8 40 11 45 23 34 16 36
0 9 34 20 21 38 6 45 27 5 48
1 6 25 17 16 45 10 15
0 13 30 25 33 32 0 44 27 21 38 32 6 8 23
0 7 10 29 28 43 45 7 9
1 2 13 32
1 11 28 12 34 15 5 37 45 37 9 34 24
1 5 40 43 11 30 12
1 2 13 32
0 8 37 15 22 45 5 21 37 32
1 4 3 3 36 15
1 5 37 31 32 8 14
0 8 1 42 44 20 35 35 15 0
1 7 49 21 31 32 43 19 6
1 5 37 31 29 28 41
1 12 49 2 46 25 45 45 37 44 36 15 15 15
1 11 37 31 20 31 11 32 27 44 48 47 20
1 7 42 43 1 27 5 21 25
1 7 34 19 2 44 29 28 41
1 8 37 12 47 32 24 41 0 31
0 10 40 21 19 15 21 31 32 44 41 41
1 10 12 44 47 32 8 27 43 24 10 41
0 2 2 39
0 10 42 34 18 3 30 23 44 35 15 0
0 20 17 34 1 46 12 44 3 36 34 18 25 39 23 17 32 8 19 34 24 48
0 13 25 4 22 39 44 32 32 8 36 20 20 15 39
1 6 25 45 8 40 30 2
1 5 25 36 16 11 48
0 12 40 45 22 13 34 39 34 6 45 34 18 26
0 5 35 38 17 16 15
1 6 40 21 45 24 10 41
0 7 10 32 17 27 20 41 15
1 8 15 0 20 31 32 16 15 0
0 6 41 27 5 19 21 30
0 14 10 32 21 11 49 34 19 15 43 1 3 15 15 15
1 6 37 31 44 16 11 47
1 15 25 27 18 0 32 21 47 21 31 44 16 11 30 35 48
0 27 23 17 16 17 5 21 14 6 49 44 35 26 49 24 4 17 28 43 43 27 18 12 44 47 34 16 31
1 10 25 17 44 29 28 30 37 24 48 40
1 11 25 2 20 31 35 17 5 45 31 46 36
0 11 37 31 18 44 44 29 32 45 39 14 40
0 3 5 33 36
1 5 36 34 15 35 41
1 16 25 25 39 44 48 18 23 18 1 20 31 11 32 33 46 11
1 14 49 2 29 45 44 40 39 1 24 23 49 44 15 15
0 7 0 39 30 28 21 36 2
0 23 42 43 35 49 34 4 11 34 42 34 13 34 3 20 15 38 16 17 5 45 31 42 15
0 7 3 1 10 39 45 22 13
1 13 42 34 6 15 34 18 13 32 32 32 32 32 32
1 20 37 12 3 36 34 4 26 43 20 21 31 32 21 11 49 34 6 26 6 35
1 5 12 44 26 5 48
0 2 40 44
0 8 28 43 32 36 29 15 13 34
0 9 35 8 39 27 30 37 27 7 48
0 7 3 30 22 20 15 49 44
0 13 15 0 29 34 28 43 43 25 47 19 39 21 30
0 10 31 17 32 18 40 32 32 32 32 36
0 2 45 35
1 12 3 22 19 27 3 42 34 4 15 19 0 44
1 9 37 6 17 42 15 49 26 5 48
1 16 37 31 44 44 32 24 10 30 37 43 24 17 42 19 5 48
0 22 48 41 0 25 28 30 37 43 19 6 45 24 44 11 16 32 27 0 45 28 30 15
1 4 10 16 26 34
1 5 34 35 39 13 40
1 7 42 19 35 15 19 13 28
1 12 15 23 38 32 8 27 43 21 36 29 28 41
0 3 33 42 32
0 7 36 34 41 3 15 15 15
0 2 40 27
1 3 33 41 37
0 23 28 18 21 24 26 34 34 44 16 17 21 5 21 12 19 32 1 20 31 29 35 25 28
0 14 22 46 37 12 44 44 16 3 24 11 41 37 44 32
0 4 28 43 28 27
0 4 39 26 40 44
