3001 50
1 18 33 11 27 44 39 13 0 12 19 19 40 5 0 26 6 47 1 31
1 12 30 17 39 26 11 40 44 11 40 2 20 1
1 9 6 44 12 13 0 6 2 20 1
0 5 6 2 1 1 1
0 16 30 17 12 17 31 28 7 28 45 20 1 1 1 1 1 1
1 10 33 12 33 20 1 1 1 1 1 1
1 3 33 11 31
0 5 19 46 13 20 10
0 4 46 40 28 42
1 12 33 12 26 39 13 17 31 35 2 20 1 1
0 5 14 30 0 39 46
0 2 46 46
1 27 26 6 26 24 40 26 11 27 24 22 33 12 13 0 12 19 27 5 0 33 31 7 44 31 17 11 31
0 2 16 9
0 9 5 0 46 43 43 6 37 44 9
1 6 46 47 34 41 5 9
1 1 46
1 6 12 19 40 44 11 31
0 18 46 0 33 31 26 18 31 26 12 17 49 39 35 5 0 26 49 2
1 19 46 43 43 49 1 31 45 24 22 12 40 44 31 26 31 13 0 12 31
0 9 5 20 22 33 24 17 45 1 26
0 12 46 20 17 1 45 16 24 5 0 12 17 42
0 16 33 31 28 5 13 47 11 40 28 13 0 6 5 0 12 31
1 14 12 19 40 5 17 31 7 28 13 0 30 0 26 42
0 6 4 21 27 36 21 9
0 8 46 41 24 40 26 11 47 6
0 7 12 17 15 26 38 46 9
1 4 17 25 21 42
0 11 6 49 28 24 23 20 48 1 1 1 1
0 3 38 5 33
1 10 30 17 31 35 5 0 17 25 31 42
1 5 33 39 17 11 31
0 8 33 26 39 17 44 1 11 31
1 21 17 15 5 12 1 43 32 7 48 25 21 35 38 17 4 25 27 18 48 23 8
0 5 14 30 0 39 46
1 8 26 45 16 27 2 20 1 1
0 7 26 45 42 32 40 45 2
0 9 33 39 40 26 12 7 2 33 1
0 10 17 33 20 32 31 36 5 15 24 45
0 3 17 19 33
0 5 26 24 20 21 38
1 12 6 28 17 39 13 17 39 7 2 20 1 1
1 13 30 0 33 39 13 17 31 7 44 12 26 11 31
0 3 46 16 31
1 8 6 5 17 39 17 12 33 20
1 34 6 44 39 17 31 28 17 31 13 17 31 28 35 28 28 17 12 13 17 31 28 28 17 11 27 5 17 39 35 44 12 7 2 20
1 7 30 0 6 5 0 30 17
1 20 12 27 44 12 28 28 17 11 27 44 39 28 33 20 1 1 1 1 1 1
0 4 33 44 12 49
1 10 6 28 26 39 13 0 12 27 2 20
0 2 26 47
0 8 6 28 33 20 11 1 1 1
1 3 12 17 42
1 13 26 6 26 38 46 26 24 15 27 23 41 6 9
1 12 33 31 26 31 28 26 31 7 28 28 13 0
0 14 30 17 3 39 28 17 11 19 30 17 23 7 49 4
0 19 6 5 0 7 19 27 44 11 27 44 11 27 44 39 13 0 17 23 8
1 5 46 43 43 45 24
0 6 6 48 5 17 42 2
1 8 6 5 17 39 17 12 33 20
1 7 17 15 8 42 43 49 4
1 21 17 15 5 12 1 43 32 7 48 25 21 35 38 17 4 25 27 18 48 23 8
0 9 42 33 12 18 44 39 35 28 7
0 30 39 24 28 26 12 26 11 40 44 12 7 28 13 10 17 39 13 27 17 24 7 36 17 11 27 2 20 1 1 1
1 9 33 12 35 5 0 33 31 13 0
0 20 12 40 26 44 11 17 26 38 12 17 6 20 19 40 2 20 1 31 1 1
1 3 12 17 42
1 8 12 40 5 0 12 27 2 20
1 6 26 45 16 17 49 4
0 7 43 20 49 14 1 0 8
1 17 17 12 33 20 45 48 15 24 1 25 21 35 24 15 27 25 34
1 15 12 40 2 20 1 1 1 1 1 1 1 1 1 1 1
0 16 6 5 47 0 30 17 39 9 22 26 39 28 0 46 20 31
0 14 33 11 17 46 2 43 20 8 7 48 27 36 48 20
1 15 33 39 17 11 27 28 35 28 17 39 13 0 26 49 4
0 9 30 41 0 26 45 16 40 5 17
1 11 6 28 28 28 7 5 17 11 40 2 20
0 4 46 17 5 31
0 3 31 2 20
1 6 33 11 17 6 47 6
0 13 35 27 36 14 24 22 5 19 2 12 49 21 49
0 7 6 32 39 37 33 20 1
1 22 30 0 46 43 20 31 29 30 29 40 1 38 30 21 38 15 3 21 18 48 47 22
1 6 6 5 0 12 17 42
1 17 12 17 45 24 40 3 3 3 26 11 47 6 11 15 24 41 45
1 21 30 17 31 35 28 13 17 39 7 44 31 13 17 31 17 11 40 44 39 33 20
1 11 33 39 35 5 0 26 45 16 19 17 42
0 14 46 20 40 28 35 28 10 17 11 17 49 25 12 42
0 8 6 5 25 11 40 2 20 1
1 12 30 17 12 7 5 0 26 45 16 40 2 20
1 5 17 12 13 20 34
0 4 2 26 12 18
0 9 33 12 35 44 6 26 11 29 42
1 11 46 26 38 33 11 27 5 0 6 2 20
0 9 6 28 28 7 5 40 0 30 0
1 8 6 28 33 20 1 1 1 1
0 12 40 2 20 1 1 1 1 1 1 1 1 1
0 9 46 47 22 20 45 48 21 26 33
0 14 6 28 13 17 12 28 7 28 13 17 20 26 33 20
1 18 33 39 7 5 0 33 12 26 12 28 28 13 0 6 44 12 7 44
0 10 30 0 46 43 20 19 32 32 44 11
0 2 6 2
1 7 17 25 31 13 43 49 4
0 32 46 47 34 48 4 14 36 14 7 11 32 45 11 32 45 30 14 45 16 37 37 11 13 25 32 45 37 34 25 35 13 25
1 8 33 39 13 17 11 40 28 26
1 10 30 0 12 19 17 45 38 6 2 20
1 19 17 27 22 11 32 45 30 45 45 11 32 45 11 32 45 34 25 13 25
1 5 17 4 14 36 48
1 15 6 44 39 28 17 31 26 11 40 44 31 13 17 31 17
0 1 27
1 6 17 12 49 24 40 25
1 8 46 43 43 6 20 17 49 49
1 11 46 20 40 44 31 7 28 33 20 1 1
0 17 30 17 39 11 40 5 0 17 27 22 11 32 45 11 32 45 37
1 11 30 17 12 26 11 27 28 26 11 40 44
0 23 30 0 26 45 38 17 4 25 48 36 23 20 20 42 20 20 20 20 20 20 20 20 20
1 10 17 27 24 40 3 25 40 26 11 0
0 10 17 4 21 0 41 6 16 36 29 46
0 8 30 30 0 12 40 2 44 1
1 27 26 6 26 24 40 26 11 27 24 22 33 12 13 0 12 19 27 5 0 33 31 7 44 31 17 11 31
1 3 17 21 33
0 3 19 4 29
0 11 12 17 45 38 6 28 17 48 39 33 20
0 8 12 40 0 28 28 28 33 20
1 7 26 6 43 43 45 24 15
1 8 12 27 44 31 33 20 1 1
0 5 40 28 35 2 20
0 7 26 45 16 40 20 1 1
1 12 26 45 24 22 33 11 27 44 39 28 33 20
0 15 25 45 48 15 27 27 36 14 36 21 38 27 25 18 32
0 12 29 33 38 31 35 42 4 34 44 11 19 31
1 16 6 44 31 28 17 31 7 5 0 17 12 1 40 20 43 42
1 5 6 5 0 26 42
0 6 6 5 0 26 3 42
1 1 46
0 7 17 15 1 27 24 25 6
0 6 12 17 12 33 20 21
1 8 12 17 6 47 22 43 49 45
1 10 30 17 39 35 44 39 7 2 20 1
0 3 12 33 31
0 13 33 31 18 11 17 45 24 40 3 25 40 3 26
0 3 39 17 42
0 2 21 23
0 14 33 11 19 27 28 17 31 20 31 17 12 11 17 42
1 28 26 45 38 46 26 24 22 12 27 44 39 28 28 35 28 28 13 17 31 26 12 33 20 1 1 1 1 1
0 14 46 47 32 18 48 16 41 9 49 43 8 49 16 49
0 21 42 17 0 48 41 4 20 27 24 15 27 24 16 41 30 0 41 6 21 12 48
1 9 33 39 26 31 28 7 2 20 1
0 16 45 38 30 17 11 40 2 20 1 23 1 26 1 1 1 1
0 18 17 38 14 27 25 15 19 1 7 48 25 8 1 15 37 38 49 13
0 5 26 46 45 16 31
0 2 41 28
1 10 33 39 26 39 13 0 12 17 49 4
1 8 30 0 12 27 44 11 19 31
0 4 26 47 39 49
0 14 46 20 40 28 35 28 10 17 11 17 49 25 12 42
0 14 33 22 39 17 31 13 17 12 17 39 31 28 13 0
1 11 26 49 2 12 6 43 20 45 48 29 46
0 6 33 12 49 35 41 17
0 13 33 35 7 17 39 26 12 7 44 26 31 33 20
1 11 6 5 0 46 26 38 17 4 21 16 23
1 12 12 27 44 31 26 12 28 28 33 20 1 1
1 23 26 49 2 12 45 38 46 20 40 28 7 28 26 39 26 39 13 0 17 38 27 4 48
1 13 17 12 2 12 27 5 17 12 13 17 39 33 20
1 13 46 20 19 19 40 28 7 44 39 33 20 1 1
1 9 46 47 42 0 43 6 26 16 31
1 8 46 43 20 10 20 31 21 47
0 4 7 40 12 31
1 19 17 27 22 30 45 45 30 46 34 25 13 25 13 25 35 13 25 32 45
0 3 31 46 16
0 8 11 20 26 22 25 45 17 0
1 25 46 43 43 6 43 20 44 13 48 15 16 36 25 5 4 14 22 34 25 35 13 25 35 13 25
1 7 12 40 44 12 35 2 20
0 4 6 13 19 1
0 12 36 40 5 0 30 17 12 7 12 31 13 0
1 8 33 39 33 20 1 1 1 1
1 5 30 0 17 21 33
1 13 33 11 17 45 38 26 6 47 38 7 24 20 29
1 8 46 26 16 19 40 28 33 20
1 5 12 27 44 11 31
1 20 12 27 28 17 31 7 28 17 31 28 26 12 28 28 35 2 20 1 1 1
0 15 30 0 17 38 27 41 30 16 41 16 49 30 15 24 45
0 4 24 30 49 17
1 15 30 17 31 26 12 7 5 17 39 7 28 26 31 35 44
0 6 46 15 2 17 6 9
1 19 33 39 13 17 11 19 19 27 5 0 6 5 17 31 26 39 35 2 20
1 8 30 17 31 28 28 35 2 20
0 6 6 47 19 19 40 44
1 10 33 11 19 19 19 17 6 20 17 42
1 5 6 28 28 33 20
1 6 33 12 35 44 11 31
1 7 46 20 27 28 33 20 1
0 2 20 30
1 1 46
0 2 27 2
0 2 16 9
1 19 33 12 26 12 13 17 31 35 2 20 1 1 1 1 1 1 1 1 1
0 13 30 17 12 7 44 11 40 44 12 13 17 39 8
1 5 30 17 12 35 44
1 9 33 11 40 2 20 1 1 1 1
0 5 34 21 8 35 0
1 12 30 17 31 7 5 0 6 28 7 2 20 1
1 7 17 25 21 1 14 43 49
0 8 26 36 12 27 28 39 41 20
0 6 26 16 17 49 38 26
1 6 17 25 17 38 7 24
1 9 46 43 43 45 38 46 26 24 6
0 1 0
1 8 30 17 31 26 12 28 33 20
0 95 30 0 17 27 22 37 37 37 37 30 45 45 34 25 32 45 37 37 11 35 35 35 32 45 37 37 11 35 32 45 34 25 32 45 30 45 45 11 32 45 34 25 32 45 37 37 34 25 35 13 25 35 35 35 13 25 32 45 11 13 25 35 13 25 13 25 32 45 30 46 11 32 45 34 25 35 35 32 45 34 25 35 35 32 45 27 11 32 45 11 13 25 35 35 35
0 7 27 44 33 4 31 33 20
0 8 30 0 46 38 26 6 20 31
1 12 30 17 31 7 5 0 6 28 7 2 20 1
1 8 17 12 26 41 20 13 20 14
1 13 46 20 19 19 40 28 7 44 39 33 20 1 1
0 4 6 34 35 31
1 11 17 4 25 16 22 37 34 25 13 25 35
1 3 17 21 33
0 9 2 17 12 2 7 2 20 1 1
0 9 46 47 27 6 17 11 16 39 41
0 3 30 47 4
1 9 17 38 27 12 1 43 35 31 13
1 6 12 19 27 5 0 26
0 13 30 17 31 28 44 44 12 28 28 35 7 28 26
0 7 30 3 17 11 17 49 45
1 5 12 19 17 49 1
0 4 23 42 46 9
1 6 17 21 17 41 17 8
0 18 22 30 17 39 26 31 28 26 39 26 39 17 31 13 17 39 18 17
0 17 30 0 33 39 26 45 12 12 26 31 26 11 19 28 7 28 20
0 14 33 22 39 17 31 13 17 12 17 39 31 28 13 0
1 11 26 45 16 40 28 26 11 19 17 45 24
0 2 20 49
1 14 33 31 7 5 17 39 28 35 2 20 1 1 1 1
1 6 26 45 16 19 19 17
0 8 12 27 44 11 27 19 20 1
1 9 30 0 6 5 17 39 7 5 17
0 3 17 12 35
1 16 6 44 11 27 5 0 30 17 31 28 35 5 0 26 49 2
0 7 44 19 11 33 28 20 1
0 3 6 10 17
1 5 46 43 20 32 14
0 3 43 45 31
0 5 6 44 17 14 15
1 22 30 0 6 28 17 11 27 44 12 26 39 7 5 0 30 17 39 17 11 17 6 9
0 3 30 47 4
1 19 46 26 24 40 25 6 11 23 41 40 15 5 16 41 16 30 16 41 49
1 11 6 5 0 46 26 38 17 4 21 16 23
1 9 12 40 44 11 27 5 0 12 17
1 10 30 17 12 17 39 7 5 17 11 31
0 9 48 30 44 22 17 27 12 2 20
1 6 12 27 28 7 2 20
1 7 6 5 17 11 17 6 9
0 2 6 15
0 10 35 2 7 20 34 1 12 1 1 1
0 5 20 8 44 6 31
0 5 10 32 33 11 31
1 8 30 17 12 26 12 17 11 31
0 3 46 5 17
0 5 49 3 5 11 17
1 5 6 5 0 26 42
1 13 12 27 44 11 17 45 16 17 45 24 22 46 9
1 15 6 44 12 13 17 39 26 12 35 28 35 44 39 33 20
0 2 26 9
0 6 6 5 0 26 3 42
0 3 25 33 20
1 9 46 43 43 45 38 46 26 24 6
0 7 20 17 0 30 10 41 9
1 1 46
0 12 6 28 18 28 17 7 2 20 25 41 1 1
0 4 46 47 23 43
1 6 30 0 12 17 49 49
1 5 6 5 0 46 9
0 5 42 6 28 13 0
0 16 30 17 12 17 31 28 7 28 45 20 1 1 1 1 1 1
0 17 17 27 24 22 12 19 40 44 12 24 49 17 39 12 7 2 20
0 7 12 17 15 26 38 46 9
1 12 30 17 39 26 11 40 44 11 40 2 20 1
1 20 26 45 16 27 28 13 17 31 33 20 1 1 1 1 1 1 1 1 1 1
1 12 6 44 12 7 28 13 0 6 44 39 33 20
1 18 17 12 13 20 8 34 1 27 5 17 11 27 5 17 31 33 20 1
1 25 33 39 13 0 6 28 26 11 19 19 27 28 28 35 28 13 17 11 27 44 31 28 26 11 31
0 17 33 28 17 12 17 11 5 1 11 17 45 24 35 27 25 19 45
1 9 30 17 12 33 20 1 1 1 1
1 7 17 12 1 47 20 10 45
1 12 26 45 24 22 26 45 38 30 17 39 13 0
1 12 30 17 11 19 27 2 20 1 1 1 1 1
0 7 11 6 41 9 20 1 1
0 5 19 46 13 20 10
0 4 36 35 0 41
1 15 46 47 21 17 21 31 40 16 8 48 29 38 28 37 40
0 3 17 6 29
0 3 40 23 9
1 14 30 17 12 28 7 44 12 26 39 7 28 33 20 1
0 2 3 9
1 13 30 0 46 47 42 43 22 43 45 16 17 6 9
1 6 33 39 17 31 13 17
0 6 12 40 5 46 20 31
1 6 17 15 27 34 41 42
0 15 33 12 35 28 25 39 28 7 28 13 0 2 33 39 7
0 6 41 6 33 11 17 42
1 15 30 17 31 26 31 28 35 5 17 11 17 6 43 20 34
0 18 6 5 17 12 35 28 13 26 6 5 0 6 2 20 1 1 1 1
1 6 26 45 16 19 19 17
1 10 30 0 12 27 5 17 11 17 49 49
1 8 46 26 16 17 49 25 12 42
1 15 6 5 0 17 27 24 40 26 11 4 21 47 40 3 26
0 6 7 46 26 16 27 28
1 12 26 45 16 19 17 6 43 43 45 38 17 9
0 7 0 30 15 0 32 49 45
0 3 17 49 14
1 6 6 28 26 31 7 44
1 4 30 17 11 31
1 21 46 47 42 40 20 43 6 47 42 19 35 20 43 6 43 43 6 20 19 17 42
0 5 33 33 20 18 1
0 11 30 0 46 26 38 12 2 20 1 1 1
0 8 11 20 26 22 25 45 17 0
1 6 17 16 41 16 16 16
1 7 17 15 8 42 43 49 4
1 7 6 44 12 7 28 33 20
1 6 33 39 17 31 13 17
1 6 33 39 26 31 33 20
1 9 46 26 16 19 17 45 16 19 31
0 11 46 16 26 38 7 27 24 37 6 28 31
1 7 17 25 45 48 21 40 9
1 19 30 17 11 40 44 31 13 17 12 7 5 0 30 0 12 40 28 33 20
0 9 49 17 39 0 26 6 43 20 34
0 9 33 12 13 13 24 39 39 33 20
1 13 46 47 1 17 45 38 30 17 12 33 20 1 1
0 14 17 38 48 27 27 24 40 3 3 25 22 6 2 20
1 9 26 45 38 6 2 20 1 1 1
0 5 28 33 11 17 49
1 10 26 49 25 12 49 2 12 6 43 43
0 3 6 22 42
0 14 30 17 3 39 28 17 11 19 30 17 23 7 49 4
0 9 37 17 27 27 25 43 48 21 33
1 11 30 0 33 12 17 39 7 2 20 1 1
1 10 12 17 45 38 17 4 48 20 20 20
0 26 30 17 11 44 44 12 35 44 11 27 28 17 12 26 31 26 39 13 0 43 15 5 29 6 3 42
0 4 21 37 2 1
1 23 33 39 7 44 12 13 17 12 35 44 31 28 17 31 35 28 7 44 12 13 0 46 9
1 9 6 5 17 31 26 31 35 2 20
0 7 40 10 38 8 49 47 2
1 16 12 19 40 5 0 17 12 41 27 6 20 21 29 28 49 14
0 8 17 38 35 27 27 36 48 20
0 10 26 30 19 6 20 17 45 11 16 31
1 4 26 6 20 31
1 9 33 31 7 28 7 2 20 1 1
0 11 7 5 17 39 7 28 7 2 20 37 1
1 11 30 0 33 12 17 39 7 2 20 1 1
1 6 26 49 1 31 49 2
1 8 30 0 46 26 38 17 25 14
1 9 46 26 38 26 6 47 21 8 46
0 3 6 26 20
1 7 12 40 5 17 31 13 0
0 7 30 25 40 34 0 25 46
1 11 17 15 5 27 22 30 46 37 37 34 25
0 13 30 17 35 44 39 33 20 28 1 1 9 1 1
1 20 30 17 31 26 11 27 28 13 17 31 33 20 1 1 1 1 1 1 1 1
0 8 6 17 39 26 11 35 44 20
1 8 46 47 34 8 48 0 30 22
0 12 33 12 26 12 26 39 6 1 1 25 47 1
1 16 46 47 42 44 35 20 20 31 1 43 35 31 48 32 8 38
0 31 33 39 41 35 28 28 28 28 26 31 7 28 28 17 16 7 7 2 20 1 1 1 1 19 1 1 1 1 1 1 1
1 22 30 17 39 35 28 28 28 13 0 6 5 0 33 11 17 45 24 15 27 27 24 22
0 2 15 9
0 1 2
1 7 6 5 17 31 33 20 1
0 3 31 1 41
0 4 46 32 23 28
0 7 33 12 15 28 39 33 20
0 14 6 5 0 14 17 16 26 42 41 30 11 38 30 21
0 6 17 15 15 0 31 30
1 18 46 26 38 17 29 18 48 15 24 42 25 5 21 6 38 27 29 40
0 16 6 5 47 0 30 17 39 9 22 26 39 28 0 46 20 31
1 14 30 17 12 28 7 44 12 26 39 7 28 33 20 1
0 9 26 2 26 28 7 28 20 1 1
1 17 46 43 20 10 36 27 7 48 25 21 32 13 48 16 23 7 7
1 5 6 28 28 33 20
0 4 30 6 6 9
1 7 46 47 11 16 19 19 31
1 8 6 5 17 11 40 28 28 26
1 4 12 19 17 6
1 12 30 17 39 28 26 31 33 20 1 1 1 1
0 8 6 44 8 7 44 31 7 44
1 33 30 17 12 28 28 26 39 26 11 17 49 25 12 45 24 22 33 11 40 28 28 17 31 13 17 39 28 33 20 1 1 1 1
0 1 7
0 10 35 2 7 20 34 1 12 1 1 1
0 2 28 42
0 5 12 27 30 2 20
0 5 28 33 11 17 49
0 9 30 0 31 13 17 12 33 20 1
0 2 18 41
1 7 30 17 31 7 44 39 26
0 2 41 44
1 6 30 0 6 2 20 1
1 12 17 47 22 30 17 31 35 44 11 27 5 0
1 8 6 28 28 35 5 17 11 17
1 11 17 4 25 16 22 37 34 25 13 25 35
1 13 33 39 35 44 11 19 27 44 39 28 7 5 17
0 11 30 14 12 28 21 17 31 13 31 28 17
0 3 38 36 17
0 6 47 31 12 48 11 31
0 29 17 4 14 36 14 22 30 11 46 11 32 45 30 46 37 37 34 20 32 45 34 25 35 13 25 32 45 37 30
0 4 17 29 6 33
1 1 46
1 28 33 39 35 28 7 44 39 7 44 11 17 45 38 26 45 24 40 3 3 3 25 15 27 15 16 36 48 20
1 14 46 20 17 49 25 12 45 16 17 45 16 40 28 17
1 7 46 43 20 44 13 48 47
0 2 27 2
1 8 30 0 30 0 6 5 0 26
1 11 17 15 5 27 22 30 46 37 37 34 25
1 4 30 17 11 31
1 7 30 0 30 0 6 2 20
0 1 8
1 9 26 6 20 27 5 0 26 49 4
0 6 33 12 49 35 41 17
0 3 46 5 17
1 5 46 47 1 27 44
0 14 6 28 28 26 31 17 7 28 28 17 12 26 11 31
1 6 30 0 12 17 45 24
1 48 12 19 19 27 28 17 39 35 44 12 13 17 39 13 0 30 17 12 17 12 35 44 31 7 28 26 39 17 39 13 0 46 43 43 6 43 20 21 28 49 10 48 7 48 16 23 7 27
1 8 6 28 26 31 13 0 30 17
0 17 30 17 39 41 26 27 13 0 33 12 17 12 17 19 17 28 6
0 6 33 31 35 41 31 5
1 9 30 0 12 27 44 39 33 20 1
1 8 17 25 32 32 45 48 0 8
1 9 26 45 24 40 3 3 25 40 25
1 8 17 25 32 8 7 48 16 23
0 23 30 0 33 31 35 44 31 13 0 46 26 24 22 6 2 20 28 1 1 1 1 1 1
1 3 12 17 42
0 1 7
0 12 26 20 44 13 48 16 41 16 49 30 34 46
1 21 30 17 39 35 5 0 17 47 22 33 11 17 45 16 40 5 0 6 2 20 1
0 17 30 39 7 44 39 35 5 17 12 13 0 46 47 40 6 47 0
1 9 26 49 25 12 6 47 38 7 29
1 9 46 43 20 8 38 15 40 21 46
1 7 6 5 0 12 19 17 42
0 19 17 16 24 16 16 16 29 16 30 38 27 15 7 48 4 21 4 21 47
0 6 15 24 41 1 47 15
1 10 6 28 33 20 1 1 1 1 1 1
0 4 3 21 40 9
1 12 33 12 7 5 0 17 21 6 16 23 7 27
1 8 33 11 40 2 20 1 1 1
1 3 12 17 42
0 5 17 5 0 17 9
1 9 6 5 17 31 26 31 35 2 20
0 4 4 4 19 31
0 8 12 27 44 11 27 19 20 1
1 14 46 47 21 31 48 13 48 27 22 34 25 13 25 35
1 7 33 31 35 5 17 11 31
0 3 12 1 31
0 10 26 45 37 12 20 1 1 38 1 1
1 9 30 17 39 17 31 35 2 20 1
1 10 46 26 24 22 6 44 11 27 2 20
0 21 46 20 19 27 28 13 29 17 11 27 44 11 40 5 17 31 28 7 2 20 1
1 27 30 0 30 0 33 11 40 44 39 7 28 26 12 26 12 26 39 35 28 17 39 33 20 1 1 1 1
0 17 44 11 27 28 35 28 35 5 12 19 40 21 20 1 1 1 1
0 3 6 3 17
1 16 26 45 16 27 5 17 12 28 17 31 7 2 20 1 1 1
0 4 24 30 49 17
1 12 26 45 16 19 17 6 43 43 45 38 17 9
0 7 6 2 20 42 24 1 1
1 7 12 27 44 11 40 2 20
1 14 46 20 17 49 25 12 45 16 17 45 16 40 28 17
1 13 17 21 6 25 44 13 48 25 19 1 18 48 47
1 13 33 11 40 44 11 40 44 39 26 39 33 20 1
0 3 46 16 31
1 9 30 0 12 27 28 33 20 1 1
1 9 26 45 16 19 40 2 20 1 1
0 6 46 20 21 43 34 40
1 5 46 47 11 16 31
0 5 5 49 14 12 2
1 16 6 44 12 33 20 1 1 1 1 1 1 1 1 1 1 1
1 10 33 11 27 44 31 7 5 0 26 49
0 2 36 31
1 12 26 45 16 19 19 40 44 12 35 2 20 1
0 14 5 30 48 32 17 11 17 6 20 40 21 2 20 1
0 6 31 17 34 23 30 22
0 11 12 17 45 38 6 28 17 48 39 33 20
0 3 25 33 20
1 6 17 16 41 30 47 6
1 3 26 49 4
1 8 17 21 6 0 41 6 4 48
1 6 17 23 30 22 41 9
1 9 30 0 33 12 7 5 17 39 26
1 11 6 28 28 28 7 5 17 11 40 2 20
0 26 30 17 11 44 44 12 35 44 11 27 28 17 12 26 31 26 39 13 0 43 15 5 29 6 3 42
1 6 33 39 26 11 19 31
1 9 12 40 28 26 12 35 2 20 1
1 14 6 28 7 44 39 17 11 19 40 5 17 31 7 44
1 15 12 19 27 5 17 11 40 44 39 7 28 28 33 20 1
0 4 27 37 35 46
0 6 30 17 31 7 5 22
1 9 26 45 16 19 40 2 20 1 1
1 11 17 16 41 30 27 36 25 24 42 48 20
1 15 33 39 7 44 39 13 0 30 0 46 43 43 45 16 31
0 4 17 12 8 0
0 4 33 44 12 49
0 1 2
0 2 45 26
0 13 38 5 17 11 27 28 7 15 20 1 1 1 1
0 4 46 28 21 20
0 2 49 21
0 6 46 20 17 6 20 32
1 12 12 40 5 17 11 27 2 20 1 1 1 1
0 7 39 6 20 19 40 5 0
0 2 6 23
0 7 6 15 29 20 49 1 1
0 7 25 0 12 27 5 12 31
1 19 30 17 31 17 31 35 28 28 26 11 19 40 2 20 1 1 1 1 1
1 10 26 45 24 40 26 11 0 41 40 23
1 19 46 20 27 28 7 44 31 28 26 39 28 7 5 17 31 33 20 1 1
1 16 26 6 20 27 5 17 12 17 11 40 28 26 39 7 2 20
1 13 30 17 12 35 44 31 17 31 28 7 28 33 20
0 11 6 44 31 26 31 7 5 0 30 17 26
0 42 26 6 47 11 16 19 27 44 31 26 39 17 35 39 13 0 30 0 30 17 39 7 5 17 39 26 12 31 7 44 11 19 19 17 45 38 30 0 30 0 12 17
1 36 17 47 15 27 25 10 20 8 48 4 14 24 22 12 27 44 31 7 5 0 17 4 14 36 25 24 36 5 21 6 21 6 21 40 23 8
0 10 3 17 31 13 0 46 47 38 49 25
0 9 2 19 30 26 12 35 36 2 25
1 8 12 40 28 26 12 33 20 1
0 5 28 2 1 1 1
0 3 43 26 30
0 5 6 49 2 20 1
1 11 17 25 44 13 48 12 43 18 48 23 8
1 5 6 28 13 0 26
1 14 46 47 41 49 2 12 49 25 12 49 1 31 49 49
1 13 46 47 1 17 45 38 30 17 12 33 20 1 1
0 2 31 36
1 20 30 17 11 27 28 26 12 35 28 26 31 17 11 19 27 2 20 1 1 1
1 12 33 12 17 12 26 39 13 0 30 17 11 31
1 3 17 21 33
0 2 12 1
0 6 33 12 17 22 33 20
0 4 46 26 49 12
1 12 6 44 39 28 28 35 28 7 2 20 1 1
1 6 17 23 30 22 41 9
0 5 6 24 2 1 5
0 11 33 12 28 28 33 20 26 1 1 1 1
1 7 6 5 17 11 19 17 42
0 16 30 0 30 17 39 35 5 0 17 29 38 8 29 49 37 40
1 1 46
1 12 30 0 46 26 24 40 25 15 27 25 44 11
0 5 46 43 23 7 7
0 5 44 8 43 5 14
1 19 46 43 43 49 1 31 45 24 22 12 40 44 31 26 31 13 0 12 31
1 10 6 28 35 28 13 17 12 35 28 26
0 5 39 12 1 22 49
1 8 33 39 26 31 26 39 33 20
1 8 12 40 5 0 12 27 2 20
1 15 12 19 27 28 17 31 7 28 33 20 1 1 1 1 1
1 14 17 29 6 43 49 1 31 6 43 20 31 34 47 6
1 7 12 17 45 24 15 27 9
0 5 33 17 19 25 24
0 3 43 26 30
1 9 30 17 39 17 31 35 2 20 1
0 9 22 5 17 31 3 28 35 2 20
1 19 30 17 39 28 17 39 17 39 7 44 11 19 27 2 20 1 1 1 1
1 5 33 12 28 28 26
1 11 12 19 40 5 17 31 35 2 20 1 1
0 6 49 1 35 4 44 21
1 5 33 31 35 2 20
0 3 46 43 42
0 7 43 6 28 28 33 43 20
0 3 19 45 38
1 11 6 5 17 39 13 0 12 19 27 5 17
1 9 12 40 44 39 13 17 39 33 20
0 6 46 43 43 49 45 4
1 8 6 28 26 31 13 0 30 17
1 10 33 31 28 28 35 28 33 20 1 1
0 4 17 49 26 1
1 18 30 17 11 19 27 5 17 31 7 5 17 31 13 17 12 7 2 20
0 7 2 37 26 2 20 33 20
0 17 17 27 24 22 12 19 40 44 12 24 49 17 39 12 7 2 20
0 11 12 27 28 26 33 31 7 2 20 44 1
1 14 17 29 6 43 49 1 31 6 43 20 31 34 47 6
1 12 26 45 16 19 19 40 44 12 35 2 20 1
1 8 6 44 12 17 39 33 20 1
1 8 33 39 26 11 17 6 47 6
1 19 33 39 13 17 11 19 19 27 5 0 6 5 17 31 26 39 35 2 20
1 23 30 0 33 39 26 31 26 39 13 0 30 17 31 17 12 17 31 17 12 13 0 46 9
0 3 8 24 49
0 2 40 28
0 22 30 17 11 19 40 13 28 26 11 27 28 7 5 17 11 17 6 47 35 20 43 42
1 4 30 17 11 17
0 19 6 44 11 40 45 44 12 35 44 39 26 11 27 2 20 1 1 1 1
1 3 17 21 33
0 11 13 17 6 26 24 22 40 26 27 22 30
0 3 25 36 26
1 15 12 19 17 6 26 38 6 28 33 20 1 1 1 1 1
1 6 30 0 6 5 0 33
1 16 12 19 40 5 0 17 12 41 27 6 20 21 29 28 49 14
1 7 17 29 38 8 28 37 46
0 29 17 27 36 4 23 22 43 25 45 11 32 45 11 32 45 37 37 34 25 32 45 30 46 9 34 25 35 32 45
1 10 26 49 25 12 49 2 12 6 43 43
0 5 17 11 40 44 13
1 7 46 43 20 10 1 29 40
1 17 12 40 28 17 39 33 20 1 1 1 1 1 1 1 1 1 1
0 22 21 6 1 11 16 40 44 11 19 19 40 44 39 33 20 1 1 1 1 1 1 1
1 11 17 15 27 18 48 15 16 36 48 20 20
0 4 17 33 28 33
0 9 37 17 27 27 25 43 48 21 33
0 7 43 20 49 14 1 0 8
1 12 33 11 40 28 17 11 40 44 39 17 12 26
0 4 26 47 39 49
0 9 17 24 15 27 42 24 1 29 40
0 14 12 34 20 27 26 2 20 1 1 1 1 1 1 1
1 8 26 45 16 17 6 43 43 42
1 9 6 44 31 28 7 28 17 11 31
0 1 8
0 9 30 0 6 20 1 1 1 1 1
1 10 46 26 16 40 28 26 31 28 33 20
1 8 6 5 17 11 40 2 20 1
1 17 33 12 26 39 17 12 7 5 17 31 13 0 12 40 28 33 20
0 16 30 17 12 5 17 39 32 26 28 17 39 41 20 18 1 1
1 6 17 16 41 30 47 6
1 19 26 45 38 33 12 13 0 17 47 15 27 16 23 7 7 7 7 7 7
0 8 17 12 5 17 12 13 49 43
1 25 33 39 17 39 28 28 17 31 17 31 26 39 35 44 11 19 40 44 31 26 39 17 12 33 20
1 11 46 47 42 47 20 31 43 6 43 49 45
0 6 30 6 0 46 17 20
0 6 12 19 27 24 2 29
1 3 12 17 42
1 12 33 11 19 19 40 44 39 7 2 20 1 1
0 3 46 25 9
1 4 30 17 11 17
1 9 30 17 11 19 40 2 20 1 1
0 3 11 30 7
1 25 17 27 22 11 32 45 37 11 32 45 30 45 45 37 30 45 45 34 25 13 25 13 25 13 25
1 12 33 11 40 28 17 11 40 44 39 17 12 26
0 19 6 12 27 5 17 12 26 32 28 7 5 0 6 28 33 20 1 1 1
1 11 26 6 20 27 28 33 20 1 1 1 1
0 14 33 11 19 27 28 17 31 20 31 17 12 11 17 42
1 17 30 0 30 0 46 43 20 32 45 48 12 41 16 36 48 20 20
1 5 30 0 17 4 48
0 6 17 27 36 21 0 43
0 5 30 0 19 17 42
0 8 30 0 26 24 15 21 15 9
1 13 33 39 35 44 11 19 27 44 39 28 7 5 17
0 4 30 0 23 30
1 8 17 16 41 30 29 38 28 13
0 3 17 47 40
0 7 40 12 33 43 22 26 47
0 3 46 4 31
0 6 23 38 39 20 1 1
0 9 43 17 23 41 10 25 6 47 6
1 8 26 45 24 40 26 11 21 33
1 13 33 12 13 0 30 17 11 27 5 17 12 33 20
0 7 26 45 42 32 40 45 2
1 5 46 47 40 49 4
1 14 33 39 35 5 0 26 6 47 22 20 31 31 2 47
1 5 17 12 33 43 42
1 9 12 17 45 16 27 2 20 1 1
1 20 33 39 13 17 11 27 28 13 0 46 26 24 40 3 25 6 11 16 23 7
1 30 6 28 7 28 7 28 17 12 35 5 17 12 35 44 12 7 5 0 33 31 35 2 20 1 1 1 1 1 1 1
1 12 30 17 11 27 5 17 11 19 17 6 20 31
0 20 12 27 5 17 31 28 35 44 19 4 0 45 16 40 28 35 44 12 7 44
0 14 17 29 14 6 20 45 48 21 40 4 48 20 20 20
0 37 17 25 10 36 5 27 24 22 17 38 27 27 22 37 11 35 35 35 49 32 45 30 41 46 11 32 45 11 32 45 25 32 45 34 25 13 25
0 2 3 9
0 13 30 17 26 34 31 26 39 41 5 17 11 45 31
1 13 46 20 40 5 0 30 0 46 20 27 44 11 31
0 16 48 30 0 30 17 31 17 39 26 31 35 5 27 17 11 31
0 7 43 6 28 28 33 43 20
0 8 17 38 35 27 27 36 48 20
0 6 23 38 39 20 1 1
1 5 6 5 0 6 44
0 2 32 2
0 2 28 43
0 4 17 3 18 2
1 6 26 6 43 20 21 42
1 16 33 12 33 20 1 1 1 1 1 1 1 1 1 1 1 1
1 5 30 0 17 21 33
0 6 1 21 40 28 33 20
1 10 30 0 30 17 12 7 2 20 1 1
1 16 33 11 17 6 43 20 17 34 29 8 49 49 8 46 7 29
0 8 30 17 12 28 40 28 28 17
0 2 36 31
0 8 6 5 17 11 19 5 19 31
1 7 33 12 17 11 27 2 20
1 4 26 6 47 21
1 14 30 0 33 39 28 33 20 1 1 1 1 1 1 1
0 13 1 17 33 39 28 17 12 13 0 30 0 46 9
0 1 7
0 7 44 12 16 0 12 19 31
0 6 25 8 30 0 17 23
1 12 33 12 17 12 26 39 13 0 30 17 11 31
0 2 9 35
1 25 30 17 12 13 0 6 28 13 0 12 19 19 40 44 39 35 5 0 33 11 19 27 2 20 1
1 8 17 25 32 8 7 48 16 23
1 11 33 31 7 28 33 20 1 1 1 1 1
1 37 33 12 28 17 39 17 39 28 26 12 13 0 26 6 20 40 44 12 13 0 30 0 30 0 17 4 25 24 42 25 16 24 40 25 22 30 17
0 9 17 25 17 11 35 31 1 34 0
0 2 6 2
1 15 6 28 7 28 26 11 19 27 5 17 12 26 11 19 31
0 13 38 5 17 11 27 28 7 15 20 1 1 1 1
1 12 30 17 11 27 5 0 6 2 20 1 1 1
1 6 33 39 26 31 33 20
0 42 26 6 47 11 16 19 27 44 31 26 39 17 35 39 13 0 30 0 30 17 39 7 5 17 39 26 12 31 7 44 11 19 19 17 45 38 30 0 30 0 12 17
0 3 19 10 11
1 13 33 12 7 44 12 26 39 26 12 26 39 33 20
0 13 30 17 35 44 39 33 20 28 1 1 9 1 1
1 23 30 17 11 40 28 17 31 13 0 6 5 0 17 29 38 15 37 38 15 37 18 48 23
1 8 30 17 39 26 39 7 2 20
1 17 30 0 30 17 39 26 31 17 39 35 28 35 44 31 33 20 1
1 5 6 5 0 46 9
1 13 12 17 45 16 17 45 24 15 27 23 41 17 30
1 7 26 45 24 15 27 23 8
0 4 16 49 43 23
0 11 30 14 12 28 21 17 31 13 31 28 17
0 9 46 43 43 45 40 16 2 5 44
1 15 6 44 31 28 35 28 7 28 17 11 27 28 33 20 1
0 2 24 8
1 12 33 39 35 44 11 19 19 17 6 43 20 44
1 1 46
0 3 12 1 31
1 13 33 39 28 13 0 30 17 39 7 28 17 31 26
0 7 2 25 26 45 6 2 20
0 7 7 16 23 7 7 31 27
1 6 26 45 16 17 49 4
0 2 6 25
0 9 12 17 6 43 43 20 17 13 42
1 5 17 16 41 30 23
0 26 42 31 26 12 17 39 7 5 0 30 17 39 17 31 13 17 12 35 28 26 31 13 17 11 10 17
0 8 46 47 21 28 31 8 48 23
0 4 13 2 49 1
0 15 44 12 35 44 12 26 39 45 39 13 0 26 45 16 31
1 6 30 0 12 17 49 49
0 8 30 0 39 11 17 31 49 4
1 6 6 44 11 19 19 17
0 12 47 33 31 7 28 22 27 2 20 1 14 1
1 27 6 5 17 39 35 5 0 33 39 35 5 17 12 17 11 40 5 0 12 40 28 35 28 28 7 5 17
0 13 6 31 32 33 20 1 1 1 45 1 1 1 1
1 10 17 29 7 48 47 15 27 29 34 38
1 13 6 44 31 17 11 17 45 38 17 29 6 20 34
0 22 42 6 5 17 31 7 44 31 35 28 35 5 17 11 40 5 0 46 26 16 17 41
0 4 30 0 5 13
1 5 26 6 20 17 42
1 12 6 44 11 27 28 17 11 27 2 20 1 1
0 17 6 40 30 31 13 12 17 6 43 20 45 4 14 36 21 27 24
0 10 6 36 39 28 33 20 1 1 1 1
0 22 30 17 12 28 35 5 22 0 1 6 17 45 38 12 40 28 17 31 28 33 33 20
0 4 39 11 17 4
1 3 17 21 33
0 12 33 19 17 45 42 27 2 1 1 1 1 1
1 7 30 0 17 0 41 40 9
0 7 25 7 14 28 26 11 31
1 9 33 39 7 5 17 12 26 12 17
0 17 6 5 0 26 45 24 40 26 11 15 5 15 20 5 4 14 22
0 3 19 4 29
0 18 17 38 14 27 25 15 19 1 7 48 25 8 1 15 37 38 49 13
0 8 26 6 3 43 6 43 2 10
0 5 33 33 20 18 1
1 11 12 27 44 31 7 28 26 11 27 2 20
0 5 39 4 0 8 20
0 9 23 41 15 27 34 7 24 20 16
0 13 12 19 40 44 38 11 49 17 34 49 25 12 42
0 9 43 17 23 41 10 25 6 47 6
0 2 4 20
0 17 30 0 26 0 45 24 15 27 47 25 8 48 27 24 22 26 8
0 12 33 31 0 12 27 5 0 12 40 3 17 30
1 4 26 6 20 31
1 7 17 47 6 11 23 41 9
1 5 17 47 40 25 6
1 8 46 20 40 28 26 11 17 42
0 5 7 26 0 43 38
1 9 33 12 7 2 20 1 1 1 1
1 14 26 45 38 46 43 43 45 16 19 17 49 2 12 42
0 7 40 12 33 43 22 26 47
0 5 26 24 20 21 38
0 12 24 5 17 14 28 17 12 20 42 33 20 1
1 10 17 27 24 40 3 25 40 26 11 0
1 8 26 45 16 27 2 20 1 1
1 5 12 17 6 47 0
0 2 10 46
1 17 6 44 11 27 44 12 35 5 0 12 19 27 2 20 1 1 1
0 5 17 4 17 14 39
1 6 6 5 0 12 17 42
1 8 30 17 11 19 40 2 20 1
0 6 33 39 3 17 39 11
0 8 12 35 40 26 1 1 17 1
0 19 26 48 45 38 46 26 38 6 5 0 46 43 5 20 45 48 34 21 9
1 23 6 5 17 31 28 35 44 31 28 17 39 26 11 40 44 39 28 17 31 13 17 12 26
0 15 30 0 17 38 27 41 30 16 41 16 49 30 15 24 45
1 14 46 26 16 17 6 20 27 5 17 12 26 39 35 44
0 8 33 35 28 33 41 5 1 1
1 19 30 0 6 28 17 12 7 5 17 39 26 39 13 0 17 27 36 48 20
0 3 6 22 42
0 21 30 39 28 13 17 31 28 28 13 17 39 33 20 1 1 1 1 1 1 1 1
1 7 26 45 24 15 27 12 42
0 2 1 1
1 23 33 12 17 31 7 5 17 11 40 5 17 11 40 28 13 0 6 5 17 12 28 33 20
0 8 6 5 42 43 35 2 9 20
0 8 27 26 0 48 30 18 16 16
1 11 30 0 46 47 40 49 1 31 45 16 31
1 9 46 26 38 30 0 12 19 17 42
0 4 7 40 12 31
0 4 39 11 17 4
0 21 30 39 28 13 17 31 28 28 13 17 39 33 20 1 1 1 1 1 1 1 1
0 3 46 41 9
1 25 33 39 13 0 6 28 26 11 19 19 27 28 28 35 28 13 17 11 27 44 31 28 26 11 31
1 1 46
1 7 17 16 23 7 7 7 7
1 22 30 17 39 17 31 13 0 33 12 28 26 12 26 11 40 5 17 11 19 27 2 20
1 18 30 17 31 28 17 11 17 45 38 30 17 39 7 44 31 7 2 20
1 3 33 39 17
1 7 6 5 17 12 28 33 20
1 11 6 28 17 39 33 20 1 1 1 1 1
1 7 30 0 6 28 33 20 1
0 14 6 5 0 14 17 16 26 42 41 30 11 38 30 21
0 7 43 25 29 33 35 33 20
0 7 27 38 5 27 36 25 27
0 3 29 33 31
0 18 30 11 17 6 43 20 31 8 48 42 38 13 27 15 27 15 5 9
0 7 30 12 40 16 20 1 1
0 4 26 17 23 8
0 6 12 17 45 2 16 31
1 8 6 28 35 28 28 35 2 20
0 3 42 19 31
1 23 6 5 17 31 28 35 44 31 28 17 39 26 11 40 44 39 28 17 31 13 17 12 26
0 4 6 33 20 1
0 3 7 20 20
1 11 17 25 10 48 34 1 19 27 2 20 1
1 6 17 15 24 20 48 11
1 4 46 47 21 14
0 8 46 47 32 7 48 25 8 0
1 19 33 11 27 28 35 44 39 26 39 26 12 7 28 13 17 39 33 20 1
1 7 30 17 31 28 28 28 17
0 3 17 49 45
0 3 6 8 26
0 7 12 40 28 19 26 49 1
0 7 6 2 20 1 1 6 1
1 11 17 16 41 16 30 38 27 23 30 22 30
1 3 12 17 42
0 4 46 26 49 12
0 6 4 21 27 36 21 9
0 25 33 11 17 42 24 40 26 47 40 3 25 6 11 38 27 1 41 40 29 34 22 20 21 49 24
0 9 6 28 17 31 17 11 19 49 31
0 20 12 40 26 44 11 17 26 38 12 17 6 20 19 40 2 20 1 31 1 1
0 8 26 23 6 2 20 32 49 45
1 6 33 11 17 6 47 6
1 4 17 12 28 37
1 12 12 17 49 25 12 49 2 12 6 47 22 20
1 7 33 31 28 35 2 20 1
0 9 33 12 13 13 24 39 39 33 20
1 11 12 19 40 5 17 31 35 2 20 1 1
0 6 33 39 3 17 39 11
1 10 33 39 26 12 7 5 17 12 33 20
1 6 6 28 35 44 11 31
1 10 6 5 0 30 0 30 17 12 33 20
0 2 20 49
0 4 42 1 49 10
0 18 30 0 12 27 5 0 6 31 35 44 12 7 5 17 12 28 13 17
0 7 33 39 33 21 40 1 1
0 16 30 17 12 17 39 13 6 12 33 37 1 6 1 1 1 1
0 5 26 35 2 49 29
1 5 6 28 13 0 26
0 3 19 1 31
0 5 26 45 37 24 40
0 14 18 46 47 11 38 6 11 29 38 28 33 6 20 34
0 13 12 19 40 44 38 11 49 17 34 49 25 12 42
1 12 46 47 34 49 38 46 43 20 21 26 20 28
1 10 30 17 39 35 44 39 7 2 20 1
1 7 46 47 11 16 19 19 31
1 8 12 27 44 31 33 20 1 1
1 17 46 43 43 6 43 20 10 36 16 22 37 30 46 30 45 45 11
1 6 30 0 17 21 40 0
0 7 39 6 20 19 40 5 0
1 12 6 44 11 17 45 38 17 4 48 20 20 20
1 11 33 31 7 28 33 20 1 1 1 1 1
1 15 33 39 7 44 39 13 0 30 0 46 43 43 45 16 31
1 12 6 28 17 39 13 17 39 7 2 20 1 1
0 3 7 20 20
0 5 20 8 44 6 31
0 4 17 29 6 33
0 6 45 33 15 22 20 1
1 11 17 29 7 48 15 16 24 15 27 23 8
1 4 30 17 11 31
0 2 26 1
0 2 33 15
1 4 17 15 5 9
1 5 30 0 33 11 31
1 16 46 47 42 44 35 20 20 31 1 43 35 31 48 32 8 38
1 16 26 6 20 27 5 17 12 17 11 40 28 26 39 7 2 20
0 19 6 44 11 40 45 44 12 35 44 39 26 11 27 2 20 1 1 1 1
0 14 30 17 12 35 5 0 6 5 0 31 26 16 19 31
0 33 26 45 16 40 44 11 40 28 26 11 40 28 13 0 6 5 17 39 5 0 30 17 39 35 28 0 33 11 6 28 5 8 0
0 5 31 33 20 1 14
1 10 6 28 13 0 6 2 20 1 1 1
0 4 11 17 21 33
1 3 12 17 42
0 16 30 0 30 17 39 35 5 0 17 29 38 8 29 49 37 40
0 27 46 43 20 44 13 31 48 38 27 47 22 37 6 44 39 35 5 0 2 20 1 1 1 1 1 1 1
1 6 26 6 43 20 21 42
1 12 6 44 39 28 28 35 28 7 2 20 1 1
1 5 17 12 33 43 42
1 8 33 11 19 40 44 12 35 44
0 3 26 27 36
0 4 6 34 35 31
0 16 12 19 27 5 31 13 17 33 35 5 17 31 33 20 1 1
1 11 12 17 45 24 40 3 3 3 25 22 46
0 16 17 10 34 43 43 49 25 12 45 11 38 22 16 27 2 20
0 14 26 6 43 6 47 1 19 19 40 11 0 26 30 42
1 20 6 44 31 28 13 0 26 45 16 27 44 12 26 31 28 7 28 33 20 1
0 2 12 29
1 8 30 17 11 19 40 2 20 1
0 17 6 5 0 26 45 24 40 26 11 15 5 15 20 5 4 14 22
1 7 6 28 28 13 0 46 9
1 31 46 26 16 27 44 12 28 17 11 40 44 31 13 0 46 43 20 21 2 30 0 17 27 22 30 46 37 30 45 45 30
0 12 44 17 29 34 28 31 1 34 21 19 46 6
1 6 17 27 36 14 22 30
1 10 17 29 7 48 47 15 27 29 34 38
0 2 41 44
1 11 6 28 26 12 26 11 19 27 2 20 1
1 6 17 29 18 48 0 8
0 5 16 43 0 26 1
0 7 2 25 26 45 6 2 20
1 15 46 43 43 6 47 34 8 48 16 41 16 30 21 17 8
1 9 30 0 12 27 44 39 33 20 1
1 12 12 19 27 44 31 33 20 1 1 1 1 1
1 9 46 26 38 26 6 47 21 8 46
0 25 30 17 39 28 26 11 27 28 7 44 39 28 35 5 33 31 35 5 17 11 2 20 1 1 1
0 4 17 49 26 1
1 10 6 5 0 30 0 30 17 12 33 20
1 24 46 26 38 30 17 39 17 39 35 44 39 13 0 6 28 35 28 33 20 1 1 1 1 1
1 12 30 0 46 26 24 40 25 15 27 25 44 11
1 3 26 49 4
0 5 26 45 7 38 38
1 14 6 5 0 46 43 20 45 48 21 40 16 23 7 27
1 13 6 44 31 17 11 17 45 38 17 29 6 20 34
0 3 1 14 22
0 3 36 46 34
1 10 33 39 17 11 19 40 44 12 28 17
0 3 28 33 20
1 14 6 44 11 19 27 28 7 44 39 26 39 26 11 17
1 11 17 4 21 4 14 22 11 32 45 34 25
1 13 46 26 24 6 11 38 27 23 41 17 30 22 30
0 2 24 8
0 9 30 0 31 13 17 12 33 20 1
1 7 12 40 5 17 31 13 0
0 4 33 12 28 38
0 3 38 36 17
1 4 6 44 11 31
0 12 33 7 12 7 5 17 39 31 26 18 31 26
1 10 17 38 27 15 8 15 40 20 20 34
1 11 17 38 27 15 27 38 30 29 31 36 25
0 3 12 18 31
1 3 12 17 42
0 4 46 17 5 31
0 9 33 2 31 33 20 1 1 1 1
1 9 33 31 7 28 7 2 20 1 1
0 9 30 17 8 28 26 12 33 20 1
0 27 30 0 30 17 39 28 27 17 12 13 0 33 39 7 28 17 31 26 18 17 39 26 39 28 7 20 1
1 11 46 20 40 5 0 33 11 40 28 35 44
0 15 26 6 26 38 30 0 26 45 24 6 11 23 30 41 17
1 4 12 19 17 6
0 4 46 32 23 28
1 7 17 38 27 29 46 7 29
0 4 26 45 24 24
1 6 6 5 0 46 47 0
1 7 30 17 31 33 20 1 1
1 9 30 17 12 13 17 31 13 0 46
0 18 33 12 28 28 28 7 5 0 33 39 13 41 11 17 49 47 34 45
0 10 30 12 26 30 49 25 10 12 49 49
0 20 12 27 5 17 31 28 35 17 12 35 5 17 31 13 0 12 27 28 13 17
0 4 46 40 28 42
1 7 26 6 20 27 2 20 1
0 6 2 33 39 41 42 4
1 8 33 39 33 20 1 1 1 1
0 17 12 40 5 0 6 6 2 20 1 1 1 1 1 1 1 1 1
0 25 33 11 17 42 24 40 26 47 40 3 25 6 11 38 27 1 41 40 29 34 22 20 21 49 24
0 9 48 30 44 22 17 27 12 2 20
1 11 30 17 31 7 28 17 39 28 28 33 20
1 7 30 17 31 7 44 39 26
1 10 30 0 30 17 12 7 2 20 1 1
1 10 33 12 17 39 28 26 39 35 5 17
0 8 6 28 35 28 2 33 13 20
0 3 43 49 42
1 14 12 19 40 28 35 44 39 35 44 31 26 31 33 20
1 4 30 17 11 31
0 18 33 11 40 5 39 17 31 28 13 17 31 13 0 13 43 20 32 44
0 6 17 27 36 21 0 43
1 23 26 45 38 6 28 35 44 12 28 13 0 17 0 41 6 15 5 47 6 11 27 22 30
1 6 17 15 27 34 41 42
1 9 30 0 30 0 46 47 22 20 44
0 5 30 20 17 11 31
0 2 6 23
0 3 12 33 31
0 12 33 39 17 12 39 33 20 1 1 1 1 1
0 16 6 44 12 26 12 28 28 28 13 0 12 2 20 1 1 1
1 7 6 28 26 11 17 6 9
1 7 6 44 11 17 45 24 6
0 3 26 6 25
0 6 46 11 5 11 17 42
0 5 40 28 35 2 20
1 5 26 6 47 41 42
1 6 33 11 19 17 6 47
1 15 12 19 40 28 26 31 13 17 39 13 17 31 33 20 1
1 10 6 2 20 1 1 1 1 1 1 1
0 4 12 17 45 22
0 12 29 33 38 31 35 42 4 34 44 11 19 31
0 4 3 21 40 9
1 6 33 11 40 44 39 17
1 9 30 17 11 19 19 17 45 16 31
1 11 6 28 28 26 12 28 7 28 35 5 17
1 34 30 0 6 44 39 26 31 17 11 27 5 17 12 17 39 17 39 17 39 7 44 39 17 12 7 5 17 11 27 5 0 46 20 17
1 5 30 0 17 4 48
0 7 26 49 25 12 45 16 28
1 7 26 6 43 43 45 24 15
1 14 26 49 1 31 45 24 40 3 25 15 27 16 23 7
0 16 17 10 34 43 43 49 25 12 45 11 38 22 16 27 2 20
0 12 9 48 33 12 17 11 19 40 2 20 1 1
0 12 33 19 17 45 42 27 2 1 1 1 1 1
0 31 33 11 17 45 24 6 11 24 27 18 48 27 30 45 45 34 25 32 45 34 25 35 35 35 32 45 30 45 45 37 30
1 7 33 12 28 13 0 17 9
1 15 30 0 6 28 28 35 28 7 44 31 28 7 44 11 31
1 1 46
0 5 39 4 0 8 20
0 5 30 17 12 26 26
1 6 17 25 17 38 7 24
0 2 1 1
0 3 6 3 17
0 1 27
0 3 20 30 36
1 8 30 17 31 28 28 35 2 20
1 11 12 17 6 43 20 45 48 25 32 10 45
1 3 33 11 31
1 16 12 27 5 17 11 27 44 12 35 5 17 39 26 11 17 42
0 5 46 26 20 38 46
1 7 30 0 17 4 25 8 13
1 10 33 39 26 12 7 5 17 12 33 20
1 10 33 11 19 19 19 17 6 20 17 42
1 6 33 39 7 44 11 31
1 5 30 0 33 11 31
1 11 6 5 17 12 13 0 17 4 48 20 20
1 1 46
1 8 30 0 6 2 20 1 1 1
0 16 33 31 28 17 47 39 26 11 40 28 47 39 13 0 12 31
0 4 12 17 45 22
1 13 30 0 33 31 13 0 6 5 0 12 27 2 20
0 13 6 28 33 39 31 17 31 13 17 31 35 2 20
0 21 30 48 0 6 5 17 12 26 44 39 43 28 7 5 0 17 4 21 12 31 15
1 12 12 27 2 20 1 1 1 1 1 1 1 1
0 3 36 46 34
1 7 46 43 20 19 46 1 31
1 8 33 39 26 11 17 6 47 6
0 8 12 35 40 26 1 1 17 1
0 4 22 46 47 14
0 2 20 25
1 33 46 47 22 20 32 31 49 16 27 44 39 33 20 1 1 1 1 1 1 1 1 1 1 1 1 1 1 1 1 1 1 1 1
0 8 6 19 2 20 1 1 9 1
1 14 33 39 35 5 0 26 6 47 22 20 31 31 2 47
1 6 26 45 24 6 11 38
0 10 44 30 17 11 45 15 23 12 45 38
1 5 26 6 26 38 26
0 4 25 40 39 42
0 9 6 17 13 39 17 5 0 12 31
1 7 30 0 6 5 0 46 9
0 18 33 11 40 5 39 17 31 28 13 17 31 13 0 13 43 20 32 44
0 4 30 9 0 12
1 8 33 39 33 20 1 1 1 1
0 10 6 17 31 35 2 20 6 20 1 48
1 5 17 38 27 25 14
0 8 27 26 0 48 30 18 16 16
0 13 26 45 16 11 28 26 31 28 26 12 33 14 1
0 6 9 0 12 17 19 31
1 23 33 39 7 44 12 13 17 12 35 44 31 28 17 31 35 28 7 44 12 13 0 46 9
1 11 30 0 30 17 39 17 39 17 12 33 20
1 14 6 28 17 11 40 5 0 6 28 33 20 1 1 1
0 1 27
0 9 33 31 26 17 39 12 34 32 20
1 6 30 17 39 7 5 17
0 7 0 30 15 0 32 49 45
1 5 17 16 41 30 23
1 11 17 25 10 48 34 1 19 27 2 20 1
0 7 30 25 40 34 0 25 46
0 10 12 30 46 20 19 27 5 13 17 48
1 10 46 47 1 27 5 0 26 6 20 31
1 7 30 0 17 4 25 8 13
1 6 30 17 11 17 6 9
0 15 26 6 26 38 30 0 26 45 24 6 11 23 30 41 17
1 36 17 47 15 27 25 10 20 8 48 4 14 24 22 12 27 44 31 7 5 0 17 4 14 36 25 24 36 5 21 6 21 6 21 40 23 8
0 3 11 30 7
0 9 33 12 35 44 6 26 11 29 42
1 17 6 5 17 12 35 44 12 26 12 17 31 17 12 33 20 1 1
0 10 3 17 31 13 0 46 47 38 49 25
1 6 17 16 41 16 16 16
1 13 33 11 27 44 12 7 5 17 31 26 31 33 20
0 10 21 6 47 15 27 15 27 46 7 29
0 5 30 20 17 11 31
0 4 26 45 16 4
0 18 30 0 12 27 5 0 6 31 35 44 12 7 5 17 12 28 13 17
0 18 6 5 17 12 35 28 13 26 6 5 0 6 2 20 1 1 1 1
0 6 46 7 20 49 15 49
1 18 30 0 26 45 38 30 17 12 35 44 11 40 44 31 26 11 17 42
0 2 49 21
0 2 10 46
0 11 30 0 2 0 46 20 17 6 43 43 42
0 27 30 0 30 17 39 28 27 17 12 13 0 33 39 7 28 17 31 26 18 17 39 26 39 28 7 20 1
1 17 30 0 12 27 5 0 6 28 7 44 31 28 26 11 17 6 9
0 3 1 14 22
1 7 17 25 45 48 21 40 9
1 10 30 17 12 13 17 12 35 2 20 1
0 7 43 25 29 33 35 33 20
1 18 26 45 16 19 19 19 27 44 12 13 17 12 28 28 7 2 20 1
1 9 33 12 33 20 1 1 1 1 1
1 11 26 49 2 12 6 43 20 45 48 29 46
1 5 6 5 0 26 42
1 7 46 43 20 19 46 1 31
1 25 33 39 17 39 28 28 17 31 17 31 26 39 35 44 11 19 40 44 31 26 39 17 12 33 20
1 6 33 11 40 44 39 17
0 10 30 0 26 45 29 40 3 11 3 26
0 10 21 6 47 15 27 15 27 46 7 29
0 14 0 33 31 28 26 12 35 19 0 6 44 11 17 6
0 4 27 37 35 46
0 4 17 33 28 33
1 16 33 31 17 39 35 5 0 26 45 16 40 5 17 31 33 20
0 7 44 12 16 0 12 19 31
1 11 6 5 17 31 28 17 12 35 2 20 1
1 4 12 27 5 0
1 12 12 19 19 40 44 39 35 2 20 1 1 1
1 6 33 39 26 11 17 42
1 12 12 27 5 17 11 40 5 17 39 28 28 26
1 11 33 11 19 27 28 26 31 26 11 17 42
1 8 46 47 35 31 35 31 48 14
0 4 28 17 11 31
0 10 26 45 37 12 20 1 1 38 1 1
1 1 46
0 9 30 0 26 0 49 1 31 27 42
1 11 12 27 44 31 7 28 26 11 27 2 20
1 13 33 11 17 45 38 26 6 47 38 7 24 20 29
1 15 30 17 39 28 17 31 35 28 17 39 17 31 7 2 20
1 6 17 15 8 42 20 14
1 11 6 28 28 26 12 28 7 28 35 5 17
0 22 42 6 5 17 31 7 44 31 35 28 35 5 17 11 40 5 0 46 26 16 17 41
1 8 6 28 13 17 39 7 2 20
0 6 33 39 36 20 1 1
0 3 6 26 20
1 19 30 17 31 28 17 39 17 39 7 28 17 39 26 39 7 5 17 11 31
1 7 17 38 27 29 46 7 29
1 1 46
0 7 26 6 22 7 22 43 49
0 6 12 17 12 33 20 21
1 13 12 27 2 20 1 1 1 1 1 1 1 1 1
1 3 12 17 42
1 16 33 11 17 6 43 20 17 34 29 8 49 49 8 46 7 29
0 2 0 28
0 20 33 12 7 28 35 44 47 31 35 28 26 11 17 6 47 21 8 34 34 42
0 5 28 2 1 1 1
1 5 6 44 31 28 17
0 3 20 47 16
1 21 46 47 11 38 33 31 13 0 30 0 30 17 31 7 44 31 26 11 17 49 49
1 8 33 31 28 26 11 19 27 44
0 8 17 4 48 20 20 1 20 20
1 17 6 44 11 27 44 12 35 5 0 12 19 27 2 20 1 1 1
1 15 30 0 26 49 2 12 6 26 38 12 27 5 0 26 42
0 5 46 40 35 20 1
0 4 12 11 2 31
0 7 33 11 19 19 45 16 31
0 8 17 12 5 17 12 13 49 43
1 11 30 17 31 7 28 17 39 28 28 33 20
1 6 26 49 1 31 49 45
0 10 40 46 47 16 32 7 12 28 28 13
0 6 31 17 34 23 30 22
0 2 20 30
1 10 30 0 33 12 7 44 39 33 20 1
1 1 46
0 6 2 33 39 41 42 4
1 9 17 12 33 20 10 42 21 21 33
1 16 6 44 11 27 5 0 30 17 31 28 35 5 0 26 49 2
1 4 46 47 21 14
0 2 22 32
0 6 33 39 36 20 1 1
1 17 46 43 43 6 43 20 10 36 16 22 37 30 46 30 45 45 11
1 10 6 5 17 11 27 28 28 7 5 17
1 10 6 5 17 11 17 49 25 12 6 9
0 2 26 5
1 6 30 17 11 17 6 9
0 9 17 24 15 27 42 24 1 29 40
0 10 6 12 12 33 43 20 1 1 1 1
0 13 25 21 40 16 49 16 27 44 11 19 17 49 49
0 2 39 10
0 4 8 33 20 32
0 6 7 46 26 16 27 28
0 3 7 11 3
0 8 40 5 44 12 13 43 0 12
1 13 33 11 40 44 11 40 44 39 26 39 33 20 1
1 25 17 27 22 11 32 45 37 11 32 45 30 45 45 37 30 45 45 34 25 13 25 13 25 13 25
1 42 17 12 1 14 20 31 34 47 41 49 25 12 45 24 40 26 11 29 7 48 12 34 47 11 24 22 6 44 11 27 44 39 13 17 39 35 5 17 39 33 20 1
1 5 33 31 17 11 17
1 9 12 40 44 31 17 31 35 2 20
0 3 17 49 14
1 5 46 43 20 19 48
1 21 6 5 17 12 35 28 17 39 28 13 17 31 13 0 46 20 40 28 33 20 1
1 3 17 21 33
0 5 6 44 17 14 15
1 11 6 5 17 12 35 44 31 33 20 1 1
1 6 46 47 34 41 5 9
0 13 30 17 31 28 44 44 12 28 28 35 7 28 26
0 15 25 45 48 15 27 27 36 14 36 21 38 27 25 18 32
1 20 33 39 13 17 11 27 28 13 0 46 26 24 40 3 25 6 11 16 23 7
1 21 33 31 28 17 12 13 17 39 13 17 11 19 17 6 26 24 40 26 11 0 8
0 12 44 17 29 34 28 31 1 34 21 19 46 6
1 9 17 27 24 6 11 4 48 20 20
0 2 27 4
0 17 33 11 33 45 16 27 2 48 20 1 1 1 1 43 1 1 1
0 8 26 23 6 2 20 32 49 45
1 7 17 27 22 34 25 32 45
0 2 5 44
1 7 30 0 6 28 35 2 20
1 9 46 20 27 5 17 12 17 11 31
1 5 33 31 35 2 20
1 27 6 28 17 31 7 5 17 11 27 5 17 12 35 44 31 17 31 7 44 11 19 40 28 26 11 19 31
0 17 33 11 33 45 16 27 2 48 20 1 1 1 1 43 1 1 1
1 7 6 44 12 7 28 33 20
0 1 0
0 6 49 1 35 4 44 21
1 4 17 27 22 37
1 7 30 0 6 28 33 20 1
0 13 6 28 33 39 31 17 31 13 17 31 35 2 20
0 8 6 5 25 11 40 2 20 1
1 7 30 0 30 0 6 2 20
1 6 6 44 11 19 19 17
0 7 33 12 49 27 26 11 31
0 9 30 17 17 39 28 13 17 39 17
0 3 25 36 26
0 2 12 46
1 18 33 31 28 7 28 35 44 39 28 28 35 28 26 11 40 44 11 31
1 34 6 44 39 17 31 28 17 31 13 17 31 28 35 28 28 17 12 13 17 31 28 28 17 11 27 5 17 39 35 44 12 7 2 20
1 8 26 45 38 12 27 44 11 31
1 19 30 17 39 28 17 39 17 39 7 44 11 19 27 2 20 1 1 1 1
1 5 46 20 17 45 24
1 7 17 25 31 13 43 49 4
1 7 33 31 35 28 28 33 20
1 18 30 0 26 45 38 30 17 12 35 44 11 40 44 31 26 11 17 42
0 5 17 4 21 18 23
0 17 30 39 7 44 39 35 5 17 12 13 0 46 47 40 6 47 0
0 4 33 12 28 38
0 7 2 37 26 2 20 33 20
1 12 33 11 40 28 28 26 12 13 0 26 6 9
1 5 17 27 24 40 26
1 4 46 20 17 6
1 6 33 11 40 44 11 31
1 7 17 47 6 11 23 41 9
0 29 46 43 20 8 34 40 45 28 33 39 7 44 12 20 17 31 13 17 39 17 39 13 17 39 7 28 35 2 20
0 9 12 17 6 43 43 20 17 13 42
1 14 30 17 12 13 17 39 35 28 7 44 12 35 28 26
0 11 25 30 6 44 32 17 31 21 33 16 29
0 5 17 4 21 18 23
0 9 2 17 12 2 7 2 20 1 1
0 6 32 6 20 17 45 30
0 11 12 19 42 27 44 12 36 35 27 28 26
1 9 17 12 2 30 17 12 26 31 26
0 10 41 23 28 13 17 30 8 12 13 17
1 9 6 28 17 12 7 2 20 1 1
1 9 17 38 27 12 1 43 35 31 13
0 2 21 23
0 8 6 34 49 12 17 11 19 31
0 3 17 27 38
1 10 6 28 13 17 39 13 0 33 11 31
1 7 33 12 28 13 0 17 9
0 3 1 17 37
1 8 30 0 6 2 20 1 1 1
1 13 33 11 27 44 31 17 11 40 2 20 1 1 1
0 15 3 17 11 19 40 28 26 39 31 28 7 5 11 45 17
0 15 46 14 47 41 43 16 40 28 35 5 17 39 26 11 31
1 6 12 17 6 43 43 42
0 14 30 0 12 17 45 22 4 16 40 28 20 7 38 1
1 9 26 45 24 6 11 25 21 13 43
0 9 17 25 17 11 35 31 1 34 0
0 14 30 17 35 28 26 31 33 30 33 23 1 1 1 23
1 8 33 11 27 28 33 20 1 1
0 7 25 0 12 27 5 12 31
0 21 28 35 28 28 7 28 13 17 28 11 40 28 35 44 12 26 12 13 0 12 31
1 11 30 17 11 40 5 17 39 35 44 11 31
1 25 30 17 31 35 28 13 0 17 25 31 8 48 15 8 15 0 20 31 28 21 21 7 48 0 8
1 7 30 17 39 13 17 11 31
1 6 12 17 6 43 43 42
0 4 33 39 33 1
0 12 12 27 39 35 44 39 17 31 33 20 1 1
1 10 6 28 35 28 13 17 12 35 28 26
1 23 46 20 17 45 38 33 39 7 28 26 11 17 6 43 20 19 48 8 6 20 17 41 42
1 13 33 31 7 5 17 39 35 44 12 7 28 33 20
0 23 25 6 28 35 44 12 28 26 31 13 0 14 5 0 17 47 40 25 22 17 12 26 41
1 10 46 26 16 40 28 26 31 28 33 20
1 16 26 45 16 27 5 17 12 28 17 31 7 2 20 1 1 1
1 8 30 0 30 0 17 16 23 7
0 2 46 43
0 4 46 28 21 20
0 2 12 1
0 22 33 12 26 7 5 17 37 12 13 0 12 27 28 13 17 31 13 0 12 40 2 20
1 19 26 45 38 33 12 13 0 17 47 15 27 16 23 7 7 7 7 7 7
1 5 46 43 20 19 48
0 24 33 33 12 7 12 17 38 11 27 44 11 19 40 28 14 17 31 35 2 20 1 1 45 1
0 5 26 45 7 38 38
0 1 27
1 3 12 17 42
0 5 30 17 12 26 26
0 9 33 39 35 28 7 20 5 12 17
1 11 30 0 6 44 12 28 33 20 1 1 1
0 6 32 6 20 17 45 30
1 10 17 27 22 11 13 25 35 32 45 37
0 22 17 47 15 27 2 6 5 0 33 12 22 35 5 17 12 28 42 39 28 7 46 44
1 13 33 31 7 5 17 39 35 44 12 7 28 33 20
0 2 42 22
0 4 11 17 21 33
1 26 26 6 47 34 2 46 26 16 27 5 17 12 26 11 27 2 20 1 1 1 1 1 1 1 1 1
0 5 16 43 0 26 1
0 11 17 41 24 41 16 49 49 17 30 8 13
1 11 17 16 41 16 30 38 27 23 30 22 30
1 19 12 40 28 26 39 35 28 13 17 11 19 17 6 20 17 6 43 43 42
0 7 7 16 23 7 7 31 27
0 2 42 22
0 4 17 3 18 2
1 10 6 2 20 1 1 1 1 1 1 1
1 14 17 15 16 22 11 13 25 13 25 35 13 25 32 45
0 9 6 44 12 28 28 43 39 33 20
0 6 46 20 21 43 34 40
1 14 33 39 35 5 17 39 28 13 0 46 26 38 26 42
0 2 5 44
1 7 33 31 35 28 28 33 20
0 2 5 49
1 22 30 0 46 43 20 31 29 30 29 40 1 38 30 21 38 15 3 21 18 48 47 22
0 6 17 15 15 0 31 30
1 11 33 11 40 44 39 26 39 33 20 1 1
0 8 6 28 28 26 39 43 11 31
1 6 33 11 17 45 16 31
1 13 26 6 26 24 15 27 47 22 6 2 20 1 1
1 25 17 21 40 4 14 36 14 24 22 33 31 26 31 28 35 5 17 12 7 44 39 26 11 19 17
1 7 33 11 17 6 20 17 49
0 9 46 26 20 49 1 31 33 49 4
0 26 30 0 30 39 17 39 13 17 31 7 5 17 39 37 17 12 28 13 17 39 7 44 31 33 20 1
1 20 46 26 24 40 26 11 12 28 40 29 41 8 38 42 25 27 18 48 21 33
1 11 46 20 17 6 20 19 19 19 40 2 20
0 8 6 5 17 11 19 5 19 31
0 8 33 35 28 33 41 5 1 1
1 16 6 44 31 28 17 31 7 5 0 17 12 1 40 20 43 42
1 8 26 45 38 12 27 44 11 31
0 4 23 42 46 9
1 8 30 0 12 27 44 11 19 31
1 15 30 17 39 28 17 31 35 28 17 39 17 31 7 2 20
0 5 12 17 49 8 4
1 8 30 17 31 26 12 28 33 20
0 5 26 0 46 47 0
0 5 46 40 35 20 1
0 16 30 17 31 26 12 26 31 13 0 17 41 46 30 13 46 0
1 13 30 0 30 17 11 40 2 20 1 1 1 1 1
0 14 46 48 27 8 44 11 17 45 16 40 44 31 11 47
1 14 17 25 31 49 38 12 27 5 0 46 47 38 7 29
0 8 30 0 49 26 49 17 1 31
0 6 4 49 41 31 6 9
0 6 47 31 12 48 11 31
1 3 12 17 42
1 8 30 0 6 44 11 27 2 20
1 7 17 12 49 16 19 19 31
0 6 17 23 22 41 17 8
1 18 30 17 11 19 27 5 17 31 7 5 17 31 13 17 12 7 2 20
1 13 12 27 44 11 17 45 16 17 45 24 22 46 9
0 4 6 13 19 1
0 12 33 12 26 12 26 39 6 1 1 25 47 1
1 15 6 44 12 13 17 39 26 12 35 28 35 44 39 33 20
0 9 46 43 43 45 40 16 2 5 44
0 6 9 0 12 17 19 31
0 9 30 0 26 0 49 1 31 27 42
0 14 33 11 17 46 2 43 20 8 7 48 27 36 48 20
1 8 46 43 43 6 43 43 49 25
1 4 6 44 11 31
1 13 26 6 26 38 46 26 24 15 27 23 41 6 9
1 13 12 27 2 20 1 1 1 1 1 1 1 1 1
0 1 2
1 9 30 17 39 33 20 1 1 1 1
0 4 12 11 2 31
0 14 46 20 40 28 13 17 11 27 44 44 27 2 20 1
1 1 46
0 7 8 45 16 17 36 49 38
0 2 21 17
1 10 6 28 17 12 35 28 33 20 1 1
0 9 23 41 15 27 34 7 24 20 16
1 14 6 44 11 19 27 28 7 44 39 26 39 26 11 17
0 13 33 31 18 11 17 45 24 40 3 25 40 3 26
0 9 2 19 30 26 12 35 36 2 25
0 4 30 31 44 31
0 20 6 28 7 5 17 9 19 19 19 40 28 13 17 11 40 28 7 28 44 17
0 10 30 12 26 30 49 25 10 12 49 49
0 9 30 17 8 28 26 12 33 20 1
0 8 6 28 33 20 11 1 1 1
1 13 12 27 28 28 17 12 7 28 13 0 46 47 6
1 9 6 44 39 33 20 1 1 1 1
0 2 15 1
1 8 33 31 28 26 11 19 27 44
1 11 46 20 17 6 20 19 19 19 40 2 20
1 3 17 12 31
1 3 33 11 31
0 7 33 39 33 21 40 1 1
1 15 12 19 17 6 26 38 6 28 33 20 1 1 1 1 1
1 16 33 11 19 40 44 12 26 12 7 44 12 35 28 35 2 20
0 16 33 31 28 5 13 47 11 40 28 13 0 6 5 0 12 31
1 5 33 39 17 11 31
1 11 6 5 17 31 13 17 31 28 35 2 20
1 9 17 27 24 6 11 29 46 7 24
1 6 33 31 28 17 12 17
1 10 26 6 47 35 20 20 45 48 16 23
1 25 46 43 43 6 43 20 44 13 48 15 16 36 25 5 4 14 22 34 25 35 13 25 35 13 25
0 10 30 15 30 17 33 35 41 35 2 20
0 3 3 43 44
1 15 30 0 6 28 28 35 28 7 44 31 28 7 44 11 31
1 10 30 0 46 20 40 44 11 19 40 44
1 22 12 19 19 40 5 17 11 40 5 17 31 13 17 12 26 12 28 35 2 20 1 1
0 23 30 0 26 45 38 17 4 25 48 36 23 20 20 42 20 20 20 20 20 20 20 20 20
0 6 6 21 26 49 16 49
1 35 33 12 26 12 35 5 0 12 27 5 0 46 20 40 28 28 26 12 7 5 17 31 13 0 6 5 17 39 28 33 20 1 1 1 1
0 12 40 2 20 1 1 1 1 1 1 1 1 1
1 21 30 17 11 27 5 17 31 33 20 1 1 1 1 1 1 1 1 1 1 1 1
1 12 30 17 11 27 5 0 6 2 20 1 1 1
1 12 6 44 11 27 28 17 11 27 2 20 1 1
1 14 46 26 16 17 6 20 27 5 17 12 26 39 35 44
1 9 30 0 33 12 26 39 33 20 1
0 9 6 44 12 28 28 43 39 33 20
1 13 46 26 24 6 11 38 27 23 41 17 30 22 30
0 16 30 17 31 26 12 26 31 13 0 17 41 46 30 13 46 0
0 10 33 11 17 6 24 20 40 2 20 1
0 8 30 0 39 11 17 31 49 4
0 22 21 6 1 11 16 40 44 11 19 19 40 44 39 33 20 1 1 1 1 1 1 1
1 3 33 11 31
0 4 26 20 24 20
0 5 10 32 33 11 31
1 6 46 43 20 45 48 38
1 7 30 0 6 28 26 39 17
0 5 36 34 28 46 42
1 4 12 19 17 49
1 11 33 11 27 28 28 7 44 31 35 28 17
1 11 6 28 26 12 26 11 19 27 2 20 1
0 4 46 27 22 31
1 12 17 15 16 36 21 15 8 38 36 5 15 24
0 13 4 0 30 17 15 17 6 20 20 19 17 49 49
1 14 30 0 46 20 40 44 12 35 44 31 26 31 13 17
1 17 26 6 47 21 8 18 48 0 41 6 47 40 3 25 40 25 15
1 14 26 49 1 31 45 24 40 3 25 15 27 16 23 7
0 6 17 15 24 43 39 40
0 2 45 0
0 9 30 0 33 31 28 33 20 21 1
1 15 46 26 38 33 31 7 28 26 31 7 5 0 6 2 20
1 8 26 45 16 19 27 2 20 1
1 6 6 5 0 12 17 42
0 15 6 5 32 6 5 17 39 35 5 0 41 46 47 25 6
1 8 46 43 43 6 43 43 49 25
1 11 33 39 35 5 0 26 45 16 19 17 42
0 6 17 15 48 24 43 40
0 8 26 36 12 27 28 39 41 20
0 3 26 6 25
0 9 33 2 31 33 20 1 1 1 1
0 6 46 43 43 49 43 2
1 6 26 45 38 12 19 31
0 6 46 11 5 11 17 42
1 10 6 44 11 19 17 6 26 38 26 42
1 14 46 47 21 31 48 13 48 27 22 34 25 13 25 35
0 2 33 15
1 6 33 11 27 44 39 17
1 10 12 17 45 38 17 4 48 20 20 20
0 10 6 12 12 33 43 20 1 1 1 1
0 10 30 17 11 40 0 6 5 17 11 31
1 21 30 17 39 35 5 0 17 47 22 33 11 17 45 16 40 5 0 6 2 20 1
1 3 26 49 4
1 4 46 43 43 49
1 3 17 21 33
0 7 26 39 44 2 26 16 42
1 9 33 39 7 44 12 33 20 1 1
1 12 26 45 24 22 33 11 27 44 39 28 33 20
0 7 17 21 12 6 21 24 46
1 8 26 6 47 35 31 38 43 40
1 6 33 11 27 44 39 17
0 4 26 45 16 4
0 7 30 3 17 11 17 49 45
1 11 30 0 30 17 11 40 44 39 7 5 0
0 11 46 16 26 38 7 27 24 37 6 28 31
1 13 17 12 49 38 46 26 24 22 17 23 41 40 9
1 14 17 15 16 22 11 13 25 13 25 35 13 25 32 45
1 19 12 40 28 26 39 35 28 13 17 11 19 17 6 20 17 6 43 43 42
0 14 0 33 31 28 26 12 35 19 0 6 44 11 17 6
0 32 12 40 30 28 38 28 7 28 28 7 5 0 30 17 11 19 17 49 12 45 16 27 44 12 28 41 0 30 0 46 20 31
1 16 12 19 19 27 28 35 5 17 31 28 7 2 20 1 1 1
1 7 30 0 17 0 41 40 9
1 8 33 31 13 17 39 35 5 17
0 7 27 38 5 27 36 25 27
1 11 6 5 0 30 17 39 35 44 11 40 44
0 6 28 6 29 17 31 26
0 20 12 27 5 17 31 28 35 17 12 35 5 17 31 13 0 12 27 28 13 17
1 1 46
0 12 19 6 28 26 12 28 26 26 5 49 2 20
1 7 17 12 49 16 19 19 31
1 6 30 0 12 40 2 20
1 8 30 17 11 40 44 31 33 20
0 3 29 8 20
0 1 2
0 9 6 43 20 17 14 34 31 2 47
1 16 30 0 26 45 24 22 12 27 5 0 12 17 6 43 43 42
1 8 46 43 43 6 20 17 49 49
1 13 33 11 27 44 31 17 11 40 2 20 1 1 1
1 11 30 17 11 40 5 17 39 35 44 11 31
0 7 17 27 24 10 10 46 9
1 13 30 17 11 19 27 28 7 28 13 17 39 33 20
0 2 22 36
1 22 6 5 0 6 44 39 7 44 12 13 0 12 40 28 17 11 19 40 2 20 1 1
0 7 6 5 45 26 45 16 31
1 6 30 0 17 27 22 11
1 12 12 19 19 40 44 39 35 2 20 1 1 1
0 6 41 6 33 11 17 42
0 6 36 38 5 17 31 26
1 8 46 26 16 17 6 20 19 31
0 8 46 47 21 28 31 8 48 23
0 15 33 8 31 28 26 31 17 11 27 5 0 17 38 27 38
0 4 46 27 22 31
0 7 30 35 12 7 2 11 34
0 6 6 21 26 49 16 49
1 12 33 12 26 39 13 17 31 35 2 20 1 1
0 4 17 12 8 0
0 2 5 49
0 29 46 43 20 8 34 40 45 28 33 39 7 44 12 20 17 31 13 17 39 17 39 13 17 39 7 28 35 2 20
1 8 17 4 25 16 36 48 20 20
0 10 12 29 40 28 31 3 2 20 30 1
1 6 6 28 17 11 19 31
0 3 46 4 31
0 7 26 39 44 2 26 16 42
1 6 12 19 40 44 11 31
1 11 17 15 27 18 48 15 16 36 48 20 20
0 2 41 33
1 23 30 17 11 40 44 39 35 44 31 17 39 28 35 28 35 44 31 35 5 17 11 17 42
1 12 33 12 26 31 7 5 17 31 33 20 1 1
1 13 30 17 11 19 27 28 7 28 13 17 39 33 20
1 7 46 43 20 44 13 48 47
0 12 19 6 28 26 12 28 26 26 5 49 2 20
1 9 33 11 40 2 20 1 1 1 1
1 8 33 11 40 2 20 1 1 1
1 8 26 6 47 35 31 38 43 40
0 6 25 8 30 0 17 23
0 6 33 6 26 24 22 33
1 9 46 47 42 0 43 6 26 16 31
0 4 30 17 11 3
0 4 2 26 12 18
0 3 20 20 31
0 3 10 7 25
0 3 6 18 8
0 10 30 46 17 12 40 5 0 17 39 22
1 5 6 5 0 6 44
1 1 46
0 4 46 47 23 43
0 3 19 45 38
1 5 17 4 25 24 45
0 3 5 27 26
1 12 33 31 7 44 12 7 44 12 33 20 1 1
1 6 6 28 26 31 7 44
0 8 46 20 15 27 28 17 11 31
1 4 17 12 29 15
1 14 30 17 12 13 17 39 35 28 7 44 12 35 28 26
0 5 12 17 49 8 4
1 20 30 0 33 39 26 12 28 17 39 17 39 13 0 26 45 24 22 26 49 4
1 14 17 21 40 29 18 48 29 34 22 43 6 26 16 31
0 19 17 12 8 48 21 40 25 21 40 35 20 49 43 45 24 40 26 11 9
1 6 17 27 36 21 29 40
0 2 0 28
0 14 6 28 13 17 12 28 7 28 13 17 20 26 33 20
1 18 46 26 16 40 28 13 17 31 35 5 17 12 26 31 13 0 26 42
0 2 27 4
0 6 46 2 29 16 12 42
1 11 26 45 16 40 28 26 11 19 17 45 24
1 5 6 44 31 28 17
0 10 41 23 28 13 17 30 8 12 13 17
1 11 30 0 6 44 12 28 33 20 1 1 1
1 21 30 17 31 35 28 13 17 39 7 44 31 13 17 31 17 11 40 44 39 33 20
1 23 30 17 11 40 44 39 35 44 31 17 39 28 35 28 35 44 31 35 5 17 11 17 42
1 10 26 45 24 40 26 11 0 41 40 23
0 17 33 31 28 17 12 33 15 20 1 1 1 1 1 1 1 1 1
0 10 30 28 17 46 20 19 40 2 20 1
0 6 19 6 5 17 11 31
1 6 6 28 28 7 2 20
1 15 12 40 2 20 1 1 1 1 1 1 1 1 1 1 1
1 9 30 0 30 0 30 0 17 16 23
1 7 12 17 6 47 22 43 42
0 19 6 23 17 31 26 31 13 17 31 35 28 13 17 4 0 30 0 17 9
0 13 6 44 12 47 13 17 11 19 19 42 32 19 31
1 11 12 17 6 43 20 45 48 25 32 10 45
0 15 46 43 27 5 17 39 13 12 19 19 27 28 3 2 0
0 4 33 12 13 33
0 9 12 19 27 17 14 24 0 4 8
1 9 46 26 38 30 0 12 19 17 42
1 17 30 17 39 35 44 11 19 17 6 20 27 2 20 1 1 1 1
0 8 46 20 15 27 28 17 11 31
0 5 46 43 23 7 7
0 58 12 40 28 13 17 31 13 17 11 40 5 0 17 27 22 11 35 35 32 45 30 45 45 11 32 45 30 45 45 37 11 13 25 13 25 32 45 37 30 45 45 37 34 25 4 45 11 32 45 37 11 13 25 32 45 30 45 45
1 6 30 0 6 2 20 1
0 4 21 37 2 1
0 7 25 7 14 28 26 11 31
0 7 30 17 28 13 17 11 31
0 5 26 16 17 49 45
1 28 33 39 35 28 7 44 39 7 44 11 17 45 38 26 45 24 40 3 3 3 25 15 27 15 16 36 48 20
0 4 17 48 23 30
1 3 12 17 42
1 5 46 47 40 49 4
0 22 30 17 12 28 35 5 22 0 1 6 17 45 38 12 40 28 17 31 28 33 33 20
1 4 30 17 11 31
1 13 30 0 33 39 13 17 31 7 44 12 26 11 31
1 13 26 6 43 43 45 16 19 17 49 1 31 49 25
1 9 17 12 2 30 17 12 26 31 26
1 12 12 27 5 17 11 40 5 17 39 28 28 26
1 14 6 5 0 46 43 20 45 48 21 40 16 23 7 27
1 21 30 0 46 43 43 45 38 26 45 38 33 12 7 28 13 17 39 13 17 31 26
1 7 30 17 39 17 39 33 20
1 7 30 0 6 28 26 39 17
0 3 26 46 45
1 52 33 12 26 11 27 44 12 28 28 13 17 31 28 28 13 17 12 26 39 17 31 26 31 7 44 31 13 17 39 26 12 26 12 13 17 11 19 19 19 27 5 17 12 7 5 17 39 33 20 1 1 1
0 38 17 25 44 13 48 21 6 4 14 10 34 25 35 32 45 11 32 45 11 5 45 30 46 37 37 11 13 25 32 45 11 35 13 25 32 45 34 25
0 12 26 20 44 13 48 16 41 16 49 30 34 46
0 4 43 25 49 4
0 1 0
1 7 17 15 16 36 21 12 42
0 14 30 0 12 17 45 22 4 16 40 28 20 7 38 1
0 15 46 36 33 39 7 28 26 12 6 17 39 28 33 20 1
0 11 13 17 6 26 24 22 40 26 27 22 30
0 6 12 17 6 47 46 0
0 5 12 27 30 2 20
1 26 26 6 47 34 2 46 26 16 27 5 17 12 26 11 27 2 20 1 1 1 1 1 1 1 1 1
0 4 26 15 34 32
1 8 17 25 17 42 43 22 43 42
0 16 6 44 31 26 39 5 0 12 19 19 19 19 19 40 2 20
1 19 17 27 22 30 45 45 30 46 34 25 13 25 13 25 35 13 25 32 45
1 7 30 17 31 28 26 11 31
1 21 46 47 42 40 20 43 6 47 42 19 35 20 43 6 43 43 6 20 19 17 42
0 22 33 12 26 7 5 17 37 12 13 0 12 27 28 13 17 31 13 0 12 40 2 20
0 3 19 1 31
0 3 5 27 26
0 2 29 12
0 9 0 46 26 16 27 19 11 27 44
1 7 26 45 24 15 27 12 42
1 7 33 39 17 11 27 2 20
0 10 6 6 28 17 31 13 0 12 19 31
0 3 39 17 42
1 12 17 4 25 5 12 1 19 35 31 48 44 11
1 12 6 5 17 12 13 0 33 11 27 2 20 1
0 3 49 39 46
1 12 33 31 7 28 17 39 26 11 19 27 5 0
0 3 4 33 20
0 14 26 6 43 6 47 1 19 19 40 11 0 26 30 42
1 17 26 6 26 16 27 28 13 0 46 47 42 19 40 49 2 12 6
0 8 17 4 48 20 20 1 20 20
1 9 33 12 7 2 20 1 1 1 1
0 6 33 31 35 41 31 5
1 4 46 43 43 49
1 13 26 6 43 43 45 16 19 17 49 1 31 49 25
1 8 6 5 17 12 17 12 33 20
1 6 33 31 28 17 12 17
0 5 49 3 5 11 17
1 15 30 17 12 26 39 13 0 6 28 13 0 6 2 20 1
1 5 46 26 38 26 42
0 17 10 6 28 43 11 44 30 31 13 17 12 35 44 24 28 13 0
1 3 26 49 4
0 2 1 31
1 8 30 0 26 45 38 6 2 20
0 2 26 9
1 7 30 17 31 28 26 11 31
0 17 30 0 26 0 45 24 15 27 47 25 8 48 27 24 22 26 8
0 5 6 24 2 1 5
1 9 12 40 2 20 1 1 1 1 1
1 18 30 17 31 28 17 11 17 45 38 30 17 39 7 44 31 7 2 20
1 13 6 28 35 28 35 5 0 6 28 17 11 17 42
1 15 30 17 31 28 28 13 17 39 35 44 39 33 20 1 1
1 5 12 19 17 49 1
1 7 30 0 6 28 35 2 20
1 3 12 17 42
1 16 6 44 12 33 20 1 1 1 1 1 1 1 1 1 1 1
0 3 1 27 41
0 21 46 26 28 27 28 13 3 15 28 28 26 12 13 17 12 28 17 31 35 2 20
0 2 22 34
0 12 12 27 44 39 7 44 33 20 1 1 1 1
1 10 6 5 17 11 27 28 28 7 5 17
1 8 46 47 11 24 6 11 21 33
1 6 6 28 28 28 13 17
1 1 46
1 13 46 20 40 5 0 30 0 46 20 27 44 11 31
0 12 47 48 17 12 7 2 20 1 1 1 1 1
1 7 33 12 17 11 27 2 20
0 5 17 29 43 35 9
0 58 12 40 28 13 17 31 13 17 11 40 5 0 17 27 22 11 35 35 32 45 30 45 45 11 32 45 30 45 45 37 11 13 25 13 25 32 45 37 30 45 45 37 34 25 4 45 11 32 45 37 11 13 25 32 45 30 45 45
1 10 6 28 17 12 35 28 33 20 1 1
0 4 17 1 27 23
0 12 33 31 39 26 13 0 6 0 31 12 49 1
1 8 46 43 20 45 48 15 8 13
0 7 11 6 41 9 20 1 1
1 11 6 5 17 12 13 0 17 4 48 20 20
1 1 46
0 3 1 17 37
1 11 17 29 7 48 15 16 24 15 27 23 8
1 18 30 0 12 27 28 13 0 46 43 43 49 25 12 45 16 27 2 20
1 19 17 27 22 11 32 45 30 45 45 11 32 45 11 32 45 34 25 13 25
0 30 39 24 28 26 12 26 11 40 44 12 7 28 13 10 17 39 13 27 17 24 7 36 17 11 27 2 20 1 1 1
0 14 17 38 48 27 27 24 40 3 3 25 22 6 2 20
1 8 6 5 0 17 16 23 7 7
1 6 17 15 24 20 48 11
1 7 33 31 13 0 46 26 24
0 4 17 12 2 17
1 20 30 0 12 40 44 31 35 5 0 46 47 1 27 44 39 28 33 20 1 1
1 11 6 5 17 39 13 0 12 19 27 5 17
1 18 46 26 38 17 29 18 48 15 24 42 25 5 21 6 38 27 29 40
1 8 30 0 26 45 16 17 49 49
1 4 17 0 41 33
0 20 29 17 11 19 17 15 29 38 6 5 17 11 19 40 28 13 0 46 20 31
0 6 19 6 5 17 11 31
0 2 21 16
0 8 30 17 12 28 40 28 28 17
1 8 46 26 16 19 40 28 33 20
0 5 30 17 46 17 49
0 8 17 15 5 38 27 43 27 23
1 10 33 12 17 39 28 26 39 35 5 17
1 7 6 5 17 11 19 17 42
0 9 46 26 20 49 1 31 33 49 4
1 3 33 11 31
1 1 46
1 8 17 47 40 25 40 3 25 22
1 1 46
0 4 26 32 39 0
0 9 33 31 26 17 39 12 34 32 20
0 6 12 17 6 47 46 0
0 11 6 44 31 26 31 7 5 0 30 17 26
1 12 6 5 17 12 13 0 33 11 27 2 20 1
1 11 33 31 17 39 33 20 1 1 1 1 1
1 8 30 17 39 26 39 7 2 20
1 6 30 17 39 7 5 17
0 3 43 49 42
1 9 12 17 45 16 27 2 20 1 1
1 8 30 17 12 28 35 28 33 20
0 3 28 33 20
1 10 6 28 7 5 17 12 28 33 20 1
1 6 12 27 28 7 2 20
1 6 30 0 12 17 45 24
1 5 46 47 38 7 29
1 7 30 17 39 17 39 33 20
1 11 6 28 26 11 27 5 17 31 26 11 31
0 5 16 16 24 38 13
1 12 17 4 14 36 21 47 6 11 16 23 7 27
1 8 30 17 11 40 44 31 33 20
0 17 33 28 17 12 17 11 5 1 11 17 45 24 35 27 25 19 45
0 5 17 29 43 35 9
0 3 26 26 27
0 6 20 26 45 38 21 17
0 15 6 5 32 6 5 17 39 35 5 0 41 46 47 25 6
0 3 46 25 9
1 15 30 17 31 28 28 13 17 39 35 44 39 33 20 1 1
1 20 12 27 28 17 31 7 28 17 31 28 26 12 28 28 35 2 20 1 1 1
1 7 46 20 17 45 16 19 31
0 2 15 9
1 5 17 23 41 6 9
1 6 6 44 31 17 11 31
0 15 46 36 33 39 7 28 26 12 6 17 39 28 33 20 1
1 19 33 39 35 44 12 7 28 28 13 0 6 28 35 28 35 5 17 39 17
0 25 30 17 39 28 26 11 27 28 7 44 39 28 35 5 33 31 35 5 17 11 2 20 1 1 1
1 9 6 28 33 20 1 1 1 1 1
1 17 26 6 47 21 8 18 48 0 41 6 47 40 3 25 40 25 15
0 4 36 0 17 21
1 8 6 44 31 33 20 1 1 1
1 16 6 5 17 12 26 12 7 28 35 28 35 2 20 1 1 1
1 9 33 39 26 39 35 2 20 1 1
1 6 17 25 8 18 48 47
0 3 6 8 26
1 7 33 11 27 44 39 33 20
1 6 26 45 16 17 6 9
1 23 12 27 5 17 31 17 31 26 12 17 12 17 39 13 17 12 7 5 0 33 39 33 20
1 8 17 47 15 27 47 22 12 17
1 1 46
0 8 17 15 5 38 27 43 27 23
0 11 12 19 42 27 44 12 36 35 27 28 26
0 10 30 0 26 45 29 40 3 11 3 26
1 21 33 31 28 13 17 11 40 44 11 19 40 28 13 17 39 26 39 17 39 13 17
1 5 46 26 38 26 42
0 2 40 28
1 8 33 39 26 31 26 39 33 20
0 9 22 5 17 31 3 28 35 2 20
1 19 12 27 5 17 39 28 26 39 35 28 7 44 11 27 28 28 28 28 26
0 11 31 12 17 0 24 28 25 15 27 25 34
1 16 33 39 28 26 12 17 31 35 28 7 5 17 31 33 20 1
1 8 17 16 41 30 29 38 28 13
0 20 12 27 5 17 31 28 35 44 19 4 0 45 16 40 28 35 44 12 7 44
0 13 30 17 12 7 44 11 40 44 12 13 17 39 8
1 14 33 31 7 5 17 39 28 35 2 20 1 1 1 1
1 3 12 17 42
1 6 26 45 24 6 11 38
1 16 33 11 19 40 44 12 26 12 7 44 12 35 28 35 2 20
1 7 30 0 17 29 7 48 9
0 9 6 5 10 17 12 0 17 34 31
0 9 5 0 46 43 43 6 37 44 9
0 3 4 33 20
0 2 9 35
0 9 5 20 22 33 24 17 45 1 26
1 17 33 12 35 5 0 17 4 25 5 38 27 16 23 7 7 7 27
0 2 47 41
1 22 6 5 17 12 26 12 35 5 17 31 28 7 28 7 5 17 31 33 20 1 1 1
1 1 46
0 7 17 10 20 40 27 5 17
1 3 12 17 42
0 8 6 5 42 43 35 2 9 20
1 5 30 0 17 25 34
1 7 33 31 35 5 17 11 31
1 7 46 20 27 28 33 20 1
1 25 30 17 31 35 28 13 0 17 25 31 8 48 15 8 15 0 20 31 28 21 21 7 48 0 8
0 4 30 0 23 30
0 5 17 15 8 44 11
0 8 41 49 29 40 1 27 22 20
0 7 9 27 45 29 10 45 38
0 1 0
1 13 33 12 7 44 12 26 39 26 12 26 39 33 20
0 14 28 44 28 11 27 28 18 20 1 1 1 1 4 1
0 5 45 16 19 45 6
1 4 6 44 11 31
1 7 33 39 17 11 27 2 20
1 9 6 44 31 28 7 28 17 11 31
1 23 33 12 17 31 7 5 17 11 40 5 17 11 40 28 13 0 6 5 17 12 28 33 20
1 9 6 44 12 13 0 6 2 20 1
1 12 17 47 22 46 47 22 20 8 7 48 16 23
0 4 30 31 44 31
1 7 46 26 38 6 2 20 1
0 6 12 17 45 2 16 31
0 5 36 34 28 46 42
1 21 6 5 17 12 35 28 17 39 28 13 17 31 13 0 46 20 40 28 33 20 1
1 7 33 11 27 44 39 33 20
1 8 46 26 38 6 28 33 20 1
0 7 12 40 28 19 26 49 1
1 3 12 17 42
0 3 0 15 17
0 6 46 43 43 49 45 4
1 6 6 44 31 17 11 31
0 9 33 39 35 28 7 20 5 12 17
0 3 7 12 31
1 3 26 49 4
0 3 1 18 29
1 5 46 47 38 7 29
0 8 44 30 17 40 31 13 6 46
1 15 46 43 43 6 47 34 8 48 16 41 16 30 21 17 8
1 12 12 19 27 44 31 33 20 1 1 1 1 1
0 3 38 27 4
0 10 30 0 46 43 20 19 32 32 44 11
1 6 33 11 40 44 11 31
1 15 30 0 26 49 2 12 6 47 32 18 48 38 27 12 42
1 15 30 0 6 44 39 35 44 11 40 2 20 1 1 1 1
1 3 17 21 33
1 15 6 5 0 17 27 24 40 26 11 4 21 47 40 3 26
0 8 26 6 3 43 6 43 2 10
1 21 46 47 11 38 33 31 13 0 30 0 30 17 31 7 44 31 26 11 17 49 49
1 11 6 28 13 17 12 28 17 12 26 11 31
1 7 6 28 26 11 17 6 9
0 10 33 11 17 6 24 20 40 2 20 1
0 6 6 48 5 17 42 2
0 8 46 41 24 40 26 11 47 6
0 10 30 11 6 43 43 45 38 12 19 31
1 12 33 12 13 17 12 13 17 31 28 13 0 46
1 13 30 17 12 33 20 1 1 1 1 1 1 1 1
1 5 46 43 43 45 24
1 11 26 6 43 20 17 34 28 49 31 49 24
0 3 17 41 6
1 19 17 15 5 47 6 11 12 8 48 25 32 8 7 48 16 23 7 7 7
0 2 34 3
1 9 17 27 24 6 11 4 48 20 20
1 4 12 19 17 49
1 7 17 27 36 25 24 41 45
0 9 46 47 27 6 17 11 16 39 41
1 7 33 11 27 28 33 20 1
0 14 46 47 32 18 48 16 41 9 49 43 8 49 16 49
0 12 30 17 11 27 28 26 31 14 43 35 2 20
0 11 17 29 38 15 15 29 21 16 34 45 9
1 4 30 17 11 31
1 10 46 20 17 45 24 15 27 29 38 8
0 7 6 16 13 0 26 49 25
1 8 30 0 46 26 38 26 49 25
0 8 30 0 46 38 26 6 20 31
0 4 29 33 43 31
0 3 17 19 33
1 8 33 11 19 17 45 16 40 44
0 9 30 0 6 20 1 1 1 1 1
1 8 12 17 6 47 22 43 49 45
1 7 46 26 38 17 47 40 25
0 6 46 20 17 6 20 32
1 23 6 5 17 39 26 12 28 13 17 31 26 11 40 44 12 33 20 1 1 1 1 1 1
1 8 33 11 19 17 45 16 40 44
1 13 12 17 45 16 17 45 24 15 27 23 41 17 30
0 5 17 22 26 43 49
1 13 30 0 30 17 11 40 2 20 1 1 1 1 1
0 4 26 8 36 48
0 9 46 20 43 19 19 40 2 8 1
1 9 30 17 39 28 35 28 17 11 31
1 8 30 0 30 17 11 40 2 20
1 5 12 27 44 11 31
1 3 33 11 31
0 9 6 28 17 31 17 11 19 49 31
1 9 17 27 24 6 11 29 46 7 24
1 10 33 39 13 0 6 5 0 46 43 43
1 20 46 26 24 40 26 11 12 28 40 29 41 8 38 42 25 27 18 48 21 33
1 5 17 12 13 20 34
0 6 6 46 20 0 19 17
1 13 30 0 46 47 42 43 22 43 45 16 17 6 9
1 25 30 17 12 13 0 6 28 13 0 12 19 19 40 44 39 35 5 0 33 11 19 27 2 20 1
0 8 12 40 0 28 28 28 33 20
1 10 17 38 27 15 8 15 40 20 20 34
1 34 30 0 6 44 39 26 31 17 11 27 5 17 12 17 39 17 39 17 39 7 44 39 17 12 7 5 17 11 27 5 0 46 20 17
1 9 30 0 30 0 30 0 17 16 23
1 18 30 17 31 17 11 19 40 5 17 31 13 17 11 27 28 33 20 1
0 3 1 27 41
1 4 26 6 20 31
1 28 26 45 38 46 26 24 22 12 27 44 39 28 28 35 28 28 13 17 31 26 12 33 20 1 1 1 1 1
0 10 44 30 17 11 45 15 23 12 45 38
1 9 6 44 31 17 12 33 20 1 1
0 4 33 12 13 33
0 6 46 43 43 49 43 2
1 1 46
0 16 6 44 12 26 12 28 28 28 13 0 12 2 20 1 1 1
1 13 33 11 27 44 12 7 5 17 31 26 31 33 20
1 14 17 25 31 49 38 12 27 5 0 46 47 38 7 29
1 18 46 20 17 6 47 35 20 20 17 32 6 20 8 46 7 24 20 24
1 9 12 40 5 0 17 4 14 36 48
0 3 21 46 9
1 12 6 44 12 7 28 13 0 6 44 39 33 20
0 3 38 27 4
0 3 12 18 31
0 2 22 34
1 6 26 45 38 12 19 31
0 32 12 40 30 28 38 28 7 28 28 7 5 0 30 17 11 19 17 49 12 45 16 27 44 12 28 41 0 30 0 46 20 31
0 14 28 44 28 11 27 28 18 20 1 1 1 1 4 1
0 3 11 0 17
1 22 30 0 6 28 17 11 27 44 12 26 39 7 5 0 30 17 39 17 11 17 6 9
0 3 49 39 46
0 6 12 40 5 46 20 31
1 6 6 28 28 7 2 20
1 1 46
0 20 29 17 11 19 17 15 29 38 6 5 17 11 19 40 28 13 0 46 20 31
0 2 4 0
1 12 33 31 7 28 17 39 26 11 19 27 5 0
1 11 6 28 17 39 33 20 1 1 1 1 1
1 7 17 27 22 34 25 32 45
0 14 17 29 14 6 20 45 48 21 40 4 48 20 20 20
1 8 46 20 40 28 26 11 17 42
1 6 17 25 8 18 48 47
1 6 46 47 11 38 26 42
1 10 26 6 47 1 17 45 38 33 11 31
1 4 17 0 41 33
0 9 26 6 26 16 40 31 11 17 42
0 10 30 46 17 12 40 5 0 17 39 22
0 2 26 5
1 17 33 39 35 5 17 12 7 28 35 28 7 5 17 39 28 33 20
0 10 17 33 20 32 31 36 5 15 24 45
1 12 33 39 7 28 13 17 11 40 44 12 13 17
1 48 12 19 19 27 28 17 39 35 44 12 13 17 39 13 0 30 17 12 17 12 35 44 31 7 28 26 39 17 39 13 0 46 43 43 6 43 20 21 28 49 10 48 7 48 16 23 7 27
1 7 30 17 11 27 2 20 1
1 6 17 16 41 16 49 49
1 18 17 12 13 20 8 34 1 27 5 17 11 27 5 17 31 33 20 1
1 3 26 49 4
1 3 33 39 17
1 7 6 5 17 31 33 20 1
0 7 17 21 12 6 21 24 46
0 5 26 45 37 24 40
1 6 30 0 6 2 20 1
1 11 6 5 17 12 35 44 31 33 20 1 1
1 5 30 0 17 25 34
1 15 30 17 31 26 12 7 5 17 39 7 28 26 31 35 44
0 6 33 12 17 22 33 20
0 10 6 36 39 28 33 20 1 1 1 1
0 16 12 19 27 5 31 13 17 33 35 5 17 31 33 20 1 1
0 5 17 4 17 14 39
0 9 30 0 33 31 28 33 20 21 1
1 9 46 43 20 19 46 32 46 7 24
1 5 30 17 11 17 49
1 23 46 20 17 45 38 33 39 7 28 26 11 17 6 43 20 19 48 8 6 20 17 41 42
1 18 30 17 31 17 11 19 40 5 17 31 13 17 11 27 28 33 20 1
0 3 11 0 17
0 22 17 47 15 27 2 6 5 0 33 12 22 35 5 17 12 28 42 39 28 7 46 44
1 19 17 15 5 47 6 11 12 8 48 25 32 8 7 48 16 23 7 7 7
1 9 26 49 25 12 6 47 38 7 29
1 13 30 17 39 13 17 12 26 11 27 2 20 1 1
1 6 6 28 17 11 19 31
1 3 17 12 31
0 5 6 49 2 20 1
0 21 41 30 0 30 30 39 26 45 6 26 11 40 5 0 28 33 20 1 1 1 1
1 23 12 27 5 17 31 17 31 26 12 17 12 17 39 13 17 12 7 5 0 33 39 33 20
0 11 7 5 17 39 7 28 7 2 20 37 1
1 12 46 43 20 19 38 41 41 43 6 43 6 47
0 2 15 1
1 10 30 0 33 12 35 28 33 20 1 1
0 1 27
0 7 40 10 38 8 49 47 2
1 6 17 15 8 42 20 14
1 14 17 21 40 29 18 48 29 34 22 43 6 26 16 31
1 9 26 45 38 6 2 20 1 1 1
0 15 44 12 35 44 12 26 39 45 39 13 0 26 45 16 31
0 8 30 0 26 24 15 21 15 9
0 18 6 44 12 17 39 7 5 17 39 28 28 45 7 5 0 26 6 9
1 10 17 25 21 26 43 7 48 0 41 33
1 3 33 39 17
1 4 30 17 11 31
0 8 46 35 40 45 24 6 11 30
1 11 30 0 26 49 2 12 45 38 26 49 49
0 7 27 42 49 21 31 24 15
1 12 33 39 7 28 13 17 11 40 44 12 13 17
1 8 17 38 27 25 8 6 43 49
0 19 17 12 8 48 21 40 25 21 40 35 20 49 43 45 24 40 26 11 9
0 5 46 20 17 39 49
0 4 26 45 24 24
1 8 17 4 25 16 36 48 20 20
1 6 30 0 12 40 2 20
1 21 30 17 11 27 5 17 31 33 20 1 1 1 1 1 1 1 1 1 1 1 1
1 12 12 27 44 11 27 2 20 1 1 1 1 1
0 3 0 15 17
1 23 26 49 25 12 45 38 17 47 40 25 15 27 15 24 1 47 6 11 27 22 30 45 45
0 2 4 20
0 5 36 0 30 17 9
0 8 33 31 17 11 40 28 33 26
1 12 33 11 40 44 12 7 5 0 12 17 49 4
0 5 6 2 1 1 1
1 4 30 17 11 31
0 10 12 29 40 28 31 3 2 20 30 1
0 5 6 16 41 16 49
1 9 12 40 44 31 17 31 35 2 20
0 6 17 15 48 24 43 40
0 9 42 33 12 18 44 39 35 28 7
1 1 46
1 4 30 17 11 31
1 11 30 0 30 17 39 17 39 17 12 33 20
1 6 30 0 17 27 22 11
1 15 33 39 17 11 27 28 35 28 17 39 13 0 26 49 4
1 13 30 17 12 35 44 31 17 31 28 7 28 33 20
1 5 30 17 11 17 49
0 19 26 48 45 38 46 26 38 6 5 0 46 43 5 20 45 48 34 21 9
1 10 33 11 27 44 31 7 5 0 26 49
1 8 26 45 16 19 27 2 20 1
1 13 12 27 28 28 17 12 7 28 13 0 46 47 6
0 13 30 17 26 34 31 26 39 41 5 17 11 45 31
1 35 33 12 26 12 35 5 0 12 27 5 0 46 20 40 28 28 26 12 7 5 17 31 13 0 6 5 17 39 28 33 20 1 1 1 1
0 2 4 0
0 8 46 43 43 45 10 16 19 31
0 2 19 47
1 3 17 29 46
0 2 46 46
0 7 0 2 20 18 1 1 1
0 3 6 18 8
1 8 6 28 35 28 28 35 2 20
1 8 46 26 16 17 6 20 19 31
1 19 6 44 31 17 31 7 28 28 17 12 13 17 11 27 44 12 28 33 20
1 10 6 28 13 0 33 39 13 17 31 26
1 8 30 17 12 26 12 17 11 31
0 6 46 7 20 49 15 49
0 7 6 32 39 37 33 20 1
0 8 30 0 49 26 49 17 1 31
1 7 30 0 6 5 0 46 9
1 21 33 12 28 33 20 1 1 1 1 1 1 1 1 1 1 1 1 1 1 1 1
1 23 6 5 17 39 26 12 28 13 17 31 26 11 40 44 12 33 20 1 1 1 1 1 1
1 12 12 27 5 0 12 17 45 16 19 40 2 20
0 7 39 42 11 40 48 11 31
1 10 30 17 12 13 17 12 35 2 20 1
1 23 6 5 0 12 40 5 0 33 11 19 40 44 39 7 44 11 19 17 45 38 46 20 31
0 5 17 31 19 33 5
1 10 46 20 17 45 24 15 27 29 38 8
0 6 46 15 2 17 6 9
0 8 6 28 35 28 2 33 13 20
0 2 12 29
1 6 46 47 11 38 26 42
0 8 33 26 39 17 44 1 11 31
1 6 17 29 18 48 0 8
1 14 6 28 35 5 17 12 17 12 33 20 1 1 1 1
1 15 30 0 26 49 2 12 6 47 32 18 48 38 27 12 42
0 18 6 44 12 17 39 7 5 17 39 28 28 45 7 5 0 26 6 9
0 6 33 6 26 24 22 33
0 6 17 15 8 46 12 6
0 4 43 25 49 4
1 3 26 49 4
0 8 6 17 39 26 11 35 44 20
0 16 6 44 31 26 39 5 0 12 19 19 19 19 19 40 2 20
0 2 38 5
0 10 6 26 40 25 6 11 15 14 16 24
0 4 22 46 47 14
0 7 8 45 16 17 36 49 38
1 9 26 45 24 40 3 3 25 40 25
1 10 12 19 40 28 13 17 12 17 11 31
1 6 30 17 11 27 5 0
1 9 33 12 7 28 26 31 33 20 1
0 21 46 20 19 27 28 13 29 17 11 27 44 11 40 5 17 31 28 7 2 20 1
0 3 4 4 49
1 3 12 17 42
1 8 46 26 38 6 28 33 20 1
1 14 30 0 46 20 40 44 12 35 44 31 26 31 13 17
1 9 30 17 12 33 20 1 1 1 1
0 10 17 9 41 6 4 21 23 30 22 30
0 4 12 19 28 17
0 6 30 6 0 46 17 20
0 1 2
0 4 30 0 5 13
1 23 26 49 2 12 45 38 46 20 40 28 7 28 26 39 26 39 13 0 17 38 27 4 48
0 7 6 16 13 0 26 49 25
0 3 26 16 49
0 14 46 48 27 8 44 11 17 45 16 40 44 31 11 47
1 7 12 17 6 47 22 43 42
1 8 17 23 41 17 41 6 29 40
1 10 30 0 33 12 7 44 39 33 20 1
1 6 17 12 49 24 40 25
0 24 29 38 15 3 29 33 43 45 37 16 19 27 5 17 31 35 44 31 17 39 35 7 2 20
0 3 31 46 16
1 8 6 5 0 17 16 23 7 27
0 13 46 32 20 40 14 35 5 17 11 17 45 24 15
0 2 26 23
1 10 33 39 17 11 19 40 44 12 28 17
0 9 0 46 26 16 27 19 11 27 44
0 14 30 17 35 44 31 7 5 0 26 45 16 27 5 17
1 12 33 12 26 31 7 5 17 31 33 20 1 1
1 5 30 0 46 47 6
1 4 12 27 5 0
0 2 20 25
0 17 12 40 5 0 6 6 2 20 1 1 1 1 1 1 1 1 1
1 12 33 12 13 17 12 13 17 31 28 13 0 46
1 9 12 40 2 20 1 1 1 1 1
0 4 17 27 22 6
1 15 30 0 26 49 2 12 6 26 38 12 27 5 0 26 42
1 19 33 39 35 44 12 7 28 28 13 0 6 28 35 28 35 5 17 39 17
0 13 26 45 16 11 28 26 31 28 26 12 33 14 1
0 3 29 33 31
1 11 17 25 44 13 48 12 43 18 48 23 8
0 8 46 35 40 45 24 6 11 30
1 5 33 12 7 2 20
1 7 17 29 38 8 28 37 46
1 19 12 27 5 17 39 28 26 39 35 28 7 44 11 27 28 28 28 28 26
0 4 33 33 16 47
1 12 17 47 22 30 17 31 35 44 11 27 5 0
1 12 30 17 39 28 26 31 33 20 1 1 1 1
1 13 17 12 2 12 27 5 17 12 13 17 39 33 20
0 7 17 10 20 40 27 5 17
1 11 33 11 40 44 39 26 39 33 20 1 1
1 1 46
1 6 26 49 1 31 49 2
1 18 46 26 16 40 28 13 17 31 35 5 17 12 26 31 13 0 26 42
1 11 30 0 26 49 2 12 45 38 26 49 49
1 12 30 0 17 38 27 27 36 14 36 48 20 20
1 25 30 0 33 39 35 44 31 13 0 33 31 26 39 35 44 31 28 7 2 20 1 1 1 1 1
1 18 30 0 12 27 28 13 0 46 43 43 49 25 12 45 16 27 2 20
1 4 6 44 11 31
1 3 26 49 4
1 7 46 43 20 10 1 29 40
1 5 30 17 12 35 44
1 1 46
1 10 30 0 12 27 5 17 11 17 49 49
1 3 33 11 31
1 10 17 47 40 26 11 29 34 38 7 29
0 2 12 46
1 4 6 44 11 31
1 8 30 17 12 28 35 28 33 20
0 6 26 45 11 16 17 21
1 9 12 40 44 39 13 17 39 33 20
0 6 36 38 5 17 31 26
0 17 33 31 28 17 12 33 15 20 1 1 1 1 1 1 1 1 1
1 4 26 6 20 31
1 9 46 43 20 19 46 32 46 7 24
0 8 41 49 29 40 1 27 22 20
0 12 30 17 11 27 28 26 31 14 43 35 2 20
0 6 1 21 40 28 33 20
1 8 30 0 30 0 17 16 23 7
0 15 33 31 1 35 31 39 35 5 0 33 12 33 20 14 1
0 2 14 25
0 17 30 0 33 39 26 45 12 12 26 31 26 11 19 28 7 28 20
1 8 6 5 0 17 16 23 7 7
1 11 6 5 0 30 17 39 35 44 11 40 44
1 14 17 4 25 8 35 31 16 41 27 18 48 0 41 9
0 3 26 27 36
0 13 6 31 32 33 20 1 1 1 45 1 1 1 1
1 7 33 11 17 6 20 17 49
1 5 17 4 25 24 45
0 12 33 31 0 12 27 5 0 12 40 3 17 30
0 3 29 8 20
1 1 46
1 6 30 0 6 5 0 33
0 10 33 31 28 17 31 7 44 43 39 26
1 17 30 0 30 17 39 26 31 17 39 35 28 35 44 31 33 20 1
1 14 33 39 35 5 17 39 28 13 0 46 26 38 26 42
1 4 17 12 29 15
0 6 28 6 29 17 31 26
0 3 43 31 48
0 3 17 41 6
1 21 33 12 28 33 20 1 1 1 1 1 1 1 1 1 1 1 1 1 1 1 1
1 10 6 28 13 0 33 39 13 17 31 26
0 3 46 43 42
1 15 12 40 28 17 39 7 2 20 1 1 1 1 1 1 1
1 7 30 17 31 28 28 28 17
0 2 47 41
1 5 17 27 24 40 26
0 7 30 12 40 16 20 1 1
0 4 12 19 28 17
1 11 30 0 12 19 40 44 12 26 31 33 20
1 10 30 0 46 20 40 44 11 19 40 44
0 5 30 17 46 17 49
0 5 6 14 20 1 1
1 11 17 38 27 15 27 38 30 29 31 36 25
1 21 30 17 31 35 28 26 12 35 5 17 31 26 12 7 28 7 28 7 28 33 20
1 8 6 5 0 17 16 23 7 27
0 19 6 12 27 5 17 12 26 32 28 7 5 0 6 28 33 20 1 1 1
1 12 46 26 16 17 45 24 6 11 15 16 24 22
0 3 10 7 25
1 13 17 12 49 38 46 26 24 22 17 23 41 40 9
1 10 17 47 40 26 11 29 34 38 7 29
1 10 6 44 11 19 17 6 26 38 26 42
0 12 0 30 17 31 13 0 30 17 12 28 33 20
0 5 36 0 30 17 9
0 4 29 33 43 31
1 12 17 47 22 46 47 22 20 8 7 48 16 23
0 13 1 17 33 39 28 17 12 13 0 30 0 46 9
0 7 17 15 1 27 24 25 6
0 8 6 44 8 7 44 31 7 44
0 5 46 26 20 38 46
0 16 33 31 28 17 47 39 26 11 40 28 47 39 13 0 12 31
0 7 6 2 20 42 24 1 1
0 4 30 17 11 36
0 5 17 5 0 17 9
0 18 46 0 33 31 26 18 31 26 12 17 49 39 35 5 0 26 49 2
0 12 12 27 39 35 44 39 17 31 33 20 1 1
1 5 17 23 41 6 9
1 27 30 0 30 0 33 11 40 44 39 7 28 26 12 26 12 26 39 35 28 17 39 33 20 1 1 1 1
1 11 33 11 27 28 28 7 44 31 35 28 17
1 7 30 17 31 33 20 1 1
0 9 33 31 31 0 17 27 4 7 20
1 8 6 44 31 33 20 1 1 1
0 14 12 34 20 27 26 2 20 1 1 1 1 1 1 1
0 3 17 27 38
1 4 26 6 47 21
1 1 46
0 2 38 29
0 4 28 17 11 31
1 3 17 21 33
1 13 17 25 21 49 38 26 45 16 27 28 7 2 20
1 20 30 0 12 40 44 31 35 5 0 46 47 1 27 44 39 28 33 20 1 1
0 3 17 6 29
0 37 17 25 10 36 5 27 24 22 17 38 27 27 22 37 11 35 35 35 49 32 45 30 41 46 11 32 45 11 32 45 25 32 45 34 25 13 25
0 19 6 5 0 7 19 27 44 11 27 44 11 27 44 39 13 0 17 23 8
1 10 30 17 31 35 5 0 17 25 31 42
1 6 33 39 26 11 19 31
1 7 46 26 38 17 47 40 25
1 21 33 31 28 17 12 13 17 39 13 17 11 19 17 6 26 24 40 26 11 0 8
1 10 6 28 7 5 17 12 28 33 20 1
0 11 25 30 6 44 32 17 31 21 33 16 29
0 1 0
0 5 17 15 8 44 11
0 15 3 17 11 19 40 28 26 39 31 28 7 5 11 45 17
0 38 17 25 44 13 48 21 6 4 14 10 34 25 35 32 45 11 32 45 11 5 45 30 46 37 37 11 13 25 32 45 11 35 13 25 32 45 34 25
1 10 26 6 47 1 17 45 38 33 11 31
1 15 12 19 40 28 26 31 13 17 39 13 17 31 33 20 1
0 3 35 49 25
1 17 30 0 12 27 5 0 6 28 7 44 31 28 26 11 17 6 9
0 14 18 46 47 11 38 6 11 29 38 28 33 6 20 34
0 5 6 15 2 2 20
1 7 46 26 38 6 2 20 1
1 6 12 17 45 24 22 33
0 4 26 32 39 0
1 21 33 31 28 13 17 11 40 44 11 19 40 28 13 17 39 26 39 17 39 13 17
0 20 6 28 7 5 17 9 19 19 19 40 28 13 17 11 40 28 7 28 44 17
0 29 17 27 36 4 23 22 43 25 45 11 32 45 11 32 45 37 37 34 25 32 45 30 46 9 34 25 35 32 45
0 8 46 43 43 45 10 16 19 31
1 18 33 39 7 5 0 33 12 26 12 28 28 13 0 6 44 12 7 44
1 3 12 17 49
0 3 7 11 3
0 12 24 5 17 14 28 17 12 20 42 33 20 1
1 12 17 4 14 36 21 47 6 11 16 23 7 27
1 20 6 28 28 7 44 39 28 13 17 12 13 0 30 0 26 45 38 6 2 20
0 13 4 0 30 17 15 17 6 20 20 19 17 49 49
0 15 33 31 1 35 31 39 35 5 0 33 12 33 20 14 1
1 3 26 49 4
1 1 46
1 7 6 44 11 17 45 24 6
0 9 30 0 41 40 23 30 22 41 33
0 2 26 23
1 8 17 23 41 17 41 6 29 40
1 22 6 5 0 6 44 39 7 44 12 13 0 12 40 28 17 11 19 40 2 20 1 1
0 4 25 40 39 42
0 12 36 40 5 0 30 17 12 7 12 31 13 0
1 8 30 0 26 45 16 17 49 49
1 20 30 0 33 39 26 12 28 17 39 17 39 13 0 26 45 24 22 26 49 4
1 6 17 0 41 17 41 9
0 8 6 8 29 2 14 2 20 1
0 10 33 31 28 17 31 7 44 43 39 26
1 7 6 28 28 13 0 46 9
1 1 46
0 12 9 48 33 12 17 11 19 40 2 20 1 1
1 8 26 45 24 40 26 11 21 33
0 6 12 19 27 24 2 29
1 8 17 47 15 27 47 22 12 17
0 5 34 21 8 35 0
1 20 6 28 28 7 44 39 28 13 17 12 13 0 30 0 26 45 38 6 2 20
0 9 6 17 13 39 17 5 0 12 31
0 5 7 12 17 22 6
1 11 33 31 17 39 33 20 1 1 1 1 1
0 7 33 12 49 27 26 11 31
1 8 6 5 17 11 40 2 20 1
0 11 6 44 7 11 40 44 39 17 11 19 31
0 9 33 12 17 11 19 5 12 17 42
0 6 17 23 22 41 17 8
1 15 30 17 31 26 31 28 35 5 17 11 17 6 43 20 34
0 13 39 46 1 20 17 45 16 27 2 20 1 37 1
0 5 6 14 20 1 1
1 4 26 6 20 31
1 7 26 45 24 6 11 29 40
0 5 26 0 46 47 0
0 5 26 46 45 16 31
1 33 46 47 22 20 32 31 49 16 27 44 39 33 20 1 1 1 1 1 1 1 1 1 1 1 1 1 1 1 1 1 1 1 1
1 6 33 12 28 26 11 31
1 17 30 17 12 35 44 31 7 28 26 31 28 28 13 17 31 33 20
1 8 46 43 20 10 20 31 21 47
0 7 33 12 15 28 39 33 20
1 11 17 16 41 30 27 36 25 24 42 48 20
0 4 23 2 10 8
1 10 17 25 21 26 43 7 48 0 41 33
1 12 46 47 34 49 38 46 43 20 21 26 20 28
0 9 33 39 40 26 12 7 2 33 1
1 22 12 19 19 40 5 17 11 40 5 17 31 13 17 12 26 12 28 35 2 20 1 1
0 13 25 21 40 16 49 16 27 44 11 19 17 49 49
1 13 30 17 39 13 17 12 26 11 27 2 20 1 1
1 3 12 17 49
0 24 33 33 12 7 12 17 38 11 27 44 11 19 40 28 14 17 31 35 2 20 1 1 45 1
1 15 6 44 39 35 5 17 31 17 39 28 7 28 7 2 20
1 12 12 27 5 0 12 17 45 16 19 40 2 20
1 15 46 26 38 33 31 7 28 26 31 7 5 0 6 2 20
0 4 16 4 35 26
0 7 6 2 20 1 1 6 1
0 6 30 31 39 29 11 17
0 20 33 12 7 28 35 44 47 31 35 28 26 11 17 6 47 21 8 34 34 42
1 7 26 45 24 6 11 29 40
1 16 33 31 17 39 35 5 0 26 45 16 40 5 17 31 33 20
0 17 30 17 39 11 40 5 0 17 27 22 11 32 45 11 32 45 37
1 7 17 25 21 1 14 43 49
1 15 6 28 7 28 26 11 19 27 5 17 12 26 11 19 31
1 12 12 27 44 11 27 2 20 1 1 1 1 1
1 10 12 19 40 28 13 17 12 17 11 31
1 11 30 17 12 26 11 27 28 26 11 40 44
1 11 6 5 17 11 40 2 20 1 1 1 1
0 7 17 17 29 34 41 6 9
0 5 42 6 28 13 0
0 7 26 6 22 7 22 43 49
1 12 46 26 38 33 12 26 12 13 17 12 33 20
1 18 33 11 27 44 39 13 0 12 19 19 40 5 0 26 6 47 1 31
1 7 17 12 1 47 20 10 45
0 6 45 33 15 22 20 1
1 21 30 0 46 43 43 45 38 26 45 38 33 12 7 28 13 17 39 13 17 31 26
1 9 12 40 28 26 12 35 2 20 1
1 12 17 16 41 16 30 27 24 40 25 6 11 9
0 12 33 39 17 12 39 33 20 1 1 1 1 1
1 20 6 44 31 28 13 0 26 45 16 27 44 12 26 31 28 7 28 33 20 1
1 9 46 26 16 19 17 45 16 19 31
1 5 33 31 17 11 17
0 23 30 17 12 45 1 31 28 7 44 12 35 26 5 0 33 39 28 7 44 31 35 5 0
0 10 17 4 21 0 41 6 16 36 29 46
1 17 30 17 39 35 44 11 19 17 6 20 27 2 20 1 1 1 1
1 6 33 39 7 44 11 31
1 7 30 17 11 27 2 20 1
0 6 6 46 20 0 19 17
1 23 26 45 38 6 28 35 44 12 28 13 0 17 0 41 6 15 5 47 6 11 27 22 30
0 3 19 10 11
1 12 33 11 40 28 28 26 12 13 0 26 6 9
1 12 30 17 12 7 5 0 26 45 16 40 2 20
1 6 17 0 41 17 41 9
1 8 12 40 28 26 12 33 20 1
1 7 12 40 44 12 35 2 20
1 12 30 17 11 19 27 2 20 1 1 1 1 1
0 9 49 17 39 0 26 6 43 20 34
0 5 33 17 19 25 24
1 6 30 0 17 21 40 0
1 7 17 25 45 48 0 41 33
1 23 6 5 0 12 40 5 0 33 11 19 40 44 39 7 44 11 19 17 45 38 46 20 31
1 12 12 27 2 20 1 1 1 1 1 1 1 1
1 6 46 43 20 45 48 38
1 7 26 6 20 40 44 11 31
1 19 6 44 31 17 31 7 28 28 17 12 13 17 11 27 44 12 28 33 20
1 9 33 12 35 5 0 33 31 13 0
0 15 46 43 27 5 17 39 13 12 19 19 27 28 3 2 0
1 9 26 45 24 6 11 25 21 13 43
1 10 6 28 13 0 6 2 20 1 1 1
1 7 17 15 24 42 48 20 20
1 7 17 16 23 7 7 7 7
1 5 30 0 46 47 6
0 4 15 18 20 31
0 5 43 6 15 5 17
1 20 26 45 16 27 28 13 17 31 33 20 1 1 1 1 1 1 1 1 1 1
0 10 30 11 6 43 43 45 38 12 19 31
1 27 6 28 17 31 7 5 17 11 27 5 17 12 35 44 31 17 31 7 44 11 19 40 28 26 11 19 31
1 11 12 17 45 24 40 3 3 3 25 22 46
0 3 6 10 17
1 17 26 6 26 16 27 28 13 0 46 47 42 19 40 49 2 12 6
1 14 6 28 35 5 17 12 17 12 33 20 1 1 1 1
1 6 17 21 17 41 17 8
0 4 26 15 34 32
1 1 46
0 16 45 38 30 17 11 40 2 20 1 23 1 26 1 1 1 1
0 17 10 6 28 43 11 44 30 31 13 17 12 35 44 24 28 13 0
0 11 6 44 7 11 40 44 39 17 11 19 31
1 17 33 11 19 27 5 0 26 45 24 40 26 11 0 41 17 30 22
0 3 17 12 35
0 6 4 49 41 31 6 9
0 4 30 17 11 3
0 3 20 20 31
1 9 17 21 6 12 43 7 48 23 8
1 10 30 17 12 17 39 7 5 17 11 31
1 14 12 19 40 5 17 31 7 28 13 0 30 0 26 42
1 8 46 47 34 8 48 0 30 22
0 2 45 30
1 14 6 28 17 11 40 5 0 6 28 33 20 1 1 1
1 16 33 12 33 20 1 1 1 1 1 1 1 1 1 1 1 1
0 5 17 11 40 44 13
1 6 12 19 27 5 0 26
1 12 6 44 11 17 45 38 17 4 48 20 20 20
1 7 17 29 7 48 16 23 7
1 6 26 49 1 31 49 45
0 13 6 5 0 17 29 27 48 47 6 2 29 46 29
0 8 30 30 0 12 40 2 44 1
1 8 33 11 19 40 44 12 35 44
0 18 22 30 17 39 26 31 28 26 39 26 39 17 31 13 17 39 18 17
0 10 30 17 11 40 0 6 5 17 11 31
1 9 6 44 31 17 12 33 20 1 1
0 8 33 31 17 11 40 28 33 26
0 21 42 17 0 48 41 4 20 27 24 15 27 24 16 41 30 0 41 6 21 12 48
1 4 17 27 22 37
1 9 12 40 2 20 1 1 1 1 1
0 5 31 33 20 1 14
1 12 30 17 31 35 44 31 26 39 7 44 31 26
0 7 6 15 29 20 49 1 1
1 7 26 45 24 15 27 23 8
0 6 26 45 15 35 17 42
1 11 30 0 30 17 11 40 44 39 7 5 0
0 2 14 25
1 9 17 21 6 12 43 7 48 23 8
0 3 20 30 36
0 2 28 42
1 5 17 38 27 25 14
0 5 25 33 12 28 13
0 2 23 5
0 5 39 12 1 22 49
0 23 30 17 12 45 1 31 28 7 44 12 35 26 5 0 33 39 28 7 44 31 35 5 0
1 7 30 0 33 11 40 28 17
1 3 12 17 49
1 24 46 26 38 30 17 39 17 39 35 44 39 13 0 6 28 35 28 33 20 1 1 1 1 1
1 9 12 19 40 28 33 20 1 1 1
1 7 17 27 36 25 24 41 45
0 10 30 28 17 46 20 19 40 2 20 1
0 16 48 30 0 30 17 31 17 39 26 31 35 5 27 17 11 31
1 20 6 44 39 28 13 17 39 35 44 12 35 44 31 13 17 11 40 44 11 31
1 5 17 47 40 25 6
1 7 17 25 45 48 0 41 33
0 3 24 19 9
1 23 30 17 11 40 28 17 31 13 0 6 5 0 17 29 38 15 37 38 15 37 18 48 23
0 9 49 19 2 27 2 20 23 1 1
0 2 22 36
0 12 47 48 17 12 7 2 20 1 1 1 1 1
0 10 6 6 28 17 31 13 0 12 19 31
0 7 33 11 19 19 45 16 31
0 27 46 43 20 44 13 31 48 38 27 47 22 37 6 44 39 35 5 0 2 20 1 1 1 1 1 1 1
0 12 46 47 22 40 24 22 17 17 4 21 25 34
0 14 30 17 35 44 31 7 5 0 26 45 16 27 5 17
1 7 26 6 20 40 44 11 31
0 7 30 17 28 13 17 11 31
0 6 26 16 17 49 38 26
0 10 12 35 28 33 20 24 1 1 1 2
1 17 12 40 28 17 39 33 20 1 1 1 1 1 1 1 1 1 1
1 15 12 19 27 28 17 31 7 28 33 20 1 1 1 1 1
0 3 17 49 45
1 9 12 40 44 11 27 5 0 12 17
0 4 23 2 10 8
1 11 26 6 43 20 17 34 28 49 31 49 24
1 8 6 44 12 17 39 33 20 1
0 7 26 49 25 12 45 16 28
0 2 39 10
1 4 17 12 28 37
0 11 30 17 11 19 27 44 31 13 17 1 17
1 31 46 26 16 27 44 12 28 17 11 40 44 31 13 0 46 43 20 21 2 30 0 17 27 22 30 46 37 30 45 45 30
0 2 28 43
1 8 46 47 35 31 35 31 48 14
0 2 38 29
1 52 33 12 26 11 27 44 12 28 28 13 17 31 28 28 13 17 12 26 39 17 31 26 31 7 44 31 13 17 39 26 12 26 12 13 17 11 19 19 19 27 5 17 12 7 5 17 39 33 20 1 1 1
1 15 12 40 28 17 39 7 2 20 1 1 1 1 1 1 1
0 12 0 30 17 31 13 0 30 17 12 28 33 20
1 19 46 26 24 40 25 6 11 23 41 40 15 5 16 41 16 30 16 41 49
1 3 17 29 46
1 3 33 11 31
0 8 6 28 28 26 39 43 11 31
0 7 17 27 24 10 10 46 9
1 12 33 11 19 19 40 44 39 7 2 20 1 1
0 9 6 43 20 17 14 34 31 2 47
0 8 44 30 17 40 31 13 6 46
0 13 6 44 12 47 13 17 11 19 19 42 32 19 31
0 8 6 34 11 27 2 25 1 1
0 14 6 28 28 26 31 17 7 28 28 17 12 26 11 31
0 10 12 35 28 33 20 24 1 1 1 2
1 12 6 28 35 44 39 26 39 35 44 11 17 42
1 5 33 12 28 28 26
1 9 46 43 20 8 38 15 40 21 46
1 20 6 44 39 28 13 17 39 35 44 12 35 44 31 13 17 11 40 44 11 31
0 4 30 9 0 12
1 12 30 17 11 27 5 17 11 19 17 6 20 31
1 19 12 27 5 0 46 26 16 27 44 12 17 11 40 28 35 5 17 31 17
1 6 6 5 0 46 47 0
0 4 26 8 36 48
0 1 8
0 2 33 22
0 12 46 20 17 1 45 16 24 5 0 12 17 42
0 12 17 29 7 48 4 25 8 48 19 46 20 43
1 6 17 27 36 21 29 40
0 3 31 1 41
0 12 33 7 12 7 5 17 39 31 26 18 31 26
1 8 30 0 6 44 11 27 2 20
0 21 41 30 0 30 30 39 26 45 6 26 11 40 5 0 28 33 20 1 1 1 1
1 13 33 39 28 13 0 30 17 39 7 28 17 31 26
0 7 26 45 16 40 20 1 1
0 3 20 47 16
0 2 21 17
1 14 30 0 33 39 28 33 20 1 1 1 1 1 1 1
1 6 26 45 16 17 6 9
0 3 9 16 31
1 14 17 4 25 8 35 31 16 41 27 18 48 0 41 9
1 23 30 0 33 39 26 31 26 39 13 0 30 17 31 17 12 17 31 17 12 13 0 46 9
0 6 26 45 11 16 17 21
1 17 17 12 33 20 45 48 15 24 1 25 21 35 24 15 27 25 34
0 6 12 17 45 38 6 26
1 8 17 12 26 41 20 13 20 14
1 6 33 12 28 26 11 31
0 3 38 5 33
0 21 28 35 28 28 7 28 13 17 28 11 40 28 35 44 12 26 12 13 0 12 31
1 5 46 43 20 32 14
1 6 6 28 28 28 13 17
1 7 12 27 44 11 40 2 20
0 4 17 48 23 30
0 4 4 4 19 31
0 13 46 32 20 40 14 35 5 17 11 17 45 24 15
1 17 6 5 17 12 35 44 12 26 12 17 31 17 12 33 20 1 1
1 9 33 39 7 5 17 12 26 12 17
1 9 6 44 39 33 20 1 1 1 1
1 9 12 19 27 28 17 31 7 28 26
0 4 26 20 24 20
1 10 12 27 28 28 33 20 1 1 1 1
1 22 30 17 39 17 31 13 0 33 12 28 26 12 26 11 40 5 17 11 19 27 2 20
0 5 31 33 27 5 20
1 19 46 20 27 28 7 44 31 28 26 39 28 7 5 17 31 33 20 1 1
1 6 17 27 36 14 22 30
1 9 12 19 40 28 33 20 1 1 1
1 4 6 44 11 31
1 12 6 28 35 44 39 26 39 35 44 11 17 42
1 11 17 4 21 4 14 22 11 32 45 34 25
1 12 17 16 41 16 30 27 24 40 25 6 11 9
1 11 6 5 17 11 40 2 20 1 1 1 1
0 2 21 16
0 19 11 17 38 30 12 34 26 38 46 20 40 2 20 1 1 10 1 1 1
0 19 17 16 24 16 16 16 29 16 30 38 27 15 7 48 4 21 4 21 47
1 8 17 25 17 42 43 22 43 42
1 14 6 5 17 31 17 31 13 17 39 26 31 7 2 20
1 15 12 19 27 5 17 11 40 44 39 7 28 28 33 20 1
1 13 33 12 13 0 30 17 11 27 5 17 12 33 20
1 7 6 28 28 7 2 20 1
0 4 33 39 33 1
1 8 6 28 13 17 39 7 2 20
1 8 46 47 11 24 6 11 21 33
0 16 30 17 12 5 17 39 32 26 28 17 39 41 20 18 1 1
1 10 12 19 40 28 7 28 33 20 1 1
0 5 17 31 19 33 5
0 95 30 0 17 27 22 37 37 37 37 30 45 45 34 25 32 45 37 37 11 35 35 35 32 45 37 37 11 35 32 45 34 25 32 45 30 45 45 11 32 45 34 25 32 45 37 37 34 25 35 13 25 35 35 35 13 25 32 45 11 13 25 35 13 25 13 25 32 45 30 46 11 32 45 34 25 35 35 32 45 34 25 35 35 32 45 27 11 32 45 11 13 25 35 35 35
1 3 33 11 31
1 3 33 11 31
0 7 30 35 12 7 2 11 34
0 6 12 17 45 38 6 26
0 13 30 0 17 15 24 36 16 27 16 22 11 13 25
0 15 6 39 17 39 26 12 13 24 17 16 23 7 29 7 27
0 11 30 0 2 0 46 20 17 6 43 43 42
1 4 17 15 5 9
1 15 30 0 6 44 39 35 44 11 40 2 20 1 1 1 1
1 12 17 15 16 36 21 15 8 38 36 5 15 24
1 20 30 17 31 26 11 27 28 13 17 31 33 20 1 1 1 1 1 1 1 1
1 16 12 27 5 17 11 27 44 12 35 5 17 39 26 11 17 42
1 10 33 39 26 39 13 0 12 17 49 4
1 5 17 4 14 36 48
1 7 26 6 20 27 2 20 1
1 14 12 19 40 28 35 44 39 35 44 31 26 31 33 20
0 4 36 35 0 41
0 4 17 12 2 17
1 11 6 28 26 11 27 5 17 31 26 11 31
1 14 46 47 41 49 2 12 49 25 12 49 1 31 49 49
1 34 33 31 35 28 17 11 40 5 17 31 35 5 0 30 17 39 28 17 31 13 17 11 40 28 28 17 39 26 31 35 2 20 1 1
1 8 46 26 16 17 49 25 12 42
1 12 17 4 25 5 12 1 19 35 31 48 44 11
1 3 17 21 33
1 18 26 45 16 19 19 19 27 44 12 13 17 12 28 28 7 2 20 1
1 12 46 26 16 17 45 24 6 11 15 16 24 22
1 27 6 5 17 39 35 5 0 33 39 35 5 17 12 17 11 40 5 0 12 40 28 35 28 28 7 5 17
0 2 31 36
1 3 33 11 31
0 15 33 12 35 28 25 39 28 7 28 13 0 2 33 39 7
1 1 46
0 26 30 0 30 39 17 39 13 17 31 7 5 17 39 37 17 12 28 13 17 39 7 44 31 33 20 1
0 2 33 22
1 5 33 12 7 2 20
0 4 17 27 22 6
1 17 46 43 20 10 36 27 7 48 25 21 32 13 48 16 23 7 7
0 7 17 17 29 34 41 6 9
0 7 20 17 0 30 10 41 9
1 7 6 5 17 12 28 33 20
1 9 33 39 7 44 12 33 20 1 1
0 9 33 12 17 11 19 5 12 17 42
1 6 6 28 35 44 11 31
1 16 12 19 19 27 28 35 5 17 31 28 7 2 20 1 1 1
1 9 12 19 27 28 17 31 7 28 26
0 12 33 31 39 26 13 0 6 0 31 12 49 1
0 4 13 2 49 1
0 9 33 31 31 0 17 27 4 7 20
0 2 45 0
0 5 17 26 38 32 9
0 18 33 12 28 28 28 7 5 0 33 39 13 41 11 17 49 47 34 45
1 18 33 31 28 7 28 35 44 39 28 28 35 28 26 11 40 44 11 31
1 7 17 29 7 48 16 23 7
0 2 22 32
0 4 33 31 25 17
0 8 46 47 32 7 48 25 8 0
1 8 30 0 46 26 38 17 25 14
0 2 41 33
1 13 30 17 12 33 20 1 1 1 1 1 1 1 1
1 10 6 2 20 1 1 1 1 1 1 1
0 14 46 20 40 28 13 17 11 27 44 44 27 2 20 1
1 4 46 20 17 6
0 3 31 2 20
0 2 6 25
0 9 30 41 0 26 45 16 40 5 17
0 6 17 15 8 46 12 6
1 5 26 6 20 17 42
1 9 30 0 12 27 28 33 20 1 1
0 13 6 5 0 17 29 27 48 47 6 2 29 46 29
0 4 46 35 20 10
0 7 0 2 20 18 1 1 1
1 6 33 39 17 39 33 20
0 6 17 15 24 43 39 40
1 3 26 49 4
1 6 12 40 44 12 33 20
1 8 26 45 16 17 6 43 43 42
1 20 30 17 11 27 28 26 12 35 28 26 31 17 11 19 27 2 20 1 1 1
1 7 30 0 17 29 7 48 9
0 11 17 41 24 41 16 49 49 17 30 8 13
0 7 49 11 10 1 45 30 17
0 5 26 35 2 49 29
1 10 17 27 22 11 13 25 35 32 45 37
0 2 19 47
0 23 30 0 33 31 35 44 31 13 0 46 26 24 22 6 2 20 28 1 1 1 1 1 1
1 8 6 28 33 20 1 1 1 1
0 4 26 17 23 8
0 4 33 33 16 47
1 17 33 39 35 5 17 12 7 28 35 28 7 5 17 39 28 33 20
1 3 33 11 31
1 6 26 49 25 12 49 2
0 19 46 25 47 32 34 22 20 32 21 35 24 40 3 3 15 25 22 26 42
0 5 6 15 2 2 20
1 32 33 39 17 12 35 5 17 39 28 26 11 27 5 0 30 0 33 31 35 28 26 39 33 20 1 1 1 1 1 1 1 1
1 3 33 11 31
0 13 39 46 1 20 17 45 16 27 2 20 1 37 1
1 8 6 5 17 11 40 28 28 26
0 2 23 5
0 6 30 17 31 7 5 22
1 9 33 39 26 31 28 7 2 20 1
1 10 46 47 1 27 5 0 26 6 20 31
1 9 30 0 33 12 26 39 33 20 1
0 10 30 15 30 17 33 35 41 35 2 20
1 25 17 21 40 4 14 36 14 24 22 33 31 26 31 28 35 5 17 12 7 44 39 26 11 19 17
0 3 21 46 9
1 19 12 27 5 0 46 26 16 27 44 12 17 11 40 28 35 5 17 31 17
0 3 26 46 45
1 16 26 45 24 40 26 11 15 8 48 19 38 20 13 20 44 11
0 3 17 47 40
0 1 7
1 5 46 47 1 27 44
1 7 17 15 16 36 21 12 42
0 5 5 49 14 12 2
0 10 12 30 46 20 19 27 5 13 17 48
1 9 30 17 11 19 19 17 45 16 31
1 10 33 31 28 28 35 28 33 20 1 1
0 9 26 6 26 16 40 31 11 17 42
0 3 12 46 20
1 17 30 17 12 35 44 31 7 28 26 31 28 28 13 17 31 33 20
1 5 46 47 38 7 29
1 10 46 47 32 46 7 24 20 24 20 24
1 12 26 45 24 22 26 45 38 30 17 39 13 0
1 10 46 26 24 22 6 44 11 27 2 20
0 6 46 26 24 20 11 47
0 9 30 17 17 39 28 13 17 39 17
1 12 12 40 5 17 11 27 2 20 1 1 1 1
1 6 26 49 25 12 49 2
1 9 30 17 12 13 17 31 13 0 46
1 11 46 47 42 47 20 31 43 6 43 49 45
1 13 26 6 26 24 15 27 47 22 6 2 20 1 1
1 6 33 39 17 39 33 20
1 13 17 25 21 49 38 26 45 16 27 28 7 2 20
0 1 8
1 17 30 0 30 0 46 43 20 32 45 48 12 41 16 36 48 20 20
1 32 33 39 17 12 35 5 17 39 28 26 11 27 5 0 30 0 33 31 35 28 26 39 33 20 1 1 1 1 1 1 1 1
1 3 12 17 49
0 5 46 20 17 39 49
1 6 33 12 35 44 11 31
0 5 17 26 38 32 9
1 7 33 31 13 0 46 26 24
1 17 33 11 19 27 5 0 26 45 24 40 26 11 0 41 17 30 22
1 8 17 21 6 0 41 6 4 48
0 2 26 1
0 8 40 5 44 12 13 43 0 12
0 4 6 33 20 1
0 2 38 5
0 10 17 9 41 6 4 21 23 30 22 30
0 3 8 24 49
0 11 17 29 38 15 15 29 21 16 34 45 9
1 10 17 12 13 20 21 26 1 21 17 8
0 9 46 47 22 20 45 48 21 26 33
0 7 39 42 11 40 48 11 31
1 12 33 31 7 44 12 7 44 12 33 20 1 1
1 22 30 17 39 35 28 28 28 13 0 6 5 0 33 11 17 45 24 15 27 27 24 22
0 2 45 30
1 9 30 17 39 28 35 28 17 11 31
1 14 6 28 7 44 39 17 11 19 40 5 17 31 7 44
1 6 12 40 44 12 33 20
0 5 31 33 27 5 20
1 7 17 15 24 42 48 20 20
1 15 6 44 39 35 5 17 31 17 39 28 7 28 7 2 20
1 8 6 5 17 12 17 12 33 20
0 17 44 11 27 28 35 28 35 5 12 19 40 21 20 1 1 1 1
1 19 30 17 31 17 31 35 28 28 26 11 19 40 2 20 1 1 1 1 1
1 5 30 0 46 47 0
0 5 17 25 9 0 17
1 30 6 28 7 28 7 28 17 12 35 5 17 12 35 44 12 7 5 0 33 31 35 2 20 1 1 1 1 1 1 1
1 4 17 25 21 42
0 7 49 11 10 1 45 30 17
0 4 30 17 11 36
1 10 6 28 13 17 39 13 0 33 11 31
0 2 10 37
0 13 30 0 17 15 24 36 16 27 16 22 11 13 25
1 9 30 17 11 19 40 2 20 1 1
1 10 17 12 13 20 21 26 1 21 17 8
1 8 17 25 32 32 45 48 0 8
0 19 11 17 38 30 12 34 26 38 46 20 40 2 20 1 1 10 1 1 1
0 7 12 12 27 13 0 46 9
0 3 12 46 20
1 3 33 11 31
1 1 46
1 11 26 6 20 27 28 33 20 1 1 1 1
0 3 46 41 9
1 6 33 39 26 11 17 42
0 8 6 8 29 2 14 2 20 1
0 19 46 25 47 32 34 22 20 32 21 35 24 40 3 3 15 25 22 26 42
1 9 30 17 39 33 20 1 1 1 1
0 9 49 19 2 27 2 20 23 1 1
0 5 30 0 19 17 42
1 6 30 17 11 27 5 0
1 3 12 17 42
1 10 30 0 33 12 35 28 33 20 1 1
1 7 30 0 46 20 17 49 25
1 5 26 6 20 17 42
0 11 30 0 26 45 16 40 13 2 20 1 1
1 33 30 17 12 28 28 26 39 26 11 17 49 25 12 45 24 22 33 11 40 28 28 17 31 13 17 39 28 33 20 1 1 1 1
0 7 27 44 33 4 31 33 20
0 4 17 1 27 23
1 15 6 44 39 28 17 31 26 11 40 44 31 13 17 31 17
1 11 6 5 17 31 13 17 31 28 35 2 20
1 4 33 11 17 49
1 12 30 0 17 38 27 27 36 14 36 48 20 20
1 9 17 12 33 20 10 42 21 21 33
0 3 9 16 31
1 7 6 5 0 12 19 17 42
0 3 42 19 31
1 20 12 27 44 12 28 28 17 11 27 44 39 28 33 20 1 1 1 1 1 1
0 5 16 16 24 38 13
0 17 30 17 39 41 26 27 13 0 33 12 17 12 17 19 17 28 6
0 9 30 0 41 40 23 30 22 41 33
1 1 46
0 10 6 17 31 35 2 20 6 20 1 48
0 7 9 27 45 29 10 45 38
1 1 46
1 11 6 28 13 17 12 28 17 12 26 11 31
1 14 6 5 17 39 7 44 39 17 31 13 0 26 6 9
0 10 6 26 40 25 6 11 15 14 16 24
1 12 33 12 7 5 0 17 21 6 16 23 7 27
1 24 17 15 16 22 37 37 11 32 45 30 45 45 30 46 11 32 45 30 46 11 13 25 32 45
1 6 33 11 17 45 16 31
0 2 32 2
0 10 26 30 19 6 20 17 45 11 16 31
1 9 6 28 17 12 7 2 20 1 1
0 2 41 28
1 9 30 0 6 5 17 39 7 5 17
1 14 6 5 17 31 17 31 13 17 39 26 31 7 2 20
0 6 30 31 39 29 11 17
0 9 6 5 10 17 12 0 17 34 31
1 3 26 49 4
1 10 6 2 20 1 1 1 1 1 1 1
0 12 17 29 7 48 4 25 8 48 19 46 20 43
1 7 33 31 28 35 2 20 1
0 7 46 20 44 12 20 38 1
1 17 33 12 35 5 0 17 4 25 5 38 27 16 23 7 7 7 27
1 19 33 12 26 12 13 17 31 35 2 20 1 1 1 1 1 1 1 1 1
1 19 33 11 27 28 35 44 39 26 39 26 12 7 28 13 17 39 33 20 1
0 3 3 43 44
1 1 46
0 3 26 24 6
0 6 17 38 24 27 25 34
0 5 17 25 9 0 17
0 2 1 31
0 9 26 2 26 28 7 28 20 1 1
0 31 33 39 41 35 28 28 28 28 26 31 7 28 28 17 16 7 7 2 20 1 1 1 1 19 1 1 1 1 1 1 1
1 4 30 17 11 31
1 14 6 5 17 39 7 44 39 17 31 13 0 26 6 9
0 5 25 33 12 28 13
1 8 30 0 30 0 6 5 0 26
0 19 6 23 17 31 26 31 13 17 31 35 28 13 17 4 0 30 0 17 9
0 4 30 26 49 45
0 3 1 18 29
0 2 6 2
0 6 46 2 29 16 12 42
1 9 33 12 33 20 1 1 1 1 1
1 12 12 27 44 31 26 12 28 28 33 20 1 1
0 7 46 20 44 12 20 38 1
1 5 46 47 11 16 31
0 6 46 26 24 20 11 47
0 26 42 31 26 12 17 39 7 5 0 30 17 39 17 31 13 17 12 35 28 26 31 13 17 11 10 17
0 3 29 11 31
1 8 30 0 30 17 11 40 2 20
0 2 29 12
0 2 6 15
1 9 30 0 33 12 7 5 17 39 26
1 6 17 16 41 16 49 49
1 11 30 0 46 47 40 49 1 31 45 16 31
1 10 12 27 28 28 33 20 1 1 1 1
1 1 46
1 9 26 6 20 27 5 0 26 49 4
1 16 26 45 24 40 26 11 15 8 48 19 38 20 13 20 44 11
1 10 6 5 17 11 17 49 25 12 6 9
0 2 34 3
1 11 33 11 19 27 28 26 31 26 11 17 42
0 11 6 49 28 24 23 20 48 1 1 1 1
1 10 12 19 40 28 7 28 33 20 1 1
1 12 12 17 49 25 12 49 2 12 6 47 22 20
0 31 33 11 17 45 24 6 11 24 27 18 48 27 30 45 45 34 25 32 45 34 25 35 35 35 32 45 30 45 45 37 30
1 9 12 40 5 0 17 4 14 36 48
1 7 30 0 33 11 40 28 17
1 5 26 6 47 41 42
1 4 33 11 17 49
0 3 43 31 48
0 2 18 41
1 8 17 38 27 25 8 6 43 49
0 5 7 26 0 43 38
1 5 26 6 26 38 26
1 3 26 49 4
1 6 12 17 45 24 22 33
1 7 30 17 39 13 17 11 31
0 14 5 30 48 32 17 11 17 6 20 40 21 2 20 1
1 7 30 0 46 20 17 49 25
0 3 43 45 31
1 13 17 21 6 25 44 13 48 25 19 1 18 48 47
1 10 26 6 47 35 20 20 45 48 16 23
1 42 17 12 1 14 20 31 34 47 41 49 25 12 45 24 40 26 11 29 7 48 12 34 47 11 24 22 6 44 11 27 44 39 13 17 39 35 5 17 39 33 20 1
1 12 46 26 38 33 12 26 12 13 17 12 33 20
0 6 26 45 15 35 17 42
1 5 46 20 17 45 24
1 8 33 31 13 17 39 35 5 17
1 7 12 17 45 24 15 27 9
0 13 35 27 36 14 24 22 5 19 2 12 49 21 49
1 13 6 28 35 28 35 5 0 6 28 17 11 17 42
0 22 30 17 11 19 40 13 28 26 11 27 28 7 5 17 11 17 6 47 35 20 43 42
0 4 42 1 49 10
1 3 33 11 31
0 4 33 31 25 17
0 3 35 49 25
0 2 46 43
1 12 12 17 6 47 22 20 17 41 49 2 12 42
0 18 30 11 17 6 43 20 31 8 48 42 38 13 27 15 27 15 5 9
1 14 26 45 38 46 43 43 45 16 19 17 49 2 12 42
1 22 6 5 17 12 26 12 35 5 17 31 28 7 28 7 5 17 31 33 20 1 1 1
1 12 46 26 24 15 27 27 36 21 16 23 7 27
0 7 44 19 11 33 28 20 1
1 8 17 47 40 25 40 3 25 22
1 1 46
0 6 20 26 45 38 21 17
1 19 30 0 6 28 17 12 7 5 17 39 26 39 13 0 17 27 36 48 20
0 24 29 38 15 3 29 33 43 45 37 16 19 27 5 17 31 35 44 31 17 39 35 7 2 20
1 8 33 11 27 28 33 20 1 1
0 8 6 19 2 20 1 1 9 1
1 3 17 29 46
1 13 30 0 33 31 13 0 6 5 0 12 27 2 20
1 5 6 5 0 46 9
0 15 33 8 31 28 26 31 17 11 27 5 0 17 38 27 38
0 12 47 33 31 7 28 22 27 2 20 1 14 1
0 3 26 24 6
1 19 30 17 11 40 44 31 13 17 12 7 5 0 30 0 12 40 28 33 20
0 7 6 5 45 26 45 16 31
1 12 46 26 24 15 27 27 36 21 16 23 7 27
0 4 46 35 20 10
0 5 6 16 41 16 49
0 5 17 22 26 43 49
0 22 30 17 39 28 33 31 28 17 31 28 33 20 38 1 1 1 1 1 1 1 1 1
0 2 10 37
1 3 17 29 46
0 2 45 26
1 16 6 5 17 12 26 12 7 28 35 28 35 2 20 1 1 1
0 15 6 39 17 39 26 12 13 24 17 16 23 7 29 7 27
0 15 46 14 47 41 43 16 40 28 35 5 17 39 26 11 31
1 11 30 0 12 19 40 44 12 26 31 33 20
1 11 46 26 38 33 11 27 5 0 6 2 20
0 4 16 49 43 23
1 11 46 20 40 5 0 33 11 40 28 35 44
0 3 24 19 9
1 23 26 49 25 12 45 38 17 47 40 25 15 27 15 24 1 47 6 11 27 22 30 45 45
0 12 6 28 18 28 17 7 2 20 25 41 1 1
0 11 30 0 26 45 16 40 13 2 20 1 1
1 8 30 0 46 26 38 26 49 25
0 17 6 40 30 31 13 12 17 6 43 20 45 4 14 36 21 27 24
0 4 30 26 49 45
0 21 30 48 0 6 5 17 12 26 44 39 43 28 7 5 0 17 4 21 12 31 15
1 25 30 0 33 39 35 44 31 13 0 33 31 26 39 35 44 31 28 7 2 20 1 1 1 1 1
1 15 46 47 21 17 21 31 40 16 8 48 29 38 28 37 40
1 3 33 39 17
0 6 17 38 24 27 25 34
1 8 46 43 20 45 48 15 8 13
0 4 15 18 20 31
0 11 30 17 11 19 27 44 31 13 17 1 17
1 5 30 0 46 47 0
0 32 46 47 34 48 4 14 36 14 7 11 32 45 11 32 45 30 14 45 16 37 37 11 13 25 32 45 37 34 25 35 13 25
1 5 12 17 6 47 0
1 21 30 17 31 35 28 26 12 35 5 17 31 26 12 7 28 7 28 7 28 33 20
1 12 33 39 35 44 11 19 19 17 6 43 20 44
1 8 6 28 28 35 5 17 11 17
0 11 33 12 28 28 33 20 26 1 1 1 1
1 15 30 17 12 26 39 13 0 6 28 13 0 6 2 20 1
0 4 16 4 35 26
1 8 33 39 13 17 11 40 28 26
0 8 6 34 11 27 2 25 1 1
1 10 46 47 32 46 7 24 20 24 20 24
1 12 12 17 6 47 22 20 17 41 49 2 12 42
0 2 26 47
1 11 6 5 17 31 28 17 12 35 2 20 1
1 8 30 0 26 45 38 6 2 20
1 7 30 0 6 5 0 30 17
0 3 26 26 27
1 7 6 28 28 7 2 20 1
1 17 12 17 45 24 40 3 3 3 26 11 47 6 11 15 24 41 45
1 24 17 15 16 22 37 37 11 32 45 30 45 45 30 46 11 32 45 30 46 11 13 25 32 45
0 9 12 19 27 17 14 24 0 4 8
0 5 44 8 43 5 14
1 10 33 12 33 20 1 1 1 1 1 1
0 6 6 47 19 19 40 44
1 10 6 28 33 20 1 1 1 1 1 1
0 7 12 12 27 13 0 46 9
0 11 30 0 46 26 38 12 2 20 1 1 1
0 12 46 47 22 40 24 22 17 17 4 21 25 34
1 16 33 39 28 26 12 17 31 35 28 7 5 17 31 33 20 1
0 3 29 11 31
1 10 30 0 12 19 17 45 38 6 2 20
0 22 30 17 39 28 33 31 28 17 31 28 33 20 38 1 1 1 1 1 1 1 1 1
0 11 12 27 28 26 33 31 7 2 20 44 1
1 10 6 28 26 39 13 0 12 27 2 20
1 18 46 20 17 6 47 35 20 20 17 32 6 20 8 46 7 24 20 24
0 6 15 24 41 1 47 15
1 12 33 11 40 44 12 7 5 0 12 17 49 4
1 7 46 20 17 45 16 19 31
1 7 33 11 27 28 33 20 1
0 4 36 0 17 21
1 34 33 31 35 28 17 11 40 5 17 31 35 5 0 30 17 39 28 17 31 13 17 11 40 28 28 17 39 26 31 35 2 20 1 1
0 21 46 26 28 27 28 13 3 15 28 28 26 12 13 17 12 28 17 31 35 2 20
0 3 7 12 31
0 3 26 16 49
0 5 26 16 17 49 45
0 5 43 6 15 5 17
1 12 33 31 26 31 28 26 31 7 28 28 13 0
0 7 27 42 49 21 31 24 15
0 4 8 33 20 32
1 12 30 17 31 35 44 31 26 39 7 44 31 26
1 21 46 26 38 30 0 6 5 17 12 7 44 12 33 20 1 1 1 1 1 1 1
1 15 6 44 31 28 35 28 7 28 17 11 27 28 33 20 1
0 29 17 4 14 36 14 22 30 11 46 11 32 45 30 46 37 37 34 20 32 45 34 25 35 13 25 32 45 37 30
0 23 25 6 28 35 44 12 28 26 31 13 0 14 5 0 17 47 40 25 22 17 12 26 41
0 16 30 17 12 17 39 13 6 12 33 37 1 6 1 1 1 1
1 17 33 12 26 39 17 12 7 5 17 31 13 0 12 40 28 33 20
0 3 4 4 49
1 9 6 28 33 20 1 1 1 1 1
1 21 46 26 38 30 0 6 5 17 12 7 44 12 33 20 1 1 1 1 1 1 1
0 5 45 16 19 45 6
0 11 31 12 17 0 24 28 25 15 27 25 34
1 37 33 12 28 17 39 17 39 28 26 12 13 0 26 6 20 40 44 12 13 0 30 0 30 0 17 4 25 24 42 25 16 24 40 25 22 30 17
0 8 6 34 49 12 17 11 19 31
0 14 30 17 35 28 26 31 33 30 33 23 1 1 1 23
0 13 33 35 7 17 39 26 12 7 44 26 31 33 20
0 33 26 45 16 40 44 11 40 28 26 11 40 28 13 0 6 5 17 39 5 0 30 17 39 35 28 0 33 11 6 28 5 8 0
1 9 46 20 27 5 17 12 17 11 31
0 9 6 28 28 7 5 40 0 30 0
0 14 30 17 12 35 5 0 6 5 0 31 26 16 19 31
1 7 6 5 17 11 17 6 9
1 19 30 17 31 28 17 39 17 39 7 28 17 39 26 39 7 5 17 11 31
0 12 12 27 44 39 7 44 33 20 1 1 1 1
0 10 40 46 47 16 32 7 12 28 28 13
1 10 33 39 13 0 6 5 0 46 43 43
0 9 46 20 43 19 19 40 2 8 1
1 16 30 0 26 45 24 22 12 27 5 0 12 17 6 43 43 42
1 9 30 0 30 0 46 47 22 20 44
0 4 30 6 6 9
1 5 6 5 0 26 42
1 9 33 12 7 28 26 31 33 20 1
0 3 40 23 9
1 12 46 43 20 19 38 41 41 43 6 43 6 47
1 11 46 20 40 44 31 7 28 33 20 1 1
1 9 33 39 26 39 35 2 20 1 1
1 5 30 0 33 11 31
1 6 33 11 19 17 6 47
0 5 7 12 17 22 6
