2434 50
1 2 12 26
0 14 36 9 3 11 17 20 34 20 20 20 10 12 34 20
1 4 12 9 41 30
1 4 13 15 22 49
1 6 36 25 3 11 20 20
1 6 23 3 16 41 37 48
0 4 36 40 40 19
1 9 27 37 13 13 37 13 37 33 7
0 3 4 37 33
1 8 12 9 1 16 26 19 18 0
0 10 12 26 42 17 4 22 36 36 10 14
0 13 23 3 11 17 20 17 17 34 7 34 17 9 22
1 6 27 13 13 37 33 7
1 6 13 46 47 27 13 33
0 28 12 26 13 30 28 27 30 43 43 23 41 13 46 47 27 36 13 17 25 18 35 13 39 48 17 49 9 27
0 4 40 5 49 27
0 6 12 26 19 18 23 27
0 3 26 33 25
0 5 22 37 15 28 6
1 8 12 26 13 30 28 27 30 48
0 2 39 36
1 5 13 27 13 46 48
0 19 2 1 37 37 37 13 37 13 37 37 37 37 37 13 5 37 13 33 7
1 14 36 40 40 40 40 25 3 47 16 1 16 9 1 8
1 2 12 26
0 3 28 32 27
0 4 27 13 33 15
1 2 12 26
1 8 12 26 17 17 18 34 27 49
1 10 12 9 49 8 28 39 9 49 18 33
1 15 13 21 26 19 18 0 13 39 48 47 30 15 34 24 36
0 2 12 18
0 9 15 41 21 46 13 15 25 16 24
1 8 13 43 30 28 27 14 15 49
1 9 12 9 41 22 46 26 9 1 13
0 2 27 2
1 5 22 37 13 33 7
1 10 13 35 19 18 27 0 13 37 16 32
1 7 12 48 43 27 27 27 27
1 19 23 16 26 19 18 27 0 13 30 18 22 36 35 19 18 0 17 43 27
0 4 22 37 22 7
0 3 47 40 16
1 9 13 40 19 18 0 13 39 9 49
0 4 26 46 41 38
1 3 36 40 25
0 3 44 33 7
0 7 32 22 7 13 12 38 7
0 4 2 23 3 27
1 15 13 21 26 19 18 0 13 39 48 47 30 15 34 24 36
1 2 23 27
0 3 22 16 4
1 11 13 27 13 23 41 46 26 26 13 37 48
1 7 13 21 9 1 36 25 13
0 3 8 6 48
0 4 36 40 25 1
0 10 13 30 40 19 27 0 13 41 37 48
1 3 36 25 8
0 4 26 36 25 5
0 6 10 35 37 28 13 33
1 11 23 36 40 25 3 16 1 36 40 25 8
1 7 12 9 41 46 48 37 48
1 4 13 27 36 39
0 5 23 22 49 28 48
1 20 12 26 46 1 16 9 41 46 48 46 43 22 36 43 39 9 1 36 25 13
1 5 22 37 13 33 7
0 8 36 40 40 41 25 30 43 13
1 6 36 25 3 16 1 27
0 4 30 21 23 46
1 9 13 26 6 30 28 13 43 43 33
1 9 12 48 43 0 46 49 8 1 49
1 7 12 9 41 30 18 46 27
0 9 12 26 18 0 30 22 13 38 48
0 11 12 9 1 4 16 29 48 47 33 0 33
1 4 23 3 16 49
0 3 33 37 7
1 2 23 27
0 13 34 37 34 23 37 13 13 12 13 37 13 33 7
0 5 23 27 15 40 7
0 9 40 12 9 41 38 18 40 19 18
1 7 36 25 36 40 40 25 13
1 5 12 9 49 18 22
1 7 36 40 40 40 40 25 8
0 4 44 36 40 25
1 13 36 40 40 25 3 11 20 17 20 17 20 34 20
0 8 23 7 18 17 47 16 49 8
0 3 46 33 7
0 2 38 29
0 9 25 16 9 49 18 23 36 15 36
1 2 12 26
0 14 36 25 36 40 45 40 40 24 40 25 20 40 25 27
1 9 12 26 17 47 10 27 16 49 8
0 9 12 26 19 18 30 0 46 1 27
0 7 27 45 13 37 13 33 7
0 6 3 44 36 46 11 25
0 2 20 43
0 6 49 12 26 46 1 13
0 5 24 24 40 31 7
1 16 12 48 43 27 27 27 27 0 19 18 27 0 13 30 18 33
0 2 17 44
0 4 13 43 46 32
0 7 23 22 36 36 39 16 8
1 9 36 40 25 36 40 40 40 25 13
0 9 25 12 2 13 30 18 17 25 23
0 4 13 43 39 25
0 4 22 33 5 16
1 6 36 40 25 36 40 25
0 2 37 19
0 3 36 40 8
0 8 36 19 25 16 48 15 43 0
1 19 13 43 22 46 47 26 6 39 48 43 27 0 13 37 27 30 43 43 48
0 8 23 3 47 8 16 22 1 13
1 26 23 16 48 43 27 0 46 49 8 28 22 43 30 8 1 41 37 43 48 38 17 25 22 36 26 9
1 9 12 9 49 28 16 6 30 18 33
0 5 14 34 26 33 7
0 7 22 28 37 2 43 33 7
0 10 22 22 13 13 37 37 13 13 33 7
1 4 13 46 47 35
0 4 30 45 36 25
0 10 9 45 12 48 13 38 22 41 11 24
0 4 22 37 0 2
1 26 12 26 19 18 27 27 0 17 17 0 30 3 43 27 27 27 0 13 37 13 16 6 30 28 16 9
0 6 43 39 18 0 17 49
1 5 13 21 48 17 3
0 8 36 44 36 45 40 40 40 25
1 15 13 40 13 46 35 26 30 43 48 22 21 26 19 18 27
1 5 23 3 11 17 34
0 2 25 27
1 12 12 9 41 30 8 28 38 17 25 46 43 23
1 10 12 48 47 10 27 16 3 27 39 1
0 3 40 47 37
1 11 23 16 26 13 37 43 35 26 36 46 13
1 5 36 40 40 25 8
0 2 35 36
0 5 4 22 37 37 7
0 3 22 17 13
0 3 47 45 7
1 17 13 40 46 41 39 48 43 0 17 47 49 27 49 27 49 27 49
0 11 26 46 49 18 23 36 7 30 46 10 10
1 7 13 26 6 30 8 46 10
0 41 13 46 47 46 26 9 49 18 23 36 43 22 21 9 41 39 9 1 16 9 1 3 16 41 22 26 13 38 34 22 24 26 9 49 37 23 41 27 29 37 48
1 3 13 11 24
1 7 23 36 40 25 16 48 43
1 4 13 28 31 1
1 8 12 48 43 27 0 13 37 48
1 8 12 26 46 41 39 9 49 28
0 6 46 47 35 17 43 27
1 7 22 37 13 13 37 33 7
0 11 47 26 46 49 45 43 49 45 23 1 36
1 2 23 27
0 2 49 42
1 7 36 25 16 9 41 37 16
0 3 36 28 25
0 5 37 13 34 33 7
0 8 13 40 17 47 16 39 13 19
0 8 36 40 40 6 25 36 25 13
1 7 27 13 13 37 37 33 7
0 9 12 48 5 49 27 49 27 33 49
0 5 23 27 15 40 7
1 9 36 40 25 3 11 20 20 17 20
1 12 13 26 26 43 45 35 6 39 9 49 18 39
1 8 13 43 30 28 27 14 15 49
0 3 13 25 20
0 5 23 9 41 22 11
0 5 36 32 16 48 3
1 9 12 48 43 27 27 0 17 17 3
1 6 23 3 47 47 16 49
0 20 36 25 16 9 41 46 43 23 41 21 9 41 22 48 47 49 27 49 27 49
1 3 13 11 24
0 2 42 33
1 20 23 16 9 49 8 1 41 39 26 19 18 27 0 13 39 48 43 0 19 18
0 3 24 5 22
0 4 45 25 3 16
0 15 36 25 16 48 27 27 20 18 0 46 41 37 25 26 48
0 6 13 35 30 13 47 26
0 6 17 44 27 30 18 39
0 11 22 0 13 37 17 41 37 37 13 33 7
1 7 27 13 13 37 37 33 7
0 8 36 40 26 17 23 38 13 43
0 7 23 23 30 25 36 25 13
0 4 22 13 35 7
1 5 13 43 37 16 32
1 2 23 27
1 8 23 16 9 1 16 48 17 49
1 9 12 48 43 0 13 46 49 49 35
1 7 13 40 46 1 36 25 44
0 11 2 12 26 41 30 46 28 13 48 47 34
0 5 18 22 37 33 7
1 7 23 16 9 41 30 8 46
0 8 34 13 27 37 36 14 28 10
1 13 12 9 41 37 27 36 39 28 43 45 48 38 48
1 3 36 25 44
1 11 36 40 25 36 25 3 11 17 20 17 17
0 12 34 27 15 31 37 13 37 21 37 37 33 7
0 6 4 3 16 28 7 13
1 3 36 25 44
1 8 22 13 13 13 13 37 33 7
1 7 36 40 25 3 16 1 8
0 19 2 1 37 37 37 13 37 13 37 37 37 37 37 13 5 37 13 33 7
1 21 36 25 16 26 19 18 27 27 27 27 27 0 19 18 0 46 49 18 18 26 32
1 10 36 40 40 40 40 25 3 11 34 20
0 3 23 4 13
1 9 12 9 49 28 16 6 30 18 33
0 3 23 7 30
0 11 8 12 26 19 18 0 38 47 33 0 10
0 3 4 12 26
1 3 13 15 49
0 7 13 13 46 49 23 9 11
1 13 36 40 25 3 16 1 16 26 17 47 10 27 10
1 11 36 40 40 40 25 16 26 13 22 11 24
0 3 40 25 19
1 7 13 35 13 37 13 16 9
0 4 27 15 33 3
1 13 12 26 46 49 18 39 28 16 26 13 39 8 46
1 6 36 25 16 26 19 18
1 3 36 25 44
0 12 23 9 41 21 21 9 49 8 46 10 10 10
0 2 17 42
0 7 12 23 48 14 47 39 1
1 6 23 3 47 11 20 17
0 6 13 26 39 9 37 8
1 9 12 9 41 46 23 43 30 8 46
0 2 27 12
1 22 36 40 40 40 40 25 36 40 25 3 16 41 39 9 49 8 28 39 26 19 18 0
0 10 22 32 13 13 13 37 13 13 40 7
0 8 27 12 12 13 13 14 33 7
0 3 13 42 3
1 3 13 15 49
0 6 36 25 25 37 1 44
1 2 12 26
0 4 27 37 19 7
0 8 21 26 28 13 41 29 16 9
1 8 23 3 11 34 17 17 20 17
0 9 13 20 46 49 6 46 27 43 22
0 3 22 23 7
0 3 4 25 21
0 3 42 43 18
1 2 23 27
0 3 13 44 5
1 6 23 16 48 17 0 30
0 4 27 47 33 45
1 9 13 46 26 26 46 41 22 15 49
1 9 12 9 41 37 43 48 22 15 49
1 7 12 26 46 49 8 1 49
0 5 2 3 33 17 47
0 20 4 26 6 30 8 1 41 46 23 46 47 21 9 41 46 35 5 26 30 13
1 3 36 25 44
0 7 12 26 19 18 0 18 0
0 8 22 37 9 13 13 33 39 7
0 4 27 17 12 7
0 8 23 7 18 17 47 16 49 8
1 26 13 21 26 13 37 43 35 6 22 46 47 27 30 27 29 17 25 46 27 43 35 6 30 8 28 30
1 3 36 25 44
1 9 27 13 13 37 13 13 13 33 7
0 4 23 36 25 35
0 2 3 24
1 6 22 13 13 13 33 7
0 7 27 37 13 13 33 2 7
1 2 23 27
0 2 13 24
0 5 23 36 45 25 27
0 3 33 27 33
0 3 12 15 22
0 5 20 20 29 3 11
1 9 12 9 41 46 35 26 43 43 33
0 2 12 19
1 13 36 25 16 26 17 47 30 27 34 30 10 33 7
1 9 12 26 13 39 26 17 17 18 34
0 4 9 41 41 22
0 10 36 40 40 40 40 40 40 25 28 44
0 6 22 37 11 13 33 7
1 3 36 25 44
1 7 36 40 25 36 40 25 27
1 6 36 25 3 16 41 37
1 7 23 16 26 19 18 27 0
0 5 36 34 40 11 44
0 3 13 14 26
0 4 22 33 23 7
0 27 37 43 39 48 47 9 49 27 49 27 49 27 49 27 49 27 49 27 31 27 49 27 49 27 49 27 49
0 3 46 33 7
1 9 12 48 17 0 30 34 27 39 1
0 2 45 45
1 14 23 3 16 1 36 40 40 25 36 40 40 40 40 25
0 2 33 46
0 2 46 33
0 7 27 37 37 13 42 13 33
0 3 33 37 7
1 13 12 48 17 3 27 16 0 30 3 17 4 10 14
1 3 36 25 44
0 4 39 27 33 7
1 9 12 26 17 47 10 27 16 49 8
0 8 22 13 13 37 37 37 37 33
0 7 36 25 6 16 41 22 22
1 8 27 37 13 13 13 37 33 7
1 9 12 48 47 30 27 34 30 10 7
0 2 48 0
1 9 12 48 43 0 19 18 0 13 30
1 6 13 27 13 46 43 49
1 11 13 27 13 23 41 46 26 26 13 37 48
0 3 16 4 25
0 12 27 36 40 40 33 40 25 36 27 25 30 27
1 3 36 25 8
1 8 13 28 10 41 28 31 42 22
0 4 41 33 26 44
0 3 36 25 29
0 5 2 3 33 17 47
1 13 12 26 17 43 27 0 46 41 39 9 41 38 48
0 18 28 34 19 18 0 17 43 42 0 13 39 26 13 38 30 28 43 35
0 3 24 26 35
0 5 37 13 34 33 7
0 3 10 37 33
1 3 13 15 49
1 12 12 48 43 0 46 49 8 28 22 15 36 24
0 4 15 23 26 27
1 9 13 46 26 26 46 41 22 15 49
1 13 12 26 17 43 27 0 46 41 39 9 41 38 48
0 4 45 33 7 33
0 4 9 33 33 23
1 5 13 40 17 47 33
0 7 22 42 13 13 13 33 7
0 7 27 37 37 37 37 13 7
0 3 22 18 33
1 10 36 40 25 36 40 25 36 40 25 8
0 2 42 33
1 37 12 26 13 30 8 1 49 28 43 45 23 21 26 13 46 23 35 19 18 0 19 18 27 0 17 47 49 27 49 27 49 27 49 27 49 27 49
1 6 13 35 46 49 28 48
0 2 10 3
0 1 15
0 6 36 36 5 36 25 3
0 3 27 17 44
1 14 13 22 24 47 43 38 17 25 18 35 13 30 18 33
0 5 23 39 12 48 25
1 3 13 15 49
1 8 12 9 41 39 9 41 37 48
1 8 23 3 11 34 17 17 20 17
0 10 21 13 10 13 30 13 13 13 33 7
0 2 23 28
0 3 36 40 8
0 1 9
0 2 23 7
1 8 36 25 36 40 40 40 40 25
0 2 3 22
1 7 13 21 9 49 28 16 9
0 8 27 29 37 47 27 30 33 7
1 11 36 25 36 25 16 48 17 18 39 39 33
0 5 36 48 6 25 30
0 6 22 11 6 5 33 7
0 4 27 13 10 7
0 13 22 37 37 37 37 37 16 13 13 37 13 33 7
1 8 27 13 37 13 13 37 33 7
1 5 27 13 13 33 7
1 11 13 22 24 26 26 46 49 8 28 30 28
1 7 12 48 47 16 3 27 33
0 4 13 49 11 24
0 8 13 13 13 37 37 13 7 7
1 6 27 13 13 37 33 7
0 9 3 1 11 34 17 17 34 20 17
1 3 36 25 8
1 9 13 40 46 1 36 25 36 25 13
0 8 12 48 7 27 27 0 42 49
0 5 22 13 37 33 23
0 3 22 13 1
1 12 22 37 37 13 37 13 37 13 37 37 33 7
1 4 23 3 11 20
1 5 23 3 16 41 37
0 15 12 40 25 14 40 25 36 21 35 40 40 40 25 31 11
1 19 12 48 43 27 27 0 13 46 48 37 43 49 48 22 46 26 26 19 18
0 2 40 45
0 1 15
1 8 13 40 17 43 27 0 17 43
1 21 13 43 38 23 36 35 17 47 16 39 34 30 39 39 10 37 29 29 29 29 29
1 9 36 40 40 25 16 26 19 18 27
1 10 12 26 46 49 8 28 37 27 30 13
0 10 22 22 13 13 37 37 13 13 33 7
1 9 12 48 43 27 27 0 17 17 3
1 6 13 27 29 39 28 27
1 6 23 3 47 47 16 49
0 10 36 25 16 41 0 30 28 22 11 24
1 13 22 37 37 13 13 13 37 13 13 37 37 33 7
1 3 12 9 1
1 9 36 40 25 36 40 40 40 25 13
1 5 27 13 13 33 7
0 15 23 36 7 25 21 9 41 30 8 28 22 43 20 11 24
0 3 40 25 19
0 14 36 9 3 11 17 20 34 20 20 20 10 12 34 20
0 3 13 2 36
1 8 13 46 47 27 36 18 43 30
1 3 36 25 8
1 6 22 13 13 13 33 7
1 26 23 16 48 43 27 0 46 49 8 28 22 43 30 8 1 41 37 43 48 38 17 25 22 36 26 9
0 5 12 1 9 26 18
0 7 22 37 37 36 37 33 7
1 12 13 35 13 46 35 26 14 27 29 17 25 48
0 6 2 36 13 13 13 7
0 6 28 12 41 9 1 44
1 7 12 48 47 16 39 10 37
1 4 12 9 41 30
1 8 36 40 25 36 25 16 9 49
0 8 16 28 19 41 27 0 19 18
1 23 12 26 17 17 18 39 4 10 10 10 10 22 36 10 10 22 36 22 36 22 36 10 14
1 17 13 40 46 41 39 48 43 0 17 47 49 27 49 27 49 27 49
1 9 12 9 41 22 22 24 47 43 37
0 15 12 40 25 14 40 25 36 21 35 40 40 40 25 31 11
1 6 23 16 48 17 0 30
0 2 12 43
1 3 13 27 14
1 7 36 25 3 11 20 20 17
1 5 36 40 25 36 25
0 2 42 23
0 2 9 13
0 3 27 33 29
1 10 12 9 1 36 40 40 40 40 25 8
1 5 13 27 13 46 48
0 5 43 38 27 33 7
1 15 12 9 41 46 45 35 26 36 46 43 48 39 48 47 49
1 10 23 36 40 25 36 25 36 40 40 25
0 3 27 21 7
1 24 36 40 25 16 48 43 0 19 18 27 0 13 39 26 19 18 0 13 38 39 8 28 37 48
1 9 23 3 16 49 18 18 35 19 18
0 8 37 1 16 29 46 1 12 27
1 16 23 16 26 46 41 30 28 43 43 17 25 22 41 28 31 42
1 6 12 48 47 30 27 8
0 3 49 16 25
0 2 4 36
0 2 36 24
0 5 13 21 11 9 1
0 6 27 37 37 37 13 7
0 15 23 16 9 41 36 45 21 35 47 22 21 26 46 1 8
1 9 23 3 16 49 18 18 35 19 18
1 3 36 40 25
0 4 11 40 25 3
1 12 23 16 26 46 41 30 8 46 10 10 10 10
1 4 13 43 37 27
0 6 36 40 40 27 25 44
1 26 12 9 49 28 27 29 46 43 23 40 19 18 27 0 13 39 9 49 8 28 22 28 10 41 22 24
1 8 13 28 10 41 28 31 42 22
1 3 36 25 8
1 33 23 3 11 34 17 34 20 17 34 17 20 20 34 34 20 20 34 17 34 20 17 20 17 20 17 34 17 17 20 20 17 20 34
0 6 12 26 46 8 6 26
1 13 23 36 25 3 47 16 41 39 48 47 49 27 49
1 13 13 22 24 26 48 43 0 13 22 15 22 36 24
0 8 36 19 25 16 48 15 43 0
0 2 11 6
0 5 4 22 37 37 7
1 16 36 40 40 25 16 26 17 17 49 43 39 1 0 16 49 8
1 7 36 25 16 9 41 37 16
1 5 13 35 46 1 3
0 4 27 13 33 15
1 7 13 46 26 9 1 3 47
0 4 27 24 33 7
0 7 36 40 24 15 35 25 44
1 5 22 37 13 33 7
1 17 13 22 24 47 22 24 47 46 26 9 41 22 28 10 41 11 24
0 3 41 27 22
0 4 44 37 33 25
1 13 12 9 41 37 27 36 39 28 43 45 48 38 48
0 1 15
1 16 23 3 16 49 8 28 38 23 36 21 48 47 30 10 33 8
1 16 13 27 43 43 17 25 18 46 26 9 41 46 23 35 17 43
0 5 22 37 46 40 7
1 28 13 35 46 49 8 1 1 3 47 16 49 18 39 18 46 27 14 43 30 8 1 41 38 17 25 17 25 48
0 4 12 9 49 48
0 2 48 8
0 5 49 22 37 6 7
1 2 23 27
1 8 13 40 17 17 49 8 27 2
0 17 23 16 23 8 9 41 38 22 41 21 9 49 28 43 48 38 33
0 4 32 36 40 40
0 3 22 13 1
1 2 23 27
0 5 22 37 33 12 7
1 9 23 16 48 47 2 27 49 27 49
0 5 26 17 40 37 17
0 3 26 33 25
1 5 22 37 13 33 7
1 7 23 16 48 17 39 10 37
1 14 23 16 26 13 38 23 41 40 46 41 30 18 22 5
0 3 38 18 33
0 7 23 32 14 25 3 19 27
0 2 13 9
1 9 12 9 41 37 27 13 18 11 24
0 5 36 44 40 25 44
0 2 15 42
0 21 23 3 1 11 17 20 20 34 34 20 17 17 34 20 33 20 34 14 34 34 17
1 8 36 25 16 26 46 49 8 46
0 8 22 13 13 37 26 26 33 7
0 5 22 8 39 33 7
0 13 21 36 10 40 40 40 40 25 16 46 13 22 22
1 3 13 11 24
0 4 43 36 40 44
0 6 22 37 11 13 33 7
1 2 23 27
0 6 27 10 33 47 33 22
0 7 12 26 0 17 47 44 33
0 3 16 9 49
1 2 12 26
1 7 22 37 13 37 37 33 7
0 14 13 8 22 24 26 13 43 8 13 39 48 17 49 9
1 3 13 11 24
0 8 12 26 37 13 27 36 46 6
0 2 18 33
0 3 22 13 13
0 5 40 6 40 25 40
1 10 27 37 13 13 13 37 37 13 33 7
0 6 12 26 19 18 23 27
1 12 22 37 37 13 37 13 37 13 37 37 33 7
1 13 13 22 24 26 48 43 0 13 22 15 22 36 24
0 8 12 26 19 4 47 0 18 18
1 13 13 22 24 47 40 17 43 27 27 0 13 22 22
1 5 22 37 13 33 7
0 11 47 26 46 49 45 43 49 45 23 1 36
0 4 33 1 12 27
0 7 13 12 26 19 26 18 27
0 3 28 33 7
1 7 23 3 16 1 36 25 44
1 11 12 9 41 37 13 13 13 43 23 11 24
1 13 12 26 46 49 18 39 28 16 26 13 39 8 46
0 6 22 13 24 13 27 7
1 13 27 13 13 13 37 13 37 37 13 13 37 33 7
0 3 31 45 10
1 8 12 48 47 2 27 49 27 49
0 6 22 11 6 5 33 7
1 11 27 13 13 13 13 13 37 37 13 33 7
0 6 12 44 24 26 19 7
0 16 36 22 40 40 40 40 25 16 26 13 37 16 26 39 20 33
0 10 27 37 0 38 37 37 37 13 33 7
0 3 16 4 25
1 10 12 9 49 18 46 27 36 17 25 33
0 7 36 25 6 16 41 22 22
1 5 27 13 13 33 7
0 2 35 36
0 3 45 31 33
1 2 23 27
1 8 36 25 3 11 17 17 17 17
0 7 13 15 21 48 43 27 27
0 5 19 27 13 33 7
1 5 13 26 6 38 39
0 3 47 11 13
0 8 34 13 27 37 36 14 28 10
0 6 36 40 40 25 8 27
0 9 12 26 24 17 4 22 30 10 14
1 9 36 25 16 48 47 16 49 43 10
0 2 18 10
0 10 12 49 48 47 5 18 39 49 9 4
0 6 48 13 35 13 37 48
0 15 23 16 9 41 36 45 21 35 47 22 21 26 46 1 8
0 9 23 3 16 5 41 30 18 23 5
1 7 36 25 3 11 20 20 17
1 7 13 26 6 39 26 13 30
1 11 13 21 26 13 39 9 41 30 28 27 43
0 4 13 27 42 48
0 3 27 33 10
0 5 27 33 23 5 15
0 8 22 26 37 14 37 37 33 31
0 20 13 22 41 24 47 21 48 17 18 3 43 21 0 11 18 0 19 18 27 27
1 9 12 48 47 30 27 34 30 10 7
1 13 12 26 19 18 27 27 0 17 47 30 15 33 8
1 7 36 25 36 40 40 25 13
0 2 15 42
0 3 20 17 39
1 8 12 48 17 4 10 10 10 14
0 11 22 0 13 37 17 41 37 37 13 33 7
1 10 12 26 19 18 27 0 46 1 3 11
0 27 37 43 39 48 47 9 49 27 49 27 49 27 49 27 49 27 49 27 31 27 49 27 49 27 49 27 49
0 12 36 40 25 16 48 17 0 49 30 39 4 14
0 6 22 13 33 18 22 7
0 13 13 47 26 19 18 27 21 13 38 46 13 43 35
1 10 13 28 10 41 46 47 21 26 17 43
0 4 27 16 33 7
0 5 4 19 18 8 0
1 8 22 13 13 13 13 37 33 7
0 20 12 4 48 46 35 5 0 46 49 18 39 8 28 37 39 13 7 27 29 18
0 4 13 21 48 3
0 2 43 1
1 2 23 27
1 7 12 48 47 30 10 34 30
1 11 36 25 16 48 43 0 17 47 2 27 49
0 4 1 25 6 8
1 5 13 35 46 41 30
0 4 13 27 42 48
0 9 5 8 13 28 30 10 3 36 28
1 7 36 40 40 25 36 25 27
1 9 36 25 3 11 34 34 17 20 20
0 13 13 14 46 47 43 46 48 46 43 18 28 31 12
0 10 27 24 37 27 13 37 17 35 33 7
1 7 12 26 13 30 18 23 5
0 8 36 40 40 6 25 36 25 13
0 2 30 5
1 2 12 26
0 5 23 46 4 11 21
0 4 23 5 36 27
0 4 23 4 20 34
0 8 27 29 37 47 27 30 33 7
1 10 12 48 43 0 46 41 30 28 13 48
1 3 13 11 24
1 17 12 48 43 0 17 47 49 27 49 27 49 27 49 27 49 27 49
0 12 12 18 0 19 18 0 19 18 35 0 19 18
0 19 38 22 24 31 48 47 49 27 49 27 49 27 49 27 49 27 49 27 49
0 2 10 47
1 10 27 13 37 37 13 37 37 37 33 7
0 4 22 16 33 7
0 10 34 44 37 37 37 13 37 13 33 7
1 13 12 26 19 18 27 0 17 17 18 39 39 34 39
0 7 13 35 13 37 13 33 36
1 6 23 16 26 13 46 49
1 5 22 37 13 33 7
0 5 36 36 40 25 27
1 15 36 25 36 40 40 25 36 40 25 36 40 40 40 25 8
1 9 12 26 13 39 48 17 39 10 19
0 16 6 12 48 0 17 17 23 36 10 22 36 22 36 22 36 14
0 2 21 25
1 8 36 25 36 40 40 40 40 25
1 11 12 48 17 3 27 16 49 43 30 15 7
1 4 12 9 41 22
1 10 23 3 16 49 28 27 29 22 36 11
1 9 36 25 3 11 34 34 17 20 20
0 14 44 36 40 40 40 40 40 40 25 36 40 25 31 13
0 7 27 46 37 33 21 10 7
0 11 26 46 49 18 23 36 7 30 46 10 10
1 15 13 40 13 46 35 26 30 43 48 22 21 26 19 18 27
1 3 36 25 44
0 3 22 13 13
0 2 13 9
1 4 13 26 26 43
0 4 42 5 23 13
1 7 12 9 49 8 1 49 8
0 7 33 12 30 6 40 18 0
0 7 13 28 35 23 45 42 45
0 3 13 14 26
1 7 12 9 41 30 28 16 9
1 8 13 40 17 17 49 8 27 2
0 10 27 37 37 13 37 37 41 37 33 7
0 9 25 12 2 13 30 18 17 25 23
0 4 19 22 33 10
0 3 47 45 7
1 3 36 25 44
1 2 12 26
0 3 8 32 7
0 14 21 31 22 27 36 23 11 27 36 22 17 27 36 33
0 7 29 40 1 25 34 6 27
0 8 23 3 47 8 16 22 1 13
1 37 12 26 13 30 8 1 49 28 43 45 23 21 26 13 46 23 35 19 18 0 19 18 27 0 17 47 49 27 49 27 49 27 49 27 49 27 49
1 8 12 26 46 41 39 9 49 28
0 1 9
1 2 23 27
1 8 13 35 17 47 39 1 0 2
0 11 36 25 48 17 49 43 33 0 16 31 41
0 10 13 30 40 19 27 0 13 41 37 48
1 5 13 15 22 36 24
1 2 12 26
0 8 27 12 12 13 13 14 33 7
1 5 12 48 17 0 0
0 6 12 41 22 15 36 24
0 5 12 48 17 39 12
0 6 12 41 22 15 36 24
0 9 12 9 41 46 43 22 36 15 24
0 2 17 44
0 7 22 28 37 2 43 33 7
1 4 13 46 47 35
1 14 13 43 46 43 23 41 43 22 27 14 21 48 47 10
0 3 40 47 37
0 24 36 40 27 40 40 25 36 15 25 16 48 17 0 39 48 15 47 48 44 47 22 15 48 47
1 7 23 16 48 17 39 10 37
0 9 27 37 1 13 13 13 29 33 30
0 4 43 36 40 44
1 6 12 48 47 30 27 8
0 8 12 9 41 39 9 16 49 28
1 2 23 27
0 3 19 4 38
1 8 23 16 26 13 46 49 23 46
0 5 40 40 40 32 0
1 14 36 40 40 40 40 40 40 40 25 16 26 13 38 48
0 10 10 31 13 35 19 18 27 13 38 46
1 10 13 28 10 41 46 47 21 26 17 43
0 5 22 13 3 33 34
1 6 12 26 13 46 35 32
0 4 3 12 25 8
0 2 12 24
1 6 12 9 41 22 46 47
0 8 43 36 40 34 25 29 38 44
0 6 3 44 36 46 11 25
0 2 23 28
0 4 33 31 9 8
1 6 23 3 16 41 22 22
1 3 36 25 44
1 10 12 9 49 8 28 39 9 49 18 33
1 10 13 22 24 26 9 41 38 17 25 23
1 8 12 48 47 2 27 49 27 49
1 5 13 35 46 1 27
0 4 27 49 37 7
0 5 36 40 25 21 8
1 8 13 26 6 46 45 49 35 9
1 11 36 40 40 25 36 40 40 40 40 25 8
0 9 44 48 47 26 1 0 49 27 49
0 5 31 27 15 33 7
0 7 36 25 12 26 41 40 13
0 3 19 4 38
0 3 24 26 35
1 2 23 27
1 12 12 9 49 8 28 46 35 6 38 23 36 35
0 3 22 3 41
1 8 27 13 37 13 13 37 33 7
1 9 36 25 16 48 17 4 22 36 14
1 8 12 26 17 17 18 34 27 49
1 6 13 27 43 45 35 32
1 11 27 13 37 13 37 37 13 13 37 33 7
0 2 40 45
1 9 12 26 46 49 28 27 29 22 5
0 4 41 22 33 11
0 3 27 21 33
0 5 22 37 33 33 7
0 5 27 13 22 38 33
0 14 12 48 15 43 27 0 18 27 0 46 1 16 9 49
0 25 13 21 26 19 18 27 27 27 0 46 9 28 27 30 13 43 49 48 38 17 25 17 25 23 5
1 8 23 16 26 13 46 49 23 46
1 8 12 48 43 0 46 41 38 48
1 11 36 40 25 36 25 3 11 17 20 17 17
0 13 13 14 46 47 43 46 48 46 43 18 28 31 12
0 14 13 8 22 24 26 13 43 8 13 39 48 17 49 9
1 7 12 48 43 27 27 27 27
0 3 6 25 13
1 7 12 9 49 18 23 41 27
0 2 3 16
0 10 27 37 0 38 37 37 37 13 33 7
0 2 43 1
0 5 27 33 23 5 15
0 7 49 14 12 32 19 19 23
1 5 13 21 48 17 3
1 3 13 11 24
1 33 23 3 11 34 17 34 20 17 34 17 20 20 34 34 20 20 34 17 34 20 17 20 17 20 17 34 17 17 20 20 17 20 34
0 3 13 22 49
0 2 40 27
1 9 22 37 37 37 37 37 13 33 7
1 24 36 40 25 16 48 43 0 19 18 27 0 13 39 26 19 18 0 13 38 39 8 28 37 48
0 24 36 40 27 40 40 25 36 15 25 16 48 17 0 39 48 15 47 48 44 47 22 15 48 47
0 3 29 22 11
0 12 12 41 30 6 8 1 44 49 8 28 22 35
1 9 13 26 6 30 28 13 43 43 33
0 2 12 43
0 3 13 44 5
0 2 44 23
0 7 44 35 13 39 9 1 13
1 7 12 48 47 39 1 0 39
0 7 27 37 13 13 33 22 7
1 3 13 11 24
0 2 47 13
0 12 23 9 41 21 21 9 49 8 46 10 10 10
1 9 12 48 17 0 30 34 27 39 1
1 9 12 48 43 0 46 41 46 43 33
0 4 3 12 25 8
0 3 23 7 30
0 6 9 22 37 3 43 7
0 7 22 37 37 36 37 33 7
1 9 36 25 16 48 43 0 46 1 13
1 5 36 40 40 25 8
1 5 13 35 46 1 27
1 14 13 21 26 19 18 0 13 46 23 43 30 18 46 43
0 2 17 0
1 11 13 43 46 35 26 30 13 43 23 21 26
1 4 12 48 47 2
1 10 13 28 10 41 35 19 18 0 17 43
0 6 22 20 13 40 33 16
0 9 27 37 1 13 13 13 29 33 30
1 14 23 36 25 3 16 41 22 21 26 46 1 36 25 13
0 8 21 26 6 46 48 38 46 48
0 6 28 12 41 9 1 44
1 7 13 35 13 38 39 18 33
1 9 13 27 30 43 43 46 27 36 33
1 14 36 40 40 40 40 25 3 47 16 1 16 9 1 8
0 6 36 40 40 25 8 27
0 8 13 21 9 49 12 8 28 18
0 3 8 13 1
0 2 27 13
0 6 12 44 24 26 19 7
1 9 36 25 16 48 17 4 22 36 14
0 3 35 12 26
1 7 12 9 49 18 23 41 27
0 11 27 13 36 13 37 13 13 13 37 33 7
0 9 5 8 13 28 30 10 3 36 28
0 8 22 9 22 41 0 13 22 40
1 3 36 25 44
1 5 22 37 13 33 7
0 8 22 26 37 14 37 37 33 31
1 19 12 9 41 46 43 39 28 27 13 23 36 40 19 18 27 0 13 37 48
1 14 23 3 16 1 36 40 40 25 36 40 40 40 40 25
0 10 27 35 37 37 13 13 32 37 33 7
0 5 13 43 14 7 15
1 8 12 26 19 18 27 0 17 43
1 3 36 25 8
1 13 13 40 13 38 22 36 46 26 48 47 33 0 49
0 12 12 41 30 6 8 1 44 49 8 28 22 35
1 7 12 26 46 49 8 1 49
0 3 12 19 19
0 11 27 13 13 13 13 13 13 13 38 33 7
1 9 22 37 37 37 37 37 37 33 7
0 6 22 37 13 42 33 7
0 6 27 13 19 37 33 7
0 7 35 4 36 29 0 29 19
0 8 32 40 40 30 40 30 25 44
1 2 23 27
0 22 12 26 17 17 18 39 49 8 27 16 18 39 36 4 22 36 10 22 36 22 36 14
0 5 26 17 40 37 17
1 3 36 25 44
0 7 3 35 37 45 37 33 22
0 2 49 42
0 5 23 22 49 28 48
1 10 12 26 46 41 46 35 26 30 16 9
0 2 0 44
0 7 12 48 9 35 45 43 48
1 12 12 48 17 0 30 34 27 33 0 30 10 34
1 12 12 9 1 16 26 46 1 16 26 17 47 33
0 6 3 23 2 11 14 11
0 7 27 46 37 33 21 10 7
1 3 36 25 8
0 6 22 37 37 37 16 7
0 3 3 13 4
1 13 23 3 47 47 11 17 34 17 17 34 20 34 20
1 3 13 15 49
1 9 12 48 47 30 27 34 4 10 8
0 10 36 40 40 40 29 4 6 40 25 8
0 25 27 13 13 13 13 13 37 37 37 13 37 37 13 37 37 37 37 37 37 37 37 37 33 11 7
0 6 10 35 37 28 13 33
1 3 36 25 8
0 13 7 40 25 36 40 40 41 47 25 36 40 40 25
1 3 36 25 8
0 10 27 37 37 13 13 35 13 13 37 33
0 6 12 26 17 47 0 49
0 3 13 25 20
0 4 36 40 25 1
1 10 36 40 40 40 40 40 25 36 25 13
0 2 48 22
0 9 13 13 37 22 13 37 13 13 7
0 12 13 46 26 26 46 41 31 35 26 14 26 9
1 3 13 11 24
0 5 24 24 40 31 7
1 3 36 25 8
1 7 22 13 37 13 37 33 7
0 2 5 48
0 3 2 33 29
0 3 3 17 27
0 2 17 42
1 13 36 40 25 16 26 17 47 33 0 30 15 34 20
1 2 12 26
0 27 36 40 9 40 40 40 40 23 25 16 49 8 46 10 10 10 10 10 10 10 10 10 30 10 10 10 10
0 6 4 3 16 28 7 13
1 4 12 48 47 2
1 8 23 16 9 1 16 48 17 49
0 1 39
0 2 13 24
0 10 12 49 48 39 19 13 0 5 37 48
1 5 13 21 9 1 13
0 37 36 40 40 40 25 3 11 20 17 17 17 20 20 17 34 20 34 17 20 20 20 34 20 34 34 30 20 20 20 20 20 34 34 20 20 34 34
1 4 13 28 31 1
1 13 23 36 25 3 47 47 47 11 17 34 20 34 17
0 8 27 13 37 13 13 1 33 7
1 9 12 48 17 49 8 27 2 27 49
0 5 31 24 22 37 33
1 13 12 26 17 47 49 27 49 27 49 27 49 27 49
0 7 23 32 14 25 3 19 27
0 4 22 37 37 33
0 5 27 9 42 1 24
1 3 36 25 44
0 9 36 40 14 25 16 45 38 22 5
0 3 2 33 29
1 6 36 25 3 16 49 8
0 10 27 13 13 37 37 13 13 18 37 33
0 2 24 26
0 4 12 28 20 1
1 3 36 40 25
0 10 10 31 13 35 19 18 27 13 38 46
1 6 12 26 13 46 35 32
0 4 41 33 26 44
1 7 23 16 48 47 30 27 8
1 11 36 40 40 40 25 16 48 43 27 27 27
0 6 26 17 47 49 49 49
0 2 30 5
0 4 26 46 41 38
0 4 37 34 33 7
0 6 25 27 33 5 17 37
0 5 13 21 11 9 1
0 3 26 22 29
1 8 36 40 25 16 26 13 38 48
1 9 13 40 19 18 27 0 46 1 44
1 3 36 25 44
1 3 36 25 8
0 5 40 6 40 25 40
0 7 36 25 10 36 40 25 27
1 19 12 9 41 46 43 39 28 27 13 23 36 40 19 18 27 0 13 37 48
0 4 46 22 33 7
1 11 12 9 41 39 9 49 8 1 49 18 23
0 3 21 49 0
0 3 23 25 13
0 3 28 33 7
0 4 24 19 32 33
0 7 36 12 13 48 40 17 9
0 6 8 40 40 38 25 44
0 17 23 16 23 8 9 41 38 22 41 21 9 49 28 43 48 38 33
1 5 22 37 13 33 7
1 5 27 13 13 33 7
1 6 13 26 26 13 46 16
0 7 12 26 0 17 47 44 33
1 2 12 26
1 5 23 16 48 43 0
0 3 16 48 7
1 10 22 13 13 13 37 37 13 37 33 7
1 3 36 25 8
1 11 13 27 29 18 40 19 18 0 17 43 0
0 2 38 29
1 6 13 27 13 46 43 49
0 25 13 28 10 41 40 19 18 0 46 49 28 13 43 23 21 26 19 18 0 17 17 1 34 0 29
1 10 23 36 25 3 11 17 34 17 20 20
0 9 12 9 41 22 24 47 22 24 47
0 3 12 46 26
1 9 13 43 37 27 30 43 23 26 32
1 3 36 25 8
0 6 22 13 37 33 44 7
1 6 12 9 1 36 40 25
1 6 36 25 3 16 41 30
1 7 12 9 49 18 22 36 28
1 7 23 16 48 47 33 0 39
1 12 36 25 36 25 16 48 47 16 0 39 15 24
0 7 27 37 37 37 37 13 33
0 8 27 37 37 32 13 38 13 7
0 4 19 22 33 10
1 8 22 13 13 37 13 37 33 7
0 20 12 26 19 18 0 46 41 39 26 46 49 28 16 26 36 23 41 17 39 1
1 17 23 3 47 11 34 34 34 34 34 34 34 34 20 34 17 17 17
0 10 9 45 12 48 13 38 22 41 11 24
0 2 10 47
0 10 12 25 9 41 38 23 41 27 30 48
0 4 25 48 16 34
0 5 23 36 45 25 27
1 10 22 13 37 37 13 13 37 13 33 7
0 5 12 9 1 6 27
1 7 23 16 48 47 33 0 39
0 2 11 3
1 8 13 35 17 47 39 1 0 2
0 7 12 39 49 45 49 14 27
0 3 13 22 49
1 3 36 25 44
1 13 12 9 41 38 39 18 22 41 26 26 13 23 5
0 6 44 10 13 13 33 7
1 21 23 3 11 17 20 17 17 20 17 20 20 34 20 34 17 20 17 20 17 20 17
1 2 23 27
1 2 23 27
1 5 13 35 46 41 30
0 12 36 8 40 25 36 40 40 40 40 25 34 27
0 2 13 36
0 4 13 37 31 1
0 3 13 14 19
1 3 36 25 44
0 11 27 13 36 13 37 13 13 13 37 33 7
1 18 27 13 13 37 37 13 37 13 37 13 13 37 13 37 13 37 33 7
0 7 22 33 29 37 13 33 7
1 3 13 11 24
1 8 13 26 26 14 28 31 42 22
1 9 36 40 25 16 9 41 38 23 5
1 10 12 48 47 10 27 16 3 27 39 1
1 11 13 27 29 18 40 19 18 0 17 43 0
1 8 13 40 17 43 27 0 17 43
0 4 39 27 33 7
0 11 25 36 40 40 25 16 9 49 8 46 10
0 2 11 13
0 20 36 25 16 9 41 46 43 23 41 21 9 41 22 48 47 49 27 49 27 49
1 7 12 26 17 17 3 27 33
0 6 27 13 41 13 33 7
1 15 13 40 17 17 49 43 10 27 33 0 39 1 0 16 3
0 7 27 37 37 13 42 13 33
1 33 36 25 16 26 13 39 48 47 10 27 2 27 49 27 49 27 49 27 49 27 49 27 49 27 49 27 49 27 49 27 49 27 49
1 8 22 13 13 37 13 37 33 7
1 23 12 26 17 17 18 39 4 10 10 10 10 22 36 10 10 22 36 22 36 22 36 10 14
0 13 13 47 26 19 18 27 21 13 38 46 13 43 35
1 9 12 9 41 22 22 24 47 43 37
0 2 33 33
1 11 23 3 47 11 20 20 20 34 17 17 34
0 2 27 24
1 6 13 46 26 48 47 49
1 14 36 40 25 16 9 41 38 39 8 1 1 3 16 49
0 5 4 19 18 8 0
0 1 29
0 7 22 33 29 37 13 33 7
0 6 36 40 3 16 49 28
1 8 27 37 13 13 13 37 33 7
0 8 23 48 43 0 13 37 16 32
0 5 36 34 40 11 44
0 2 20 43
1 2 23 27
1 3 36 25 44
0 2 10 3
0 4 21 31 23 27
0 2 44 23
0 11 30 27 39 13 37 37 13 34 13 37 33
1 6 12 48 17 0 39 44
0 5 25 16 9 41 48
0 2 49 8
1 7 36 40 40 40 40 40 25
0 4 27 15 33 3
1 10 13 28 10 41 35 19 18 0 17 43
1 10 12 9 41 46 23 21 26 17 43 0
1 7 12 26 46 1 36 25 8
1 9 13 21 26 46 49 28 16 6 30
1 6 27 13 13 37 33 7
0 4 9 7 8 49
1 8 23 16 26 13 22 43 38 33
1 12 22 37 37 13 13 13 13 13 13 13 33 7
0 2 9 13
0 4 40 33 32 7
0 7 36 40 24 15 35 25 44
0 7 22 13 13 37 33 19 46
0 8 36 40 40 41 25 30 43 13
0 4 42 5 23 13
1 6 13 35 46 49 28 48
1 7 12 48 47 30 10 34 30
0 5 3 16 41 22 43
0 8 12 26 21 3 49 26 27 18
0 7 13 12 26 19 26 18 27
1 22 13 35 13 30 18 18 46 47 22 24 47 46 47 26 26 36 46 16 6 46 35 32
0 2 10 26
1 4 23 3 16 49
0 2 25 27
0 1 3
0 2 18 10
0 22 12 26 17 17 18 39 49 8 27 16 18 39 36 4 22 36 10 22 36 22 36 14
0 3 32 23 23
1 8 13 46 47 22 24 47 15 49
0 3 28 32 27
0 5 14 34 26 33 7
1 10 12 48 47 33 0 49 27 49 27 49
1 18 23 36 25 36 40 40 40 40 40 25 36 25 16 26 19 18 27 27
1 6 27 13 13 37 33 7
0 20 12 4 48 46 35 5 0 46 49 18 39 8 28 37 39 13 7 27 29 18
1 11 12 48 17 49 9 27 27 27 27 27 27
0 2 24 22
0 2 49 2
0 5 13 43 14 7 15
1 3 36 25 44
1 6 12 9 41 22 46 47
0 9 12 9 49 8 1 1 30 18 48
1 11 12 26 46 1 16 48 17 49 8 27 49
0 6 40 49 28 16 28 9
0 5 22 13 33 15 7
1 12 36 40 40 40 25 36 25 36 25 36 25 44
1 11 12 9 49 8 28 38 23 41 40 46 49
0 4 27 24 33 7
0 9 25 16 9 49 18 23 36 15 36
0 6 22 13 24 13 27 7
0 14 36 25 3 11 17 20 17 20 34 14 17 17 20 34
0 4 11 36 25 41
1 9 27 37 37 37 37 37 37 33 7
1 8 12 9 41 39 9 41 37 48
1 16 13 35 13 30 28 13 27 13 23 41 21 26 17 47 39 1
1 11 22 13 37 13 13 13 37 13 13 33 7
0 13 13 27 14 13 17 19 22 21 41 40 46 1 8
0 8 27 14 37 13 13 45 33 7
0 7 12 48 9 27 27 7 27
0 6 12 26 17 47 0 49
0 3 9 13 11
0 14 36 40 40 40 40 40 40 40 30 40 40 40 25 4
1 5 13 27 13 18 22
0 4 22 44 8 13
1 3 13 15 49
1 17 36 40 25 16 48 43 0 17 47 39 1 0 33 0 33 0 49
1 5 23 3 11 20 17
1 2 23 27
0 7 36 25 30 3 11 31 17
1 4 13 28 31 1
0 5 22 37 33 33 7
1 5 12 9 49 28 48
0 7 33 12 30 6 40 18 0
0 25 27 13 13 13 13 13 37 37 37 13 37 37 13 37 37 37 37 37 37 37 37 37 33 11 7
1 6 27 13 13 37 33 7
1 14 13 40 13 38 18 22 24 26 26 17 47 2 27 49
1 9 12 48 47 30 27 34 4 10 8
1 9 12 26 13 39 48 17 39 10 19
1 10 36 40 25 36 40 25 36 40 25 8
0 2 18 33
0 5 10 15 13 22 7
0 2 27 13
1 10 36 40 40 40 40 40 25 36 25 13
0 3 37 33 21
1 11 13 35 17 17 4 10 10 10 22 36 14
1 9 12 26 13 38 23 41 15 36 24
0 5 34 9 9 49 8
1 8 12 26 46 49 18 17 25 46
0 5 20 20 29 3 11
0 7 13 13 46 49 23 9 11
0 4 11 16 11 24
1 20 36 25 3 11 17 17 20 34 17 34 20 17 20 20 34 34 34 17 20 17
1 2 12 26
0 12 36 25 48 18 40 40 40 25 3 10 44 11
1 3 13 11 24
1 14 13 21 26 19 18 0 13 46 23 43 30 18 46 43
0 5 36 16 43 31 8
0 20 13 22 41 24 47 21 48 17 18 3 43 21 0 11 18 0 19 18 27 27
0 4 13 21 48 3
0 16 6 12 48 0 17 17 23 36 10 22 36 22 36 22 36 14
0 3 30 7 7
0 3 27 22 33
1 10 13 22 24 47 26 26 29 46 16 9
1 8 12 48 17 3 27 10 27 33
1 7 12 48 47 39 1 0 39
0 9 12 26 24 17 4 22 30 10 14
0 3 20 33 7
0 14 27 37 13 37 37 37 13 13 37 30 48 13 47 7
0 2 20 39
0 13 27 37 44 37 13 13 13 37 8 44 13 33 7
1 3 36 40 25
1 4 13 27 36 39
1 11 13 43 46 35 26 30 13 43 23 21 26
0 4 41 27 24 27
0 2 42 23
0 4 35 27 33 7
0 4 12 21 9 44
1 12 12 26 13 22 26 26 13 46 16 6 38 33
1 11 12 9 41 37 13 13 13 43 23 11 24
0 2 23 7
1 7 12 9 49 18 22 36 28
0 8 32 40 40 30 40 30 25 44
0 2 1 5
0 4 12 9 49 48
1 9 27 13 37 13 13 13 37 33 7
1 13 13 26 6 30 8 1 1 3 11 34 17 20 20
0 7 13 35 46 34 18 18 46
1 9 36 40 40 40 40 40 40 25 13
1 3 36 25 44
0 3 22 23 7
0 3 26 22 29
1 3 36 40 25
0 4 33 31 9 8
0 11 22 46 13 13 37 37 25 13 37 33 7
1 5 22 37 13 33 7
1 20 12 26 46 1 16 9 41 46 48 46 43 22 36 43 39 9 1 36 25 13
0 7 23 29 9 30 30 37 48
0 7 23 29 9 30 30 37 48
0 5 37 37 19 33 7
1 11 27 13 37 13 37 37 13 13 37 33 7
0 2 12 43
1 8 12 48 43 0 46 41 38 48
1 8 27 13 13 13 13 13 33 7
0 7 27 22 38 37 37 33 7
1 12 12 9 1 16 26 46 1 16 26 17 47 33
1 9 12 26 19 18 27 0 46 41 37
1 7 23 3 16 1 36 25 44
1 9 13 43 37 43 48 38 18 11 24
0 10 13 28 10 41 26 6 38 16 27 5
1 6 12 48 17 0 39 44
1 4 13 15 22 22
0 4 13 17 13 7
1 11 36 25 36 40 40 40 40 40 40 25 3
0 16 46 26 26 46 1 16 28 48 47 10 27 1 27 49 27 49
1 3 36 25 44
1 9 13 35 19 18 27 27 27 27 27
1 4 13 15 22 49
0 2 3 22
0 8 21 26 28 13 41 29 16 9
0 10 27 24 37 27 13 37 17 35 33 7
0 9 12 43 17 18 34 27 0 33 0
1 13 13 40 13 38 22 36 46 26 48 47 33 0 49
0 6 42 48 37 0 17 1
1 22 36 40 40 40 40 25 36 40 25 3 16 41 39 9 49 8 28 39 26 19 18 0
0 4 11 36 25 41
0 6 23 22 37 37 33 1
0 4 13 43 39 25
0 7 36 25 12 26 41 40 13
1 13 27 37 37 37 37 13 37 37 37 37 37 33 7
1 12 13 35 13 46 35 26 14 27 29 17 25 48
0 3 23 25 44
0 12 12 18 0 19 18 0 19 18 35 0 19 18
0 3 12 3 26
0 4 12 37 9 49
0 3 36 40 23
0 1 3
1 6 13 46 47 27 13 33
0 3 23 44 27
0 3 8 32 7
0 6 22 37 37 37 16 7
1 5 13 21 9 49 8
0 5 12 17 17 4 14
1 6 12 9 1 36 25 27
0 3 22 3 41
1 5 36 40 40 25 8
1 2 23 27
0 6 13 26 39 9 37 8
0 18 12 26 17 47 37 27 11 39 1 33 18 0 10 27 49 49 27 49
1 11 12 9 41 39 48 17 18 42 16 0 0
0 14 36 25 3 11 17 20 17 20 34 14 17 17 20 34
1 4 13 28 31 1
0 5 22 8 39 33 7
0 17 0 48 27 12 27 27 0 46 49 28 43 23 35 46 41 37 13
0 4 7 22 23 17
0 5 12 46 1 16 48
1 7 12 48 43 0 13 30 28
0 2 45 45
0 10 38 36 25 34 16 48 27 27 39 0
0 3 22 16 4
1 5 27 13 13 33 7
0 3 41 23 3
1 2 12 26
0 4 45 25 3 16
0 4 27 49 37 7
0 1 29
0 4 41 22 33 11
0 3 12 15 22
1 12 13 40 46 41 30 18 46 43 35 26 36 48
0 3 27 37 7
1 13 27 13 13 13 37 13 37 37 13 13 37 33 7
0 15 12 48 43 27 27 27 27 27 16 0 18 0 19 18 6
0 19 13 40 46 47 10 27 16 49 27 27 49 27 49 27 49 27 49 27 49
1 3 13 11 24
0 3 40 48 19
1 10 23 36 25 3 11 17 34 17 20 20
1 5 12 26 13 38 48
1 16 12 48 43 27 27 27 27 0 19 18 27 0 13 30 18 33
0 3 27 17 29
1 3 13 11 24
1 3 12 9 1
1 8 13 35 19 18 0 13 22 28
0 3 13 1 27
0 1 29
0 2 27 12
1 7 12 9 41 46 48 37 48
1 5 23 16 48 43 0
1 13 12 26 17 47 49 27 49 27 49 27 49 27 49
0 10 12 49 48 47 5 18 39 49 9 4
0 8 27 37 37 32 13 38 13 7
0 3 12 46 26
1 3 36 25 8
1 9 12 9 49 18 22 41 35 19 18
0 7 13 21 3 48 17 49 14
1 13 36 40 25 16 26 17 47 33 0 30 15 34 20
0 6 6 27 4 40 33 7
1 22 36 25 16 26 19 18 0 13 37 27 36 17 25 18 21 26 19 18 0 19 18 0
0 8 23 16 48 0 0 46 49 1
1 13 23 36 25 3 47 47 47 11 17 34 20 34 17
1 11 12 48 17 49 9 27 27 27 27 27 27
0 5 10 15 13 22 7
0 6 22 37 13 37 38 7
1 3 36 40 25
0 6 22 12 42 42 33 7
1 5 13 28 10 41 40
0 5 36 48 6 25 30
1 8 13 40 13 37 43 23 43 46
0 6 36 40 40 27 25 44
0 1 39
0 5 18 22 37 33 7
1 6 12 48 43 27 27 27
1 9 12 9 41 37 43 23 28 31 12
1 5 13 28 10 41 22
0 3 42 25 8
1 10 23 36 40 25 36 25 36 40 40 25
0 11 13 22 24 47 10 40 17 47 30 10 8
0 1 39
0 7 3 35 37 45 37 33 22
0 2 0 45
0 13 22 37 37 37 37 37 16 13 13 37 13 33 7
0 4 22 44 8 13
1 3 13 15 49
0 28 12 26 13 30 28 27 30 43 43 23 41 13 46 47 27 36 13 17 25 18 35 13 39 48 17 49 9 27
1 13 22 13 37 37 13 13 37 13 13 13 13 33 7
1 20 13 46 26 26 17 17 3 27 16 49 43 10 27 49 27 49 27 49 27 49
1 2 23 27
0 6 42 22 13 4 29 7
1 5 22 37 13 33 7
1 3 36 25 44
1 12 36 40 40 40 25 36 25 36 25 36 25 44
1 5 36 40 40 25 8
1 11 36 40 40 40 25 16 26 13 22 11 24
0 6 22 12 42 42 33 7
0 5 27 13 33 41 7
1 3 13 11 24
0 12 36 40 25 16 48 17 0 49 30 39 4 14
0 6 27 13 37 13 14 7
1 15 12 9 41 46 43 23 41 21 48 43 0 19 18 27 27
1 2 23 27
1 7 13 40 46 41 30 8 46
0 6 36 40 48 43 25 13
1 5 13 35 46 1 3
0 15 23 36 7 25 21 9 41 30 8 28 22 43 20 11 24
0 6 17 44 27 30 18 39
1 13 23 3 47 47 11 17 34 17 17 34 20 34 20
0 6 43 39 18 0 17 49
1 7 13 40 46 41 30 8 46
1 5 27 13 13 33 7
1 9 22 13 37 37 37 13 13 33 7
0 9 13 9 49 28 43 12 43 22 5
0 2 48 22
1 5 12 26 17 17 49
1 13 12 9 41 39 9 49 28 16 6 37 43 48 22
1 5 23 3 16 41 37
1 11 12 48 17 3 27 16 49 43 30 15 7
0 14 36 25 36 40 45 40 40 24 40 25 20 40 25 27
0 3 27 33 10
1 10 12 26 19 18 27 0 46 1 3 11
0 2 5 48
1 9 13 43 37 43 48 38 18 11 24
0 4 27 35 28 28
1 18 23 36 25 36 40 40 40 40 40 25 36 25 16 26 19 18 27 27
0 8 27 14 37 13 13 45 33 7
1 2 23 27
0 11 36 25 48 17 49 43 33 0 16 31 41
0 5 12 9 31 1 8
1 8 23 16 9 41 46 23 26 9
1 16 23 16 26 46 41 30 28 43 43 17 25 22 41 28 31 42
1 3 36 40 25
0 2 11 6
1 7 13 46 26 9 1 3 47
0 5 3 16 41 22 43
1 6 12 9 1 36 25 27
0 7 27 37 37 37 37 13 7
0 6 22 37 13 34 37 0
0 3 23 25 44
1 9 12 9 49 18 22 41 35 19 18
0 4 45 33 7 33
0 2 3 16
1 8 12 48 17 4 10 10 10 14
0 6 12 21 12 9 41 38
0 3 22 33 12
0 7 27 37 13 2 17 33 7
1 11 13 21 26 13 39 9 41 30 28 27 43
0 2 25 27
1 3 13 15 49
1 14 36 40 25 16 9 41 38 39 8 1 1 3 16 49
0 3 27 37 33
0 2 48 0
0 9 23 3 16 5 41 30 18 23 5
1 14 13 43 46 43 23 41 43 22 27 14 21 48 47 10
1 11 23 3 16 41 38 22 41 43 22 11 24
0 6 22 13 37 33 44 7
0 3 27 37 33
1 3 13 11 24
1 3 13 11 24
0 6 12 21 12 9 41 38
0 11 36 45 36 40 40 10 40 25 36 40 25
1 4 13 43 22 26
1 5 23 3 11 17 34
0 2 25 8
0 5 31 24 22 37 33
1 11 12 9 41 39 9 49 8 1 49 18 23
0 4 23 36 25 35
1 3 36 25 8
1 26 12 26 19 18 27 27 0 17 17 0 30 3 43 27 27 27 0 13 37 13 16 6 30 28 16 9
1 6 27 13 13 37 33 7
0 6 13 22 24 26 49 28
1 22 23 3 47 16 1 16 9 49 8 1 41 38 23 36 22 24 47 21 9 49 28 48
0 3 22 33 12
0 4 13 27 41 48
1 9 12 9 41 46 35 26 43 43 33
1 3 13 15 49
1 3 36 25 8
0 8 13 40 17 47 16 39 13 19
0 5 21 13 37 37 44
1 10 13 46 47 43 30 28 13 27 30 48
1 6 36 25 16 26 19 18
0 3 27 22 33
0 6 27 13 41 13 33 7
0 3 27 17 29
0 2 49 8
0 18 36 36 25 36 25 3 4 16 49 8 28 39 9 1 44 3 34 20
1 3 36 25 44
0 6 26 17 47 49 49 49
1 5 27 13 13 33 7
0 13 21 36 10 40 40 40 40 25 16 46 13 22 22
0 5 22 20 13 33 7
1 6 27 13 13 37 33 7
1 5 13 26 6 30 8
0 5 23 36 16 25 13
0 5 36 16 43 31 8
1 9 13 27 30 43 43 46 27 36 33
1 13 36 40 40 25 36 40 40 40 40 40 40 25 27
0 8 23 3 11 1 17 34 17 17
1 22 13 35 13 30 18 18 46 47 22 24 47 46 47 26 26 36 46 16 6 46 35 32
0 3 20 33 7
0 14 22 37 13 40 15 6 13 37 26 29 37 13 33 7
0 4 31 28 33 12
0 10 13 28 10 41 26 6 38 16 27 5
0 6 22 37 13 37 38 7
0 3 44 33 7
1 9 13 21 26 46 49 28 16 6 30
0 10 32 22 37 13 1 46 33 13 33 7
0 9 12 9 41 39 48 43 0 34 46
1 5 36 40 40 25 8
0 6 37 40 22 37 33 7
0 4 7 22 23 17
0 10 43 27 37 37 13 26 13 15 33 7
1 2 23 27
1 3 36 25 44
1 13 12 26 19 18 27 0 17 17 18 39 39 34 39
1 2 23 27
1 16 13 35 13 30 28 13 27 13 23 41 21 26 17 47 39 1
1 2 23 27
1 7 36 40 40 25 36 25 27
0 4 27 47 33 45
1 8 12 48 17 4 22 36 10 14
1 2 23 27
1 13 36 25 16 26 17 47 30 27 34 30 10 33 7
1 6 13 27 43 45 35 32
0 9 13 20 46 49 6 46 27 43 22
0 8 21 26 6 46 48 38 46 48
1 3 36 25 8
0 5 36 44 40 25 44
1 6 13 43 37 13 13 13
0 10 27 37 37 13 37 37 41 37 33 7
1 2 23 27
0 5 43 38 27 33 7
0 6 36 16 48 49 20 9
0 3 27 21 33
0 14 21 31 22 27 36 23 11 27 36 22 17 27 36 33
1 9 27 13 13 37 13 13 13 33 7
0 4 41 46 17 7
0 3 16 48 7
1 7 36 40 40 40 40 25 8
1 3 36 40 25
0 5 36 40 25 21 8
0 5 22 13 33 15 7
1 9 13 22 24 47 46 47 28 31 12
0 3 45 31 33
1 3 36 25 8
0 25 13 21 26 19 18 27 27 27 0 46 9 28 27 30 13 43 49 48 38 17 25 17 25 23 5
0 5 12 47 47 16 19
1 10 23 36 40 40 40 40 40 40 25 44
0 7 27 37 13 13 33 22 7
1 3 36 25 8
1 9 12 48 43 0 46 49 8 1 49
1 3 36 25 44
0 6 40 40 40 40 25 27
1 12 13 40 46 41 30 18 46 43 35 26 36 48
1 15 36 25 3 11 34 34 20 17 17 17 17 20 34 17 17
1 5 12 9 49 18 22
1 11 23 3 16 41 38 22 41 43 22 11 24
0 21 23 3 1 11 17 20 20 34 34 20 17 17 34 20 33 20 34 14 34 34 17
0 11 22 46 13 13 37 37 25 13 37 33 7
1 2 23 27
1 14 13 22 24 47 43 38 17 25 18 35 13 30 18 33
1 4 13 15 22 22
0 10 13 21 37 16 41 28 17 37 16 9
0 6 22 13 21 13 33 7
1 6 36 25 3 11 20 20
0 4 6 27 27 33
0 4 41 27 24 27
1 2 23 27
0 6 27 9 39 33 9 7
0 7 27 45 13 37 13 33 7
1 4 13 28 31 1
0 2 13 36
0 2 41 13
1 11 36 40 25 36 25 36 25 16 9 1 13
0 6 46 47 35 17 43 27
1 2 23 27
1 12 36 25 36 25 16 48 47 16 0 39 15 24
0 4 27 43 33 48
1 21 36 25 16 26 19 18 27 27 27 27 27 0 19 18 0 46 49 18 18 26 32
0 2 12 12
1 11 12 9 41 39 9 49 28 13 43 35 9
0 4 22 13 35 7
1 4 12 48 47 2
0 2 47 13
0 11 2 12 26 41 30 46 28 13 48 47 34
1 8 12 26 46 49 18 17 25 46
1 10 13 22 24 47 46 47 43 37 16 32
0 14 27 37 13 37 37 37 13 13 37 30 48 13 47 7
1 7 12 48 47 16 3 27 33
0 3 23 25 13
1 3 36 40 25
0 12 36 25 48 18 40 40 40 25 3 10 44 11
1 6 27 13 13 37 33 7
1 3 36 25 44
1 5 36 40 40 25 8
1 13 36 40 40 25 3 11 20 17 20 17 20 34 20
0 3 20 17 39
1 8 13 26 6 46 45 49 35 9
0 4 13 43 46 32
1 9 13 40 19 18 0 13 39 9 49
0 6 36 25 25 37 1 44
0 3 27 26 7
0 10 38 36 25 34 16 48 27 27 39 0
1 11 27 13 13 13 13 13 37 37 13 33 7
0 5 37 37 19 33 7
0 3 46 23 8
0 6 19 31 26 26 13 39
1 5 22 37 13 33 7
0 4 27 43 33 48
1 11 36 40 25 3 47 47 11 34 34 20 17
1 8 12 26 13 30 28 27 30 48
0 2 12 24
1 7 13 46 26 48 17 39 33
0 4 31 28 33 12
1 9 12 48 17 3 27 30 10 33 7
0 5 20 42 7 23 13
0 9 12 9 41 39 48 43 0 34 46
1 3 36 25 44
0 41 13 46 47 46 26 9 49 18 23 36 43 22 21 9 41 39 9 1 16 9 1 3 16 41 22 26 13 38 34 22 24 26 9 49 37 23 41 27 29 37 48
0 4 17 13 20 18
0 1 20
0 3 4 12 26
1 16 23 3 16 49 8 28 38 23 36 21 48 47 30 10 33 8
1 10 12 26 46 49 8 28 37 27 30 13
0 5 20 43 11 37 16
0 6 42 22 13 4 29 7
0 4 1 25 6 8
1 6 36 40 25 36 40 25
0 2 17 40
0 4 13 26 41 32
1 20 13 43 37 27 13 46 16 26 13 22 41 46 26 9 41 39 26 13 22 22
0 1 20
1 20 36 25 3 11 17 17 20 34 17 34 20 17 20 20 34 34 34 17 20 17
0 2 24 22
1 6 13 40 46 49 18 33
0 14 22 37 13 40 15 6 13 37 26 29 37 13 33 7
0 4 5 48 43 27
0 4 23 5 36 27
0 3 8 13 1
1 18 27 13 13 37 37 13 37 13 37 13 13 37 13 37 13 37 33 7
1 7 36 40 40 40 40 25 8
0 4 30 16 1 1
1 2 23 27
0 3 22 17 13
0 4 11 40 25 3
0 4 36 34 25 27
0 4 27 13 10 7
1 9 12 26 13 38 23 41 15 36 24
1 28 13 35 46 49 8 1 1 3 47 16 49 18 39 18 46 27 14 43 30 8 1 41 38 17 25 17 25 48
0 8 37 13 37 37 37 13 33 7
1 9 13 22 24 47 46 47 28 31 12
1 6 13 35 13 38 22 36
1 4 13 43 37 27
0 4 12 28 20 1
1 7 13 21 9 1 36 25 13
0 2 26 25
1 11 12 26 17 43 27 0 17 47 49 27 49
1 3 36 25 8
0 10 36 25 16 41 0 30 28 22 11 24
0 7 23 22 36 36 39 16 8
0 5 13 22 16 2 24
1 6 13 46 26 48 47 49
1 3 13 27 14
1 4 13 43 22 26
1 7 23 36 40 40 40 25 8
0 2 12 18
0 5 12 46 1 16 48
1 6 12 9 49 8 1 49
0 5 12 48 17 39 12
0 4 12 37 9 49
0 2 11 13
1 10 12 26 17 47 30 27 34 4 15 7
1 9 36 25 16 48 43 0 46 1 13
1 10 23 36 40 40 40 40 40 40 25 44
1 8 12 48 17 3 27 10 27 33
0 8 22 13 13 37 26 26 33 7
0 16 36 40 40 40 15 40 40 47 40 40 25 16 26 19 18 27
0 3 22 18 33
1 10 36 25 16 26 46 49 18 18 11 24
1 4 13 15 22 22
0 2 46 33
1 17 36 40 25 16 48 43 0 17 47 39 1 0 33 0 33 0 49
1 8 36 25 16 26 46 49 8 46
0 4 35 27 33 7
0 4 42 37 33 7
0 6 45 12 48 0 49 8
0 12 22 37 5 37 13 13 37 28 13 13 33 7
1 12 12 9 49 8 28 46 35 6 38 23 36 35
1 12 27 37 37 37 37 13 37 13 13 37 33 7
0 9 13 46 26 9 41 30 27 29 22
0 1 39
1 2 23 27
0 3 42 33 17
1 2 23 27
1 5 13 21 9 1 13
0 6 9 22 37 3 43 7
1 9 13 43 37 27 30 43 23 26 32
0 6 2 36 13 13 13 7
0 15 36 25 16 48 27 27 20 18 0 46 41 37 25 26 48
0 8 36 44 36 45 40 40 40 25
0 6 36 40 48 43 25 13
0 7 12 26 19 11 47 30 15
0 6 21 22 37 13 16 7
0 7 22 42 13 13 13 33 7
1 6 23 3 16 41 22 22
0 9 44 48 47 26 1 0 49 27 49
1 11 22 13 13 13 13 13 13 13 37 33 7
1 10 22 13 13 13 37 37 13 37 33 7
1 4 12 9 41 22
0 4 30 45 36 25
0 13 34 37 34 23 37 13 13 12 13 37 13 33 7
0 2 26 25
1 19 12 48 43 27 27 0 13 46 48 37 43 49 48 22 46 26 26 19 18
0 2 3 43
1 6 13 27 29 39 28 27
0 6 8 40 40 38 25 44
1 14 13 21 26 17 47 16 3 27 30 15 34 24 19 8
0 5 36 32 16 48 3
1 13 23 36 25 3 47 16 41 39 48 47 49 27 49
1 14 13 40 13 38 18 22 24 26 26 17 47 2 27 49
0 3 3 17 27
0 4 5 48 43 27
0 12 36 40 40 25 16 48 15 3 27 30 15 7
1 6 12 9 1 36 40 25
1 5 13 43 37 16 32
0 3 24 5 22
1 5 13 21 9 49 8
0 11 36 45 36 40 40 10 40 25 36 40 25
0 7 12 48 9 35 45 43 48
0 5 36 40 40 25 41
1 30 36 40 25 3 11 20 17 17 20 17 20 17 20 34 17 34 17 34 34 34 20 17 20 34 34 17 17 34 17 34
0 5 13 21 9 1 0
1 9 12 48 43 0 19 18 0 13 30
0 11 40 40 14 25 16 26 13 37 43 4 3
1 7 23 16 26 19 18 27 0
0 12 27 36 40 40 33 40 25 36 27 25 30 27
0 7 36 25 32 0 13 16 1
1 6 13 26 26 13 46 16
0 1 20
1 7 23 16 9 41 30 8 46
1 4 12 9 41 30
0 4 37 34 33 7
1 5 36 40 40 25 8
0 13 27 37 44 37 13 13 13 37 8 44 13 33 7
0 6 22 13 13 33 32 7
0 14 12 48 15 43 27 0 18 27 0 46 1 16 9 49
1 5 27 13 13 33 7
1 3 36 25 44
0 2 27 2
0 7 13 35 46 34 18 18 46
1 16 13 46 26 9 41 39 48 17 3 27 33 0 33 0 39 1
0 2 47 25
1 15 12 9 41 46 45 35 26 36 46 43 48 39 48 47 49
1 5 13 27 13 18 22
0 8 12 9 41 39 9 16 49 28
1 13 12 9 49 8 28 22 21 48 47 16 3 27 49
0 2 41 13
1 7 36 25 3 16 1 36 25
0 8 22 37 9 13 13 33 39 7
1 14 12 9 41 30 8 28 46 45 35 26 29 39 18 48
1 10 13 46 47 43 30 28 13 27 30 48
0 5 12 17 17 4 14
1 7 12 48 17 39 10 20 8
0 3 13 42 3
1 8 27 37 13 13 13 37 33 7
0 7 27 22 21 13 33 38 35
1 3 13 11 24
0 2 36 5
0 6 22 13 13 33 32 7
1 12 13 26 26 43 48 39 9 41 22 46 26 26
1 5 27 13 13 33 7
0 4 14 3 17 17
0 6 36 25 3 37 19 20
0 7 36 12 13 48 40 17 9
1 3 12 9 1
0 10 22 32 13 13 13 37 13 13 40 7
0 3 32 23 23
0 5 13 21 9 1 0
1 7 23 36 40 40 40 25 8
0 3 4 37 33
0 7 12 48 9 27 27 7 27
1 15 12 9 41 46 43 23 41 21 48 43 0 19 18 27 27
0 14 17 21 26 17 43 0 17 47 10 27 30 13 37 8
0 7 12 39 49 45 49 14 27
1 2 23 27
0 2 16 18
0 4 9 41 41 22
1 5 23 3 11 20 17
1 5 27 13 13 33 7
1 7 22 13 37 13 37 33 7
1 13 12 9 49 8 28 22 21 48 47 16 3 27 49
0 5 13 43 6 37 48
0 3 17 47 23
0 3 40 48 19
1 5 12 9 49 28 48
0 10 32 22 37 13 1 46 33 13 33 7
1 8 27 13 13 13 13 13 33 7
1 13 36 40 25 3 16 1 16 26 17 47 10 27 10
0 1 9
0 12 36 40 40 25 16 48 15 3 27 30 15 7
0 2 33 15
1 9 22 37 13 13 37 13 13 33 7
1 9 12 26 46 49 18 17 25 23 5
0 9 12 9 41 22 24 47 22 24 47
0 7 23 16 26 17 8 1 37
0 4 42 37 33 7
1 12 27 37 37 13 37 37 37 37 13 37 33 7
0 1 9
1 8 12 9 1 16 26 19 18 0
0 3 49 16 25
1 5 13 26 6 38 39
0 9 15 41 21 46 13 15 25 16 24
1 5 13 15 22 36 24
0 6 18 36 25 36 25 44
0 27 36 40 9 40 40 40 40 23 25 16 49 8 46 10 10 10 10 10 10 10 10 10 30 10 10 10 10
0 11 13 22 24 47 10 40 17 47 30 10 8
1 13 22 13 13 13 13 37 37 37 13 13 13 33 7
0 9 13 46 26 9 41 30 27 29 22
0 2 12 11
0 25 13 28 10 41 40 19 18 0 46 49 28 13 43 23 21 26 19 18 0 17 17 1 34 0 29
0 6 49 12 26 46 1 13
1 5 22 37 13 33 7
1 11 22 37 13 13 37 37 37 13 37 33 7
1 14 23 16 26 13 38 23 41 40 46 41 30 18 22 5
0 6 44 10 13 13 33 7
0 4 44 37 33 25
0 15 10 12 21 19 18 0 17 17 18 39 3 27 16 4 14
0 10 16 12 36 9 41 39 46 41 38 22
0 11 27 13 13 13 13 13 13 13 38 33 7
1 3 36 25 8
0 2 28 1
1 9 22 37 13 13 37 13 13 33 7
1 5 36 40 25 36 25
0 14 17 21 26 17 43 0 17 47 10 27 30 13 37 8
1 2 23 27
1 8 12 48 43 0 17 17 0 0
1 19 36 25 3 16 49 18 39 8 46 10 10 10 10 10 10 10 10 10 10
1 10 12 48 17 49 9 27 27 27 27 27
1 9 36 40 40 25 16 26 19 18 27
1 26 13 21 26 13 37 43 35 6 22 46 47 27 30 27 29 17 25 46 27 43 35 6 30 8 28 30
1 6 23 16 26 13 46 49
1 9 12 9 41 37 27 13 18 11 24
1 10 13 22 24 47 26 26 29 46 16 9
0 3 27 17 44
1 10 36 40 40 40 40 25 3 11 34 20
0 3 16 9 49
0 12 36 8 40 25 36 40 40 40 40 25 34 27
1 3 13 15 49
1 7 22 13 37 13 37 33 7
1 7 12 9 49 8 1 49 8
1 7 22 37 13 13 37 33 7
0 4 27 37 19 7
0 6 36 25 1 43 2 3
0 5 48 11 22 44 29
1 3 13 15 49
1 9 27 13 37 13 13 13 37 33 7
0 8 41 22 37 37 13 13 39 7
1 4 13 43 22 35
0 7 13 15 21 48 43 27 27
0 4 13 49 11 24
1 3 36 25 44
0 10 13 5 27 29 17 40 19 36 36 24
1 3 36 25 44
1 5 13 28 10 41 40
0 6 27 40 37 37 33 7
0 4 36 40 40 19
1 4 13 26 26 43
1 6 13 46 47 27 29 48
1 10 13 35 19 18 27 0 13 37 16 32
1 9 12 9 41 37 43 48 22 15 49
1 3 36 25 8
0 8 12 48 7 27 27 0 42 49
0 3 21 49 0
1 13 12 9 41 38 39 18 22 41 26 26 13 23 5
1 5 13 26 6 30 8
0 4 13 27 41 48
0 8 37 13 37 37 37 13 33 7
0 2 17 0
1 10 12 9 41 46 23 21 26 17 43 0
0 8 41 22 37 37 13 13 39 7
0 2 48 8
1 7 12 9 41 30 28 16 9
1 13 12 9 41 22 22 24 47 46 26 26 46 1 13
0 10 12 9 1 16 48 28 17 3 27 49
1 6 12 9 49 8 1 49
1 5 13 15 22 36 24
1 2 23 27
0 5 21 13 37 37 44
0 6 27 9 39 33 9 7
0 3 27 34 33
0 15 26 9 49 28 13 48 43 35 6 22 35 6 17 17 3
1 14 13 21 26 17 47 16 3 27 30 15 34 24 19 8
0 2 25 8
1 9 12 9 1 3 11 20 34 34 20
0 6 13 35 30 13 47 26
0 3 38 18 33
0 9 12 26 18 0 30 22 13 38 48
0 12 34 27 15 31 37 13 37 21 37 37 33 7
1 10 22 13 37 37 13 13 37 13 33 7
0 3 25 43 48
0 4 22 33 23 7
0 4 26 4 33 18
1 3 36 25 8
0 5 12 47 47 16 19
0 3 47 11 13
1 7 27 13 13 37 37 33 7
0 8 13 21 9 49 12 8 28 18
1 6 23 3 11 34 20 20
1 9 36 40 25 16 48 17 39 3 21
1 5 12 26 13 38 48
1 9 23 36 40 40 40 40 40 25 13
0 2 3 24
1 3 13 11 24
0 3 27 21 7
0 4 26 4 33 18
0 6 3 23 2 11 14 11
1 11 12 48 17 0 39 15 15 47 47 48 24
0 4 27 16 33 7
0 3 2 22 7
1 7 13 35 13 38 39 18 33
0 3 4 25 21
1 2 23 27
1 10 12 9 1 36 40 40 40 40 25 8
1 7 22 37 13 37 37 33 7
1 6 27 13 13 37 33 7
1 2 23 27
0 6 25 27 33 5 17 37
0 7 27 22 38 37 37 33 7
0 18 23 37 26 46 49 28 43 45 45 45 44 48 19 4 43 40 35 32
1 4 23 3 11 20
0 1 20
0 11 12 9 1 4 16 29 48 47 33 0 33
1 2 12 26
0 14 44 36 40 40 40 40 40 40 25 36 40 25 31 13
0 2 13 45
0 9 13 5 24 47 24 3 49 49 22
0 2 33 15
1 5 13 40 17 47 33
0 4 14 3 17 17
1 9 12 9 41 46 23 43 30 8 46
0 6 12 47 41 46 43 48
0 5 13 22 16 2 24
0 5 22 37 33 12 7
0 5 13 43 6 37 48
0 3 23 4 13
0 10 27 37 37 13 13 35 13 13 37 33
1 20 23 16 9 49 8 1 41 39 26 19 18 27 0 13 39 48 43 0 19 18
1 13 36 40 40 25 36 40 40 40 40 40 40 25 27
1 2 23 27
1 2 23 27
0 6 48 13 35 13 37 48
0 3 13 2 36
0 8 23 48 43 0 13 37 16 32
0 10 27 35 37 37 13 13 32 37 33 7
0 9 23 40 40 1 25 23 40 25 27
0 4 22 37 37 33
1 5 13 27 30 16 32
0 8 22 9 22 41 0 13 22 40
1 10 36 25 16 26 46 49 18 18 11 24
0 6 23 22 37 37 33 1
1 21 23 3 11 17 20 17 17 20 17 20 20 34 20 34 17 20 17 20 17 20 17
1 9 12 9 41 37 43 23 28 31 12
1 12 12 9 41 30 8 28 38 17 25 46 43 23
0 4 27 35 28 28
0 6 40 40 40 40 25 27
0 7 36 25 30 3 11 31 17
1 2 12 26
1 21 22 37 37 13 13 37 13 37 37 13 37 13 13 13 13 37 37 37 13 33 7
0 1 3
0 5 22 37 46 40 7
0 2 4 36
0 4 22 13 25 7
0 6 22 37 37 13 35 33
0 5 11 6 25 4 27
1 11 12 26 46 1 16 48 17 49 8 27 49
1 9 27 37 13 13 37 13 37 33 7
1 12 27 37 37 13 37 37 37 37 13 37 33 7
1 2 23 27
0 9 13 9 49 28 43 12 43 22 5
1 6 23 3 11 34 20 20
0 12 13 46 26 26 46 41 31 35 26 14 26 9
0 3 33 27 33
1 11 12 9 41 39 48 17 18 42 16 0 0
0 2 44 35
1 22 36 25 16 26 19 18 0 13 37 27 36 17 25 18 21 26 19 18 0 19 18 0
0 3 27 37 7
0 6 27 37 37 37 13 7
1 4 13 15 22 49
1 3 36 25 8
1 19 23 16 26 19 18 27 0 13 30 18 22 36 35 19 18 0 17 43 27
0 2 0 44
1 7 36 40 40 40 40 25 8
0 6 40 49 28 16 28 9
1 11 36 25 36 25 16 48 17 18 39 39 33
0 6 13 20 18 40 30 43
1 26 12 9 49 28 27 29 46 43 23 40 19 18 27 0 13 39 9 49 8 28 22 28 10 41 22 24
1 7 12 26 17 17 3 27 33
1 11 36 40 25 36 25 36 25 16 9 1 13
1 13 12 9 41 22 22 24 47 46 26 26 46 1 13
0 4 24 19 32 33
0 3 2 29 35
0 15 10 12 21 19 18 0 17 17 18 39 3 27 16 4 14
1 2 23 27
0 1 15
1 9 23 36 40 40 40 40 40 25 13
1 8 13 26 26 14 28 31 42 22
1 5 27 13 13 33 7
0 4 23 4 20 34
0 7 12 26 19 11 47 30 15
0 4 18 13 38 28
0 6 12 22 13 37 33 7
1 5 12 9 49 28 48
1 5 36 40 40 25 8
0 3 24 23 19
0 4 2 23 3 27
1 11 12 9 49 8 28 38 23 41 40 46 49
0 7 49 14 12 32 19 19 23
1 6 12 26 13 30 8 46
1 13 13 22 24 47 40 17 43 27 27 0 13 22 22
1 20 13 43 37 27 13 46 16 26 13 22 41 46 26 9 41 39 26 13 22 22
1 5 36 40 40 25 8
0 37 36 40 40 40 25 3 11 20 17 17 17 20 20 17 34 20 34 17 20 20 20 34 20 34 34 30 20 20 20 20 20 34 34 20 20 34 34
1 7 13 46 26 48 17 39 33
0 14 36 40 40 40 40 40 40 40 30 40 40 40 25 4
1 14 12 9 41 30 8 28 46 45 35 26 29 39 18 48
0 3 36 25 29
0 4 22 33 5 16
1 17 12 48 43 0 17 47 49 27 49 27 49 27 49 27 49 27 49
0 4 41 17 27 37
0 4 36 10 25 2
0 9 4 12 9 41 38 17 11 25 46
1 7 36 40 25 3 16 1 8
0 10 12 26 42 17 4 22 36 36 10 14
0 6 21 22 37 13 16 7
0 13 7 40 25 36 40 40 41 47 25 36 40 40 25
0 4 22 37 22 7
1 3 13 11 24
1 6 13 46 47 27 29 48
0 8 23 3 11 1 17 34 17 17
0 4 13 46 26 43
1 11 36 40 40 40 25 16 48 43 27 27 27
0 6 22 20 13 40 33 16
0 1 29
0 17 0 48 27 12 27 27 0 46 49 28 43 23 35 46 41 37 13
1 4 13 15 22 49
1 16 27 13 37 13 37 13 37 13 13 37 13 13 13 37 33 7
0 7 27 37 37 37 37 13 33
1 12 12 48 17 0 30 34 27 33 0 30 10 34
0 9 22 13 13 13 13 47 37 33 7
1 12 12 26 13 22 26 26 13 46 16 6 38 33
1 8 22 13 13 37 37 37 33 7
1 7 36 25 36 40 40 25 13
1 8 13 21 48 17 4 22 36 14
0 3 36 28 25
0 4 22 13 25 7
0 3 10 37 33
1 3 36 25 8
0 8 13 13 13 37 37 13 7 7
1 7 23 36 40 25 16 48 43
0 8 12 26 37 13 27 36 46 6
1 3 13 11 24
0 7 27 37 13 13 33 2 7
0 6 12 26 46 8 6 26
0 19 36 40 40 25 36 40 25 36 18 36 40 40 40 40 25 16 48 43 27
1 6 23 3 16 41 37 48
1 3 36 25 44
1 7 12 9 41 30 18 46 27
1 10 12 26 17 47 16 0 39 15 47 44
1 9 23 16 48 47 2 27 49 27 49
0 6 31 13 42 18 32 4
1 3 13 11 24
0 4 2 18 27 7
0 2 1 5
0 14 27 13 13 23 13 13 37 28 37 37 28 13 33 7
0 6 27 40 37 37 33 7
1 10 13 27 43 49 35 26 29 23 36 11
0 6 36 25 1 43 2 3
0 18 12 26 17 47 37 27 11 39 1 33 18 0 10 27 49 49 27 49
0 10 21 13 10 13 30 13 13 13 33 7
1 7 13 21 9 49 28 16 9
1 3 36 25 8
0 2 44 35
1 11 23 36 40 25 3 16 1 36 40 25 8
1 5 22 37 13 33 7
0 4 30 21 23 46
1 14 23 36 25 3 16 41 22 21 26 46 1 36 25 13
0 3 37 28 7
1 8 13 21 48 17 4 22 36 14
0 6 45 12 48 0 49 8
1 11 22 13 37 13 13 13 37 13 13 33 7
1 22 23 3 47 16 1 16 9 49 8 1 41 38 23 36 22 24 47 21 9 49 28 48
0 5 22 20 13 33 7
1 7 13 35 13 37 13 16 9
0 7 27 37 13 2 17 33 7
1 19 36 25 3 16 49 18 39 8 46 10 10 10 10 10 10 10 10 10 10
1 2 23 27
1 9 27 37 37 37 37 37 37 33 7
1 8 22 13 13 37 13 37 33 7
0 3 37 33 21
0 7 32 22 7 13 12 38 7
1 12 23 16 26 46 41 30 8 46 10 10 10 10
1 7 13 26 6 39 26 13 30
0 13 36 25 16 48 43 0 17 36 3 27 10 27 2
1 10 27 37 13 13 13 37 37 13 33 7
0 14 12 48 43 0 19 18 27 27 0 47 16 0 39 24
1 9 12 48 43 0 13 46 49 49 35
1 16 13 46 26 9 41 39 48 17 3 27 33 0 33 0 39 1
1 6 23 3 47 11 20 17
0 5 22 13 3 33 34
1 7 12 48 47 16 39 10 37
0 4 13 46 26 43
0 10 34 44 37 37 37 13 37 13 33 7
1 5 22 37 13 33 7
1 9 22 37 37 37 37 37 37 33 7
1 8 13 35 19 18 0 13 22 28
0 6 22 37 37 13 35 33
1 5 12 48 17 0 0
1 13 22 37 13 37 37 13 13 13 37 37 37 33 7
1 8 13 46 47 22 24 47 15 49
1 17 23 3 47 11 34 34 34 34 34 34 34 34 20 34 17 17 17
0 5 11 6 25 4 27
0 3 14 0 45
0 4 9 7 8 49
1 7 36 40 40 40 40 40 25
0 3 31 45 10
0 5 23 39 12 48 25
0 2 21 25
0 2 40 27
0 9 40 12 9 41 38 18 40 19 18
1 10 27 13 37 37 13 37 37 37 33 7
1 3 13 11 24
0 2 28 1
0 2 36 5
0 7 13 37 13 39 27 33 7
1 13 22 37 13 37 37 13 13 13 37 37 37 33 7
0 4 44 36 40 25
0 2 12 11
1 6 22 13 13 13 33 7
0 6 36 40 3 16 49 28
0 20 4 26 6 30 8 1 41 46 23 46 47 21 9 41 46 35 5 26 30 13
1 13 27 37 37 37 37 13 37 37 37 37 37 33 7
1 11 36 40 40 25 36 40 40 40 40 25 8
0 19 36 40 40 25 36 40 25 36 18 36 40 40 40 40 25 16 48 43 27
1 9 12 9 41 22 46 26 9 1 13
0 6 18 21 26 17 17 49
0 6 18 36 25 36 25 44
0 3 8 6 48
1 11 12 48 17 0 39 15 15 47 47 48 24
0 5 34 9 9 49 8
0 3 46 23 8
1 5 13 27 30 16 32
1 9 36 40 25 3 11 20 20 17 20
0 5 19 27 13 33 7
0 7 36 25 10 36 40 25 27
1 9 36 40 40 40 40 40 40 25 13
0 5 27 13 22 38 33
1 7 13 26 6 30 8 46 10
1 8 13 35 46 41 38 46 16 9
0 7 44 35 13 39 9 1 13
1 12 13 26 26 43 45 35 6 39 9 49 18 39
0 5 22 13 37 33 23
1 16 27 13 37 13 37 13 37 13 13 37 13 13 13 37 33 7
0 7 23 23 30 25 36 25 13
1 6 12 48 43 27 27 27
1 11 36 25 16 48 43 0 17 47 2 27 49
1 9 13 27 14 40 46 41 30 28 48
0 3 12 19 19
0 11 25 36 40 40 25 16 9 49 8 46 10
1 11 22 37 13 13 37 37 37 13 37 33 7
1 7 12 9 1 16 48 43 0
1 7 23 16 48 47 30 27 8
1 3 13 11 24
1 8 22 13 13 37 37 37 33 7
1 5 36 40 40 25 8
0 5 22 37 13 43 7
0 3 14 0 45
0 10 12 25 9 41 38 23 41 27 30 48
1 8 12 48 43 27 0 13 37 48
0 10 16 12 36 9 41 39 46 41 38 22
1 2 23 27
0 4 12 21 9 44
0 8 12 26 21 3 49 26 27 18
0 11 30 27 39 13 37 37 13 34 13 37 33
1 6 13 27 13 46 27 14
1 13 13 26 6 30 8 1 1 3 11 34 17 20 20
1 15 36 25 3 11 34 34 20 17 17 17 17 20 34 17 17
0 13 13 27 14 13 17 19 22 21 41 40 46 1 8
1 5 27 13 13 33 7
1 10 12 48 47 33 0 49 27 49 27 49
0 3 22 37 33
0 8 37 1 16 29 46 1 12 27
0 14 27 13 13 23 13 13 37 28 37 37 28 13 33 7
1 3 36 25 44
1 9 36 25 16 48 47 16 49 43 10
0 4 32 36 40 40
0 9 12 43 17 18 34 27 0 33 0
1 10 27 13 13 37 37 13 13 13 33 7
1 14 36 40 40 40 40 40 40 40 25 16 26 13 38 48
1 7 12 26 46 1 36 25 8
1 2 12 26
1 3 13 11 24
0 6 22 37 13 42 33 7
0 8 23 16 48 0 0 46 49 1
1 13 12 48 17 3 27 16 0 30 3 17 4 10 14
1 7 36 25 3 16 1 36 25
1 9 12 48 17 49 8 27 2 27 49
0 4 21 31 23 27
0 19 38 22 24 31 48 47 49 27 49 27 49 27 49 27 49 27 49 27 49
0 3 22 37 33
1 12 13 26 26 43 48 39 9 41 22 46 26 26
1 7 36 40 25 36 40 25 27
1 10 12 48 43 0 46 41 30 28 13 48
0 6 12 33 48 47 43 39
0 4 11 16 11 24
0 13 12 48 17 3 26 30 15 33 33 34 24 19 8
1 3 13 15 49
1 6 27 13 13 37 33 7
1 13 22 37 37 13 13 13 37 13 13 37 37 33 7
1 6 22 13 13 13 33 7
0 3 42 25 8
0 3 36 40 23
0 3 17 47 23
1 12 27 37 37 37 37 13 37 13 13 37 33 7
1 5 36 25 3 47 47
0 5 36 40 40 25 41
0 4 22 37 0 2
0 3 41 23 3
0 5 22 37 13 43 7
1 7 12 26 13 30 18 23 5
0 2 20 39
0 3 29 22 11
0 13 36 25 16 48 43 0 17 36 3 27 10 27 2
0 4 22 12 33 7
0 9 13 5 24 47 24 3 49 49 22
0 4 22 16 33 7
1 14 12 48 43 27 27 0 17 17 0 39 44 48 15 24
1 2 23 27
1 21 13 43 38 23 36 35 17 47 16 39 34 30 39 39 10 37 29 29 29 29 29
1 9 12 26 13 39 26 17 17 18 34
1 12 12 48 43 27 0 46 41 39 26 13 37 48
0 3 30 7 7
1 10 12 26 17 47 16 0 39 15 47 44
0 5 22 37 15 28 6
1 7 12 9 41 22 46 26 26
0 18 36 36 25 36 25 3 4 16 49 8 28 39 9 1 44 3 34 20
1 8 13 22 24 47 28 31 42 45
0 6 22 37 13 34 37 0
1 9 12 9 49 18 18 35 46 1 8
1 3 13 11 24
0 7 22 13 13 37 33 19 46
0 8 27 13 37 13 13 1 33 7
1 3 13 11 24
0 7 27 22 21 13 33 38 35
1 5 12 26 17 17 49
1 8 13 40 13 37 43 23 43 46
1 7 12 48 17 39 10 20 8
0 16 23 15 25 16 13 1 16 9 49 8 28 46 23 43 30 28
1 9 36 40 25 16 9 41 38 23 5
0 6 36 36 5 36 25 3
1 4 12 48 47 2
0 5 27 9 42 1 24
0 3 9 13 11
0 8 33 17 14 39 36 37 25 44
1 13 22 13 37 37 13 13 37 13 13 13 13 33 7
1 4 13 28 31 1
0 3 37 28 7
1 8 22 37 37 37 37 13 33 7
0 5 20 42 7 23 13
1 10 13 22 24 26 9 41 38 17 25 23
0 3 24 23 19
0 5 12 9 1 6 27
0 5 20 43 11 37 16
1 9 13 27 14 40 46 41 30 28 48
1 15 13 40 17 17 49 43 10 27 33 0 39 1 0 16 3
1 16 27 13 37 13 13 37 13 37 37 37 37 37 37 13 33 7
0 16 23 15 25 16 13 1 16 9 49 8 28 46 23 43 30 28
0 4 2 18 27 7
0 2 49 2
0 7 13 35 13 37 13 33 36
1 3 12 9 1
0 6 27 13 19 37 33 7
1 5 27 13 13 33 7
1 16 27 13 37 13 13 37 13 37 37 37 37 37 37 13 33 7
0 5 15 37 33 23 7
0 10 43 27 37 37 13 26 13 15 33 7
0 13 23 3 11 17 20 17 17 34 7 34 17 9 22
0 8 43 36 40 34 25 29 38 44
0 21 12 42 48 47 8 41 0 14 10 27 16 39 41 29 29 29 12 29 29 29 29
0 6 31 13 42 18 32 4
1 8 13 35 46 41 38 46 16 9
0 2 27 24
0 11 8 12 26 19 18 0 38 47 33 0 10
1 30 36 40 25 3 11 20 17 17 20 17 20 17 20 34 17 34 17 34 34 34 20 17 20 34 34 17 17 34 17 34
1 8 13 46 47 27 36 18 43 30
0 3 27 33 29
0 4 22 12 33 7
0 3 42 43 18
1 3 36 25 44
0 3 27 34 33
0 5 27 13 33 41 7
0 10 12 9 1 16 48 28 17 3 27 49
0 2 12 12
0 4 41 17 27 37
1 2 23 27
0 2 39 36
0 5 23 36 16 25 13
0 20 12 26 19 18 0 46 41 39 26 46 49 28 16 26 36 23 41 17 39 1
1 10 13 27 43 49 35 26 29 23 36 11
0 4 40 5 49 27
0 15 12 48 43 27 27 27 27 27 16 0 18 0 19 18 6
0 6 23 36 40 40 25 19
0 3 42 33 17
0 21 12 42 48 47 8 41 0 14 10 27 16 39 41 29 29 29 12 29 29 29 29
0 14 12 26 17 47 39 1 24 49 27 49 18 49 17 49
1 2 23 27
0 3 13 27 7
0 3 41 27 22
1 5 22 37 13 33 7
1 16 13 27 43 43 17 25 18 46 26 9 41 46 23 35 17 43
1 6 36 25 3 16 49 8
0 6 13 20 18 40 30 43
0 6 27 13 37 13 14 7
0 6 22 13 21 13 33 7
0 4 18 13 38 28
1 9 36 40 25 16 48 17 39 3 21
0 5 12 1 9 26 18
1 6 13 40 46 49 18 33
1 11 23 3 47 11 20 20 20 34 17 17 34
1 6 13 27 13 46 27 14
0 4 41 46 17 7
0 6 37 40 22 37 33 7
1 9 22 37 37 37 37 37 13 33 7
0 6 23 36 40 40 25 19
0 9 22 13 13 13 13 47 37 33 7
1 10 12 26 17 47 30 27 34 4 15 7
1 9 13 35 19 18 27 27 27 27 27
1 9 12 9 41 39 9 1 3 47 11
0 16 46 26 26 46 1 16 28 48 47 10 27 1 27 49 27 49
1 8 13 22 24 47 28 31 42 45
1 5 36 25 3 47 47
1 6 36 25 3 16 1 27
1 8 36 40 25 36 25 16 9 49
0 2 11 3
1 33 36 25 16 26 13 39 48 47 10 27 2 27 49 27 49 27 49 27 49 27 49 27 49 27 49 27 49 27 49 27 49 27 49
0 12 22 37 5 37 13 13 37 28 13 13 33 7
1 11 12 9 41 39 9 49 28 13 43 35 9
1 11 12 26 17 43 27 0 17 47 49 27 49
0 3 12 3 26
1 2 23 27
1 9 13 40 19 18 27 0 46 1 44
1 5 13 28 10 41 22
0 6 19 31 26 26 13 39
1 7 22 37 13 37 37 33 7
0 3 3 13 4
1 13 22 13 13 13 13 37 37 37 13 13 13 33 7
1 9 12 9 49 18 18 35 46 1 8
0 7 13 21 3 48 17 49 14
0 7 29 40 1 25 34 6 27
0 5 23 46 4 11 21
0 3 23 44 27
1 3 36 25 8
1 11 23 16 26 13 37 43 35 26 36 46 13
0 8 22 13 13 37 37 37 37 33
1 6 13 35 13 38 22 36
1 3 13 11 24
0 2 47 25
0 10 12 49 48 39 19 13 0 5 37 48
0 5 15 37 33 23 7
1 2 23 27
0 5 23 9 41 22 11
1 16 36 40 40 25 16 26 17 17 49 43 39 1 0 16 49 8
1 6 13 43 37 13 13 13
1 4 13 43 22 35
0 7 13 28 35 23 45 42 45
1 3 36 25 44
0 6 27 10 33 47 33 22
0 10 36 40 40 40 40 40 40 25 28 44
1 6 36 25 16 26 19 18
0 4 27 17 12 7
0 6 36 23 25 3 47 11
1 3 36 40 25
0 2 33 46
0 5 25 16 9 41 48
0 4 13 39 33 7
0 9 12 48 5 49 27 49 27 33 49
1 9 22 13 37 37 37 13 13 33 7
1 2 12 26
0 16 36 22 40 40 40 40 25 16 26 13 37 16 26 39 20 33
0 9 4 12 9 41 38 17 11 25 46
0 9 23 40 40 1 25 23 40 25 27
0 10 13 5 27 29 17 40 19 36 36 24
1 11 13 35 17 17 4 10 10 10 22 36 14
0 7 12 23 48 14 47 39 1
0 2 13 45
0 6 13 22 24 26 49 28
1 3 36 25 44
0 6 6 27 4 40 33 7
0 9 36 40 14 25 16 45 38 22 5
0 6 36 25 3 37 19 20
1 9 27 37 13 13 37 37 37 33 7
0 4 13 37 31 1
1 10 12 48 17 49 9 27 27 27 27 27
0 5 31 27 15 33 7
1 13 12 26 19 18 27 27 0 17 47 30 15 33 8
0 18 23 37 26 46 49 28 43 45 45 45 44 48 19 4 43 40 35 32
1 2 23 27
1 2 23 27
0 22 12 9 41 37 13 43 48 46 20 48 39 9 49 43 8 16 10 10 10 10 10 10
0 3 0 36 24
1 10 12 9 49 18 46 27 36 17 25 33
0 4 25 48 16 34
0 3 2 22 7
1 2 23 27
1 3 36 25 8
1 13 12 9 41 39 9 49 28 16 6 37 43 48 22
0 5 49 22 37 6 7
0 2 36 24
0 4 30 16 1 1
0 5 36 36 40 25 27
1 11 12 9 49 8 28 30 18 39 28 16 32
0 8 12 26 19 4 47 0 18 18
0 2 24 26
1 6 12 26 13 30 8 46
0 8 33 17 14 39 36 37 25 44
0 2 17 40
1 7 13 43 46 43 18 15 49
0 7 35 4 36 29 0 29 19
0 7 13 37 13 39 27 33 7
1 2 12 26
1 8 12 26 19 18 27 0 17 43
0 2 0 33
1 10 13 22 24 47 46 47 43 37 16 32
0 3 13 27 7
1 8 36 25 3 11 17 17 17 17
0 2 10 26
0 3 25 43 48
1 2 23 27
0 1 3
0 7 12 26 19 18 0 18 0
1 2 23 27
0 14 12 26 17 47 39 1 24 49 27 49 18 49 17 49
0 2 0 33
1 2 23 27
0 13 12 48 17 3 26 30 15 33 33 34 24 19 8
1 3 36 25 8
0 3 6 25 13
1 2 23 27
1 20 13 46 26 26 17 17 3 27 16 49 43 10 27 49 27 49 27 49 27 49
0 8 16 28 19 41 27 0 19 18
0 6 12 47 41 46 43 48
1 3 13 11 24
0 10 13 21 37 16 41 28 17 37 16 9
1 12 22 37 37 13 13 13 13 13 13 13 33 7
0 4 33 1 12 27
1 6 36 25 3 16 41 37
1 19 13 43 22 46 47 26 6 39 48 43 27 0 13 37 27 30 43 43 48
0 4 6 27 27 33
0 5 48 11 22 44 29
0 4 9 33 33 23
1 10 12 26 46 41 46 35 26 30 16 9
0 15 26 9 49 28 13 48 43 35 6 22 35 6 17 17 3
1 9 12 26 46 49 28 27 29 22 5
1 7 13 43 46 43 18 15 49
0 2 12 19
0 6 12 33 48 47 43 39
1 9 12 9 1 3 11 20 34 34 20
0 4 13 39 33 7
1 12 12 48 43 0 46 49 8 28 22 15 36 24
1 7 12 48 43 0 13 30 28
1 3 36 25 44
1 9 12 48 43 0 46 41 46 43 33
0 4 13 26 41 32
0 11 40 40 14 25 16 26 13 37 43 4 3
1 5 22 37 13 33 7
1 5 12 48 17 0 0
1 10 27 13 13 37 37 13 13 13 33 7
0 4 15 23 26 27
0 2 33 33
1 11 36 40 25 3 47 47 11 34 34 20 17
0 3 2 29 35
0 9 13 13 37 22 13 37 13 13 7
0 2 37 19
1 17 13 22 24 47 22 24 47 46 26 9 41 22 28 10 41 11 24
0 6 12 22 13 37 33 7
0 6 36 23 25 3 47 11
1 11 36 25 36 40 40 40 40 40 40 25 3
0 10 36 40 40 40 29 4 6 40 25 8
0 3 35 12 26
0 3 13 14 19
0 18 28 34 19 18 0 17 43 42 0 13 39 26 13 38 30 28 43 35
1 7 12 9 41 22 46 26 26
0 3 47 40 16
0 14 12 48 43 0 19 18 27 27 0 47 16 0 39 24
1 8 12 48 17 4 22 36 10 14
0 19 13 40 46 47 10 27 16 49 27 27 49 27 49 27 49 27 49 27 49
0 2 0 45
0 4 36 10 25 2
0 2 3 43
1 8 27 13 13 13 37 37 33 7
1 6 22 13 13 13 33 7
0 8 36 40 26 17 23 38 13 43
1 7 12 9 1 16 48 43 0
1 12 12 48 43 27 0 46 41 39 26 13 37 48
1 11 13 22 24 26 26 46 49 8 28 30 28
0 9 12 9 41 46 43 22 36 15 24
0 2 16 18
1 11 12 9 49 8 28 30 18 39 28 16 32
0 1 3
1 15 36 25 36 40 40 25 36 40 25 36 40 40 40 25 8
1 8 12 48 43 0 17 17 0 0
0 9 12 26 19 18 30 0 46 1 27
0 7 36 25 32 0 13 16 1
1 2 23 27
0 10 27 13 13 37 37 13 13 18 37 33
1 9 12 26 19 18 27 0 46 41 37
1 9 12 48 17 3 27 30 10 33 7
0 4 46 22 33 7
0 6 36 16 48 49 20 9
1 6 36 25 3 16 41 30
1 5 27 13 13 33 7
0 5 27 37 37 9 7
1 8 23 16 9 41 46 23 26 9
0 6 18 21 26 17 17 49
1 8 27 13 13 13 37 37 33 7
0 4 17 13 20 18
0 5 12 9 31 1 8
0 9 12 9 49 8 1 1 30 18 48
1 8 22 37 37 37 37 13 33 7
1 21 22 37 37 13 13 37 13 37 37 13 37 13 13 13 13 37 37 37 13 33 7
0 6 42 48 37 0 17 1
1 3 36 25 44
1 5 22 37 13 33 7
0 1 9
1 2 23 27
0 9 3 1 11 34 17 17 34 20 17
1 9 13 40 46 1 36 25 36 25 13
1 7 22 37 13 37 37 33 7
0 16 36 40 40 40 15 40 40 47 40 40 25 16 26 19 18 27
1 8 36 40 25 16 26 13 38 48
1 7 13 40 46 1 36 25 44
0 4 36 34 25 27
0 7 23 16 26 17 8 1 37
0 3 27 26 7
0 5 27 37 37 9 7
1 14 12 48 43 27 27 0 17 17 0 39 44 48 15 24
1 5 22 37 13 33 7
1 9 12 26 46 49 18 17 25 23 5
1 9 27 37 13 13 37 37 37 33 7
0 5 40 40 40 32 0
0 4 13 17 13 7
1 3 13 15 49
1 3 13 11 24
0 4 40 33 32 7
0 3 13 1 27
1 9 12 9 41 39 9 1 3 47 11
0 22 12 9 41 37 13 43 48 46 20 48 39 9 49 43 8 16 10 10 10 10 10 10
1 10 23 3 16 49 28 27 29 22 36 11
0 6 22 13 33 18 22 7
1 8 23 16 26 13 22 43 38 33
0 3 0 36 24
1 11 22 13 13 13 13 13 13 13 37 33 7
1 3 36 25 8
0 4 26 36 25 5
