1093 50
0 6 11 43 27 13 43 27
0 9 11 43 27 43 27 15 20 11 11
0 21 11 11 43 27 11 11 15 48 43 27 43 43 27 43 15 41 20 27 15 20 27
0 9 6 22 41 25 41 41 36 29 12
0 10 33 27 9 27 15 48 11 43 7 27
1 13 49 29 13 43 8 49 33 16 11 15 20 27 11
0 3 13 40 28
1 8 11 43 27 43 27 15 20 27
1 6 13 46 39 49 30 38
0 3 10 33 27
0 6 33 27 41 37 41 15
0 3 11 25 15
1 6 13 12 22 25 31 43
0 16 33 27 15 48 15 48 43 15 20 27 43 27 43 27 43 27
0 7 1 43 27 43 26 27 43
1 9 7 22 25 31 41 11 30 0 36
0 3 35 29 44
0 2 41 40
1 7 49 30 11 8 29 49 33
1 6 6 31 37 26 33 25
0 8 7 8 39 49 34 6 12 33
1 6 7 8 25 43 8 24
1 18 33 27 43 27 15 20 27 11 43 27 15 48 43 27 43 27 43 27
1 10 6 31 31 37 26 33 25 29 46 36
0 3 13 40 28
1 15 49 41 19 41 41 0 15 22 12 19 12 31 8 14 14
0 9 13 29 41 39 34 17 29 46 34
1 5 11 11 43 27 11
1 6 6 36 29 15 37 26
0 6 49 29 36 28 13 43
1 7 6 31 41 41 36 29 32
1 5 11 43 27 15 48
1 13 6 41 31 41 37 41 37 26 33 17 24 33 28
0 2 39 40
0 2 24 12
1 7 13 15 36 29 13 33 25
0 4 11 24 25 35
0 10 6 37 41 34 31 36 29 16 32 28
0 9 6 22 41 25 41 41 36 29 12
1 15 13 15 37 37 31 37 41 37 37 31 37 41 26 33 28
1 6 13 12 8 25 42 40
0 12 6 31 26 33 17 24 26 17 29 36 17 24
0 24 33 27 43 27 11 43 15 27 43 27 43 27 15 20 27 11 43 27 11 11 15 48 43 27
0 8 11 32 15 20 27 11 15 20
1 6 6 41 37 26 33 28
0 3 15 20 27
0 3 27 27 40
0 8 11 11 13 27 43 27 15 48
0 10 49 35 25 33 19 38 15 15 49 31
0 6 2 13 15 27 9 15
1 8 33 27 43 27 43 27 15 48
0 6 13 41 10 25 18 40
1 13 33 27 43 27 15 20 27 11 11 43 27 11 15
0 19 49 6 39 30 1 26 34 6 6 29 33 33 6 34 27 8 31 25 26
1 24 11 15 48 15 48 11 43 27 43 27 43 27 43 27 11 43 27 15 48 15 48 11 15 48
0 11 11 43 43 27 15 20 27 20 48 27 15
1 7 6 26 33 17 29 12 43
1 9 33 27 43 27 15 48 15 48 11
1 12 11 43 27 43 27 15 20 27 15 48 43 27
1 40 33 27 43 27 43 27 15 20 27 11 43 27 11 11 43 27 11 11 11 43 27 43 27 43 27 43 27 43 27 15 20 27 15 48 43 27 43 27 11 11
1 10 6 41 41 31 36 29 15 31 41 26
0 3 28 13 32
1 11 13 15 26 33 17 24 33 17 24 33 28
1 17 11 11 11 43 27 43 27 11 15 20 27 43 27 43 27 43 27
1 9 13 12 8 25 42 7 41 42 40
0 9 11 49 35 4 27 1 15 22 31
1 5 7 41 31 8 34
0 8 13 39 39 39 15 26 18 42
1 6 7 8 25 43 8 24
1 15 11 11 11 15 20 27 11 15 20 27 43 27 43 27 15
0 9 6 37 41 37 41 17 22 36 24
0 4 49 23 40 9
0 6 33 27 41 37 41 15
1 9 33 27 43 27 11 11 43 27 11
1 18 33 27 11 15 48 43 27 43 27 15 48 11 11 11 11 15 48 15
0 13 6 41 41 36 24 33 25 33 17 44 24 33 28
0 8 41 46 22 49 31 8 14 14
0 3 23 38 44
1 9 49 41 14 40 40 12 1 29 44
1 14 11 43 27 11 43 27 15 48 43 27 11 11 11 11
0 2 23 11
0 11 49 35 9 17 16 33 27 43 27 31 15
0 9 33 27 18 43 43 27 15 20 9
1 18 13 15 41 37 36 24 33 17 29 46 25 11 6 2 16 7 22 34
1 8 49 6 2 16 11 11 43 27
1 8 11 15 20 27 11 15 20 27
1 2 11 11
1 3 13 39 32
0 6 11 43 27 13 43 27
1 10 6 37 31 41 37 37 36 24 33 25
1 6 49 29 36 13 42 40
0 3 28 11 15
1 37 7 22 39 7 22 25 18 6 31 37 36 29 39 12 8 25 18 13 13 33 17 29 39 12 8 25 31 41 31 41 11 30 42 10 29 49 10
0 8 11 19 15 20 27 15 20 27
0 3 31 30 23
0 3 2 41 26
0 10 49 41 45 32 0 23 42 10 29 7
1 2 11 11
0 8 11 15 48 15 20 27 43 48
0 4 45 7 18 41
0 10 49 41 2 0 7 12 31 19 25 36
1 7 33 27 43 27 11 15 48
1 14 49 41 19 49 1 41 1 23 41 14 12 31 45 9
0 10 33 43 27 11 11 39 5 27 43 27
0 6 15 39 36 25 20 33
0 10 33 43 27 11 11 39 5 27 43 27
1 10 49 35 25 29 36 13 18 6 41 26
1 5 7 41 42 7 43
0 13 22 26 45 33 44 17 29 13 33 17 29 46 34
1 36 33 27 11 11 43 27 43 27 11 43 27 43 27 11 15 48 15 20 27 15 20 27 11 15 48 43 27 11 43 27 43 27 15 48 11 11
0 7 11 22 11 43 27 21 27
0 5 13 39 12 28 36
0 4 6 4 8 16
1 9 6 41 26 33 25 29 13 33 28
1 13 49 41 14 40 40 12 1 29 36 13 42 13 32
0 5 31 31 26 17 24
0 8 11 4 43 27 11 15 20 27
0 3 0 29 40
1 18 13 15 41 37 36 24 33 17 29 46 25 11 6 2 16 7 22 34
0 4 11 15 20 31
0 6 15 39 36 25 20 33
1 7 6 31 41 41 26 33 17
0 2 33 6
0 2 13 36
0 9 15 49 29 19 33 13 31 22 16
0 5 6 36 31 41 45
1 6 49 30 42 15 31 43
0 14 33 27 43 27 43 41 11 11 43 27 15 48 11 11
0 3 13 6 48
0 37 14 33 27 11 11 43 27 15 48 15 20 27 43 27 11 15 48 15 20 27 43 27 11 11 43 27 43 27 11 43 27 15 20 27 15 20 27
0 39 46 25 11 6 32 39 26 33 6 29 29 33 27 15 26 34 34 29 33 34 27 15 1 43 13 6 33 33 6 33 29 27 31 39 1 26 29 33 27
1 17 33 27 15 48 43 27 11 15 48 43 27 11 11 43 27 43 27
1 12 33 27 43 27 15 48 43 27 15 20 27 15
0 8 24 21 11 16 25 27 7 22
1 7 11 11 11 11 43 27 15
1 53 49 6 39 1 26 34 34 34 29 6 29 34 33 33 6 29 27 31 33 16 22 39 1 1 26 29 29 34 33 34 27 18 29 34 33 33 29 6 33 6 6 33 34 6 27 15 43 26 15 43 26 31 26
1 6 6 37 36 24 33 28
0 5 10 43 44 4 40
0 15 33 27 43 27 43 27 43 15 27 43 27 11 11 15 20
0 2 26 41
0 10 49 29 3 25 23 3 45 23 30 12
1 9 6 41 26 33 25 29 13 33 28
0 13 6 41 31 15 49 37 25 31 41 36 29 39 32
0 10 8 1 41 26 33 25 24 15 33 28
1 9 13 39 13 33 25 29 13 33 17
0 8 7 8 25 18 13 39 25 29
0 3 49 45 40
0 3 33 16 27
1 5 13 46 39 7 43
1 7 49 30 11 45 13 36 28
0 3 15 20 27
1 13 6 41 31 41 37 41 37 26 33 17 24 33 28
1 9 6 31 26 33 25 29 12 22 36
0 6 15 41 37 37 6 32
1 14 49 41 19 15 0 2 23 29 36 36 36 13 18 40
1 20 33 27 43 27 11 11 11 15 20 27 43 27 11 15 20 27 11 43 27 11
1 7 6 31 41 31 37 36 24
1 22 7 41 42 33 27 43 27 11 11 15 20 27 11 15 20 27 11 15 48 11 11 11
0 4 11 43 18 27
0 37 14 33 27 11 11 43 27 15 48 15 20 27 43 27 11 15 48 15 20 27 43 27 11 11 43 27 43 27 11 43 27 15 20 27 15 20 27
0 3 15 33 13
1 7 49 35 8 24 16 33 27
0 5 6 26 36 29 32
1 8 11 15 20 27 11 15 20 27
0 18 6 26 38 33 17 29 4 15 37 37 31 31 31 26 33 29 46 41
1 18 11 43 27 11 43 27 11 11 15 48 43 27 15 48 43 27 43 27
0 18 33 27 11 43 27 42 48 43 27 15 48 11 15 48 43 27 11 15
1 10 6 37 31 41 37 37 36 24 33 25
1 3 7 8 39
0 2 12 7
1 11 11 15 20 27 43 27 43 27 15 48 11
0 1 7
0 5 6 36 39 29 32
1 12 11 15 20 27 15 20 27 11 11 11 43 27
1 12 13 36 25 24 33 17 24 33 17 29 12 43
1 12 6 31 41 37 36 29 13 33 25 24 33 28
1 5 49 30 45 15 39
1 5 13 13 33 17 29
1 37 7 22 39 7 22 25 18 6 31 37 36 29 39 12 8 25 18 13 13 33 17 29 39 12 8 25 31 41 31 41 11 30 42 10 29 49 10
1 9 33 27 43 27 11 11 43 27 11
1 14 11 11 15 48 15 20 27 43 27 11 11 43 27 11
0 7 3 9 6 41 36 24 26
0 5 11 43 27 43 11
1 5 6 31 41 31 26
0 30 33 27 15 48 43 27 7 15 20 27 11 43 27 43 27 43 27 27 43 27 43 27 43 27 11 15 48 15 20 27
1 7 7 8 39 33 27 43 27
0 5 34 7 46 29 18
0 7 7 6 26 33 25 29 16
1 3 49 30 24
1 7 11 11 43 27 11 43 27
0 2 15 37
0 5 13 22 10 27 41
1 8 6 31 37 31 31 31 41 26
0 24 49 35 47 0 41 41 49 12 23 35 9 43 33 27 11 7 11 11 11 15 20 42 27 15
1 10 33 27 15 20 27 15 48 15 48 15
1 7 6 31 41 31 37 36 24
1 9 6 41 37 37 31 37 37 41 26
1 8 7 41 43 45 7 41 42 49
0 6 13 41 10 25 18 40
0 12 16 36 37 25 29 17 24 33 2 29 36 28
1 14 33 27 43 27 43 27 11 11 43 27 11 15 20 27
1 9 49 35 25 41 1 38 9 16 49
1 17 49 35 3 47 0 41 22 40 12 31 19 49 31 1 23 6 2
0 3 26 35 25
0 5 13 39 12 28 36
0 5 13 12 22 22 20
0 10 33 27 43 11 5 20 27 11 43 27
1 14 11 11 11 43 27 11 43 27 11 43 27 15 48 11
1 6 11 15 48 11 11 15
0 37 11 15 48 11 11 15 20 27 43 27 43 27 11 15 48 11 43 27 11 11 42 15 48 11 15 48 11 11 43 27 15 20 11 15 48 43 27
1 6 6 31 36 29 39 32
0 4 23 49 19 35
1 4 6 31 37 36
1 10 6 41 41 31 36 29 15 31 41 26
0 2 33 41
1 4 11 15 48 15
0 8 13 43 14 39 12 41 29 40
1 7 6 26 33 25 24 33 28
0 14 33 27 27 15 27 43 27 43 27 22 15 48 43 27
1 7 13 13 33 17 24 33 28
1 11 6 36 24 33 25 24 33 25 24 33 25
1 9 6 36 24 33 25 29 39 36 28
1 25 11 11 15 20 27 43 27 43 27 11 15 48 43 27 11 43 27 43 27 11 43 27 43 27 15
0 8 11 11 13 27 43 27 15 48
0 8 11 32 15 20 27 11 15 20
0 2 17 2
0 3 29 49 6
0 10 11 15 20 13 27 11 43 27 15 7
1 19 33 27 43 27 11 11 11 43 27 15 20 27 11 11 11 43 27 43 27
0 6 49 6 9 37 23 27
0 8 33 27 15 20 27 43 27 43
1 23 6 31 37 31 37 41 36 29 12 8 25 43 45 6 41 31 37 31 26 33 25 29 32
0 10 49 29 3 25 23 3 45 23 30 12
1 17 33 27 43 27 43 27 15 48 15 20 27 15 20 27 11 43 27
1 18 33 27 11 43 27 15 20 27 11 11 11 11 11 43 27 11 15 48
0 3 33 16 48
0 5 11 15 7 11 11
1 9 49 6 39 43 26 31 40 8 24
0 3 41 35 38
0 13 6 37 41 37 41 37 31 31 49 26 33 25 24
1 9 49 29 13 11 6 9 22 19 12
0 7 15 43 33 25 29 36 17
1 9 13 12 8 25 42 7 41 42 40
0 5 33 48 44 33 27
1 7 6 41 36 24 33 17 29
1 9 6 37 31 37 31 37 26 33 25
0 5 33 48 44 33 27
1 53 49 6 39 1 26 34 34 34 29 6 29 34 33 33 6 29 27 31 33 16 22 39 1 1 26 29 29 34 33 34 27 18 29 34 33 33 29 6 33 6 6 33 34 6 27 15 43 26 15 43 26 31 26
0 5 34 7 46 29 18
1 5 6 31 41 31 26
1 6 13 15 26 33 25 24
1 9 33 27 11 11 15 20 27 11 11
0 3 46 48 1
0 3 33 16 27
0 4 24 7 8 33
1 4 7 41 18 49
0 4 6 41 41 24
0 8 11 11 15 46 15 48 15 48
0 10 11 15 36 46 20 26 27 19 48 15
0 10 49 41 45 32 0 23 42 10 29 7
1 27 33 27 15 48 15 48 11 43 27 15 20 27 15 48 43 27 11 43 27 11 43 27 11 15 20 27 15
0 6 13 33 8 30 37 13
0 5 7 22 39 6 11
0 3 43 7 11
1 12 49 35 45 6 31 36 29 36 17 24 33 25
1 8 6 41 41 37 31 26 33 28
0 3 13 17 34
0 4 49 38 29 44
1 9 6 31 26 33 25 29 12 22 36
0 16 33 27 15 48 15 48 43 15 20 27 43 27 43 27 43 27
0 7 18 15 37 9 29 46 34
0 1 42
1 15 33 27 11 43 27 43 27 11 15 48 43 27 43 27 11
1 11 33 27 11 15 20 27 15 48 15 20 27
0 18 33 27 11 43 27 42 48 43 27 15 48 11 15 48 43 27 11 15
0 3 40 42 3
0 4 10 37 43 27
1 12 49 41 1 23 41 45 47 43 15 46 4 26
0 3 6 28 29
0 3 31 30 23
0 23 7 22 25 18 11 3 43 19 27 15 48 43 27 11 15 20 27 15 20 27 27 11 15
0 2 22 40
1 7 6 31 37 31 37 31 26
0 31 11 43 31 43 18 43 27 43 27 43 27 15 20 27 15 20 27 43 27 43 27 11 15 20 27 43 27 15 20 27 15
1 13 6 41 37 31 26 33 25 29 36 25 29 39 32
0 6 49 30 45 3 4 11
1 12 6 31 41 37 36 29 13 33 25 24 33 28
0 8 6 32 36 29 36 17 29 36
1 7 7 22 39 33 27 15 48
1 5 13 13 33 17 29
1 2 11 11
0 4 37 17 29 29
0 3 32 6 9
1 4 13 15 41 36
1 10 13 36 17 29 13 33 25 24 33 28
1 14 7 41 42 6 31 26 33 17 24 33 25 29 46 34
0 3 4 23 15
1 7 13 36 17 29 12 8 34
0 14 49 41 45 9 35 24 35 49 6 40 3 47 43 14
0 4 18 49 29 3
1 8 6 41 41 37 31 26 33 28
0 6 49 33 27 43 27 15
0 5 6 36 29 36 29
1 14 49 6 39 43 26 31 2 16 7 22 25 18 7 43
1 39 33 27 11 15 20 27 11 11 11 11 43 27 43 27 43 27 11 43 27 15 20 27 11 43 27 15 48 11 15 20 27 43 27 11 43 27 15 20 27
0 5 11 10 18 11 27
0 5 7 22 39 6 11
0 1 41
1 9 13 39 13 33 25 24 33 17 24
1 15 49 35 25 35 8 29 44 29 24 16 33 27 15 20 27
1 18 33 27 11 15 48 43 27 43 27 15 48 11 11 11 11 15 48 15
0 4 20 7 7 34
0 11 6 31 31 37 37 31 26 33 17 27 28
1 6 11 11 43 27 43 27
0 8 49 28 14 40 3 23 23 30
1 7 13 36 17 29 39 12 43
1 9 6 31 31 41 41 41 26 33 17
1 9 33 27 43 27 15 48 15 48 11
0 9 6 36 38 24 22 27 29 40 32
0 13 22 26 45 33 44 17 29 13 33 17 29 46 34
0 8 35 3 11 10 20 32 27 15
1 9 49 6 39 43 26 31 40 8 24
1 7 6 31 37 31 37 31 26
1 11 33 27 43 27 15 20 27 43 27 43 27
0 4 8 7 22 41
1 5 11 11 43 27 11
1 15 49 35 25 35 8 29 44 29 24 16 33 27 15 20 27
1 17 33 27 15 20 27 15 20 27 43 27 15 48 15 48 15 20 27
1 13 11 43 27 11 15 20 27 11 15 48 43 27 15
1 14 11 11 11 43 27 11 43 27 11 43 27 15 48 11
1 4 13 15 41 36
1 7 6 26 33 25 24 33 28
0 3 3 18 17
0 2 34 11
1 12 49 30 42 10 29 7 3 25 23 6 9 36
0 19 11 15 20 27 43 27 43 49 27 43 27 11 43 27 15 48 15 20 27
0 14 49 41 45 9 35 24 35 49 6 40 3 47 43 14
1 11 7 8 25 11 30 0 22 9 22 19 12
1 9 11 43 27 15 48 11 15 48 15
0 8 6 32 36 29 36 17 29 36
1 8 11 43 27 11 43 27 11 15
0 22 6 31 41 41 36 29 17 29 36 25 29 13 33 25 29 36 17 29 40 46 17 22
0 3 26 33 28
1 12 49 35 45 6 31 36 29 36 17 24 33 25
1 17 49 29 13 11 30 42 39 3 25 38 25 29 13 18 13 12 43
1 19 6 36 29 13 33 17 24 33 25 29 15 41 36 24 33 25 24 33 28
0 6 27 11 11 37 0 27
0 5 6 29 29 32 36
1 7 49 35 45 6 31 36 24
0 7 29 36 36 40 24 36 27
1 4 6 31 37 36
0 3 46 13 19
0 3 33 15 48
0 4 24 7 8 33
0 2 22 6
1 14 13 12 22 25 31 41 42 11 15 20 27 15 48 11
1 7 13 15 36 29 13 33 25
1 3 13 39 32
0 3 41 35 38
1 12 7 22 39 6 31 31 37 31 26 33 17 24
0 10 8 1 41 26 33 25 24 15 33 28
1 9 13 39 13 33 25 29 13 33 17
1 8 49 6 32 9 22 19 0 36
0 5 6 41 19 36 24
0 31 11 43 31 43 18 43 27 43 27 43 27 15 20 27 15 20 27 43 27 43 27 11 15 20 27 43 27 15 20 27 15
0 10 6 31 37 37 37 7 31 26 33 17
0 14 6 31 37 26 33 17 19 24 33 22 25 14 24 33
0 4 24 30 0 36
0 2 33 41
0 8 7 22 17 22 43 45 43 43
0 9 49 41 8 38 1 35 23 29 44
1 7 7 22 39 33 27 15 48
1 8 49 6 2 16 11 11 43 27
1 7 13 39 12 41 43 3 9
0 14 29 13 15 31 37 36 29 15 37 41 31 26 33 25
1 6 7 41 18 7 8 16
1 7 7 8 39 33 27 43 27
1 7 6 26 33 17 29 12 43
0 4 13 44 15 26
0 14 33 27 43 27 43 41 11 11 43 27 15 48 11 11
0 3 27 27 40
0 4 6 37 31 31
1 36 33 27 11 11 43 27 43 27 11 43 27 43 27 11 15 48 15 20 27 15 20 27 11 15 48 43 27 11 43 27 43 27 15 48 11 11
0 2 26 41
1 5 13 39 15 37 26
0 3 40 42 3
0 4 47 4 12 43
0 3 23 13 13
0 35 33 27 43 27 15 48 11 43 27 43 27 5 27 43 27 43 27 11 15 48 15 11 27 15 20 27 11 11 43 27 15 20 27 43 27
0 4 49 32 26 27
1 27 33 27 15 48 15 48 11 43 27 15 20 27 15 48 43 27 11 43 27 11 43 27 11 15 20 27 15
0 2 46 29
1 8 7 22 25 11 6 9 22 11
0 2 32 0
0 6 13 33 8 30 37 13
0 5 2 8 35 8 49
1 12 7 41 18 13 13 33 17 29 15 26 33 25
1 12 6 31 31 37 37 41 31 41 36 24 33 28
0 2 42 35
0 20 11 11 15 20 27 43 27 43 27 11 15 48 43 27 11 11 43 11 11 15
1 8 11 11 11 11 11 11 11 11
0 2 13 36
1 4 7 41 18 40
1 6 13 15 26 33 25 24
0 9 6 37 37 31 16 36 24 33 28
1 6 6 37 36 24 33 28
0 3 9 33 17
1 18 11 43 27 11 43 27 11 11 15 48 43 27 15 48 43 27 43 27
0 3 46 13 19
0 11 33 27 15 48 8 43 27 43 27 43 27
1 18 11 11 15 20 27 11 15 48 43 27 15 48 43 27 43 27 11 15
1 6 49 35 8 24 16 13
0 8 33 27 15 20 27 43 27 43
1 10 6 41 26 33 17 24 33 25 29 13
1 6 49 35 4 27 17 30
0 4 7 8 33 16
0 11 7 41 17 12 5 49 41 6 6 6 6
0 6 26 27 15 20 4 27
0 4 11 48 30 40
0 1 46
0 3 23 13 13
0 3 15 33 13
1 18 33 27 43 27 15 20 27 11 43 27 15 48 43 27 43 27 43 27
1 10 13 36 17 29 13 33 25 24 33 28
1 15 6 36 29 15 31 26 33 17 24 33 17 29 39 46 41
0 5 18 38 6 43 27
0 4 49 30 16 38
0 1 7
1 13 6 41 37 31 26 33 25 29 36 25 29 39 32
0 4 18 49 29 3
0 21 33 27 15 20 27 43 27 15 48 15 48 43 27 43 27 11 11 43 27 11 27
1 8 33 27 11 11 15 20 27 15
1 12 13 36 25 24 33 17 24 33 17 29 12 43
1 14 49 30 42 10 29 7 8 24 16 6 31 26 33 17
0 6 49 29 36 28 13 43
1 20 33 27 43 27 11 11 11 15 20 27 43 27 11 15 20 27 11 43 27 11
1 10 6 41 26 33 17 24 33 25 29 13
1 17 33 27 15 20 27 15 20 27 43 27 15 48 15 48 15 20 27
0 1 41
0 1 42
1 12 11 15 20 27 15 20 27 11 11 11 43 27
0 7 11 22 11 43 27 21 27
0 2 22 40
1 16 49 30 11 4 22 40 4 22 40 3 47 22 40 12 12 23
0 15 7 41 6 2 16 6 41 36 24 33 17 29 39 46 16
0 5 11 15 7 11 11
1 9 13 36 25 24 33 17 24 33 28
0 5 33 27 43 27 20
1 10 6 26 33 17 29 36 25 29 12 43
1 4 6 31 41 26
1 23 6 31 37 31 37 41 36 29 12 8 25 43 45 6 41 31 37 31 26 33 25 29 32
0 2 46 40
1 17 33 27 15 20 27 11 43 27 11 15 20 27 15 20 27 43 27
0 6 22 39 49 6 45 27
0 8 11 11 15 46 15 48 15 48
0 3 40 39 32
1 15 49 41 19 41 41 0 15 22 12 19 12 31 8 14 14
1 8 7 41 43 45 7 41 42 49
0 10 11 15 20 27 15 48 2 7 39 11
0 2 21 7
0 3 40 39 32
0 1 22
1 11 11 15 20 27 43 27 43 27 15 48 11
0 16 6 41 40 43 29 36 17 29 24 39 2 46 25 27 7 43
0 12 7 41 43 45 49 35 3 25 23 30 35 27
0 2 23 11
0 4 13 36 0 42
0 3 33 15 28
0 4 38 26 33 28
1 5 13 15 26 33 28
1 14 11 43 27 15 48 15 48 11 15 48 15 20 27 15
0 7 6 36 24 33 43 13 28
0 9 13 29 41 39 34 17 29 46 34
0 14 33 27 15 20 49 11 43 27 11 27 11 11 43 27
0 6 13 15 30 37 41 26
1 12 7 22 39 6 31 31 37 31 26 33 17 24
1 6 13 12 8 25 42 40
1 7 13 36 17 29 12 8 34
0 9 11 15 20 27 43 27 31 41 15
0 10 11 15 36 46 20 26 27 19 48 15
1 7 11 43 27 43 27 43 27
1 15 33 27 43 27 15 48 15 20 27 15 48 15 20 27 11
0 1 22
1 14 11 43 27 15 48 15 48 11 15 48 15 20 27 15
0 4 6 37 31 31
0 4 10 37 43 27
1 10 11 15 48 15 20 27 11 15 48 11
1 10 13 12 41 43 3 9 35 25 29 44
0 3 9 33 17
0 5 6 36 24 33 27
0 2 21 7
0 2 29 0
1 6 49 29 36 13 42 40
0 7 33 27 34 15 20 27 15
1 5 13 39 15 37 26
1 14 49 41 19 15 0 2 23 29 36 36 36 13 18 40
0 3 6 28 29
1 10 6 41 36 24 33 17 29 12 8 41
1 18 33 27 15 48 15 48 15 48 11 11 43 27 15 20 27 43 27 15
0 1 46
0 5 11 10 18 11 27
0 4 47 4 12 43
0 11 11 43 43 27 15 20 27 20 48 27 15
0 4 49 23 40 9
0 9 11 15 48 43 27 6 15 27 15
1 7 6 41 41 36 24 33 17
0 17 11 15 48 11 43 27 43 27 11 43 27 15 33 20 27 43 27
1 7 11 11 43 27 11 43 27
1 6 6 31 41 41 36 24
1 18 11 11 15 20 27 11 15 48 43 27 15 48 43 27 43 27 11 15
1 14 7 41 42 6 31 26 33 17 24 33 25 29 46 34
0 3 3 18 17
0 3 4 23 15
0 3 12 36 24
1 13 13 15 41 31 37 31 31 41 41 36 24 33 28
0 18 33 27 21 14 27 15 20 27 15 48 45 27 11 43 27 43 27 11
1 22 11 11 43 27 11 11 11 11 15 20 27 15 20 27 43 27 43 27 43 27 11 15
1 14 49 30 42 10 29 7 8 24 16 6 31 26 33 17
1 5 13 12 22 17 20
0 6 49 33 27 43 27 15
0 13 6 41 41 36 24 33 25 33 17 44 24 33 28
0 3 33 18 27
0 5 7 39 42 33 27
0 6 43 21 28 27 20 27
0 6 6 26 33 17 29 46
1 22 11 11 43 27 11 11 11 11 15 20 27 15 20 27 43 27 43 27 43 27 11 15
1 16 6 31 37 36 29 15 31 36 24 33 17 24 33 17 29 32
0 6 7 26 13 31 13 26
1 25 11 11 15 20 27 43 27 43 27 11 15 48 43 27 11 43 27 43 27 11 43 27 43 27 15
1 3 49 30 24
0 2 8 33
1 7 13 39 15 36 24 33 25
0 1 7
0 14 33 27 27 15 27 43 27 43 27 22 15 48 43 27
1 7 6 31 37 41 26 33 28
1 17 49 35 3 47 0 41 22 40 12 31 19 49 31 1 23 6 2
1 17 33 27 43 27 43 27 15 48 15 20 27 15 20 27 11 43 27
1 9 7 22 25 31 41 11 30 0 36
1 15 11 11 11 15 20 27 11 15 20 27 43 27 43 27 15
1 8 6 31 41 36 29 36 17 24
0 5 7 39 42 33 27
0 4 24 30 0 36
1 16 49 30 11 4 22 40 4 22 40 3 47 22 40 12 12 23
1 5 7 41 31 8 34
1 18 11 11 15 48 43 27 43 27 11 43 27 11 43 27 11 15 48 15
1 6 7 22 39 6 36 29
0 8 6 41 41 37 26 33 24 28
1 14 49 41 19 49 1 41 1 23 41 14 12 31 45 9
0 7 18 15 37 9 29 46 34
1 17 49 30 45 15 25 22 32 40 8 29 29 24 16 11 15 20 27
0 2 18 28
0 3 39 48 27
0 3 11 25 15
1 4 11 15 48 15
0 2 18 19
0 7 28 2 5 6 41 31 26
0 6 6 26 33 32 38 28
1 7 13 39 36 25 24 33 28
1 17 49 6 39 26 29 34 27 15 43 26 31 9 27 7 38 9 16
0 1 42
1 16 6 31 37 36 29 15 31 36 24 33 17 24 33 17 29 32
1 9 6 37 31 37 31 37 26 33 25
0 4 33 27 39 27
1 10 49 35 9 16 11 43 27 15 20 27
0 20 33 27 15 20 27 11 11 43 27 15 20 27 43 26 27 11 43 27 43 27
1 8 11 43 27 11 43 27 11 15
1 5 7 41 42 7 43
0 1 22
0 8 33 27 15 48 43 27 16 15
0 5 35 46 17 25 17
0 5 10 43 44 4 40
1 17 49 29 13 11 30 42 39 3 25 38 25 29 13 18 13 12 43
0 4 11 24 25 35
0 4 49 48 8 14
1 34 33 27 11 43 27 43 27 43 27 43 27 15 20 27 43 27 11 43 27 11 43 27 15 48 43 27 15 20 27 11 15 20 27 15
0 4 49 38 29 44
1 19 6 36 29 13 33 17 24 33 25 29 15 41 36 24 33 25 24 33 28
0 9 33 27 46 43 49 14 43 30 27
0 7 28 2 5 6 41 31 26
1 7 13 36 25 29 13 33 28
0 8 21 2 26 33 17 24 29 31
0 5 7 8 27 8 40
1 13 11 43 27 11 15 20 27 11 15 48 43 27 15
0 2 32 0
1 11 33 27 43 27 15 48 43 27 15 48 15
0 20 33 27 43 27 15 27 11 43 27 43 27 11 43 27 43 27 43 27 14 11
0 2 29 0
0 5 6 31 36 46 34
1 8 6 37 37 37 37 41 36 29
0 2 33 6
1 12 33 27 43 27 15 48 43 27 15 20 27 15
0 4 45 7 18 41
1 7 6 41 36 29 36 25 24
0 5 18 38 6 43 27
0 3 26 35 25
0 6 6 26 33 32 38 28
1 2 11 11
1 7 11 11 11 11 43 27 15
0 7 8 6 16 26 33 17 29
0 7 33 27 34 15 20 27 15
0 7 33 27 5 15 48 43 27
0 4 49 35 8 48
1 5 13 12 22 17 20
1 2 11 11
0 2 8 33
1 8 11 11 11 11 11 11 11 11
1 7 33 27 43 27 11 15 48
1 23 33 27 15 48 11 15 48 15 48 15 48 43 27 11 15 20 27 43 27 43 27 43 27
0 4 7 8 33 16
0 1 41
0 3 46 8 16
0 5 7 8 27 8 40
0 5 33 27 20 15 11
0 8 33 15 18 20 43 27 15 27
0 5 6 36 39 29 32
0 4 42 15 44 34
1 12 49 35 8 29 44 24 16 7 41 11 29 44
1 11 6 37 31 31 31 41 37 37 41 41 26
0 14 12 31 37 26 36 33 25 29 39 13 33 17 24 33
1 8 49 35 25 29 13 11 6 2
1 7 13 13 33 17 24 33 28
1 10 6 31 31 37 26 33 25 29 46 36
0 3 39 48 27
0 5 33 27 19 14 39
0 8 13 43 14 39 12 41 29 40
1 17 11 11 11 43 27 43 27 11 15 20 27 43 27 43 27 43 27
0 3 20 18 16
0 9 33 27 46 43 49 14 43 30 27
0 2 18 28
0 35 33 27 43 27 15 48 11 43 27 43 27 5 27 43 27 43 27 11 15 48 15 11 27 15 20 27 11 11 43 27 15 20 27 43 27
1 20 49 29 36 36 36 36 36 13 11 41 8 14 14 14 14 14 14 14 14 14
1 12 11 43 27 43 27 15 20 27 15 48 43 27
1 7 49 30 11 8 29 49 33
0 18 6 26 38 33 17 29 4 15 37 37 31 31 31 26 33 29 46 41
0 11 49 29 13 42 44 14 35 32 39 13 32
1 7 6 31 36 29 13 33 28
0 7 8 6 16 26 33 17 29
0 5 49 8 17 49 33
0 5 6 41 26 33 42
0 4 49 30 16 38
1 10 7 22 25 11 6 2 16 6 31 26
0 2 18 19
0 5 11 15 46 13 11
0 6 27 11 11 37 0 27
0 6 49 30 45 3 4 11
1 8 7 41 11 41 19 43 7 23
1 29 6 41 31 37 41 31 31 26 33 17 24 33 25 29 13 33 25 29 39 15 41 37 36 24 33 25 29 46 36
0 2 46 40
0 3 16 30 12
0 7 6 36 29 12 32 17 20
0 9 11 49 35 4 27 1 15 22 31
1 36 11 43 27 43 27 11 11 43 27 11 11 15 48 11 11 43 27 15 20 27 11 43 27 43 27 11 15 48 11 15 20 27 15 48 43 27
1 2 11 11
1 6 13 12 8 25 18 40
0 3 7 8 17
0 7 41 26 41 16 26 24 28
1 36 11 43 27 43 27 11 11 43 27 11 11 15 48 11 11 43 27 15 20 27 11 43 27 43 27 11 15 48 11 15 20 27 15 48 43 27
0 9 49 41 8 38 1 35 23 29 44
1 3 7 8 39
1 12 7 41 18 13 13 33 17 29 15 26 33 25
1 7 13 15 36 29 13 33 28
0 24 33 27 43 27 11 43 15 27 43 27 43 27 15 20 27 11 43 27 11 11 15 48 43 27
1 9 6 41 37 37 31 37 37 41 26
1 8 6 31 41 36 29 36 17 24
1 17 33 27 15 20 27 11 43 27 11 15 20 27 15 20 27 43 27
0 4 33 27 39 27
0 3 12 36 24
1 7 6 41 36 24 33 17 29
1 8 13 46 39 33 27 15 20 27
0 6 49 6 9 37 23 27
0 9 11 15 48 43 27 6 15 27 15
1 7 13 39 15 36 24 33 25
0 14 6 31 37 26 33 17 19 24 33 22 25 14 24 33
1 12 33 27 15 48 11 15 20 27 11 43 27 15
1 8 13 12 41 43 3 9 6 11
0 6 13 32 33 22 38 24
1 3 13 39 32
0 10 33 27 43 27 43 2 27 43 27 15
1 15 6 36 29 15 31 26 33 17 24 33 17 29 39 46 41
0 8 11 19 15 20 27 15 20 27
1 10 49 41 19 0 22 40 12 1 30 12
0 1 46
0 7 26 36 7 16 41 31 10
0 20 33 27 15 20 27 11 11 43 27 15 20 27 43 26 27 11 43 27 43 27
0 11 7 41 17 12 5 49 41 6 6 6 6
1 11 7 8 25 11 30 0 22 9 22 19 12
0 8 7 41 17 12 25 49 40 41
1 11 6 36 24 33 25 24 33 25 24 33 25
1 8 7 41 43 45 6 36 29 32
0 20 11 11 15 20 27 43 27 43 27 11 15 48 43 27 11 11 43 11 11 15
1 6 49 41 1 38 4 36
0 7 41 26 41 16 26 24 28
0 9 33 27 43 27 41 27 15 6 15
1 14 11 11 11 43 27 43 27 15 48 43 27 15 48 15
0 10 6 37 41 34 31 36 29 16 32 28
0 2 12 7
0 4 37 17 29 29
1 11 49 41 1 38 25 35 3 25 23 30 38
0 10 33 13 36 25 21 15 37 36 29 32
1 12 6 31 37 31 41 36 24 33 25 24 33 28
0 1 46
1 9 6 31 31 41 41 41 26 33 17
1 2 11 11
0 4 42 15 44 34
0 1 7
1 4 6 31 41 26
0 3 7 8 17
1 7 49 35 8 24 16 33 27
1 18 6 37 37 41 37 31 36 24 33 17 29 15 37 41 36 29 46 36
1 8 7 22 39 6 36 24 33 17
1 4 7 41 18 40
1 9 49 41 14 40 40 12 1 29 44
1 9 49 29 13 11 6 9 22 19 12
1 15 13 15 41 41 36 29 36 25 29 12 8 25 42 33 27
0 3 26 33 28
0 6 7 26 13 31 13 26
1 13 7 41 18 33 27 11 43 27 43 27 43 27 11
0 3 25 4 13
0 4 8 7 22 41
0 8 7 8 39 49 34 6 12 33
0 5 49 1 47 1 36
0 1 42
0 10 11 15 20 13 27 11 43 27 15 7
0 7 6 26 33 25 29 41 13
0 10 33 27 9 27 15 48 11 43 7 27
0 8 49 35 4 22 42 3 30 12
0 5 6 36 31 41 45
1 4 11 15 48 15
1 7 13 36 25 29 13 33 28
1 6 6 31 41 41 36 24
0 9 6 36 38 24 22 27 29 40 32
0 13 6 37 41 37 41 37 31 31 49 26 33 25 24
1 11 6 37 31 31 31 41 37 37 41 41 26
1 7 49 30 11 45 13 36 28
0 1 42
0 6 22 39 49 6 45 27
0 21 11 11 43 27 11 11 15 48 43 27 43 43 27 43 15 41 20 27 15 20 27
0 4 13 44 15 26
0 4 38 26 33 28
0 5 6 29 29 32 36
0 2 27 7
1 8 13 15 37 31 41 41 37 36
0 9 33 27 43 27 43 27 10 27 15
1 17 49 30 45 15 25 22 32 40 8 29 29 24 16 11 15 20 27
0 8 6 41 41 37 26 33 24 28
1 6 11 15 48 11 11 15
0 6 6 26 33 17 29 46
1 10 7 22 25 11 6 2 16 6 31 26
0 11 49 29 13 42 44 14 35 32 39 13 32
0 6 13 15 30 37 41 26
0 2 39 40
1 8 11 43 27 43 27 11 11 15
1 25 11 11 43 27 43 27 11 15 20 27 43 27 15 48 15 48 43 27 43 27 43 27 43 27 15
0 6 2 13 15 27 9 15
0 5 6 36 29 36 29
0 12 7 41 43 45 49 35 3 25 23 30 35 27
0 8 24 21 11 16 25 27 7 22
0 1 7
1 20 49 29 36 36 36 36 36 13 11 41 8 14 14 14 14 14 14 14 14 14
1 10 49 35 25 29 36 13 18 6 41 26
0 14 6 7 26 33 25 29 15 26 33 17 29 12 8 41
1 17 49 6 39 26 29 34 27 15 43 26 31 9 27 7 38 9 16
1 8 6 37 37 26 33 17 29 32
1 12 33 27 43 27 15 20 27 43 27 43 27 15
1 6 49 41 19 41 43 17
1 23 33 27 15 48 11 15 48 15 48 15 48 43 27 11 15 20 27 43 27 43 27 43 27
1 6 13 12 41 11 30 12
1 15 33 27 43 27 15 48 15 20 27 15 48 15 20 27 11
0 10 49 35 25 33 19 38 15 15 49 31
0 23 11 15 20 27 11 15 48 15 20 27 11 15 48 49 35 11 11 11 15 20 27 43 27
1 4 7 41 18 49
0 5 13 22 10 27 41
1 18 11 11 15 48 43 27 43 27 11 43 27 11 43 27 11 15 48 15
0 4 11 43 18 27
1 6 6 36 29 15 37 26
0 7 18 17 46 36 24 33 28
1 7 7 22 25 11 35 4 36
0 3 43 7 11
1 13 7 41 18 33 27 11 43 27 43 27 43 27 11
0 5 49 1 47 1 36
1 7 13 39 12 41 43 3 9
1 14 11 11 11 43 27 43 27 15 48 43 27 15 48 15
1 9 13 36 25 24 33 17 24 33 28
1 34 33 27 11 43 27 43 27 43 27 43 27 15 20 27 43 27 11 43 27 11 43 27 15 48 43 27 15 20 27 11 15 20 27 15
0 4 11 48 30 40
0 14 33 27 15 20 49 11 43 27 11 27 11 11 43 27
0 9 6 37 37 31 16 36 24 33 28
1 7 7 22 25 11 35 4 36
1 8 6 37 37 26 33 17 29 32
0 7 6 36 24 33 43 13 28
0 30 33 27 15 48 43 27 7 15 20 27 11 43 27 43 27 43 27 27 43 27 43 27 43 27 11 15 48 15 20 27
0 5 6 37 40 36 24
1 6 11 11 43 27 43 27
1 8 7 41 43 45 6 36 29 32
1 7 13 39 36 25 24 33 28
0 7 1 43 27 43 26 27 43
1 13 13 15 41 31 37 31 31 41 41 36 24 33 28
0 4 11 15 20 31
1 17 11 15 48 15 48 11 43 27 43 27 15 48 43 27 11 43 27
0 2 22 6
1 10 6 41 36 24 33 17 29 12 8 41
1 7 6 31 41 41 26 33 17
1 11 33 27 43 27 15 20 27 43 27 43 27
0 12 6 31 31 41 37 26 17 29 15 26 33 28
0 5 6 41 19 36 24
0 3 22 29 16
1 9 11 11 11 11 15 48 15 48 15
1 8 7 22 39 6 36 24 33 17
1 7 13 36 17 29 39 12 43
1 8 13 46 39 33 27 15 20 27
0 4 49 35 8 48
1 12 33 27 15 48 11 15 20 27 11 43 27 15
0 3 33 15 28
0 6 35 15 9 29 15 48
0 3 16 30 12
0 8 7 22 17 22 43 45 43 43
0 19 49 6 39 30 1 26 34 6 6 29 33 33 6 34 27 8 31 25 26
0 9 43 6 26 33 25 29 13 33 15
0 10 33 27 43 11 5 20 27 11 43 27
1 3 49 30 24
0 5 6 32 36 33 28
1 8 49 6 32 9 22 19 0 36
0 2 22 44
0 5 6 26 36 29 32
0 4 49 36 29 17
0 12 6 31 31 41 37 26 17 29 15 26 33 28
0 2 46 29
0 2 27 7
1 6 6 41 37 26 33 28
0 3 26 48 36
1 14 11 43 27 11 43 27 15 48 43 27 11 11 11 11
1 13 49 41 14 40 40 12 1 29 36 13 42 13 32
1 11 33 27 11 15 20 27 15 48 15 20 27
1 6 49 41 19 41 43 17
1 7 6 37 41 31 36 29 13
0 15 7 41 6 2 16 6 41 36 24 33 17 29 39 46 16
0 4 49 36 29 17
0 8 11 15 48 15 20 27 43 48
0 3 33 18 27
1 6 13 12 41 11 30 12
0 10 33 27 43 27 43 2 27 43 27 15
1 9 11 43 27 15 48 11 15 48 15
0 11 6 41 37 44 26 33 25 29 12 22 41
1 10 11 15 48 15 20 27 11 15 48 11
0 7 16 49 6 32 19 42 10
0 3 13 6 48
1 6 49 41 1 38 4 36
1 9 33 27 11 11 15 20 27 11 11
1 7 11 43 27 43 27 43 27
0 10 6 31 37 37 37 7 31 26 33 17
1 9 49 35 25 41 1 38 9 16 49
0 37 11 15 48 11 11 15 20 27 43 27 43 27 11 15 48 11 43 27 11 11 42 15 48 11 15 48 11 11 43 27 15 20 11 15 48 43 27
0 21 33 27 15 48 11 15 6 43 27 43 27 43 27 11 11 43 27 43 27 11 27
0 1 7
1 12 6 31 37 31 41 36 24 33 25 24 33 28
0 4 23 49 19 35
0 16 6 41 40 43 29 36 17 29 24 39 2 46 25 27 7 43
1 12 49 35 8 29 44 24 16 7 41 11 29 44
1 18 33 27 11 43 27 15 20 27 11 11 11 11 11 43 27 11 15 48
0 4 11 26 6 48
0 1 41
0 3 33 16 48
1 18 33 27 15 48 15 48 15 48 11 11 43 27 15 20 27 43 27 15
1 6 49 30 42 15 31 43
1 10 11 15 20 27 11 43 27 15 20 27
1 6 13 12 8 39 13 32
0 7 33 27 5 15 48 43 27
0 5 49 8 17 49 33
1 9 33 27 15 20 27 43 27 43 27
1 14 33 27 43 27 43 27 11 11 43 27 11 15 20 27
0 5 2 8 35 8 49
0 5 6 32 36 33 28
1 27 49 6 39 26 33 34 34 33 27 18 6 34 33 6 33 34 29 33 27 31 26 9 30 9 30 9 30
0 8 33 15 18 20 43 27 15 27
0 8 13 39 39 39 15 26 18 42
1 7 13 15 36 29 13 33 28
0 4 6 41 41 24
0 19 11 15 20 27 43 27 43 49 27 43 27 11 43 27 15 48 15 20 27
1 6 6 31 36 29 39 32
0 4 44 18 36 43
0 2 24 12
0 21 33 27 15 20 27 43 27 15 48 15 48 43 27 43 27 11 11 43 27 11 27
0 5 7 41 31 22 13
1 6 13 46 39 49 30 38
0 12 6 31 26 33 17 24 26 17 29 36 17 24
1 32 33 27 11 11 11 43 27 15 20 27 11 43 27 11 11 11 43 27 11 11 11 15 20 27 11 15 48 43 27 11 43 27
1 7 6 31 41 41 36 29 32
0 3 49 45 40
1 7 6 31 36 29 13 33 28
0 3 33 15 48
1 5 7 8 25 42 40
0 11 6 31 31 37 37 31 26 33 17 27 28
1 15 13 15 41 41 36 29 36 25 29 12 8 25 42 33 27
0 6 15 41 37 37 6 32
0 8 49 28 14 40 3 23 23 30
1 13 33 27 43 27 15 20 27 11 11 43 27 11 15
1 7 6 41 36 29 36 25 24
0 2 42 35
0 11 33 27 15 48 8 43 27 43 27 43 27
0 7 6 26 33 25 29 41 13
0 3 13 17 34
0 4 12 6 8 16
1 11 33 27 43 27 15 48 43 27 15 48 15
0 12 16 36 37 25 29 17 24 33 2 29 36 28
0 14 6 7 26 33 25 29 15 26 33 17 29 12 8 41
0 3 25 4 13
1 8 11 15 48 15 48 11 11 11
0 7 30 49 35 22 25 38 2
0 5 35 46 17 25 17
0 8 24 41 37 41 37 26 49 28
1 14 13 12 22 25 31 41 42 11 15 20 27 15 48 11
0 4 11 26 6 48
1 19 33 27 43 27 11 11 11 43 27 15 20 27 11 11 11 43 27 43 27
0 3 23 38 44
0 15 33 27 43 27 43 27 43 15 27 43 27 11 11 15 20
1 3 13 39 32
0 3 11 18 43
1 15 49 29 36 13 11 41 1 38 4 27 32 16 27 4 11
1 8 11 43 27 43 27 11 11 15
0 6 6 36 30 33 25 24
0 6 35 15 9 29 15 48
0 8 33 27 15 48 43 27 16 15
1 8 6 37 37 37 37 41 36 29
0 3 10 33 27
0 11 49 35 9 17 16 33 27 43 27 31 15
0 5 11 43 27 43 11
1 3 13 39 32
0 3 26 48 36
0 2 26 43
0 4 44 18 36 43
0 6 13 32 33 22 38 24
1 10 49 41 19 0 22 40 12 1 30 12
1 8 49 29 13 31 41 31 22 16
1 7 6 41 41 36 24 33 17
0 3 0 29 40
1 29 6 41 31 37 41 31 31 26 33 17 24 33 25 29 13 33 25 29 39 15 41 37 36 24 33 25 29 46 36
0 2 17 2
0 39 46 25 11 6 32 39 26 33 6 29 29 33 27 15 26 34 34 29 33 34 27 15 1 43 13 6 33 33 6 33 29 27 31 39 1 26 29 33 27
0 3 32 6 9
1 12 6 31 31 37 37 41 31 41 36 24 33 28
1 8 13 12 41 43 3 9 6 11
0 11 6 41 37 44 26 33 25 29 12 22 41
1 10 6 26 33 17 29 36 25 29 12 43
0 7 18 17 46 36 24 33 28
1 40 33 27 43 27 43 27 15 20 27 11 43 27 11 11 43 27 11 11 11 43 27 43 27 43 27 43 27 43 27 15 20 27 15 48 43 27 43 27 11 11
0 9 33 27 18 43 43 27 15 20 9
1 8 7 41 11 41 19 43 7 23
0 2 6 0
0 17 11 15 48 11 43 27 43 27 11 43 27 15 33 20 27 43 27
1 8 33 27 43 27 43 27 15 48
1 10 33 27 15 20 27 15 48 15 48 15
0 6 26 27 15 20 4 27
1 11 13 15 26 33 17 24 33 17 24 33 28
0 1 22
1 7 6 31 41 41 41 37 26
0 9 33 27 43 27 41 27 15 6 15
1 15 49 29 36 13 11 41 1 38 4 27 32 16 27 4 11
0 3 29 49 6
1 7 6 31 41 41 41 37 26
1 8 11 43 27 43 27 15 20 27
1 9 33 27 15 20 27 43 27 43 27
0 8 49 35 4 22 42 3 30 12
0 9 6 37 41 37 41 17 22 36 24
1 5 13 15 26 33 28
0 18 33 27 21 14 27 15 20 27 15 48 45 27 11 43 27 43 27 11
0 5 6 31 36 46 34
0 5 31 31 26 17 24
1 5 13 46 39 7 43
1 8 11 15 48 15 48 11 11 11
1 2 11 11
1 17 11 15 48 15 48 11 43 27 43 27 15 48 43 27 11 43 27
0 8 41 46 22 49 31 8 14 14
1 8 49 35 25 29 13 11 6 2
0 7 30 49 35 22 25 38 2
0 7 3 9 6 41 36 24 26
0 7 15 43 33 25 29 36 17
0 8 7 41 17 12 25 49 40 41
0 5 33 27 19 14 39
0 9 11 43 27 43 27 15 20 11 11
0 23 7 22 25 18 11 3 43 19 27 15 48 43 27 11 15 20 27 15 20 27 27 11 15
1 3 13 39 32
0 14 12 31 37 26 36 33 25 29 39 13 33 17 24 33
0 5 6 36 24 33 27
0 3 28 11 15
0 9 33 27 43 27 43 27 10 27 15
1 39 33 27 11 15 20 27 11 11 11 11 43 27 43 27 43 27 11 43 27 15 20 27 11 43 27 15 48 11 15 20 27 43 27 11 43 27 15 20 27
1 12 49 41 1 23 41 45 47 43 15 46 4 26
0 3 49 31 24
1 11 49 41 1 38 25 35 3 25 23 30 38
1 6 7 41 18 7 8 16
0 2 15 37
0 8 11 4 43 27 11 15 20 27
1 8 33 27 11 11 15 20 27 15
0 21 33 27 15 48 11 15 6 43 27 43 27 43 27 11 11 43 27 43 27 11 27
0 4 12 6 8 16
0 3 46 8 16
1 13 49 29 13 43 8 49 33 16 11 15 20 27 11
0 22 6 31 41 41 36 29 17 29 36 25 29 13 33 25 29 36 17 29 40 46 17 22
0 8 21 2 26 33 17 24 29 31
1 7 13 39 36 17 24 33 28
1 9 13 39 13 33 25 24 33 17 24
1 14 11 11 15 48 15 20 27 43 27 11 11 43 27 11
0 9 15 49 29 19 33 13 31 22 16
1 6 13 12 8 25 18 40
1 8 49 29 13 31 41 31 22 16
0 20 33 27 43 27 15 27 11 43 27 43 27 11 43 27 43 27 43 27 14 11
1 10 13 12 41 43 3 9 35 25 29 44
0 3 46 48 1
1 32 33 27 11 11 11 43 27 15 20 27 11 43 27 11 11 11 43 27 11 11 11 15 20 27 11 15 48 43 27 11 43 27
0 10 33 13 36 25 21 15 37 36 29 32
1 7 49 35 45 6 31 36 24
1 18 6 37 37 41 37 31 36 24 33 17 29 15 37 41 36 29 46 36
0 3 35 29 44
1 12 33 27 43 27 15 20 27 43 27 43 27 15
0 2 45 6
0 7 29 36 36 40 24 36 27
0 13 6 41 31 15 49 37 25 31 41 36 29 39 32
0 2 41 40
0 3 11 18 43
1 6 49 35 4 27 17 30
0 6 43 21 28 27 20 27
0 3 49 31 24
0 8 35 3 11 10 20 32 27 15
0 23 11 15 20 27 11 15 48 15 20 27 11 15 48 49 35 11 11 11 15 20 27 43 27
0 4 13 36 0 42
0 3 22 29 16
0 3 20 18 16
1 13 33 27 43 27 15 48 43 27 43 27 43 27 15
0 2 45 6
0 2 22 44
1 9 11 11 11 11 15 48 15 48 15
1 14 49 6 39 43 26 31 2 16 7 22 25 18 7 43
0 5 13 12 22 22 20
1 8 7 22 25 11 6 9 22 11
0 4 49 48 8 14
1 7 6 37 41 31 36 29 13
0 3 2 41 26
0 2 32 11
1 9 6 36 24 33 25 29 39 36 28
1 12 49 30 42 10 29 7 3 25 23 6 9 36
0 10 11 15 20 27 15 48 2 7 39 11
1 48 11 15 20 27 15 20 27 11 11 15 20 27 11 11 43 27 11 15 20 27 43 27 11 11 15 48 11 43 27 43 27 11 15 48 11 43 27 11 43 27 43 27 15 20 27 15 48 15
1 2 11 11
0 24 49 35 47 0 41 41 49 12 23 35 9 43 33 27 11 7 11 11 11 15 20 42 27 15
0 7 26 36 7 16 41 31 10
1 5 11 43 27 15 48
0 5 33 27 20 15 11
1 6 49 35 8 24 16 13
0 4 6 4 8 16
1 6 6 31 37 26 33 25
0 3 28 13 32
1 6 7 22 39 6 36 29
1 7 13 39 36 17 24 33 28
0 7 7 6 26 33 25 29 16
0 2 32 11
0 9 43 6 26 33 25 29 13 33 15
0 2 34 11
0 5 33 27 43 27 20
1 48 11 15 20 27 15 20 27 11 11 15 20 27 11 11 43 27 11 15 20 27 43 27 11 11 15 48 11 43 27 43 27 11 15 48 11 43 27 11 43 27 43 27 15 20 27 15 48 15
0 7 16 49 6 32 19 42 10
0 5 6 37 40 36 24
0 8 24 41 37 41 37 26 49 28
0 14 29 13 15 31 37 36 29 15 37 41 31 26 33 25
0 5 7 41 31 22 13
1 22 7 41 42 33 27 43 27 11 11 15 20 27 11 15 20 27 11 15 48 11 11 11
1 8 6 31 37 31 31 31 41 26
1 10 11 15 20 27 11 43 27 15 20 27
0 4 49 32 26 27
1 27 49 6 39 26 33 34 34 33 27 18 6 34 33 6 33 34 29 33 27 31 26 9 30 9 30 9 30
1 5 49 30 45 15 39
0 10 49 41 2 0 7 12 31 19 25 36
0 5 11 15 46 13 11
1 13 33 27 43 27 15 48 43 27 43 27 43 27 15
1 5 7 8 25 42 40
1 25 11 11 43 27 43 27 11 15 20 27 43 27 15 48 15 48 43 27 43 27 43 27 43 27 15
1 24 11 15 48 15 48 11 43 27 43 27 43 27 43 27 11 43 27 15 48 15 48 11 15 48
1 8 13 15 37 31 41 41 37 36
0 2 26 43
1 7 6 31 37 41 26 33 28
1 15 13 15 37 37 31 37 41 37 37 31 37 41 26 33 28
1 10 49 35 9 16 11 43 27 15 20 27
0 5 6 41 26 33 42
0 6 6 36 30 33 25 24
1 6 13 12 22 25 31 43
0 9 11 15 20 27 43 27 31 41 15
1 2 11 11
0 8 7 8 25 18 13 39 25 29
1 6 13 12 8 39 13 32
0 2 6 0
1 15 33 27 11 43 27 43 27 11 15 48 43 27 43 27 11
0 4 20 7 7 34
0 7 6 36 29 12 32 17 20
1 17 33 27 15 48 43 27 11 15 48 43 27 11 11 43 27 43 27
