1143 50
0 6 9 24 18 39 8 44
0 5 25 39 40 6 48
0 2 22 41
0 9 49 1 41 27 28 29 10 29 8
1 15 44 5 1 24 13 31 30 19 27 38 48 31 6 6 10
1 4 49 1 14 35
0 3 6 7 49
1 27 46 1 37 39 11 39 25 26 39 25 5 39 11 39 25 26 39 25 5 39 25 26 39 25 26 39 25
1 9 10 17 3 3 3 14 6 38 39
0 5 40 4 46 44 30
0 10 33 42 1 25 1 6 46 1 6 40
0 9 46 9 23 41 1 14 19 36 35
1 12 46 9 23 44 22 48 28 27 48 31 6 13
1 6 6 38 39 44 44 8
1 13 0 44 31 3 3 3 3 14 44 44 3 7 22
1 6 6 4 1 25 6 13
0 7 41 44 31 3 14 29 35
1 7 7 38 28 23 19 36 2
1 11 0 16 31 3 3 3 3 3 3 14 28
0 5 38 38 41 5 24
0 2 6 2
1 10 46 22 38 17 48 14 49 19 27 19
0 5 7 38 12 43 39
0 5 25 41 2 26 39
1 5 49 40 6 46 10
0 18 10 17 1 43 39 44 44 44 31 8 44 44 8 8 44 8 8 44
1 13 43 39 44 44 8 44 8 44 8 8 44 8 8
0 5 25 6 28 25 7
0 12 7 16 40 6 38 44 44 8 8 44 7 8
1 40 0 31 14 46 9 1 1 1 23 1 38 44 44 44 9 23 1 38 13 38 23 22 38 28 21 41 19 36 5 1 24 36 14 24 1 24 1 24 13 10
0 7 44 8 5 1 24 13 10
1 7 43 39 8 44 44 44 8
1 11 6 38 39 44 8 44 8 44 44 8 44
0 5 46 2 36 16 6
1 9 25 6 27 10 17 3 14 43 39
1 4 25 6 6 10
1 7 7 38 14 25 6 48 49
1 10 7 48 14 44 11 27 27 16 27 48
0 5 44 22 48 17 49
0 6 39 49 1 28 27 49
0 3 37 40 35
1 9 6 38 39 8 8 8 44 44 44
0 10 0 16 25 31 3 14 19 41 40 6
0 2 11 44
0 7 0 30 7 3 36 14 48
0 1 34
1 9 33 38 39 8 8 44 8 8 8
0 10 43 39 44 44 15 8 8 8 8 8
0 2 3 10
0 8 38 28 21 17 38 16 13 10
1 8 25 6 46 1 46 9 23 13
1 6 43 39 8 44 8 8
1 15 49 1 28 21 1 46 28 17 37 39 11 39 11 39 25
0 2 35 43
1 5 46 44 22 16 6
0 7 10 29 39 8 38 8 44
0 2 21 30
1 49 46 9 1 23 1 37 39 25 26 39 11 39 11 39 25 26 39 25 26 39 11 39 11 39 11 39 25 5 39 11 39 11 39 11 39 25 5 39 11 39 11 39 25 5 39 25 5 39 25
1 10 43 39 8 8 8 8 44 44 8 44
0 2 25 8
0 25 49 27 48 14 7 48 14 6 26 4 31 44 3 23 7 22 14 24 1 24 3 24 1 34 36
0 1 37
0 7 43 39 8 8 44 20 8
0 3 32 28 38
0 10 36 33 38 39 44 31 44 44 8 8
1 5 49 19 27 44 6
0 3 46 30 23
0 2 42 36
1 7 6 38 39 8 44 8 44
1 5 44 44 44 31 32
0 3 4 43 36
0 10 22 49 38 39 42 44 8 8 19 44
0 2 27 39
1 15 46 13 38 23 9 1 1 23 41 19 27 40 6 27 28
0 8 49 19 36 42 5 31 13 33
0 2 21 47
1 7 46 44 9 1 1 23 13
0 39 49 27 48 28 21 1 37 39 11 39 11 39 25 35 26 39 25 26 39 25 5 39 25 26 39 11 39 33 5 39 25 26 39 20 39 11 39 35 25
0 3 12 29 28
1 12 44 3 7 22 7 22 7 37 24 1 24 36
1 8 46 9 23 22 48 41 13 10
0 3 14 13 7
1 9 25 6 27 10 17 3 14 43 39
0 11 6 49 39 8 44 32 8 29 45 44 8
0 3 43 8 8
0 2 49 6
1 5 46 41 1 17 49
1 5 7 16 39 1 17
0 2 13 17
0 15 25 6 6 1 33 4 1 25 6 36 1 6 13 1 35
1 7 33 38 39 44 44 44 8
1 5 7 16 27 44 35
0 4 8 48 6 48
0 4 12 31 44 31
0 19 0 31 3 3 3 3 14 10 45 29 6 38 39 8 8 44 8 44 8
0 1 34
1 4 0 31 14 28
0 6 10 29 12 38 48 17
1 7 7 38 14 25 6 6 10
0 5 39 44 44 44 44
0 10 43 39 38 8 44 33 8 8 8 8
0 28 46 9 23 9 45 1 1 1 1 23 44 13 38 23 9 1 1 23 13 38 23 22 48 41 27 46 44 41
1 25 49 19 36 44 5 0 22 7 37 24 36 7 37 24 36 14 24 13 27 0 37 24 36 7 22
1 5 49 19 36 3 7
1 10 0 44 44 44 44 44 31 14 43 39
0 5 11 32 44 37 21
1 6 46 22 38 17 38 17
1 7 25 6 48 16 27 49 19
0 10 25 6 46 1 33 38 39 1 8 44
1 7 7 48 31 6 13 1 35
0 4 33 45 38 39
1 6 25 6 48 48 14 35
0 5 5 10 36 30 44
0 19 43 39 44 8 8 8 8 8 44 44 44 8 8 8 8 8 8 8 18
0 4 25 6 27 40
0 3 6 8 4
1 27 6 38 39 44 44 44 44 44 44 8 8 8 8 8 8 44 44 44 44 8 8 44 8 8 8 8 8
1 12 46 9 1 1 1 1 1 1 23 22 48 17
1 5 0 31 14 44 11
1 13 0 44 44 16 16 16 16 44 31 14 25 6 13
0 16 23 31 14 0 16 16 16 44 16 44 31 2 14 33 4 10
0 2 15 44
0 35 0 48 14 0 16 44 16 27 44 31 3 3 3 3 14 25 6 8 38 17 38 28 21 44 9 1 23 1 46 17 37 39 11 39 25
1 4 44 5 0 22
0 5 35 19 4 1 48
0 6 25 6 24 38 41 13
1 20 44 3 14 24 36 14 24 3 24 1 24 3 24 13 27 1 24 3 24 36
0 3 48 41 23
0 12 4 1 33 13 35 38 39 44 44 44 8 8
1 11 6 38 39 44 8 44 8 8 8 8 8
1 22 49 38 16 46 1 0 16 16 31 3 3 3 14 43 39 8 44 44 8 8 44 8
0 19 43 39 44 8 8 8 8 8 44 44 44 8 8 8 8 8 8 8 18
0 8 24 17 38 31 6 46 1 8
1 9 43 39 8 8 44 44 44 8 8
1 17 0 44 16 31 3 14 43 39 44 44 44 8 8 8 44 8 8
0 6 33 38 42 39 44 8
0 2 42 0
0 3 19 42 45
1 10 46 22 48 41 48 38 31 6 13 10
0 2 48 45
1 15 6 4 1 10 17 14 10 29 44 44 15 8 31 49 30
1 7 25 6 48 38 41 46 10
1 10 43 39 44 8 8 44 44 8 44 8
0 10 33 42 1 25 1 6 46 1 6 40
0 3 48 0 21
0 3 35 33 38
0 4 40 22 49 36
0 8 24 17 38 31 6 46 1 8
0 4 30 0 34 7
0 3 4 19 48
0 2 35 19
1 5 25 6 27 49 7
1 6 46 22 38 17 38 17
1 43 49 19 36 3 7 37 24 3 24 0 37 24 0 22 14 24 3 24 3 24 13 27 1 24 1 24 13 27 1 24 3 24 36 14 24 13 31 3 7 22 14 24 36
0 9 33 1 6 31 4 49 19 36 2
0 2 38 28
0 14 47 40 6 6 1 46 1 46 28 28 28 28 28 28
0 11 34 8 8 29 8 8 8 8 8 44 44
0 3 43 33 10
1 12 49 19 36 30 40 6 13 1 25 6 27 35
0 4 44 38 39 8
0 13 33 38 18 8 8 8 21 44 8 8 44 8 8
0 5 25 6 20 38 49
0 7 43 39 8 8 44 20 8
0 3 34 49 26
0 6 44 31 49 34 25 46
0 7 44 44 31 12 18 18 20
1 14 10 29 46 1 46 17 38 22 38 17 16 39 38 49
1 7 25 6 48 38 41 46 10
0 2 21 47
1 11 43 39 8 8 8 8 44 44 44 8 44
0 9 25 6 27 30 28 31 3 14 28
0 17 43 39 8 8 44 8 8 8 44 0 44 8 8 8 44 8 44
1 39 0 44 44 16 44 31 14 44 5 3 24 1 24 0 37 24 1 24 36 14 24 1 24 1 24 36 14 24 0 37 24 1 24 3 24 3 24 13 10
1 15 49 1 28 21 1 46 28 17 37 39 11 39 11 39 25
0 11 0 31 14 43 39 24 44 8 44 48 8
1 17 0 16 16 31 14 0 16 44 16 16 16 44 31 3 3 14 48
0 4 46 7 46 28
0 3 19 31 46
0 5 24 44 31 14 8
1 13 6 4 1 33 38 39 44 44 44 44 44 44 8
0 18 33 38 39 8 8 8 44 11 8 8 43 8 44 44 8 8 8 44
0 4 10 25 6 46
0 4 7 7 48 27
1 13 6 38 39 44 8 8 8 8 8 8 44 8 8
0 14 49 17 48 6 46 43 35 44 8 44 8 44 23 44
0 5 27 11 29 48 28
1 9 43 39 8 8 8 8 44 44 8
0 4 44 40 6 13
1 25 46 9 1 1 23 13 38 23 13 38 23 44 1 46 28 17 38 22 38 17 16 27 33 4 10
1 22 46 1 38 9 23 9 1 23 44 41 1 14 33 38 39 44 8 44 44 8 8 44
1 8 7 38 41 48 48 31 6 46
1 17 0 16 16 31 14 0 16 44 16 16 16 44 31 3 3 14 48
0 2 45 14
1 13 43 39 44 44 8 44 8 44 8 8 44 8 8
0 9 4 43 46 39 8 11 8 44 8
0 18 46 9 23 1 23 1 37 39 25 26 36 39 43 39 11 39 37 25
1 5 49 19 36 44 35
0 2 21 19
1 39 0 44 44 16 44 31 14 44 5 3 24 1 24 0 37 24 1 24 36 14 24 1 24 1 24 36 14 24 0 37 24 1 24 3 24 3 24 13 10
0 6 25 6 39 38 14 28
0 4 25 6 1 28
1 12 44 3 7 22 7 22 7 37 24 1 24 36
1 6 49 1 14 43 39 44
1 13 6 38 39 44 8 8 8 8 8 8 44 8 8
1 28 6 4 1 49 1 28 21 1 37 39 25 5 39 11 39 11 39 11 39 11 39 25 5 39 25 26 39 25
0 4 8 10 45 8
0 6 16 18 39 44 9 15
1 7 46 44 9 1 1 23 13
1 11 10 17 14 6 4 1 10 29 33 4 10
1 10 49 40 6 39 1 28 23 27 16 13
0 14 44 3 37 24 3 24 0 37 24 3 24 13 31 2
0 2 43 28
0 11 6 49 39 8 44 32 8 29 45 44 8
0 6 10 41 14 11 36 2
1 4 25 6 6 10
0 2 27 39
0 5 33 15 43 39 8
0 13 44 10 27 40 6 48 48 28 23 27 48 28 27
1 9 44 31 49 30 49 7 30 25 18
0 16 7 27 27 46 49 1 41 48 23 18 14 43 39 44 44 8
1 7 7 38 41 27 10 29 7
0 1 34
0 19 0 31 14 10 17 14 6 38 39 8 8 8 44 44 8 8 14 8 8
0 6 14 6 12 44 44 44
1 10 49 40 6 39 1 28 23 27 16 13
1 5 49 27 48 14 35
1 11 43 39 8 44 8 44 8 44 8 8 44
0 6 6 14 24 3 24 36
0 4 10 29 49 49
0 31 46 44 37 1 46 17 38 1 46 17 46 17 38 44 13 38 1 23 44 44 44 44 38 1 46 17 38 44 1 47 28
1 8 43 39 44 44 44 8 8 44
0 6 44 31 49 34 25 46
0 7 7 38 17 38 17 38 8
1 8 33 38 39 8 8 44 8 44
0 1 34
0 2 33 23
0 11 10 29 0 31 3 14 29 7 17 14 3
1 9 0 16 44 31 3 14 25 6 13
0 2 21 19
1 5 44 44 44 31 32
1 5 49 19 36 44 35
1 9 6 38 39 8 8 8 44 44 44
1 10 0 31 14 7 48 28 23 19 36 2
0 14 25 6 27 16 45 0 16 16 16 16 16 31 14 26
1 4 25 6 6 10
1 4 10 17 14 48
1 8 7 48 14 10 17 14 46 22
0 3 18 23 7
1 16 46 41 27 48 28 21 13 38 1 1 1 23 44 41 44 30
1 49 46 9 1 23 1 37 39 25 26 39 11 39 11 39 25 26 39 25 26 39 11 39 11 39 11 39 25 5 39 11 39 11 39 11 39 25 5 39 11 39 11 39 25 5 39 25 5 39 25
0 14 6 38 37 44 44 44 44 8 44 8 8 8 44 8
0 5 10 6 4 1 35
1 8 0 16 16 44 31 14 44 2
1 9 46 41 1 28 23 40 6 6 10
1 7 25 6 39 19 27 44 6
1 6 10 17 14 10 29 35
0 3 17 44 8
0 30 43 39 8 44 44 8 8 8 44 8 8 44 44 8 44 44 44 8 44 44 44 44 8 44 15 44 44 44 8 44
1 15 44 11 36 30 1 17 38 31 6 39 27 48 41 13 1
0 3 34 1 48
1 16 0 44 44 44 16 16 31 3 14 10 17 3 14 25 6 13
1 7 0 44 31 14 33 38 39
0 4 33 4 8 10
0 12 10 17 14 12 33 38 39 44 8 8 8 8
1 11 43 39 8 8 8 8 44 44 44 8 44
1 22 10 29 46 1 46 17 37 39 11 39 25 5 39 11 39 25 26 39 25 26 39 25
1 4 25 6 6 10
1 21 49 40 6 39 19 36 44 5 36 7 37 24 3 24 36 7 22 14 24 13 10
0 6 49 1 1 31 6 48
1 6 10 17 14 10 29 35
0 35 0 48 14 0 16 44 16 27 44 31 3 3 3 3 14 25 6 8 38 17 38 28 21 44 9 1 23 1 46 17 37 39 11 39 25
0 3 4 19 48
0 6 7 48 28 10 1 46
0 5 49 19 19 9 9
1 4 10 17 14 48
0 4 33 33 4 10
1 11 10 17 14 6 4 1 10 29 33 4 10
1 6 0 16 31 3 14 35
1 5 46 44 44 22 49
1 5 6 38 39 8 8
0 4 33 12 38 8
1 9 6 38 39 8 8 8 8 44 44
1 6 10 17 14 43 39 44
0 9 49 1 31 6 1 1 40 17 49
1 97 46 1 37 39 25 5 39 25 26 39 25 5 39 25 26 39 11 39 11 39 25 5 39 11 39 25 5 39 25 26 39 11 39 11 39 11 39 25 26 39 11 39 25 5 39 11 39 25 5 39 11 39 11 39 25 5 39 25 5 39 11 39 11 39 11 39 25 26 39 11 39 25 5 39 25 5 39 11 39 11 39 11 39 25 5 39 11 39 25 26 39 25 5 39 11 39 25
0 5 33 38 39 44 38
1 11 0 16 31 3 3 3 3 3 3 14 28
1 8 44 3 14 24 1 24 13 10
0 5 49 11 40 6 46
0 5 29 39 8 44 44
1 6 25 6 39 40 6 6
1 10 0 44 44 44 44 44 31 14 43 39
0 3 34 49 26
1 9 43 39 8 44 8 44 44 44 44
0 14 47 40 6 6 1 46 1 46 28 28 28 28 28 28
0 2 27 25
0 4 15 31 16 12
0 5 25 6 28 25 7
1 10 0 31 14 7 48 28 23 19 36 2
0 9 0 44 21 3 25 6 26 48 4
0 15 42 46 45 9 23 8 46 17 38 47 48 17 48 41 13
0 5 41 34 8 8 44
0 33 44 5 0 37 24 36 7 37 24 0 37 24 1 24 36 14 24 0 37 24 13 31 3 14 24 3 24 42 1 24 1 24 0
0 3 43 8 8
0 8 13 40 6 10 13 1 35 35
0 15 29 0 16 44 44 44 44 16 4 14 49 27 16 43 27
1 8 10 29 43 39 8 44 44 44
0 8 49 19 36 42 5 31 13 33
1 13 43 39 44 8 8 8 8 44 44 44 44 44 44
1 7 44 31 49 38 16 45 40
0 12 0 16 48 31 3 3 3 3 3 14 4 10
0 5 13 10 14 41 39
0 4 49 46 11 27
0 2 17 10
1 5 0 16 16 31 14
1 4 25 6 6 10
1 5 44 11 27 44 30
0 5 20 25 6 10 10
1 9 43 39 44 44 8 8 8 8 8
0 2 31 19
1 3 25 6 48
1 10 43 39 8 8 8 8 44 44 8 44
1 5 44 31 45 40 45
0 12 10 17 14 12 33 38 39 44 8 8 8 8
0 9 0 44 14 16 31 3 14 44 35
1 9 43 39 44 44 8 44 8 44 44
0 39 49 27 48 28 21 1 37 39 11 39 11 39 25 35 26 39 25 26 39 25 5 39 25 26 39 11 39 33 5 39 25 26 39 20 39 11 39 35 25
0 2 10 48
1 5 46 41 1 17 49
0 6 46 42 44 41 44 30
0 21 0 31 3 3 3 3 3 48 3 35 3 3 3 35 14 44 5 0 37 24 0
1 5 10 29 44 30 27
1 8 25 6 6 1 10 17 14 28
1 10 10 17 14 6 38 39 44 8 44 44
0 1 37
0 3 46 4 10
1 9 43 39 8 44 8 44 44 44 44
0 9 49 1 31 6 1 1 40 17 49
1 21 49 40 6 39 19 36 44 5 36 7 37 24 3 24 36 7 22 14 24 13 10
1 41 46 1 37 39 25 5 39 11 39 11 39 25 26 39 11 39 11 39 25 5 39 11 39 11 39 11 39 11 39 11 39 11 39 25 26 39 11 39 11 39 25
0 16 25 6 6 1 10 14 10 17 3 20 3 14 25 6 46 10
0 5 5 7 17 32 49
0 6 33 39 43 44 8 8
0 5 40 4 46 44 30
1 22 46 9 23 1 46 28 17 37 39 25 5 39 11 39 25 26 39 11 39 11 39 25
1 10 33 4 1 25 6 39 19 27 44 30
1 21 10 17 14 46 41 38 38 28 21 9 1 1 1 23 13 38 1 1 23 44 22
0 15 25 6 6 1 33 4 1 25 6 36 1 6 13 1 35
0 2 27 15
1 9 0 16 16 16 31 14 25 6 13
0 7 10 17 3 46 41 38 49
0 3 30 19 35
1 70 46 44 13 38 23 1 37 39 11 39 11 39 11 39 11 39 11 39 25 5 39 11 39 11 39 25 5 39 11 39 11 39 11 39 25 26 39 25 26 39 11 39 25 26 39 11 39 25 26 39 11 39 11 39 25 26 39 11 39 11 39 11 39 25 5 39 25 26 39 25
1 5 44 11 27 44 30
1 20 10 17 3 3 3 14 0 16 44 16 44 16 16 44 16 31 14 43 39 44
1 13 44 15 8 3 14 24 13 31 30 27 16 46 10
1 5 0 31 14 44 11
0 4 44 38 39 8
0 5 6 42 1 40 2
0 4 6 4 1 10
0 3 19 31 46
1 12 46 9 1 1 1 1 1 1 23 22 48 17
0 7 44 8 5 1 24 13 10
1 22 46 9 23 1 46 28 17 37 39 25 5 39 11 39 25 26 39 11 39 11 39 25
0 4 10 29 49 49
0 4 25 7 6 17
1 7 25 6 39 1 41 6 10
0 6 16 18 39 44 9 15
1 20 44 3 14 24 36 14 24 3 24 1 24 3 24 13 27 1 24 3 24 36
1 35 46 13 38 23 44 9 1 1 23 44 13 38 23 44 9 23 9 23 22 48 28 21 44 9 23 9 23 44 9 23 44 9 23 22 49
1 14 0 16 44 44 16 31 14 43 39 8 44 44 44 44
1 21 43 39 8 8 44 8 44 8 8 8 44 8 8 44 44 44 44 8 8 44 8
1 15 25 6 48 38 14 43 39 44 44 44 8 8 8 44 44
0 4 25 6 27 40
1 7 44 11 36 11 27 27 49
1 9 10 29 7 16 46 1 33 4 10
0 2 49 6
1 12 46 9 23 44 22 48 28 27 48 31 6 13
0 4 49 1 1 49
0 31 46 44 37 1 46 17 38 1 46 17 46 17 38 44 13 38 1 23 44 44 44 44 38 1 46 17 38 44 1 47 28
0 24 6 4 1 0 44 44 44 44 44 44 16 31 14 6 4 1 43 39 5 44 44 44 8 8
0 2 1 8
1 70 46 44 13 38 23 1 37 39 11 39 11 39 11 39 11 39 11 39 25 5 39 11 39 11 39 25 5 39 11 39 11 39 11 39 25 26 39 25 26 39 11 39 25 26 39 11 39 25 26 39 11 39 11 39 25 26 39 11 39 11 39 11 39 25 5 39 25 26 39 25
0 3 30 48 17
1 8 25 6 46 1 46 9 23 13
1 7 7 38 41 27 10 29 7
0 21 0 31 3 3 3 3 3 48 3 35 3 3 3 35 14 44 5 0 37 24 0
1 7 46 22 16 39 38 16 46
1 17 44 44 3 14 24 3 24 0 37 24 3 24 13 27 3 24 0
0 6 43 7 31 8 12 44
0 4 46 13 38 23
1 11 0 44 44 16 44 31 3 3 3 14 8
0 6 49 38 25 43 6 6
1 10 46 22 38 17 48 14 49 19 27 19
1 15 44 5 1 24 13 31 30 19 27 38 48 31 6 6 10
0 5 44 31 45 33 34
0 10 46 10 36 29 9 27 14 44 14 39
0 4 38 8 47 8
1 8 43 39 8 8 8 8 44 8
0 6 10 17 3 3 14 17
0 4 46 41 44 34
0 25 49 27 48 14 7 48 14 6 26 4 31 44 3 23 7 22 14 24 1 24 3 24 1 34 36
0 4 33 4 8 10
0 6 10 41 14 11 36 2
0 4 33 4 27 1
1 7 44 31 49 38 16 45 40
0 13 44 15 8 44 15 31 49 38 45 33 6 1 45
1 8 33 38 39 44 8 8 8 44
1 15 44 3 14 24 36 14 24 3 24 1 24 36 14 24 36
1 10 49 1 31 6 39 38 38 17 16 46
0 6 37 9 38 48 14 12
1 20 0 16 44 44 44 44 16 44 31 3 3 3 14 33 38 39 8 8 8 44
1 11 33 38 39 8 8 8 8 8 8 44 8
1 4 44 5 0 22
1 10 43 39 44 44 8 8 44 8 8 44
0 3 26 47 35
0 4 19 0 14 23
0 9 44 44 31 14 7 38 41 6 10
1 15 0 44 16 16 31 3 3 14 44 31 45 40 45 18 34
0 5 6 5 4 1 28
1 65 46 13 38 23 1 37 39 11 39 11 39 25 26 39 11 39 25 5 39 11 39 11 39 25 5 39 11 39 25 5 39 25 26 39 25 26 39 11 39 11 39 11 39 25 5 39 11 39 25 26 39 25 26 39 11 39 25 26 39 11 39 25 5 39 25
0 9 7 48 46 41 1 43 39 8 5
0 13 19 46 44 9 1 1 23 41 1 31 6 27 35
1 7 44 11 36 5 3 24 36
0 18 45 29 44 44 16 16 44 16 44 31 3 14 46 22 16 27 22 6
1 11 33 38 39 44 8 44 44 44 44 8 8
1 8 0 44 44 44 31 3 14 8
0 4 19 0 14 23
1 5 6 4 1 44 35
0 3 44 20 38
0 15 0 16 31 3 3 4 3 14 33 38 39 8 44 8 44
0 5 44 17 9 20 7
1 5 10 29 44 30 27
0 3 43 33 10
0 10 46 10 36 29 9 27 14 44 14 39
0 2 0 24
0 2 49 33
1 8 33 4 1 0 31 14 7 49
0 4 46 41 44 34
0 4 42 17 31 28
0 2 30 37
0 5 24 44 31 14 8
0 12 0 31 14 46 24 44 27 38 27 16 39 19
1 4 49 1 14 48
1 11 0 44 31 3 3 3 14 25 6 27 35
1 21 33 38 39 8 44 8 44 44 44 8 8 44 8 44 44 8 44 44 8 44 44
1 11 0 44 44 16 44 44 16 31 3 14 7
0 6 46 42 44 41 44 30
1 6 25 6 48 16 39 7
0 7 10 29 39 8 38 8 44
0 5 1 38 3 48 49
1 13 0 16 44 44 44 16 31 3 3 3 3 14 48
1 9 43 39 44 44 8 8 8 8 8
0 3 12 29 28
1 8 46 13 38 23 1 37 39 25
0 2 33 9
0 6 37 9 38 48 14 12
0 7 49 27 38 14 33 16 4
0 4 30 0 34 7
0 2 0 24
1 20 6 4 1 25 6 27 0 16 16 31 3 3 3 3 14 43 39 44 44 44
1 9 0 16 16 16 31 14 25 6 13
0 3 18 43 19
0 8 7 11 41 13 16 19 49 27
0 17 6 38 39 49 8 8 8 44 3 44 8 44 8 20 44 8 44
1 16 7 48 14 44 3 7 37 24 36 14 24 1 24 13 31 2
1 41 46 1 37 39 25 5 39 11 39 11 39 25 26 39 11 39 11 39 25 5 39 11 39 11 39 11 39 11 39 11 39 11 39 25 26 39 11 39 11 39 25
1 18 46 44 44 13 38 1 23 22 48 17 38 31 6 48 38 41 13 10
1 5 46 9 23 22 49
1 10 0 44 44 16 16 31 3 3 14 28
0 2 38 10
0 5 39 44 44 44 44
0 30 43 39 8 44 44 8 8 8 44 8 8 44 44 8 44 44 44 8 44 44 44 44 8 44 15 44 44 44 8 44
0 5 7 38 12 43 39
0 3 49 6 13
0 4 46 39 20 8
1 6 43 39 8 44 8 8
1 21 10 17 14 46 41 38 38 28 21 9 1 1 1 23 13 38 1 1 23 44 22
0 11 0 31 14 43 39 24 44 8 44 48 8
1 14 0 44 31 14 7 48 14 25 6 6 1 33 4 10
0 4 15 31 16 12
1 24 46 9 1 1 1 1 1 1 23 1 46 17 38 9 23 13 38 23 1 46 28 28 17 46
0 3 4 43 36
1 22 10 17 3 14 46 1 37 39 11 39 11 39 25 26 39 11 39 11 39 11 39 25
0 12 13 31 3 3 14 38 25 6 39 1 41 6
0 3 24 21 38
1 8 33 4 1 0 31 14 7 49
0 4 10 27 10 14
0 4 47 49 4 8
0 98 46 1 38 38 46 17 46 17 37 39 11 39 11 39 11 39 25 26 39 25 5 39 11 39 11 39 25 26 39 11 39 25 5 39 11 39 25 5 21 39 11 39 11 39 11 39 25 5 39 25 26 39 11 39 25 5 39 11 39 11 39 25 26 39 11 39 25 5 39 11 39 11 39 25 5 39 11 39 25 5 47 11 39 11 39 11 39 11 39 25 5 39 11 39 25 26 39 25
0 2 25 8
1 11 10 29 49 19 27 27 38 31 6 13 10
0 2 14 15
0 4 25 6 1 28
0 18 0 44 44 16 44 16 11 31 3 14 49 1 41 39 46 36 44 35
0 4 33 45 38 39
1 4 7 48 17 49
0 3 37 40 35
1 12 43 39 44 8 8 8 44 8 44 8 8 8
0 7 10 17 3 3 14 49 11
1 10 10 29 33 38 39 44 44 8 44 8
1 4 10 17 14 48
0 5 10 6 4 1 35
1 24 33 4 1 0 44 16 31 3 3 3 3 3 14 49 1 41 27 25 6 6 1 25 6 6
1 8 0 16 16 44 31 14 44 2
0 5 44 31 45 33 34
0 2 49 33
0 6 10 17 3 3 14 17
0 5 44 11 36 12 2
1 7 44 11 36 11 27 27 49
1 6 25 6 48 16 39 7
1 5 6 38 39 8 8
1 12 33 38 39 8 8 8 8 44 8 44 8 44
0 5 44 17 9 20 7
0 5 25 6 46 44 33
0 9 0 44 21 3 25 6 26 48 4
1 6 7 38 41 13 1 8
0 14 6 38 37 44 44 44 44 8 44 8 8 8 44 8
0 12 0 44 31 14 43 27 16 27 33 38 39 8
0 9 10 29 17 7 48 15 31 6 48
0 19 10 17 14 46 44 13 38 23 44 44 13 38 46 1 23 22 48 4 10
1 7 7 38 28 23 19 36 2
1 16 33 38 39 44 8 44 8 44 44 44 8 8 8 44 44 8
0 31 46 13 38 14 23 9 1 38 1 1 1 1 23 13 38 1 1 23 9 1 23 9 9 1 17 0 23 41 40 6 13
1 4 7 48 17 49
1 14 10 29 0 16 44 16 16 31 3 14 25 6 46 10
0 2 12 16
1 9 43 39 8 8 44 44 44 8 8
0 10 32 43 39 44 8 40 44 44 44 8
0 3 25 38 17
1 10 44 5 3 24 0 22 14 24 13 10
0 12 7 16 40 6 38 44 44 8 8 44 7 8
0 9 49 1 41 27 28 29 10 29 8
1 10 10 29 33 38 39 44 44 8 44 8
0 3 3 38 6
0 13 44 15 8 44 15 31 49 38 45 33 6 1 45
0 4 41 22 24 32
1 5 49 38 48 17 49
0 19 0 31 3 3 3 3 14 10 45 29 6 38 39 8 8 44 8 44 8
1 22 49 38 16 46 1 0 16 16 31 3 3 3 14 43 39 8 44 44 8 8 44 8
0 8 10 10 17 3 25 46 1 48
1 20 10 17 3 3 3 14 0 16 44 16 44 16 16 44 16 31 14 43 39 44
0 28 7 48 41 27 10 17 3 14 19 46 1 37 25 20 19 39 46 39 35 26 39 11 39 11 39 11 39 25
0 2 42 36
0 18 46 9 23 1 23 1 37 39 25 26 36 39 43 39 11 39 37 25
1 12 43 39 44 8 8 8 44 8 44 8 8 8
1 15 6 38 39 44 8 44 8 8 44 8 8 44 8 8 44
0 6 33 39 43 44 8 8
0 11 34 8 8 29 8 8 8 8 8 44 44
0 3 18 23 7
0 16 0 37 3 3 14 7 38 17 33 38 17 16 48 16 46 10
0 2 35 43
0 2 1 12
1 10 46 22 38 14 43 39 8 8 44 44
0 4 7 2 37 46
1 5 10 29 44 3 7
1 10 0 44 44 16 16 31 3 3 14 28
1 7 7 38 14 25 6 48 49
1 7 10 29 44 11 27 44 30
0 7 49 27 38 14 33 16 4
0 7 25 46 44 41 38 20 49
1 10 7 38 41 48 16 48 16 13 1 8
0 2 1 12
1 4 7 48 17 49
1 6 10 17 14 43 39 44
0 31 46 13 38 14 23 9 1 38 1 1 1 1 23 13 38 1 1 23 9 1 23 9 9 1 17 0 23 41 40 6 13
0 16 7 27 27 46 49 1 41 48 23 18 14 43 39 44 44 8
1 6 25 6 48 48 14 35
0 3 6 8 4
0 5 27 11 29 48 28
1 7 33 38 39 44 44 44 8
1 13 10 29 6 38 39 8 8 44 8 44 44 8 8
0 4 40 22 49 36
0 3 22 21 35
0 9 44 44 31 14 7 38 41 6 10
0 9 10 29 17 7 48 15 31 6 48
0 3 35 33 38
0 3 24 41 7
1 15 46 13 38 23 9 1 1 23 41 19 27 40 6 27 28
1 9 43 39 44 44 44 44 8 44 8
1 10 10 17 14 6 38 39 44 8 44 44
1 14 0 44 31 14 7 48 14 25 6 6 1 33 4 10
1 9 10 17 3 3 14 25 6 46 10
1 5 7 16 39 1 17
1 19 46 44 44 1 37 39 11 39 25 26 39 11 39 25 5 39 11 39 25
1 43 49 19 36 3 7 37 24 3 24 0 37 24 0 22 14 24 3 24 3 24 13 27 1 24 1 24 13 27 1 24 3 24 36 14 24 13 31 3 7 22 14 24 36
0 2 33 23
0 8 38 28 21 17 38 16 13 10
0 2 31 19
1 7 7 48 31 6 27 43 39
0 14 25 6 27 16 45 0 16 16 16 16 16 31 14 26
0 17 6 38 39 49 8 8 8 44 3 44 8 44 8 20 44 8 44
1 10 25 6 39 19 27 19 27 1 28 27
1 11 0 44 44 16 44 44 16 31 3 14 7
1 16 0 44 44 44 16 16 31 3 14 10 17 3 14 25 6 13
0 3 24 41 7
1 5 49 19 27 44 6
1 16 33 38 39 44 8 44 8 44 44 44 8 8 8 44 44 8
1 10 33 38 39 44 44 8 44 44 8 8
0 9 0 16 44 28 31 3 3 14 8
1 8 33 38 39 8 8 44 44 8
0 2 13 17
1 8 7 38 41 48 48 31 6 46
0 3 46 30 23
1 15 6 4 1 10 17 14 10 29 44 44 15 8 31 49 30
0 9 42 38 39 40 13 6 27 27 28
0 3 17 16 46
0 9 40 10 17 15 14 43 39 44 44
1 8 7 48 14 10 17 14 46 22
1 6 46 9 1 23 41 27
0 3 28 1 16
1 5 46 1 38 1 46
1 17 44 5 3 24 1 24 0 37 24 36 14 24 1 24 1 24 36
1 7 43 39 44 8 8 44 44
0 10 31 39 8 8 29 44 33 30 8 44
1 17 44 5 3 24 1 24 0 37 24 36 14 24 1 24 1 24 36
0 4 10 25 6 46
0 18 33 38 39 8 44 44 44 44 44 44 8 8 44 8 36 8 44 44
1 15 0 44 16 16 31 3 3 14 44 31 45 40 45 18 34
1 21 43 39 8 8 44 8 44 8 8 8 44 8 8 44 44 44 44 8 8 44 8
1 10 46 44 9 23 22 48 41 13 1 48
0 3 34 27 49
1 5 7 16 27 44 35
0 4 7 7 48 27
0 4 25 33 6 46
1 17 44 44 3 14 24 3 24 0 37 24 3 24 13 27 3 24 0
0 2 32 32
1 14 6 38 39 8 44 8 8 8 44 44 8 8 44 44
0 4 44 40 6 13
0 2 9 48
1 9 0 44 16 44 31 3 3 14 28
0 8 10 10 17 3 25 46 1 48
1 7 6 38 39 8 44 8 44
0 6 9 24 18 39 8 44
0 7 25 6 48 16 13 42 28
0 5 25 41 2 26 39
1 5 46 44 22 16 6
1 97 46 1 37 39 25 5 39 25 26 39 25 5 39 25 26 39 11 39 11 39 25 5 39 11 39 25 5 39 25 26 39 11 39 11 39 11 39 25 26 39 11 39 25 5 39 11 39 25 5 39 11 39 11 39 25 5 39 25 5 39 11 39 11 39 11 39 25 26 39 11 39 25 5 39 25 5 39 11 39 11 39 11 39 25 5 39 11 39 25 26 39 25 5 39 11 39 25
1 12 0 16 31 3 3 3 3 3 3 14 33 4
1 37 33 38 39 8 44 44 8 44 44 8 8 8 44 44 44 44 8 44 44 8 8 8 8 44 44 44 44 8 44 44 44 44 44 8 8 44 8
0 4 7 2 37 46
0 2 5 30
0 4 9 4 7 10
0 8 13 40 6 10 13 1 35 35
0 10 22 49 38 39 42 44 8 8 19 44
0 10 31 39 8 8 29 44 33 30 8 44
0 2 32 32
0 1 37
1 12 33 38 39 8 8 8 8 44 8 44 8 44
0 2 14 15
0 7 10 17 3 3 14 49 11
0 10 7 48 41 46 41 10 17 3 14 48
1 5 44 30 44 6 30
1 7 7 38 14 25 6 6 10
0 5 41 34 8 8 44
0 2 15 44
1 12 44 3 14 24 13 31 31 45 12 18 18 40
1 11 6 38 39 44 8 44 8 44 44 8 44
0 2 9 48
1 20 10 29 0 44 16 44 31 3 3 3 14 10 17 3 3 14 49 19 36 2
1 14 6 38 39 8 44 8 8 8 44 44 8 8 44 44
0 13 19 46 44 9 1 1 23 41 1 31 6 27 35
0 22 46 1 38 13 38 1 23 1 38 9 23 13 38 23 23 38 23 22 16 46 1 28
1 45 10 17 3 14 46 1 37 39 11 39 11 39 11 39 25 26 39 25 5 39 25 26 39 25 26 39 25 26 39 11 39 25 26 39 25 26 39 11 39 11 39 25 5 39 25
0 9 44 5 0 22 14 24 24 1 24
1 20 10 29 0 44 16 44 31 3 3 3 14 10 17 3 3 14 49 19 36 2
1 10 49 1 31 6 39 38 38 17 16 46
0 14 37 23 44 44 1 38 9 1 18 22 38 28 27 49
0 10 32 43 39 44 8 40 44 44 44 8
0 11 10 29 0 31 3 14 29 7 17 14 3
1 6 25 6 39 40 6 6
1 4 10 29 7 49
1 7 10 29 49 1 31 6 46
0 5 49 40 39 44 13
1 8 46 9 23 22 48 41 13 10
0 5 49 40 39 44 13
0 2 7 35
0 9 0 44 14 16 31 3 14 44 35
0 5 44 11 36 12 2
1 6 49 40 6 48 16 13
0 3 39 23 15
0 10 49 1 28 47 23 19 27 38 16 6
0 19 44 0 37 40 3 24 1 24 13 27 3 24 36 14 24 36 14 24 36
1 11 33 38 39 8 8 8 8 8 8 44 8
0 2 5 30
0 22 46 1 38 13 38 1 23 1 38 9 23 13 38 23 23 38 23 22 16 46 1 28
0 5 13 10 14 41 39
0 5 6 5 4 1 28
0 10 7 48 41 46 41 10 17 3 14 48
0 9 0 16 44 44 23 3 46 13 46
0 4 6 4 1 10
0 5 7 34 16 25 38
1 11 10 17 3 3 3 3 3 14 6 4 10
0 2 36 28
1 7 0 16 44 16 31 3 14
0 2 48 45
0 2 45 22
0 10 43 39 44 44 15 8 8 8 8 8
1 8 25 6 6 1 49 44 6 13
1 40 0 31 14 46 9 1 1 1 23 1 38 44 44 44 9 23 1 38 13 38 23 22 38 28 21 41 19 36 5 1 24 36 14 24 1 24 1 24 13 10
1 15 44 3 14 24 36 14 24 3 24 1 24 36 14 24 36
1 8 46 22 48 14 33 38 39 44
1 10 7 38 41 48 16 48 16 13 1 8
0 3 32 28 38
1 11 43 39 8 44 8 44 8 44 8 8 44
0 18 33 38 39 8 8 8 44 11 8 8 43 8 44 44 8 8 8 44
1 11 10 29 49 19 27 27 38 31 6 13 10
1 7 25 6 39 19 27 44 6
0 3 17 44 8
1 21 33 38 39 8 44 8 44 44 44 8 8 44 8 44 44 8 44 44 8 44 44
1 13 0 44 31 3 3 3 3 14 44 44 3 7 22
1 5 49 27 48 14 35
1 11 10 17 3 3 3 3 3 14 6 4 10
1 12 0 16 16 16 44 16 31 14 49 1 17 49
1 7 25 6 48 16 27 49 19
0 15 42 46 45 9 23 8 46 17 38 47 48 17 48 41 13
0 4 38 8 47 8
0 7 10 14 4 1 24 16 31
0 2 22 41
0 6 14 6 12 44 44 44
1 9 0 44 16 44 31 3 3 14 28
1 12 49 19 36 30 40 6 13 1 25 6 27 35
0 2 27 15
0 3 14 3 35
1 5 0 16 16 31 14
1 8 43 39 8 8 8 8 44 8
1 4 49 1 14 35
0 9 43 14 4 8 8 44 8 44 8
1 10 25 6 39 19 27 19 27 1 28 27
0 15 29 0 16 44 44 44 44 16 4 14 49 27 16 43 27
0 2 17 10
0 7 6 11 35 8 1 49 3
0 3 17 16 46
0 16 0 37 3 3 14 7 38 17 33 38 17 16 48 16 46 10
1 6 7 38 41 13 1 8
1 8 33 38 39 44 8 8 8 44
0 9 42 38 39 40 13 6 27 27 28
1 4 25 6 6 10
0 6 39 49 1 28 27 49
0 2 30 37
0 3 34 27 49
1 5 10 29 44 3 7
0 12 13 31 3 3 14 38 25 6 39 1 41 6
0 3 3 38 6
0 3 36 4 49
1 8 0 44 44 44 31 3 14 8
0 2 23 31
0 5 49 11 40 6 46
0 15 0 16 31 3 3 4 3 14 33 38 39 8 44 8 44
0 12 0 44 31 14 43 27 16 27 33 38 39 8
1 6 7 48 41 27 49 44
1 11 6 38 39 44 8 44 8 8 8 8 8
0 5 25 6 46 44 33
1 3 46 44 13
1 11 0 44 44 16 44 31 3 3 3 14 8
0 12 0 31 14 46 24 44 27 38 27 16 39 19
1 5 46 1 38 1 46
1 4 49 38 16 48
0 7 25 46 44 41 38 20 49
0 2 42 0
1 4 0 31 14 28
0 3 26 47 35
0 4 8 10 45 8
1 8 46 22 48 14 33 38 39 44
1 7 33 38 39 44 8 8 44
0 3 36 4 49
0 3 19 42 45
0 10 49 1 28 47 23 19 27 38 16 6
0 3 46 4 10
0 7 0 12 31 9 3 14 35
0 3 18 43 19
1 9 49 1 31 6 27 6 4 1 8
1 13 43 39 44 8 8 8 8 44 44 44 44 44 44
0 3 39 23 15
0 5 33 38 39 44 38
1 3 25 6 48
0 8 38 7 29 22 31 6 39 23
0 4 41 22 24 32
1 12 0 16 16 16 44 16 31 14 49 1 17 49
0 7 7 38 17 38 17 38 8
1 24 46 9 1 1 1 1 1 1 23 1 46 17 38 9 23 13 38 23 1 46 28 28 17 46
1 8 7 48 17 38 17 16 27 35
0 4 38 41 43 5
1 11 46 9 23 22 38 17 48 14 43 39 44
1 7 0 44 31 14 33 38 39
0 2 17 28
0 3 24 21 38
0 22 0 44 5 44 16 16 16 8 44 16 16 31 3 3 3 14 44 5 36 7 22 7
1 6 6 4 1 6 4 10
0 8 10 29 43 49 39 12 44 44
0 3 46 19 19
1 14 10 29 46 1 46 17 38 22 38 17 16 39 38 49
0 9 25 6 39 1 17 38 39 23 44
0 6 39 7 29 32 4 27
0 4 10 27 10 14
0 12 0 16 16 31 14 43 31 46 41 44 14 28
0 16 25 6 6 1 10 14 10 17 3 20 3 14 25 6 46 10
0 2 40 38
1 6 6 4 1 6 4 10
0 3 30 19 35
1 4 49 38 16 48
0 9 44 5 0 22 14 24 24 1 24
1 5 49 19 36 3 7
0 10 36 33 38 39 44 31 44 44 8 8
0 6 39 7 29 32 4 27
0 33 44 5 0 37 24 36 7 37 24 0 37 24 1 24 36 14 24 0 37 24 13 31 3 14 24 3 24 42 1 24 1 24 0
0 2 12 16
0 2 6 2
0 3 49 6 13
1 9 43 39 44 44 8 44 8 44 44
1 22 10 29 46 1 46 17 37 39 11 39 25 5 39 11 39 25 26 39 25 26 39 25
1 13 10 29 6 38 39 8 8 44 8 44 44 8 8
0 2 36 28
0 2 15 13
1 11 6 38 39 44 8 8 8 44 8 8 44
0 9 12 44 5 3 24 3 24 13 10
1 7 33 38 39 44 8 8 44
1 9 6 38 39 8 8 8 8 44 44
1 25 49 19 36 44 5 0 22 7 37 24 36 7 37 24 36 14 24 13 27 0 37 24 36 7 22
1 7 49 38 16 13 1 33 4
0 3 48 41 23
1 6 7 16 27 6 4 10
1 7 10 29 49 1 31 6 46
0 6 0 16 31 3 7 28
1 10 44 5 3 24 0 22 14 24 13 10
1 5 7 38 41 27 48
1 5 25 6 39 44 13
0 5 5 7 17 32 49
0 5 7 38 14 11 7
1 8 33 38 39 8 8 44 8 44
1 10 6 38 39 8 8 44 8 8 44 44
0 4 46 7 46 28
1 5 44 30 44 6 30
0 6 10 29 12 38 48 17
0 9 44 4 5 0 22 14 24 13 10
1 11 6 38 39 44 8 8 8 44 8 8 44
0 14 44 3 37 24 3 24 0 37 24 3 24 13 31 2
1 6 0 16 31 3 14 35
1 9 0 16 44 31 3 14 25 6 13
0 3 19 16 45
0 7 10 14 4 1 24 16 31
0 5 20 25 6 10 10
0 12 10 29 19 6 38 39 44 7 8 8 44 44
0 2 30 23
0 8 6 38 39 49 22 20 44 8
1 20 6 4 1 25 6 27 0 16 16 31 3 3 3 3 14 43 39 44 44 44
1 29 44 5 1 24 1 24 1 24 3 24 1 24 13 27 36 14 24 0 37 24 3 24 1 24 0 22 7 22 7
1 7 43 39 44 8 8 44 44
0 2 7 35
0 5 25 39 40 6 48
0 4 12 31 44 31
1 10 6 38 39 8 8 44 8 8 44 44
1 6 49 40 6 48 16 13
1 7 49 38 16 13 1 33 4
0 6 49 1 1 31 6 48
1 5 6 38 39 8 8
1 3 25 6 48
0 10 43 39 38 8 44 33 8 8 8 8
0 1 34
0 7 25 6 48 16 13 42 28
0 9 49 27 16 48 48 6 46 1 28
0 5 38 38 41 5 24
1 35 46 13 38 23 44 9 1 1 23 44 13 38 23 44 9 23 9 23 22 48 28 21 44 9 23 9 23 44 9 23 44 9 23 22 49
1 6 7 16 27 6 4 10
0 6 43 39 13 48 27 44
0 5 6 42 1 40 2
0 4 33 12 38 8
0 8 6 46 44 8 8 8 8 8
1 14 10 29 0 16 44 16 16 31 3 14 25 6 46 10
0 10 0 16 25 31 3 14 19 41 40 6
0 12 0 16 48 31 3 3 3 3 3 14 4 10
0 5 44 22 48 17 49
1 5 7 38 41 27 48
1 16 7 48 14 44 3 7 37 24 36 14 24 1 24 13 31 2
0 6 25 6 24 38 41 13
0 2 30 45
1 19 46 44 44 1 37 39 11 39 25 26 39 11 39 25 5 39 11 39 25
0 7 6 11 35 8 1 49 3
1 11 46 9 23 22 38 17 48 14 43 39 44
0 2 9 8
1 37 33 38 39 8 44 44 8 44 44 8 8 8 44 44 44 44 8 44 44 8 8 8 8 44 44 44 44 8 44 44 44 44 44 8 8 44 8
1 7 10 29 44 11 27 44 30
1 6 46 41 1 17 16 13
0 4 42 17 31 28
0 2 21 30
0 9 12 44 5 3 24 3 24 13 10
0 5 7 38 14 11 7
1 5 46 44 44 22 49
1 4 10 17 14 48
0 9 33 1 6 31 4 49 19 36 2
1 6 6 38 39 44 44 8
1 7 0 16 44 16 31 3 14
0 9 49 27 16 48 48 6 46 1 28
0 7 0 12 31 9 3 14 35
0 4 49 1 1 49
0 8 7 11 41 13 16 19 49 27
0 2 23 31
1 6 0 31 14 46 1 46
0 2 8 36
0 2 27 25
0 36 49 40 6 13 1 10 29 46 1 37 39 11 39 25 26 39 11 39 25 5 39 25 5 39 25 5 39 11 39 11 11 39 25 26 39 25
1 9 44 31 49 30 49 7 30 25 18
0 5 33 15 43 39 8
1 10 0 31 3 3 3 3 3 3 14 35
0 11 43 9 20 39 8 8 15 1 8 2 8
0 4 29 43 49 1
1 5 49 19 27 44 30
0 7 0 30 7 3 36 14 48
0 9 38 17 3 14 15 33 34 1 28
0 10 49 38 9 48 31 6 47 6 49 10
0 2 38 10
1 13 0 16 44 44 44 16 31 3 3 3 3 14 48
0 8 1 25 6 6 1 29 43 39
0 2 9 8
0 12 10 29 19 6 38 39 44 7 8 8 44 44
1 11 0 44 44 16 31 3 14 33 38 39 8
0 4 25 7 6 17
1 10 43 39 44 8 8 44 44 8 44 8
0 2 45 14
1 10 33 38 39 44 44 8 44 44 8 8
0 3 25 38 17
0 3 14 13 7
0 9 7 38 17 23 34 31 6 1 48
0 19 44 0 37 40 3 24 1 24 13 27 3 24 36 14 24 36 14 24 36
1 7 7 48 31 6 13 1 35
1 5 44 31 45 40 45
0 5 5 10 36 30 44
0 4 47 49 4 8
1 7 7 16 27 25 6 6 10
1 12 6 38 39 8 44 8 44 8 44 44 8 8
1 22 46 1 38 9 23 9 1 23 44 41 1 14 33 38 39 44 8 44 44 8 8 44
0 12 0 16 16 31 14 43 31 46 41 44 14 28
0 18 33 38 39 8 44 44 44 44 44 44 8 8 44 8 36 8 44 44
0 8 6 46 44 8 8 8 8 8
0 6 25 6 39 38 14 28
0 3 46 19 19
0 9 4 43 46 39 8 11 8 44 8
1 7 44 11 36 5 3 24 36
0 4 33 33 4 10
0 9 7 38 17 23 34 31 6 1 48
0 2 45 22
1 5 49 19 27 44 30
1 9 10 29 7 16 46 1 33 4 10
1 5 49 38 48 17 49
0 7 44 44 31 12 18 18 20
1 3 46 44 13
1 7 46 22 16 39 38 16 46
1 45 10 17 3 14 46 1 37 39 11 39 11 39 11 39 25 26 39 25 5 39 25 26 39 25 26 39 25 26 39 11 39 25 26 39 25 26 39 11 39 11 39 25 5 39 25
0 2 40 38
1 6 49 1 14 43 39 44
1 8 10 29 43 39 8 44 44 44
1 9 0 16 31 3 14 0 31 14 35
0 2 8 36
0 5 16 44 23 5 35
0 9 0 16 44 44 23 3 46 13 46
1 24 33 4 1 0 44 16 31 3 3 3 3 3 14 49 1 41 27 25 6 6 1 25 6 6
0 36 49 40 6 13 1 10 29 46 1 37 39 11 39 25 26 39 11 39 25 5 39 25 5 39 25 5 39 11 39 11 11 39 25 26 39 25
0 9 7 48 46 41 1 43 39 8 5
1 4 25 6 6 10
1 9 10 17 14 33 38 39 8 8 8
1 9 33 38 39 8 8 44 8 8 8
0 13 33 38 18 8 8 8 21 44 8 8 44 8 8
1 16 46 41 27 48 28 21 13 38 1 1 1 23 44 41 44 30
0 5 49 19 19 9 9
1 6 6 4 1 25 6 13
0 4 29 43 49 1
0 5 1 38 3 48 49
1 11 0 44 31 3 3 3 14 25 6 27 35
0 4 46 13 38 23
0 8 6 38 39 49 22 20 44 8
1 10 7 48 14 44 11 27 27 16 27 48
1 7 7 16 27 25 6 6 10
0 28 7 48 41 27 10 17 3 14 19 46 1 37 25 20 19 39 46 39 35 26 39 11 39 11 39 11 39 25
1 12 6 38 39 8 44 8 44 8 44 44 8 8
1 8 7 48 17 38 17 16 27 35
0 3 5 33 4
1 22 10 17 3 14 46 1 37 39 11 39 11 39 25 26 39 11 39 11 39 11 39 25
1 25 46 9 1 1 23 13 38 23 13 38 23 44 1 46 28 17 38 22 38 17 16 27 33 4 10
0 10 25 6 46 1 33 38 39 1 8 44
0 19 10 17 14 46 44 13 38 23 44 44 13 38 46 1 23 22 48 4 10
0 5 29 39 8 44 44
0 6 39 25 6 6 1 48
0 5 16 44 23 5 35
0 7 10 17 3 46 41 38 49
0 3 14 3 35
1 27 46 1 37 39 11 39 25 26 39 25 5 39 11 39 25 26 39 25 5 39 25 26 39 25 26 39 25
1 28 7 48 28 21 44 13 38 23 44 1 38 9 1 23 9 23 13 38 1 23 9 23 13 38 23 41 27 49
0 12 4 1 33 13 35 38 39 44 44 44 8 8
1 12 0 16 31 3 3 3 3 3 3 14 33 4
1 20 0 16 44 44 44 44 16 44 31 3 3 3 14 33 38 39 8 8 8 44
0 7 0 31 3 14 25 39 13
0 4 25 33 6 46
1 9 0 16 31 3 14 0 31 14 35
1 8 44 3 14 24 1 24 13 10
0 8 1 25 6 6 1 29 43 39
0 4 49 46 11 27
0 2 15 13
0 5 46 2 36 16 6
1 18 46 44 44 13 38 1 23 22 48 17 38 31 6 48 38 41 13 10
1 12 10 29 46 41 40 6 6 1 33 38 39 8
1 10 33 4 1 25 6 39 19 27 44 30
0 3 48 0 21
0 6 33 38 42 39 44 8
0 6 43 39 13 48 27 44
0 2 30 23
0 6 6 14 24 3 24 36
1 8 25 6 6 1 49 44 6 13
0 16 23 31 14 0 16 16 16 44 16 44 31 2 14 33 4 10
1 9 43 39 44 44 44 44 8 44 8
0 2 28 39
1 5 46 9 23 22 49
0 4 9 4 7 10
0 9 25 6 27 30 28 31 3 14 28
0 6 0 16 31 3 7 28
0 3 48 37 34
0 18 10 17 1 43 39 44 44 44 31 8 44 44 8 8 44 8 8 44
1 12 44 3 14 24 13 31 31 45 12 18 18 40
1 5 49 40 6 46 10
0 7 0 31 3 14 25 39 13
1 15 6 38 39 44 8 44 8 8 44 8 8 44 8 8 44
0 5 32 34 39 0 18
0 2 28 39
1 9 10 17 14 33 38 39 8 8 8
1 12 49 1 17 48 28 23 40 6 46 1 6 4
0 5 35 19 4 1 48
1 6 10 17 14 6 4 10
0 2 17 28
0 3 44 20 38
0 14 37 23 44 44 1 38 9 1 18 22 38 28 27 49
0 2 44 13
0 6 43 7 31 8 12 44
0 8 38 7 29 22 31 6 39 23
1 4 25 6 6 10
1 9 43 39 8 8 8 8 44 44 8
1 15 46 41 40 6 46 1 46 1 38 22 38 31 6 46 10
0 2 43 28
1 14 0 31 14 25 6 27 44 30 19 36 11 27 44 30
0 13 44 10 27 40 6 48 48 28 23 27 48 28 27
1 10 43 39 8 44 8 8 8 44 44 8
1 10 43 39 44 44 8 8 44 8 8 44
1 65 46 13 38 23 1 37 39 11 39 11 39 25 26 39 11 39 25 5 39 11 39 11 39 25 5 39 11 39 25 5 39 25 26 39 25 26 39 11 39 11 39 11 39 25 5 39 11 39 25 26 39 25 26 39 11 39 25 26 39 11 39 25 5 39 25
0 18 0 44 44 16 44 16 11 31 3 14 49 1 41 39 46 36 44 35
1 10 43 39 8 44 8 8 8 44 44 8
0 17 0 44 44 42 14 7 24 13 1 7 48 28 23 40 6 13 37
1 6 46 41 1 17 16 13
0 3 30 48 17
0 22 0 44 5 44 16 16 16 8 44 16 16 31 3 3 3 14 44 5 36 7 22 7
1 8 46 13 38 23 1 37 39 25
1 27 6 38 39 44 44 44 44 44 44 8 8 8 8 8 8 44 44 44 44 8 8 44 8 8 8 8 8
1 5 6 38 39 8 8
0 1 37
0 9 0 16 44 28 31 3 3 14 8
0 2 11 44
0 2 1 8
1 5 25 6 27 49 7
0 5 32 34 39 0 18
1 5 25 6 39 44 13
0 3 34 1 48
1 7 25 6 39 1 41 6 10
0 19 0 31 14 10 17 14 6 38 39 8 8 8 44 44 8 8 14 8 8
0 2 3 10
0 8 10 29 43 49 39 12 44 44
0 4 38 41 43 5
0 24 6 4 1 0 44 44 44 44 44 44 16 31 14 6 4 1 43 39 5 44 44 44 8 8
0 3 22 21 35
0 2 37 48
0 1 37
0 5 7 34 16 25 38
1 11 33 38 39 44 8 44 44 44 44 8 8
1 10 46 44 9 23 22 48 41 13 1 48
1 6 0 31 14 46 1 46
1 9 10 17 3 3 14 25 6 46 10
0 9 38 17 3 14 15 33 34 1 28
0 2 33 9
1 4 10 29 7 49
1 29 44 5 1 24 1 24 1 24 3 24 1 24 13 27 36 14 24 0 37 24 3 24 1 24 0 22 7 22 7
0 2 10 48
0 2 38 28
0 6 7 48 28 10 1 46
0 9 43 14 4 8 8 44 8 44 8
0 9 46 9 23 41 1 14 19 36 35
0 98 46 1 38 38 46 17 46 17 37 39 11 39 11 39 11 39 25 26 39 25 5 39 11 39 11 39 25 26 39 11 39 25 5 39 11 39 25 5 21 39 11 39 11 39 11 39 25 5 39 25 26 39 11 39 25 5 39 11 39 11 39 25 26 39 11 39 25 5 39 11 39 11 39 25 5 39 11 39 25 5 47 11 39 11 39 11 39 11 39 25 5 39 11 39 25 26 39 25
1 8 43 39 44 44 44 8 8 44
0 17 0 44 44 42 14 7 24 13 1 7 48 28 23 40 6 13 37
0 10 49 38 9 48 31 6 47 6 49 10
1 14 0 16 44 44 16 31 14 43 39 8 44 44 44 44
1 13 44 15 8 3 14 24 13 31 30 27 16 46 10
0 14 49 17 48 6 46 43 35 44 8 44 8 44 23 44
1 10 0 31 3 3 3 3 3 3 14 35
0 2 30 45
1 6 7 48 41 27 49 44
1 15 44 11 36 30 1 17 38 31 6 39 27 48 41 13 1
1 6 46 9 1 23 41 27
1 28 6 4 1 49 1 28 21 1 37 39 25 5 39 11 39 11 39 11 39 11 39 25 5 39 25 26 39 25
0 2 13 36
1 12 10 29 46 41 40 6 6 1 33 38 39 8
1 14 0 31 14 25 6 27 44 30 19 36 11 27 44 30
1 9 10 17 3 3 3 14 6 38 39
0 2 13 36
1 13 0 44 44 16 16 16 16 44 31 14 25 6 13
0 4 33 4 27 1
0 4 46 39 20 8
0 5 11 32 44 37 21
0 5 25 6 20 38 49
1 10 46 22 48 41 48 38 31 6 13 10
1 7 43 39 8 44 44 44 8
1 9 46 41 1 28 23 40 6 6 10
0 3 5 33 4
1 15 46 41 40 6 46 1 46 1 38 22 38 31 6 46 10
0 3 48 37 34
1 11 0 44 44 16 31 3 14 33 38 39 8
0 9 44 4 5 0 22 14 24 13 10
1 15 25 6 48 38 14 43 39 44 44 44 8 8 8 44 44
0 4 8 48 6 48
0 17 43 39 8 8 44 8 8 8 44 0 44 8 8 8 44 8 44
1 10 46 22 38 14 43 39 8 8 44 44
1 28 7 48 28 21 44 13 38 23 44 1 38 9 1 23 9 23 13 38 1 23 9 23 13 38 23 41 27 49
0 2 35 19
0 3 19 16 45
0 6 49 38 25 43 6 6
0 9 40 10 17 15 14 43 39 44 44
1 4 49 1 14 48
1 6 10 17 14 6 4 10
1 13 6 4 1 33 38 39 44 44 44 44 44 44 8
1 8 33 38 39 8 8 44 44 8
0 2 44 13
0 9 25 6 39 1 17 38 39 23 44
1 12 49 1 17 48 28 23 40 6 46 1 6 4
0 18 45 29 44 44 16 16 44 16 44 31 3 14 46 22 16 27 22 6
0 28 46 9 23 9 45 1 1 1 1 23 44 13 38 23 9 1 1 23 13 38 23 22 48 41 27 46 44 41
0 7 41 44 31 3 14 29 35
1 5 6 4 1 44 35
0 3 28 1 16
1 8 25 6 6 1 10 17 14 28
0 11 43 9 20 39 8 8 15 1 8 2 8
0 6 39 25 6 6 1 48
1 9 49 1 31 6 27 6 4 1 8
0 2 37 48
1 7 7 48 31 6 27 43 39
0 3 6 7 49
1 17 0 44 16 31 3 14 43 39 44 44 44 8 8 8 44 8 8
1 4 25 6 6 10
