843 50
0 15 2 5 24 32 48 46 45 15 22 24 6 22 24 6 37
0 4 44 13 40 46
0 2 29 4
1 9 2 39 27 24 14 18 9 31 31
1 60 2 5 46 15 26 15 34 33 5 46 48 15 11 0 16 31 3 14 10 33 15 10 33 44 33 44 17 12 37 43 15 40 30 7 11 39 27 24 21 30 6 15 6 44 0 24 27 24 27 40 37 43 18 18 0 24 27 40 6 6
0 2 39 6
0 4 40 13 44 10
1 14 2 44 33 16 27 5 26 21 34 22 27 27 24 23
0 6 5 46 15 22 22 2
0 1 7
0 2 48 49
0 2 15 47
0 14 40 30 32 0 10 0 37 33 14 21 0 15 10 33
0 3 40 5 41
0 3 18 34 49
1 7 2 5 24 7 15 43 21
1 23 2 24 23 24 9 20 32 47 39 49 20 33 23 24 33 31 20 2 23 15 2 44 28
1 9 2 24 23 34 7 24 6 15 47
0 3 40 43 2
1 13 2 5 12 24 10 33 44 17 12 2 15 15 47
0 22 2 48 5 23 0 5 17 46 15 11 26 31 20 10 33 44 17 12 10 33 44 33
1 26 40 25 33 16 31 20 32 37 42 36 44 18 18 36 33 23 24 2 0 15 47 39 49 20 10 33
1 17 2 5 15 15 2 15 15 2 23 43 25 16 21 1 34 12 38
1 8 2 24 31 0 15 18 9 31
0 1 7
0 6 2 37 19 23 10 4
1 9 40 0 13 44 32 21 21 21 47
1 10 2 24 23 24 9 20 10 33 44 33
0 9 40 21 1 34 4 15 12 15 8
0 9 5 37 34 31 0 11 44 16 14
0 8 4 28 40 4 23 15 0 13
1 60 2 5 46 15 26 15 34 33 5 46 48 15 11 0 16 31 3 14 10 33 15 10 33 44 33 44 17 12 37 43 15 40 30 7 11 39 27 24 21 30 6 15 6 44 0 24 27 24 27 40 37 43 18 18 0 24 27 40 6 6
1 6 40 28 44 32 21 47
0 4 24 35 45 37
1 4 40 41 6 11
0 2 0 37
0 2 9 2
0 18 44 44 15 37 43 33 24 7 11 5 10 33 23 34 26 4 25 2
1 16 2 40 10 33 15 37 26 34 34 33 39 23 15 22 13 10
1 12 2 24 21 1 23 10 24 8 6 34 12 38
0 10 40 5 31 3 11 6 7 15 49 14
0 11 29 5 26 21 28 8 2 26 37 35 45
1 5 40 28 8 15 30
0 3 15 48 37
1 8 2 40 10 33 44 17 12 47
0 2 16 40
0 4 2 2 41 39
0 6 42 3 42 29 12 44
1 7 2 24 14 30 6 28 8
1 7 2 24 14 13 5 23 4
0 3 38 18 47
0 2 39 6
1 3 40 34 0
1 6 2 44 10 6 36 7
1 10 2 40 47 39 41 9 3 14 10 33
0 5 39 15 14 0 13
0 5 24 9 40 31 31
0 2 29 14
0 3 40 47 31
1 12 2 24 14 25 10 32 6 47 24 24 24 29
0 3 49 28 13
0 4 40 30 47 9
0 2 43 27
0 10 40 13 6 14 22 42 30 21 41 21
0 2 13 18
0 7 43 39 32 0 21 47 47
1 5 40 34 26 48 15
0 5 3 41 6 34 38
0 3 18 28 20
0 13 40 35 32 47 7 47 21 21 21 21 47 21 47
1 5 40 21 22 28 8
0 1 4
0 11 29 5 26 21 28 8 2 26 37 35 45
1 6 2 24 21 35 32 47
0 6 2 40 24 21 41 25
0 4 1 37 40 1
1 12 2 24 27 39 27 5 33 39 21 18 9 31
0 10 2 40 9 33 3 14 33 31 3 37
1 8 2 24 31 0 15 22 15 45
1 10 2 40 2 46 15 26 48 15 34 22
0 4 42 3 40 34
0 14 2 13 24 10 22 36 7 34 26 4 27 40 47 39
0 9 2 40 48 17 12 33 21 43 10
0 29 2 39 27 44 22 24 37 26 13 24 31 0 24 10 33 15 32 9 3 14 24 6 6 37 3 34 0 33 2
0 2 45 31
0 6 32 22 40 2 8 12
0 3 11 42 30
0 11 2 36 44 28 10 33 19 21 16 18 9
1 12 2 40 2 27 27 24 27 44 33 15 6 7
1 5 2 39 27 39 23
0 14 2 5 0 15 33 31 17 24 32 33 15 0 39 32
1 5 2 39 21 1 11
1 3 2 44 33
1 15 2 39 21 49 14 6 23 14 6 48 23 48 34 12 27
1 20 2 24 21 49 5 8 6 41 8 6 48 31 32 34 13 8 13 8 15 30
0 3 3 21 22
0 6 4 2 37 42 6 29
0 14 40 13 5 23 36 43 0 23 21 33 49 5 8 25
1 7 40 0 15 15 2 37 45
0 5 41 38 36 22 38
0 11 40 4 21 14 23 5 8 6 48 49 32
0 2 41 25
0 4 40 5 28 45
1 10 2 39 31 0 11 44 10 6 6 2
1 5 2 5 33 44 33
1 6 40 28 21 15 4 38
0 3 46 13 23
1 5 2 24 14 18 9
0 4 2 6 47 29
0 3 9 9 39
1 19 2 44 22 11 39 31 20 33 23 24 6 44 36 2 12 15 1 23 10
1 3 40 43 15
1 12 2 24 14 25 10 32 6 47 24 24 24 29
0 9 5 33 24 23 34 34 33 28 45
0 8 2 40 47 49 3 14 47 39
0 3 31 9 10
1 14 2 44 10 6 36 44 16 36 9 20 6 47 24 29
0 2 19 4
1 6 40 1 48 23 48 11
0 24 13 24 27 24 23 34 7 12 11 5 19 15 9 0 15 29 24 22 11 40 2 39 33 24
1 9 2 39 31 3 14 33 14 4 23
1 9 2 5 46 15 34 27 14 18 9
0 4 2 24 32 23
0 3 40 22 8
0 3 29 44 37
1 6 40 1 48 23 48 11
1 11 2 5 22 15 32 10 33 15 33 31 3
0 2 37 29
1 8 2 5 46 15 11 23 26 38
0 10 40 30 7 11 40 43 18 43 3 4
0 6 17 39 21 1 43 21
0 9 5 33 24 23 34 34 33 28 45
1 6 40 28 44 32 21 47
0 5 40 3 14 26 37
0 10 2 39 14 34 11 24 32 15 10 39
1 15 2 5 46 48 48 48 48 48 15 22 22 22 11 44 2
0 2 38 29
0 6 2 40 6 39 47 29
0 3 29 21 20
0 14 44 16 10 33 44 17 12 47 39 41 2 19 44 33
0 7 34 11 48 15 15 8 30
1 15 2 5 12 11 24 21 34 34 12 34 7 46 15 11 26
1 9 2 5 23 15 2 5 15 28 8
1 5 40 28 8 15 30
1 10 2 39 27 5 33 5 46 15 22 22
1 5 40 4 21 41 6
1 18 2 44 10 47 39 41 47 39 41 37 42 32 19 15 6 47 24 29
0 3 49 28 13
0 4 40 7 49 25
0 3 49 29 37
0 2 37 18
0 2 47 42
1 9 2 5 26 27 39 14 0 12 27
0 13 40 35 32 47 7 47 21 21 21 21 47 21 47
1 5 2 5 15 28 45
0 12 2 44 33 33 12 36 10 9 3 14 27 33
1 11 2 39 14 49 14 6 23 10 24 8 25
0 2 1 43
0 2 0 37
0 2 30 46
0 3 36 16 10
1 5 2 5 24 47 29
0 3 26 9 37
1 5 2 39 21 1 11
0 30 2 24 14 30 37 49 7 26 3 14 47 39 49 0 24 10 17 12 10 17 12 6 36 6 33 15 33 21 49 14
1 6 2 44 10 6 36 7
0 3 46 13 23
0 4 22 47 40 22
0 4 27 25 35 29
1 16 2 24 27 39 31 0 11 40 10 33 15 2 24 47 24 29
0 6 1 40 32 47 24 29
1 3 40 34 0
0 1 7
0 3 3 21 22
0 3 36 29 37
1 7 40 0 15 30 47 21 21
1 12 2 5 46 48 15 11 12 11 39 14 22 38
1 5 40 21 22 28 8
0 3 17 11 32
1 8 2 39 23 15 39 32 21 21
0 2 26 22
1 15 40 30 32 15 10 9 0 24 37 42 36 44 36 10 33
1 11 2 5 27 31 3 14 6 47 24 24 29
1 6 2 24 21 1 34 45
0 2 38 49
0 11 2 36 44 28 10 33 19 21 16 18 9
1 8 2 40 2 19 10 33 31 3
1 5 2 24 14 18 9
0 14 2 40 2 23 36 33 31 20 49 35 43 32 21 21
1 3 40 43 15
0 6 2 5 17 25 28 37
0 17 2 19 44 10 32 47 19 39 49 20 47 39 49 0 24 2 15
0 3 1 48 31
1 10 2 5 19 16 23 34 7 27 14 48
0 7 0 26 11 25 19 2 29
0 2 9 2
0 10 2 39 14 34 11 24 32 15 10 39
1 9 2 24 14 41 6 48 31 35 31
0 4 22 2 39 21
0 2 38 29
1 8 2 5 46 15 11 23 26 38
1 9 2 5 26 27 39 14 0 12 27
0 3 30 29 37
1 16 2 40 33 31 0 24 6 7 24 6 36 36 44 43 22 27
0 10 40 13 39 14 49 10 24 21 8 6
1 6 2 24 21 28 44 10
1 30 2 39 27 5 0 15 10 33 15 6 7 11 39 27 5 46 48 15 22 27 23 34 42 7 15 49 5 8 6 11
0 3 29 44 37
1 9 2 5 46 15 34 27 14 18 9
1 30 2 39 27 5 0 15 10 33 15 6 7 11 39 27 5 46 48 15 22 27 23 34 42 7 15 49 5 8 6 11
0 3 9 29 37
0 3 40 39 47
0 7 2 40 10 17 12 6 47
1 8 40 13 24 27 40 2 46 15
1 16 2 39 23 34 3 34 12 11 5 24 44 11 30 47 47 47
1 7 40 22 15 45 0 48 11
0 6 40 25 48 10 36 47
0 10 40 30 44 36 2 18 22 16 14 41
0 16 40 25 33 40 10 33 31 3 14 37 3 11 46 48 48 15
1 8 40 30 32 33 24 21 21 22
0 14 2 13 24 10 22 36 7 34 26 4 27 40 47 39
0 19 24 22 13 5 22 33 15 6 36 34 34 26 13 24 27 40 37 39 10
1 10 2 40 33 31 0 15 28 21 15 38
0 2 19 34
1 8 2 44 10 33 14 1 48 31
0 3 45 29 21
0 2 43 38
0 29 2 39 27 44 22 24 37 26 13 24 31 0 24 10 33 15 32 9 3 14 24 6 6 37 3 34 0 33 2
0 6 17 39 21 1 43 21
1 9 2 39 31 3 14 33 14 4 23
1 10 2 24 23 24 9 20 10 33 44 33
1 10 2 39 31 0 11 44 10 6 6 2
0 8 40 49 14 6 48 34 2 45
1 5 2 5 33 44 33
0 12 40 30 7 32 37 43 6 0 24 24 24 29
0 7 40 5 41 34 26 25 47
0 4 40 35 21 10
1 5 2 5 23 11 38
0 2 44 2
1 8 2 24 31 0 15 18 9 31
0 2 1 7
0 10 2 40 9 33 3 14 33 31 3 37
0 4 1 37 40 1
0 7 28 9 16 9 31 31 49
0 2 19 20
0 14 40 39 32 37 21 21 8 47 31 21 21 21 47 47
0 1 4
0 2 22 35
0 3 39 18 45
0 4 23 30 29 37
0 7 2 40 10 1 11 12 47
0 6 2 24 5 14 35 10
1 6 2 40 2 15 28 45
0 6 2 40 6 39 47 29
0 4 41 42 21 37
0 3 38 23 29
0 8 2 34 14 6 44 15 40 0
0 24 40 25 16 23 24 47 39 41 33 25 15 30 36 9 24 47 39 3 14 2 33 40 10 33
1 5 40 4 21 41 6
0 5 40 1 23 48 11
1 3 2 5 15
1 6 2 44 16 27 44 2
0 1 38
0 4 22 2 39 21
0 7 2 40 10 1 11 12 47
1 20 2 39 27 39 31 3 14 10 33 44 33 15 2 24 6 16 23 15 43 15
1 15 2 5 46 48 48 48 48 48 15 22 22 22 11 44 2
0 19 44 16 31 0 34 43 14 6 7 34 3 21 22 15 37 3 48 0 28
1 5 2 24 21 39 10
1 13 2 5 33 5 27 23 24 6 32 22 22 15 48
1 7 2 40 2 23 11 13 10
0 3 40 5 41
0 4 22 47 40 22
0 4 42 3 40 34
0 2 30 46
0 7 18 40 22 25 37 4 0
0 4 46 34 12 49
0 4 24 35 45 37
0 7 40 30 44 12 22 15 49
0 3 36 16 10
1 10 40 49 10 24 8 6 23 5 8 25
0 3 29 11 37
1 5 40 30 32 23 4
1 7 40 13 24 14 22 13 10
0 4 2 6 47 29
0 3 23 31 21
1 7 40 30 7 11 39 21 48
0 3 17 11 32
0 2 44 41
0 3 22 44 37
1 26 40 25 33 16 31 20 32 37 42 36 44 18 18 36 33 23 24 2 0 15 47 39 49 20 10 33
1 13 2 5 27 31 20 33 27 44 22 24 2 15 2
1 15 40 4 27 40 9 0 15 34 34 33 5 23 26 13 10
0 3 40 10 49
1 12 40 21 23 26 13 32 47 47 21 47 21 47
1 12 2 5 46 48 15 11 12 11 39 14 22 38
0 4 40 32 30 37
0 3 40 22 8
0 4 45 39 25 37
0 19 44 16 31 0 34 43 14 6 7 34 3 21 22 15 37 3 48 0 28
1 3 2 44 33
0 5 41 7 22 42 29
0 4 24 21 4 23
1 7 40 30 7 11 39 21 48
0 2 36 49
0 24 40 4 27 24 31 0 34 3 11 46 22 11 24 7 11 5 34 19 16 21 49 14 41 25
0 12 2 39 31 3 3 14 9 0 34 43 43 22
1 7 40 13 24 14 22 13 10
1 10 2 39 14 13 40 32 37 42 47 29
1 9 2 5 23 15 2 5 15 28 8
1 10 40 13 39 21 0 45 0 48 34 8
1 11 2 5 19 10 2 26 23 24 32 6 6
0 4 27 25 35 29
0 3 1 8 28
0 1 38
1 8 2 5 19 33 15 32 9 3
1 11 40 28 44 32 21 21 21 47 47 21 47
1 7 2 24 14 13 5 23 4
0 6 2 37 19 23 10 4
0 25 2 39 31 0 34 7 46 15 14 26 15 22 26 14 41 6 41 8 6 23 10 46 24 17 8
0 3 29 11 37
0 19 24 22 13 5 22 33 15 6 36 34 34 26 13 24 27 40 37 39 10
0 2 15 47
0 3 17 46 28
0 4 45 39 25 37
0 2 20 39
1 7 2 5 24 7 15 43 21
0 4 14 7 24 29
1 13 2 44 15 2 33 39 21 28 21 15 4 13 10
1 12 2 24 14 30 7 11 39 14 21 23 6 29
0 2 45 17
0 2 16 40
1 8 40 25 22 34 42 32 0 28
0 9 2 40 32 33 0 14 22 13 10
1 10 2 24 23 24 32 2 23 16 15 49
0 2 6 0
0 7 2 45 23 43 5 21 8
0 15 40 4 31 23 2 0 10 3 11 33 24 14 30 0 8
1 12 2 24 21 1 23 10 24 8 6 34 12 38
1 18 40 21 12 15 21 0 10 37 7 46 15 11 46 48 48 15 0 34
0 10 2 2 19 40 27 17 49 5 28 8
1 7 2 39 27 24 14 34 0
0 5 3 41 6 34 38
1 8 2 40 2 19 10 33 31 3
1 23 2 24 23 24 9 20 32 47 39 49 20 33 23 24 33 31 20 2 23 15 2 44 28
1 11 40 39 32 47 21 21 47 47 47 21 47
1 4 40 1 34 8
0 2 39 40
0 3 26 15 17
0 10 40 30 7 11 40 43 18 43 3 4
1 10 40 21 23 16 36 32 37 42 37 9
1 5 2 39 14 0 8
0 11 49 13 39 6 39 21 49 5 8 26 25
0 3 13 16 2
0 2 47 35
0 2 19 34
0 8 2 39 31 3 14 36 33 41
1 3 40 43 15
1 6 2 44 16 21 39 10
1 8 40 21 22 15 33 21 28 47
1 5 40 28 8 12 38
1 5 2 39 14 0 8
0 2 29 4
1 4 40 0 12 27
1 14 2 39 27 39 14 0 47 27 45 0 48 48 23 48
0 5 40 1 23 48 11
0 3 22 44 37
0 3 29 2 37
0 1 7
1 7 40 30 36 36 47 24 29
1 12 2 24 27 39 27 5 33 39 21 18 9 31
0 8 2 34 14 6 44 15 40 0
0 3 36 29 37
1 6 2 40 2 15 28 45
1 5 2 39 27 39 23
0 2 37 18
0 4 14 7 24 29
0 1 7
1 13 2 39 14 30 36 6 22 15 18 9 31 31 31
1 7 2 5 24 36 36 47 29
1 14 2 44 10 6 36 44 16 36 9 20 6 47 24 29
0 3 26 15 17
0 3 19 3 7
1 8 40 30 32 33 24 21 21 22
1 15 40 30 32 15 10 9 0 24 37 42 36 44 36 10 33
0 4 2 5 35 2
1 3 40 43 15
1 7 2 5 12 15 49 5 8
1 8 2 24 14 21 24 32 24 7
0 4 22 42 28 21
0 2 15 36
0 3 29 2 37
1 8 40 34 22 24 47 24 24 29
0 4 2 2 41 39
1 19 2 44 22 11 39 31 20 33 23 24 6 44 36 2 12 15 1 23 10
0 2 47 42
0 3 9 29 37
0 5 17 25 0 2 45
0 7 2 11 28 24 24 24 29
0 3 36 2 32
0 2 46 19
0 10 40 13 6 14 22 42 30 21 41 21
0 24 40 4 27 24 31 0 34 3 11 46 22 11 24 7 11 5 34 19 16 21 49 14 41 25
0 3 40 39 47
1 15 2 39 21 49 14 6 23 14 6 48 23 48 34 12 27
1 7 40 22 15 45 0 48 11
0 2 3 11
0 3 40 10 49
1 6 40 30 44 33 0 2
1 16 2 40 10 33 15 37 26 34 34 33 39 23 15 22 13 10
1 6 40 34 22 23 26 27
0 2 47 17
1 8 2 5 24 7 15 22 30 47
1 10 2 5 19 15 47 39 49 20 9 3
0 14 40 13 5 23 36 43 0 23 21 33 49 5 8 25
0 6 40 25 48 10 36 47
1 16 2 39 21 34 26 48 15 22 27 21 4 14 21 22 28 45
0 4 40 35 49 10
1 21 2 5 33 40 6 32 23 0 40 10 33 15 47 39 41 37 43 16 33 23 4
0 4 41 2 3 39
0 4 40 13 44 10
0 25 2 39 21 39 32 21 47 21 47 47 47 21 47 21 21 47 21 47 47 9 47 21 21 21 47
1 7 40 25 16 21 39 32 47
1 9 2 39 27 24 14 18 9 31 31
1 7 2 5 12 15 49 5 8
1 13 2 5 12 24 10 33 44 17 12 2 15 15 47
1 8 2 40 37 43 18 43 22 38
1 26 2 40 10 33 15 2 24 37 49 3 26 48 48 48 15 26 15 26 48 48 48 15 11 0 28 45
1 5 2 5 15 28 45
0 3 17 46 28
0 1 4
0 6 2 41 21 44 23 4
1 10 2 24 23 24 32 2 23 16 15 49
1 7 2 24 21 21 22 28 45
1 6 40 39 32 47 21 47
1 5 2 24 21 39 10
1 9 2 24 23 34 7 24 6 15 47
1 4 40 21 33 24
0 9 2 40 48 17 12 33 21 43 10
1 20 40 25 33 10 6 7 24 2 22 10 32 47 39 49 3 14 2 26 27 24
0 1 4
1 6 2 24 21 28 44 10
1 18 40 25 16 14 30 36 6 22 11 39 27 24 21 34 11 23 11 38
0 14 40 2 40 10 2 0 15 5 6 32 46 15 0 34
0 7 3 15 36 9 31 31 31
0 4 41 42 21 37
0 14 40 39 32 37 21 21 8 47 31 21 21 21 47 47
1 10 2 5 22 22 34 7 27 21 25 2
0 22 2 48 5 23 0 5 17 46 15 11 26 31 20 10 33 44 17 12 10 33 44 33
1 8 2 44 33 22 24 9 20 37
1 5 2 5 24 47 29
0 6 2 41 21 44 23 4
1 15 40 21 46 48 48 48 48 48 48 48 48 48 15 0 34
0 5 40 3 14 26 37
0 2 49 2
0 3 13 16 2
1 11 40 39 32 47 21 21 47 47 47 21 47
0 8 2 39 31 3 14 36 33 41
1 10 2 40 2 46 15 26 48 15 34 22
1 10 2 5 19 16 23 34 7 27 14 48
1 7 40 0 15 15 2 37 45
1 7 40 49 5 8 6 41 8
0 2 18 12
0 6 2 40 24 21 41 25
1 18 40 25 16 14 30 36 6 22 11 39 27 24 21 34 11 23 11 38
1 6 40 28 44 32 21 21
0 4 2 5 35 2
0 2 43 17
0 2 35 46
0 6 42 3 42 29 12 44
0 3 23 31 21
0 2 48 49
1 14 2 44 33 16 27 5 26 21 34 22 27 27 24 23
0 2 49 2
1 20 2 24 23 24 9 20 10 33 44 17 12 2 46 48 15 34 26 14 35 10
0 4 40 21 24 47
1 12 2 39 23 24 37 26 21 33 5 0 28 45
0 3 18 28 20
1 5 40 34 22 19 2
0 7 45 4 27 5 19 33 2
0 2 43 38
0 3 1 48 31
1 8 2 44 33 22 24 9 20 37
0 2 36 29
0 7 2 11 28 24 24 24 29
1 19 40 21 26 21 30 7 34 3 34 23 16 36 37 3 26 15 11 22 28
0 3 9 2 7
1 7 40 1 34 4 30 47 47
1 9 2 24 23 11 40 6 36 6 28
0 3 29 45 37
1 10 40 39 32 21 21 47 21 21 47 47
1 12 2 44 22 34 3 34 33 39 27 44 28 8
0 24 13 24 27 24 23 34 7 12 11 5 19 15 9 0 15 29 24 22 11 40 2 39 33 24
1 7 2 44 16 14 18 9 31
1 14 40 30 6 16 23 24 6 44 0 39 14 28 44 10
0 8 1 44 10 2 0 42 47 29
0 1 7
0 7 0 26 11 25 19 2 29
0 9 5 37 34 31 0 11 44 16 14
1 20 40 25 33 10 6 7 24 2 22 10 32 47 39 49 3 14 2 26 27 24
0 9 2 40 32 33 0 14 22 13 10
1 6 2 5 15 16 21 48
0 4 40 7 49 25
1 15 2 5 12 11 24 21 34 34 12 34 7 46 15 11 26
1 4 40 0 2 45
0 3 49 29 37
1 10 2 39 14 13 40 32 37 42 47 29
1 18 40 25 33 33 22 34 42 32 23 36 37 3 34 19 16 21 4 23
0 2 13 18
0 2 24 37
1 11 40 41 6 48 31 35 23 48 41 8 25
0 25 2 39 31 0 34 7 46 15 14 26 15 22 26 14 41 6 41 8 6 23 10 46 24 17 8
1 10 2 40 47 39 41 9 3 14 10 33
0 6 1 40 32 47 24 29
1 10 2 39 27 5 33 5 46 15 22 22
0 5 24 9 40 31 31
0 9 2 22 39 2 21 28 0 48 30
1 3 40 25 28
1 10 40 39 32 21 21 47 21 21 47 47
0 4 40 28 21 41
1 14 2 40 10 17 12 33 27 39 21 21 24 36 32 27
1 10 40 49 10 24 8 6 23 5 8 25
0 15 2 5 24 32 48 46 45 15 22 24 6 22 24 6 37
0 3 14 30 15
0 3 28 39 23
1 10 2 5 19 15 47 39 49 20 9 3
0 4 8 21 29 32
1 6 40 30 6 22 24 47
0 3 9 9 39
1 4 40 0 2 45
0 2 35 46
1 20 2 39 27 39 31 3 14 10 33 44 33 15 2 24 6 16 23 15 43 15
0 3 27 49 37
0 4 13 27 5 2
1 7 2 44 16 14 18 9 31
0 18 40 30 36 7 11 24 31 0 11 39 27 39 23 11 37 3 0 34
0 4 8 33 21 20
0 2 43 17
0 22 2 5 46 48 48 48 48 15 26 15 34 15 16 23 15 44 16 21 18 9 31 31
1 8 2 5 19 33 15 32 9 3
1 20 2 24 23 24 9 20 10 33 44 17 12 2 46 48 15 34 26 14 35 10
1 38 2 5 19 16 31 20 10 17 12 2 24 6 10 37 26 30 6 15 10 17 12 6 32 33 5 24 36 44 18 16 16 18 11 15 2 37 37 45
0 3 39 38 8
1 6 2 44 16 27 44 2
1 7 40 30 36 36 47 24 29
0 3 38 18 47
0 5 41 7 22 42 29
0 2 48 20
0 5 17 25 0 2 45
1 5 40 34 22 19 2
0 2 37 29
0 3 39 38 8
0 2 47 17
1 7 2 39 27 24 14 34 0
1 13 2 5 27 31 20 33 27 44 22 24 2 15 2
0 26 2 5 33 5 22 19 15 10 33 15 47 39 49 0 34 42 32 12 11 24 14 40 5 8 6 11
0 11 40 2 39 27 44 15 9 0 15 41 25
0 3 18 34 49
1 3 40 43 15
0 3 40 29 30
1 3 40 13 44
1 10 40 21 23 16 36 32 37 42 37 9
0 14 44 16 10 33 44 17 12 47 39 41 2 19 44 33
0 2 26 22
1 10 2 44 22 11 5 19 22 15 35 32
0 11 45 30 11 39 31 14 43 16 16 15 49
0 10 14 44 16 23 11 5 27 14 41 25
1 13 2 39 14 30 36 6 22 15 18 9 31 31 31
1 12 2 40 2 27 27 24 27 44 33 15 6 7
1 10 40 0 47 27 12 30 21 21 21 47
0 2 18 12
1 20 2 44 15 32 37 7 12 24 10 33 44 33 44 17 12 6 7 24 2 19
0 3 38 23 29
0 4 24 21 4 23
0 3 29 21 20
1 15 40 21 46 48 48 48 48 48 48 48 48 48 15 0 34
0 2 44 41
0 4 38 17 42 49
1 7 40 49 5 8 6 41 8
0 9 2 15 15 9 20 42 0 28 45
0 3 30 29 37
0 3 40 29 30
1 6 40 28 44 32 21 21
1 4 40 4 21 48
0 10 14 44 16 23 11 5 27 14 41 25
0 8 4 2 24 14 22 13 32 10
1 8 40 34 22 24 47 24 24 29
0 25 2 39 21 39 32 21 47 21 47 47 47 21 47 21 21 47 21 47 47 9 47 21 21 21 47
1 8 2 24 14 21 24 32 24 7
0 7 40 34 34 45 0 33 16
0 12 2 39 31 3 3 14 9 0 34 43 43 22
0 5 7 12 38 13 30
0 18 40 30 36 7 11 24 31 0 11 39 27 39 23 11 37 3 0 34
0 3 40 47 31
1 20 2 24 21 49 5 8 6 41 8 6 48 31 32 34 13 8 13 8 15 30
1 6 2 24 21 1 34 45
0 5 24 23 29 11 37
0 2 36 49
0 7 25 40 25 38 10 21 7
1 6 2 5 15 16 21 48
0 4 2 24 32 23
1 3 40 25 28
0 16 2 5 27 0 21 26 21 49 5 8 6 23 14 6 23 14
1 15 2 40 6 36 32 24 7 11 24 21 49 10 24 8 25
0 3 29 23 37
1 11 2 5 19 10 2 26 23 24 32 6 6
0 4 8 21 29 32
0 3 40 34 21
0 2 36 29
1 8 40 21 22 15 33 21 28 47
0 1 4
1 9 40 0 13 44 32 21 21 21 47
1 21 40 28 8 12 13 32 47 47 47 21 21 21 47 21 21 21 47 21 47 47 21
0 4 40 30 47 9
0 2 47 35
1 11 2 40 10 17 12 6 37 49 26 39 32
0 4 40 5 28 45
0 4 38 17 42 49
0 10 40 5 31 3 11 6 7 15 49 14
1 5 2 5 23 11 38
1 5 40 34 26 48 15
1 7 2 24 21 21 22 28 45
0 7 25 40 25 38 10 21 7
1 8 2 40 37 43 18 43 22 38
1 14 40 30 6 16 23 24 6 44 0 39 14 28 44 10
0 2 1 7
0 2 24 37
1 12 2 40 9 3 14 6 44 0 40 6 44 4
0 1 38
1 20 2 44 15 32 37 7 12 24 10 33 44 33 44 17 12 6 7 24 2 19
0 13 0 2 24 23 34 26 0 45 32 34 13 21 38
0 3 40 34 21
0 3 19 3 7
0 2 4 45
0 3 29 45 37
1 12 40 21 23 26 13 32 47 47 21 47 21 47
1 8 40 25 22 34 42 32 0 28
0 10 2 2 19 40 27 17 49 5 28 8
1 7 2 40 32 37 7 22 2
0 16 40 25 33 40 10 33 31 3 14 37 3 11 46 48 48 15
0 22 2 5 46 48 48 48 48 15 26 15 34 15 16 23 15 44 16 21 18 9 31 31
0 2 4 45
0 8 1 44 10 2 0 42 47 29
0 2 45 17
1 4 40 1 34 8
0 2 41 25
1 11 40 28 44 32 21 21 21 47 47 21 47
0 3 39 18 45
0 7 43 39 32 0 21 47 47
1 3 40 13 44
0 4 40 28 21 41
0 13 40 30 32 0 15 37 3 11 26 34 26 39 10
0 13 40 30 32 0 15 37 3 11 26 34 26 39 10
0 2 46 19
0 4 40 42 35 10
0 4 40 21 24 47
1 11 2 40 10 17 12 6 37 49 26 39 32
1 3 40 43 15
1 7 2 40 2 23 11 13 10
1 6 40 30 44 33 0 2
1 6 40 1 23 14 6 11
0 4 32 17 32 47
1 4 40 4 21 48
0 7 18 40 22 25 37 4 0
0 2 19 4
0 10 40 30 44 36 2 18 22 16 14 41
0 11 45 30 11 39 31 14 43 16 16 15 49
1 11 2 5 26 27 39 27 24 31 0 11 39
1 8 40 13 24 27 40 2 46 15
1 17 2 5 15 15 2 15 15 2 23 43 25 16 21 1 34 12 38
0 6 4 2 37 42 6 29
1 9 2 24 14 41 6 48 31 35 31
1 15 40 4 27 40 9 0 15 34 34 33 5 23 26 13 10
0 7 2 40 37 43 36 27 21
1 18 40 25 33 33 22 34 42 32 23 36 37 3 34 19 16 21 4 23
1 14 2 39 21 4 14 35 32 21 21 47 21 47 47 47
0 2 15 36
0 17 2 19 44 10 32 47 19 39 49 20 47 39 49 0 24 2 15
0 2 0 31
0 2 44 2
1 4 40 21 33 24
1 19 2 39 21 1 41 8 6 48 23 48 48 31 0 48 23 10 24 8 25
0 4 29 48 7 20
0 4 32 17 32 47
1 11 2 5 27 27 39 27 40 37 43 26 27
0 4 40 42 35 10
1 6 2 44 16 21 39 10
1 7 2 5 24 36 36 47 29
1 15 2 24 31 20 33 27 5 23 18 16 36 33 23 11 39
0 12 40 30 7 32 37 43 6 0 24 24 24 29
1 21 40 28 8 12 13 32 47 47 47 21 21 21 47 21 21 21 47 21 47 47 21
0 7 45 4 27 5 19 33 2
1 3 40 43 15
1 7 40 1 34 4 30 47 47
0 11 49 13 39 6 39 21 49 5 8 26 25
1 21 2 5 33 40 6 32 23 0 40 10 33 15 47 39 41 37 43 16 33 23 4
1 11 2 5 27 31 3 14 6 47 24 24 29
0 6 2 5 17 25 28 37
1 18 2 44 10 47 39 41 47 39 41 37 42 32 19 15 6 47 24 29
0 6 32 22 40 2 8 12
1 4 40 0 12 27
1 6 2 24 21 35 32 47
0 18 44 44 15 37 43 33 24 7 11 5 10 33 23 34 26 4 25 2
1 18 40 21 12 15 21 0 10 37 7 46 15 11 46 48 48 15 0 34
0 3 28 39 23
0 5 39 15 14 0 13
1 10 40 13 39 21 0 45 0 48 34 8
1 16 2 39 23 34 3 34 12 11 5 24 44 11 30 47 47 47
0 7 2 40 37 43 36 27 21
0 2 39 40
1 8 2 5 24 7 15 22 30 47
1 16 2 39 21 34 26 48 15 22 27 21 4 14 21 22 28 45
1 8 2 24 31 0 15 22 15 45
1 10 2 5 22 22 34 7 27 21 25 2
0 9 40 21 1 34 4 15 12 15 8
0 4 44 13 40 46
0 14 2 5 0 15 33 31 17 24 32 33 15 0 39 32
0 24 40 25 16 23 24 47 39 41 33 25 15 30 36 9 24 47 39 3 14 2 33 40 10 33
1 12 2 44 22 34 3 34 33 39 27 44 28 8
1 13 2 5 33 5 27 23 24 6 32 22 22 15 48
0 3 31 9 10
1 11 2 5 26 27 39 27 24 31 0 11 39
1 23 2 40 2 33 39 31 0 11 5 33 5 15 16 21 30 44 16 11 15 2 37 37 45
0 3 29 23 37
0 3 25 3 24
1 5 40 30 32 23 4
0 3 14 30 15
1 11 2 5 22 15 32 10 33 15 33 31 3
0 5 46 35 27 34 43
1 16 2 40 33 31 0 24 6 7 24 6 36 36 44 43 22 27
0 5 41 38 36 22 38
1 10 40 0 47 27 12 30 21 21 21 47
0 8 4 28 40 4 23 15 0 13
0 7 2 45 23 43 5 21 8
0 2 6 0
1 16 2 24 27 39 31 0 11 40 10 33 15 2 24 47 24 29
0 8 40 49 14 6 48 34 2 45
0 2 43 27
0 4 41 2 3 39
0 3 15 48 37
0 4 40 32 30 37
1 6 40 39 32 47 21 47
1 12 2 40 9 3 14 6 44 0 40 6 44 4
0 7 40 30 44 12 22 15 49
1 7 40 25 16 21 39 32 47
1 9 2 24 21 18 9 31 31 31 31
0 7 28 9 16 9 31 31 49
1 19 40 21 26 21 30 7 34 3 34 23 16 36 37 3 26 15 11 22 28
0 4 23 30 29 37
1 11 2 5 27 27 39 27 40 37 43 26 27
0 2 22 35
1 6 2 5 12 15 35 10
1 12 2 39 23 24 37 26 21 33 5 0 28 45
0 5 7 12 38 13 30
0 7 34 11 48 15 15 8 30
1 15 2 24 31 20 33 27 5 23 18 16 36 33 23 11 39
0 4 40 35 21 10
0 2 29 14
0 11 40 4 21 14 23 5 8 6 48 49 32
1 8 2 39 23 15 39 32 21 21
0 14 40 2 40 10 2 0 15 5 6 32 46 15 0 34
0 4 22 42 28 21
1 7 2 40 32 37 7 22 2
1 9 2 24 21 18 9 31 31 31 31
0 5 46 35 27 34 43
0 3 27 49 37
0 4 46 34 12 49
1 7 2 39 31 3 14 33 23
0 6 5 46 15 22 22 2
1 8 2 40 10 33 44 17 12 47
0 1 38
1 7 2 39 31 3 14 33 23
1 6 2 5 12 15 35 10
0 2 19 20
0 30 2 24 14 30 37 49 7 26 3 14 47 39 49 0 24 10 17 12 10 17 12 6 36 6 33 15 33 21 49 14
1 5 40 28 8 12 38
0 2 0 31
0 2 48 20
0 12 2 44 33 33 12 36 10 9 3 14 27 33
1 11 2 39 14 49 14 6 23 10 24 8 25
0 11 40 2 39 27 44 15 9 0 15 41 25
0 3 26 9 37
0 16 2 5 27 0 21 26 21 49 5 8 6 23 14 6 23 14
1 6 40 30 6 22 24 47
0 7 40 5 41 34 26 25 47
0 5 29 48 15 48 17
0 2 20 39
0 26 2 5 33 5 22 19 15 10 33 15 47 39 49 0 34 42 32 12 11 24 14 40 5 8 6 11
1 10 2 40 33 31 0 15 28 21 15 38
1 6 40 34 22 23 26 27
0 6 2 24 5 14 35 10
0 9 2 15 15 9 20 42 0 28 45
0 4 13 27 5 2
1 3 2 5 15
1 4 40 41 6 11
0 3 45 29 21
0 3 40 43 2
0 3 36 2 32
0 2 45 31
1 8 2 44 10 33 14 1 48 31
1 14 2 40 10 17 12 33 27 39 21 21 24 36 32 27
0 13 0 2 24 23 34 26 0 45 32 34 13 21 38
1 19 2 39 21 1 41 8 6 48 23 48 48 31 0 48 23 10 24 8 25
1 14 2 39 27 39 14 0 47 27 45 0 48 48 23 48
0 15 40 4 31 23 2 0 10 3 11 33 24 14 30 0 8
0 3 1 8 28
0 8 4 2 24 14 22 13 32 10
0 4 40 35 49 10
0 2 1 43
0 5 24 23 29 11 37
1 12 2 24 14 30 7 11 39 14 21 23 6 29
1 7 40 0 15 30 47 21 21
0 9 2 22 39 2 21 28 0 48 30
0 7 3 15 36 9 31 31 31
0 2 38 49
0 14 2 40 2 23 36 33 31 20 49 35 43 32 21 21
0 14 40 30 32 0 10 0 37 33 14 21 0 15 10 33
1 15 2 40 6 36 32 24 7 11 24 21 49 10 24 8 25
0 3 9 2 7
1 10 2 44 22 11 5 19 22 15 35 32
1 38 2 5 19 16 31 20 10 17 12 2 24 6 10 37 26 30 6 15 10 17 12 6 32 33 5 24 36 44 18 16 16 18 11 15 2 37 37 45
1 23 2 40 2 33 39 31 0 11 5 33 5 15 16 21 30 44 16 11 15 2 37 37 45
0 8 2 40 47 49 3 14 47 39
1 7 2 24 14 30 6 28 8
1 6 40 1 23 14 6 11
0 5 29 48 15 48 17
0 4 29 48 7 20
0 7 2 40 10 17 12 6 47
0 1 38
1 4 40 0 2 45
1 9 2 24 23 11 40 6 36 6 28
0 2 3 11
1 14 2 39 21 4 14 35 32 21 21 47 21 47 47 47
1 26 2 40 10 33 15 2 24 37 49 3 26 48 48 48 15 26 15 26 48 48 48 15 11 0 28 45
1 11 40 41 6 48 31 35 23 48 41 8 25
0 10 40 13 39 14 49 10 24 21 8 6
1 6 40 28 21 15 4 38
0 7 40 34 34 45 0 33 16
1 13 2 44 15 2 33 39 21 28 21 15 4 13 10
0 4 8 33 21 20
0 3 11 42 30
1 4 40 41 6 11
0 3 25 3 24
