1224 50
1 6 28 5 14 5 21 2
0 4 18 25 31 1
0 2 19 15
0 12 29 16 37 42 25 25 8 28 23 37 26 33
1 8 25 7 28 18 14 20 16 20
1 5 15 34 47 39 24
0 25 18 4 29 19 0 21 36 29 19 23 17 48 21 25 26 5 33 33 33 17 19 33 25 21 17
0 4 25 25 8 35
0 8 29 28 39 22 10 37 9 21
0 4 25 33 20 16
0 4 3 16 44 16
1 6 25 7 18 24 13 21
1 9 9 0 18 13 10 47 23 37 24
1 9 22 31 34 34 4 29 19 17 21
1 7 28 46 45 40 48 9 28
1 5 16 47 11 27 12
1 7 22 19 15 1 5 21 2
1 10 16 37 16 45 9 25 25 45 2 35
1 5 22 2 39 15 36
1 7 15 18 24 13 17 40 2
1 8 22 31 41 46 15 33 19 24
1 12 16 37 28 41 11 1 22 4 12 46 18 46
0 2 40 18
0 9 25 25 40 46 16 37 16 45 5
1 6 25 7 18 24 13 21
1 5 16 47 39 16 35
1 62 18 33 29 21 25 32 33 33 17 21 17 40 26 5 33 33 33 33 17 19 17 19 17 21 17 42 5 5 17 19 17 21 17 17 14 8 17 19 33 33 17 19 17 19 33 33 33 33 33 17 21 19 29 19 17 21 17 8 7 21 45 36
0 27 30 16 45 7 45 29 19 33 33 33 33 33 33 17 19 33 17 19 17 19 33 33 17 19 33 17 21
0 3 49 28 18
0 2 0 1
1 16 18 25 29 19 17 19 17 19 17 21 49 7 45 29 21 36
1 8 15 34 34 23 30 28 34 5
0 4 15 34 34 18
1 4 25 7 40 12
1 13 22 31 33 31 1 17 21 46 12 13 17 48 3
1 10 9 0 3 20 5 15 15 15 15 15
1 21 15 33 31 5 3 3 14 17 17 48 24 13 17 44 28 18 17 8 3 24 33
1 8 9 36 37 46 7 40 44 0
0 5 15 18 24 46 35
1 4 28 34 34 33
0 8 37 37 6 23 25 25 24 5
0 6 22 2 3 5 36 12
0 2 31 5
1 2 18 4
0 3 0 18 33
0 3 38 22 22
0 3 16 45 9
0 5 19 0 35 31 34
1 4 28 33 31 36
1 16 25 7 28 37 7 33 31 33 2 3 2 46 25 46 9 21
0 13 18 29 29 19 33 33 43 33 33 21 49 9 24
1 10 28 36 20 40 45 28 18 37 3 36
0 4 15 18 2 28
0 5 18 4 21 17 32
0 5 4 18 19 35 45
1 7 25 7 34 45 7 6 45
0 10 28 40 40 45 18 39 22 35 45 28
1 7 9 2 37 7 46 35 46
0 4 18 23 3 29
0 5 28 29 3 39 25
0 3 15 6 47
1 4 9 2 18 14
1 6 9 25 8 3 0 3
1 9 28 36 20 12 13 17 40 35 24
0 5 18 23 30 34 34
0 10 46 1 17 17 18 21 18 48 13 21
0 4 15 34 34 18
1 5 22 2 39 15 36
1 7 22 19 18 29 29 21 36
1 7 22 19 15 1 5 21 2
1 7 9 36 20 17 33 20 16
1 10 28 1 44 12 13 17 12 21 35 46
1 7 18 35 4 43 29 21 43
0 2 42 28
0 5 9 7 0 28 42
0 13 21 23 37 2 37 25 11 24 46 5 14 2 35
0 6 22 25 7 47 35 3
0 4 22 19 9 49
1 29 18 33 29 19 17 19 17 19 17 19 33 33 17 19 17 19 17 19 33 33 17 21 43 29 19 33 17 21 36
1 55 16 45 7 6 45 29 19 17 21 25 32 9 19 33 17 21 25 32 9 19 33 17 21 19 29 19 33 33 33 17 21 25 32 8 33 33 33 17 19 33 33 17 19 17 19 33 17 21 49 9 15 1 44 40 4
0 4 15 7 7 7
1 12 9 46 27 12 3 37 37 7 34 47 46 25
0 7 28 28 39 43 46 35 26
1 12 25 7 41 45 5 13 21 22 34 44 46 2
0 3 15 19 36
1 4 15 34 47 13
0 2 37 39
0 25 18 4 29 19 0 21 36 29 19 23 17 48 21 25 26 5 33 33 33 17 19 33 25 21 17
1 5 22 2 39 9 24
1 3 22 19 16
1 4 22 2 18 14
0 5 15 18 24 37 0
0 4 24 31 25 2
0 2 49 19
1 8 22 19 9 25 5 46 7 0
0 4 16 34 14 21
1 16 18 25 29 19 17 19 17 19 17 21 49 7 45 29 21 36
0 5 16 7 18 35 30
0 4 18 23 3 29
0 5 25 15 47 48 45
1 46 16 34 29 29 21 17 0 21 17 17 14 5 33 17 19 17 19 33 17 19 33 17 19 33 17 19 17 19 17 19 33 17 19 33 17 19 33 33 17 19 17 21 36 29 21 43
1 8 9 29 3 14 18 5 15 15
0 10 31 25 46 20 29 14 26 11 30 46
1 14 18 12 7 21 31 31 23 23 0 0 0 0 23 18
0 4 9 47 11 3
1 5 28 28 11 28 4
0 5 25 7 40 42 44
0 4 18 9 18 21
1 8 9 36 37 26 45 43 10 35
1 11 28 5 14 17 17 48 24 13 17 40 2
0 2 19 15
1 5 9 0 0 27 42
0 8 12 9 6 48 26 45 2 35
0 4 28 44 45 28
1 10 25 7 5 3 14 21 22 46 40 2
0 5 9 26 17 42 33
1 8 25 25 11 1 5 46 34 5
1 7 22 19 28 5 14 17 17
1 8 25 25 11 1 5 46 34 5
0 6 24 8 15 33 10 5
0 4 42 9 48 25
1 10 25 25 46 25 25 8 31 33 31 28
0 3 6 9 48
1 10 15 40 48 24 46 28 13 19 18 21
1 9 28 46 45 28 13 2 18 5 15
0 3 7 18 43
1 12 25 7 41 46 16 47 13 2 11 27 42 3
0 3 31 43 10
1 3 15 41 45
0 3 18 33 29
0 17 18 29 29 38 19 17 19 49 33 33 33 33 17 19 17 17 25
0 4 16 40 4 5
1 20 18 12 7 21 0 23 31 18 10 7 6 4 19 29 19 33 17 21 17 17
0 3 20 47 35
0 5 25 25 7 0 3
0 2 18 8
0 2 14 34
0 8 46 28 25 28 39 40 9 9
1 12 25 7 41 46 16 47 13 2 11 27 42 3
1 4 25 25 46 18
1 17 22 19 15 34 45 7 4 19 29 21 49 9 15 5 3 3 14
1 9 28 40 5 34 34 29 29 21 43
1 5 16 47 18 14 20
0 14 9 0 18 13 10 34 23 30 25 7 16 36 20 40
1 6 16 47 26 8 31 0
1 8 28 46 4 44 36 20 5 2
1 7 16 45 7 6 21 0 18
0 8 1 2 5 42 46 34 37 34
1 10 9 0 3 20 5 15 15 15 15 15
0 2 32 22
1 6 15 33 2 11 28 4
0 4 25 43 7 34
0 1 23
0 3 20 29 30
1 6 18 35 20 30 28 2
1 7 18 23 30 15 18 45 28
0 15 18 4 15 29 19 17 34 1 19 17 21 43 29 21 25
1 12 25 7 41 45 5 13 21 22 34 44 46 2
0 3 17 9 0
0 2 3 44
0 4 12 22 10 17
0 6 18 12 9 45 9 34
0 5 22 10 12 28 24
0 5 25 31 45 43 10
1 9 28 36 20 44 33 31 18 45 28
1 14 22 2 46 7 28 39 25 7 5 3 3 14 22 2
1 3 16 34 29
0 6 18 12 9 45 9 34
1 12 15 5 3 14 17 21 46 5 18 1 2 35
1 5 25 25 45 17 21
1 3 22 19 16
0 6 46 25 43 33 31 40
0 4 9 26 9 33
1 6 9 2 11 3 18 26
0 7 16 47 49 17 33 20 16
0 12 18 12 7 20 30 16 34 23 25 32 46 24
1 9 28 5 14 21 18 17 21 22 46
0 3 49 28 18
0 14 22 19 16 34 43 31 0 21 0 0 31 45 20 36
1 4 28 34 34 33
0 17 15 18 35 21 23 0 23 18 10 9 22 19 28 1 43 10 35
0 5 28 33 19 48 34
1 46 16 34 29 29 21 17 0 21 17 17 14 5 33 17 19 17 19 33 17 19 33 17 19 33 17 19 17 19 17 19 33 17 19 33 17 19 33 33 17 19 17 21 36 29 21 43
0 6 25 8 25 46 9 46
0 5 8 25 46 16 35
1 8 9 46 3 14 18 37 43 39
1 2 9 36
0 3 6 9 48
0 12 18 12 7 20 30 16 34 23 25 32 46 24
1 6 22 31 40 40 45 28
0 4 22 19 16 28
0 4 15 36 36 20
1 11 28 5 14 17 17 48 24 13 17 40 2
1 15 16 45 7 26 10 9 16 47 11 3 14 11 3 18 21
0 12 25 25 46 28 33 15 43 34 45 7 6 45
0 6 24 10 0 9 35 24
1 5 18 29 29 21 43
1 10 16 37 9 46 27 12 18 18 37 38
0 8 13 25 8 31 20 48 9 28
1 2 18 4
0 2 10 1
1 4 22 10 47 23
1 22 18 29 29 19 17 19 17 19 17 21 17 0 21 43 29 19 33 17 21 49 7 6
1 7 15 18 24 21 4 44 28
1 7 15 18 24 21 4 44 28
0 6 25 29 25 11 31 46
0 2 1 39
1 16 25 7 28 37 7 33 31 33 2 3 2 46 25 46 9 21
0 3 18 43 2
1 5 16 45 7 4 25
1 6 22 2 46 7 1 21
0 6 9 9 15 44 28 4
0 2 42 48
0 3 17 18 35
1 3 25 7 36
0 14 18 41 33 29 19 17 19 17 19 26 17 19 17 17
0 8 12 9 6 48 26 45 2 35
0 4 28 44 45 28
0 9 25 25 10 44 13 28 26 11 3
1 8 18 23 30 28 1 17 21 46
1 6 25 7 41 11 45 28
0 28 2 22 2 18 17 5 37 25 45 44 40 45 34 47 11 3 14 46 25 11 1 22 45 41 45 44 48 24
1 7 9 36 20 17 33 20 16
1 2 18 4
1 8 28 41 8 31 33 19 16 35
1 7 22 2 13 31 40 5 0
1 10 28 36 20 40 45 28 18 37 3 36
1 6 22 2 13 2 39 24
0 6 25 8 1 10 42 5
1 3 16 34 29
0 11 25 7 5 3 3 11 3 3 45 14 11
1 14 18 12 7 21 31 31 23 23 0 0 0 0 23 18
1 7 22 19 18 29 29 21 36
1 5 25 25 46 15 36
0 7 18 33 29 38 21 49 22
1 7 18 35 4 43 29 21 43
1 5 15 34 37 15 2
1 8 22 2 13 19 15 41 46 24
1 7 28 40 48 1 44 48 24
0 6 2 3 31 45 14 44
0 5 9 11 29 5 4
1 6 25 25 46 9 26 33
0 6 9 4 43 46 28 10
0 28 2 22 2 18 17 5 37 25 45 44 40 45 34 47 11 3 14 46 25 11 1 22 45 41 45 44 48 24
0 2 44 28
1 13 22 31 5 14 22 45 33 2 13 2 3 2 11
0 2 48 24
0 3 16 3 24
0 8 29 28 39 22 10 37 9 21
1 28 25 25 46 18 33 29 19 33 33 33 17 19 17 19 33 33 17 21 19 29 21 49 7 6 4 43 29 21
0 7 28 10 46 4 44 41 11
1 11 25 7 41 46 18 29 29 19 17 21 36
0 3 28 39 34
1 5 25 25 8 31 2
1 10 22 19 25 7 28 39 18 12 7 26
0 14 6 22 10 12 7 21 0 31 23 45 36 10 21 18
0 8 28 49 46 22 19 16 37 24
1 8 9 36 23 8 3 46 28 4
0 7 25 16 13 3 12 9 28
1 8 9 2 11 3 14 11 27 12
1 10 9 2 11 3 14 3 31 1 22 4
1 7 22 2 3 2 11 28 4
0 2 25 0
0 7 25 19 0 33 30 18 46
0 3 30 18 21
0 4 3 16 44 16
1 7 28 34 47 13 19 15 36
0 12 25 25 45 4 12 13 17 12 21 4 48 3
0 10 3 47 35 20 15 28 23 0 0 27
0 6 46 24 45 19 16 35
1 3 16 34 1
1 15 16 45 9 15 1 21 46 48 24 13 21 18 44 5 0
0 12 29 16 37 42 25 25 8 28 23 37 26 33
1 7 15 28 37 25 45 22 2
0 5 9 11 29 5 4
1 11 25 7 1 17 17 5 36 20 44 34 5
0 7 15 46 31 35 1 2 35
0 13 21 23 37 2 37 25 11 24 46 5 14 2 35
0 4 22 31 40 44
0 3 36 46 3
0 2 25 0
0 5 18 23 30 34 34
1 5 25 25 8 31 2
0 3 14 49 2
0 7 28 9 1 10 21 35 9
0 7 9 25 11 3 18 24 33
1 11 28 5 3 3 3 14 21 18 21 22 18
1 10 16 37 16 45 9 25 25 45 2 35
0 5 46 45 18 45 28
0 5 12 28 41 11 24
0 9 25 25 40 46 16 37 16 45 5
1 5 16 45 7 4 25
0 7 1 15 10 17 17 40 2
0 11 22 47 31 1 42 25 49 38 12 48 0
1 31 25 25 46 15 18 24 21 45 34 37 9 2 18 37 38 37 36 37 39 9 2 13 19 9 29 3 18 2 11 28 4
0 7 28 38 1 24 36 6 35
1 10 15 28 26 45 17 21 22 18 22 2
1 2 22 10
0 2 0 1
0 2 49 21
1 7 28 46 45 40 48 9 28
1 7 25 7 40 40 4 48 3
0 4 25 25 8 35
0 9 28 41 8 19 2 39 9 24 33
0 9 9 2 11 27 31 3 18 24 33
1 8 18 23 30 28 1 17 21 46
1 12 15 1 5 13 21 34 44 18 24 21 35 46
0 8 46 33 23 37 33 28 10 4
1 9 28 5 14 21 18 17 21 22 46
1 5 16 34 4 29 21
0 5 36 31 0 16 5
1 6 28 5 3 14 22 2
1 9 15 5 14 44 5 1 17 17 12
1 5 25 25 46 18 35
1 6 9 0 18 23 37 29
1 9 16 37 9 25 33 30 20 5 15
1 7 25 25 45 44 5 36 20
0 8 16 37 28 41 8 31 1 35
1 15 18 4 29 19 33 17 19 33 33 33 33 17 21 49 7
0 8 22 2 26 7 48 43 10 35
1 8 15 36 20 12 13 17 48 3
1 6 22 2 39 25 7 0
1 21 15 33 31 5 3 3 14 17 17 48 24 13 17 44 28 18 17 8 3 24 33
0 5 25 27 41 42 34
0 3 15 42 0
1 7 15 41 8 19 25 7 36
0 5 23 12 10 6 25
1 11 9 0 18 3 10 45 7 20 30 16 5
1 8 18 12 7 21 0 31 31 18
0 4 15 36 32 9
1 55 16 45 7 6 45 29 19 17 21 25 32 9 19 33 17 21 25 32 9 19 33 17 21 19 29 19 33 33 33 17 21 25 32 8 33 33 33 17 19 33 33 17 19 17 19 33 17 21 49 9 15 1 44 40 4
1 5 16 47 39 16 35
0 12 28 18 1 5 13 35 34 18 43 34 10 35
0 7 25 7 46 45 17 32 36
0 8 28 49 46 22 19 16 37 24
1 6 15 18 1 43 10 35
0 4 18 9 18 21
1 9 22 31 34 34 4 29 19 17 21
0 15 25 33 48 23 5 13 19 15 41 11 11 1 22 35 3
0 6 25 2 7 18 45 28
1 4 22 10 45 7
1 5 28 41 46 15 34
0 5 25 31 45 43 10
0 5 43 22 9 10 35
1 5 15 34 37 15 2
1 5 16 37 25 7 2
1 11 25 7 41 46 18 29 29 19 17 21 36
0 3 45 30 25
0 7 9 25 4 7 40 6 2
0 14 9 0 18 13 10 34 23 30 25 7 16 36 20 40
1 5 25 25 45 17 21
0 7 5 38 7 36 20 33 48
0 9 12 7 26 10 7 4 47 21 17
0 8 6 39 28 10 36 20 44 46
0 2 40 18
0 12 22 10 47 39 15 46 30 41 11 1 2 35
0 7 15 5 3 14 21 23 46
0 4 9 46 22 27
1 6 28 5 14 5 21 2
1 10 22 10 37 18 33 29 21 49 9 24
1 7 9 46 3 14 39 28 0
1 3 16 47 11
0 7 15 28 39 28 1 5 46
1 4 15 28 13 10
0 3 25 8 38
1 6 9 0 18 23 37 29
0 4 15 18 2 28
1 10 16 37 22 19 25 7 28 13 19 24
1 7 16 47 39 18 25 29 21
1 5 25 7 41 11 1
1 7 22 19 28 5 14 17 17
1 10 18 29 29 19 33 33 17 21 25 10
1 10 16 37 22 19 25 7 28 13 19 24
0 4 37 18 9 28
1 3 16 34 4
1 10 18 25 29 19 17 19 17 19 17 21
1 5 25 25 45 17 17
0 5 1 17 40 17 44
1 3 16 34 4
1 5 18 35 45 29 21
0 3 39 29 28
1 5 18 4 29 21 17
0 3 38 22 22
1 8 9 46 3 14 46 7 34 5
0 11 7 25 26 5 21 3 3 14 5 46 28
1 10 22 19 25 7 28 39 18 12 7 26
1 4 25 7 40 12
1 5 15 41 46 9 29
1 7 15 28 26 45 43 10 35
0 3 9 6 31
0 8 25 7 28 18 5 15 13 15
0 23 15 36 44 33 31 41 33 19 9 33 30 23 5 23 37 46 27 31 0 3 18 24 33
1 6 28 41 45 44 40 2
0 5 28 33 19 48 34
1 5 28 40 48 9 28
0 5 18 4 21 17 32
1 12 25 25 11 1 21 18 21 22 34 40 35 46
1 4 28 5 14 44
0 3 12 7 36
1 11 28 41 11 1 5 13 17 12 21 45 2
1 9 22 19 18 4 29 19 17 21 19
1 15 25 7 5 3 3 3 14 21 22 46 44 28 13 10 5
1 2 18 4
0 11 9 3 3 26 18 46 32 18 2 39 34
0 9 15 1 17 21 34 5 40 2 3
0 7 9 25 11 3 18 24 33
0 8 22 10 47 13 14 10 45 7
1 8 15 18 24 46 41 46 18 25
0 2 48 24
1 10 16 45 9 25 7 28 26 8 10 5
0 4 25 28 1 43
0 11 20 18 23 30 28 33 10 47 37 4 0
1 9 28 36 20 44 33 31 18 45 28
0 4 36 9 39 33
1 7 28 40 48 1 44 48 24
0 5 6 7 27 11 0
0 2 47 0
1 8 16 45 7 21 0 0 23 18
0 6 39 43 20 18 15 3
0 11 20 18 23 30 28 33 10 47 37 4 0
1 6 25 7 41 11 45 28
0 9 15 1 17 21 34 5 40 2 3
0 10 22 19 23 22 19 22 2 37 7 2
1 5 28 28 13 10 5
0 5 22 19 39 18 10
1 15 9 25 8 3 0 18 18 17 33 30 37 13 19 9 24
1 8 18 29 29 21 49 7 21 45
0 8 25 7 28 18 5 15 13 15
1 3 16 34 1
0 8 23 2 46 16 11 7 17 28
1 5 25 25 46 16 5
1 3 16 34 1
0 3 5 12 2
0 9 34 22 10 45 9 5 31 18 3
1 8 18 12 9 28 5 3 14 5
1 7 15 41 8 19 25 7 36
1 6 15 1 22 45 40 12
1 8 25 7 33 19 16 47 39 24
1 6 15 1 22 45 40 12
1 15 25 7 28 18 17 5 23 37 2 37 7 1 44 44 0
0 7 25 25 8 2 13 31 44
1 4 28 33 31 36
1 4 22 19 15 33
0 2 18 8
0 2 49 21
0 5 28 33 7 10 35
1 15 16 45 9 15 1 21 46 48 24 13 21 18 44 5 0
1 4 9 2 3 2
0 4 25 7 36 0
0 4 25 33 20 16
0 16 39 18 25 29 19 33 17 21 49 7 6 25 25 11 45 28
1 13 28 5 14 17 17 48 1 17 17 40 35 9 28
0 14 44 15 34 37 29 18 33 5 19 33 17 19 21 36
1 5 16 34 4 29 21
1 4 25 7 5 14
0 5 0 18 37 25 8
1 5 15 34 47 39 24
0 12 15 46 4 5 33 10 37 25 19 25 46 18
0 12 28 18 1 5 13 35 34 18 43 34 10 35
0 10 18 23 30 47 37 1 44 48 9 28
1 8 18 12 7 21 0 31 31 18
1 8 25 25 8 10 34 23 30 24
1 4 9 2 18 14
0 10 30 15 1 17 17 5 1 44 5 9
0 4 15 5 16 28
0 4 32 46 20 0
0 9 22 49 19 9 2 26 46 18 35
1 14 18 29 29 21 43 29 21 19 29 19 17 21 25 10
1 5 25 25 46 16 5
1 13 22 31 5 14 22 45 33 2 13 2 3 2 11
0 4 15 7 7 7
1 11 25 25 45 21 34 44 33 31 33 2 18
0 10 31 25 46 20 29 14 26 11 30 46
0 3 35 21 2
0 14 18 4 45 19 11 33 19 45 21 49 9 25 7 0
1 30 16 45 9 28 5 3 3 3 3 3 14 21 46 48 24 13 17 12 21 35 24 13 21 34 5 36 20 48 9 28
0 9 28 41 8 19 2 39 9 24 33
1 11 22 19 18 23 30 15 46 45 1 2 35
1 9 25 7 1 5 13 21 18 2 35
1 5 28 41 46 15 34
0 5 25 15 47 48 45
1 18 25 25 8 10 37 22 10 34 4 29 21 43 29 21 36 29 21 36
0 3 49 42 39
0 5 36 31 0 16 5
1 11 15 5 14 5 21 4 44 5 14 2 35
0 4 25 36 25 9
0 12 25 25 45 4 12 13 17 12 21 4 48 3
1 7 18 23 30 15 18 45 28
0 5 9 36 29 28 4
0 2 16 27
1 12 16 47 11 27 31 3 37 37 7 18 45 28
0 5 15 18 24 46 35
1 2 9 36
0 9 22 49 19 9 2 26 46 18 35
1 7 25 25 45 44 5 36 20
0 3 18 43 2
0 3 41 25 2
0 8 18 12 9 15 46 12 46 0
1 8 9 36 23 8 3 46 28 4
1 9 15 36 20 12 46 28 3 31 1
0 7 31 15 35 1 43 10 35
1 13 25 7 46 45 34 37 15 40 5 5 14 2 35
0 10 22 19 23 22 19 22 2 37 7 2
0 4 15 36 32 9
0 5 43 22 9 10 35
1 6 22 2 13 2 39 24
0 5 16 47 45 46 18
1 7 18 12 9 15 28 13 2
1 7 25 7 34 45 7 6 45
0 9 28 48 46 45 21 33 5 31 0
1 12 28 33 19 9 2 3 19 25 25 11 9 28
0 3 12 7 36
0 8 6 39 28 10 36 20 44 46
0 7 25 19 0 33 30 18 46
1 12 28 1 44 40 35 1 5 46 40 48 9 28
0 4 49 15 38 34
0 11 25 25 8 31 28 13 42 45 9 28 31
0 8 22 2 26 7 48 43 10 35
1 10 22 19 16 45 7 20 30 25 7 2
1 6 15 1 44 40 35 46
1 6 9 0 3 20 37 38
0 7 1 15 10 17 17 40 2
1 8 15 34 47 26 46 15 34 5
0 5 28 29 3 39 25
1 12 28 33 19 9 2 3 19 25 25 11 9 28
0 15 25 33 48 23 5 13 19 15 41 11 11 1 22 35 3
1 2 22 10
1 3 22 2 18
1 7 9 46 3 14 39 28 0
0 10 30 15 1 17 17 5 1 44 5 9
0 5 14 45 9 34 21
0 5 6 30 35 16 34
1 4 22 19 16 35
1 31 25 25 46 15 18 24 21 45 34 37 9 2 18 37 38 37 36 37 39 9 2 13 19 9 29 3 18 2 11 28 4
1 5 9 36 20 5 15
0 3 20 28 22
0 3 5 2 24
1 16 22 10 47 26 45 21 22 22 22 34 5 36 20 44 34 5
0 5 17 22 29 12 25
0 5 28 27 46 45 1
0 11 15 40 5 40 5 3 14 47 2 42 35
1 17 25 7 41 45 17 21 34 48 1 5 13 17 5 1 43 10 35
0 8 16 37 28 41 8 31 1 35
0 5 22 19 39 18 10
1 14 15 5 14 17 21 46 5 28 37 25 8 19 16 35
0 5 6 30 35 16 34
0 4 49 15 38 34
1 10 25 7 41 8 19 25 25 8 19 24
0 7 29 22 36 10 26 7 5
1 5 22 2 39 9 24
0 5 9 36 29 28 4
1 19 22 10 45 7 45 29 21 19 29 19 17 19 33 33 17 21 49 9 24
0 2 26 36
0 6 30 15 18 23 6 24
0 27 17 34 35 21 23 23 0 19 31 0 45 36 15 13 7 47 26 34 10 7 20 31 30 9 29 28 4
0 8 15 34 2 18 14 49 19 28
0 4 16 34 14 21
0 5 6 7 27 11 0
1 14 28 40 12 21 4 48 1 17 17 12 21 35 9 28
1 11 28 5 3 3 3 14 21 18 21 22 18
1 19 22 10 45 7 45 29 21 19 29 19 17 19 33 33 17 21 49 9 24
0 12 16 47 13 43 25 7 34 47 13 2 32 8
1 4 22 2 18 14
1 5 15 41 46 9 29
1 10 16 47 23 37 29 3 18 29 28 4
1 11 9 0 3 23 8 11 28 23 37 24 33
1 10 25 7 41 8 19 25 25 8 19 24
1 17 25 7 41 45 17 21 34 48 1 5 13 17 5 1 43 10 35
1 18 9 25 5 18 37 41 37 3 31 28 11 27 42 3 37 18 14 20
0 3 22 12 5
1 9 9 0 3 23 5 3 19 15 0
1 16 22 10 47 26 45 21 22 22 22 34 5 36 20 44 34 5
0 11 22 13 45 28 21 23 47 31 31 23 18
1 5 28 34 45 9 24
1 15 18 4 29 19 33 17 19 33 33 33 33 17 21 49 7
0 5 9 43 39 33 10
0 3 18 43 25
1 12 16 47 11 27 31 3 37 37 7 18 45 28
1 8 9 36 37 46 7 40 44 0
0 13 18 12 9 15 46 35 1 21 22 22 17 22 34
1 7 22 19 25 7 41 46 24
1 5 9 0 0 27 42
0 11 7 25 26 5 21 3 3 14 5 46 28
1 5 18 35 45 29 21
1 6 18 35 20 30 28 2
0 4 25 7 40 3
1 7 9 0 3 23 8 43 39
1 16 28 40 48 24 46 36 20 40 4 48 24 21 45 36 20 12
0 3 31 49 15
0 3 45 35 9
1 7 15 18 24 13 17 40 2
0 4 18 29 21 43
0 5 16 34 28 44 43
0 4 9 47 11 3
1 9 9 2 13 2 26 8 10 37 24
0 5 15 12 31 0 28
0 5 16 47 46 7 43
1 11 22 19 18 23 30 15 46 45 1 2 35
0 6 22 2 3 5 36 12
1 9 9 0 18 13 10 47 23 37 24
1 22 18 29 29 19 17 19 17 19 17 21 17 0 21 43 29 19 33 17 21 49 7 6
0 3 24 34 34
0 4 22 7 42 3
1 2 22 10
1 6 25 7 46 45 18 3
0 4 42 9 48 25
0 3 35 21 2
0 17 16 34 12 9 25 7 40 44 1 44 44 34 24 9 7 8 19
0 12 25 25 46 28 33 15 43 34 45 7 6 45
1 2 18 4
1 7 15 28 26 45 43 10 35
0 8 23 2 46 16 11 7 17 28
1 10 9 2 11 3 14 3 31 1 22 4
0 11 9 3 3 26 18 46 32 18 2 39 34
0 1 38
1 10 18 25 29 19 17 19 17 19 17 21
0 3 14 18 1
0 4 40 22 15 24
1 7 15 5 3 14 5 46 1
0 4 18 25 31 1
1 5 22 2 26 46 22
1 6 16 47 26 8 31 0
1 10 9 46 3 14 37 7 1 44 40 2
0 8 8 22 37 10 37 28 36 35
1 4 16 37 16 5
1 4 15 36 20 12
1 19 28 5 3 3 14 17 17 44 46 35 1 5 13 17 40 4 48 9 28
0 2 47 0
0 8 5 25 25 45 22 45 41 26
1 12 25 25 11 1 21 18 21 22 34 40 35 46
0 5 8 25 46 16 35
1 20 18 33 29 19 33 17 19 33 33 33 17 21 19 29 21 19 29 21 25 10
0 3 47 9 21
0 4 25 7 40 3
1 11 25 25 8 19 28 1 22 4 44 46 2
1 18 18 25 29 19 17 19 17 21 17 5 5 17 19 17 19 17 21 17
0 6 2 3 31 45 14 44
1 5 28 40 48 9 28
0 8 18 12 9 15 46 12 46 0
0 3 49 29 27
1 10 16 37 9 46 27 12 18 18 37 38
1 6 25 7 36 20 48 46
1 9 9 2 13 2 26 8 10 37 24
0 27 17 34 35 21 23 23 0 19 31 0 45 36 15 13 7 47 26 34 10 7 20 31 30 9 29 28 4
1 7 22 2 37 25 8 31 0
0 15 18 4 15 29 19 17 34 1 19 17 21 43 29 21 25
0 2 44 28
1 21 15 28 26 45 17 17 40 4 40 45 41 8 2 18 37 43 39 38 3 26 33
0 3 15 19 36
0 9 9 2 11 27 31 3 18 24 33
0 1 23
0 14 18 4 45 19 11 33 19 45 21 49 9 25 7 0
1 9 15 36 20 12 46 28 3 31 1
1 5 15 1 44 40 2
0 3 22 12 5
1 10 16 47 23 37 29 27 42 0 28 4
1 3 22 2 18
1 14 28 40 12 21 4 48 1 17 17 12 21 35 9 28
0 10 3 47 35 20 15 28 23 0 0 27
0 4 9 31 26 33
0 3 38 16 5
0 7 15 28 39 28 1 5 46
1 5 15 1 44 40 2
0 5 25 7 40 42 44
1 25 15 40 5 46 45 34 45 7 21 0 0 31 18 10 7 4 19 29 19 33 17 19 17 21 43
1 9 25 7 1 5 13 21 18 2 35
1 4 16 37 18 21
0 4 25 25 11 10
1 14 22 10 45 9 9 0 0 3 14 46 25 46 16 5
0 23 18 29 29 21 36 29 19 47 33 17 19 17 21 49 7 45 29 21 49 9 15 18 3
1 4 22 19 18 4
1 8 28 1 5 21 4 48 45 28
1 20 18 33 29 19 33 17 19 33 33 33 17 21 19 29 21 19 29 21 25 10
0 20 25 25 8 40 5 33 10 34 29 29 19 33 17 19 17 21 33 22 21 43
0 5 9 26 17 42 33
0 3 14 49 2
0 9 18 33 29 21 17 0 20 21 17
0 5 22 10 12 28 24
1 6 28 41 46 9 29 27
0 17 28 46 25 45 21 34 44 26 46 9 2 11 27 12 0 27 27
1 4 28 5 14 44
1 6 9 0 3 20 37 38
1 18 28 34 37 15 40 48 1 22 4 48 24 21 35 1 22 35 9 28
1 14 25 7 34 45 7 20 30 16 45 9 28 1 2 35
0 5 15 46 4 34 12
1 44 16 45 7 45 29 19 33 33 33 17 19 33 17 19 17 19 33 17 19 33 33 17 19 33 17 21 25 26 33 33 17 21 19 29 21 17 42 17 49 9 22 2 39 34
1 12 25 25 46 22 31 40 5 33 2 13 31 0
1 5 28 28 46 7 36
1 36 18 29 29 21 17 5 5 17 19 33 17 19 33 17 21 25 32 9 19 17 21 19 29 21 17 8 9 25 25 8 19 22 31 40 48 3
1 5 28 1 43 10 35
1 60 18 4 29 19 33 33 33 33 33 17 21 43 29 21 25 32 8 17 19 33 33 33 33 33 17 21 19 29 21 19 29 19 17 19 33 33 33 17 19 17 21 25 32 5 17 19 17 19 17 19 33 17 19 33 33 33 33 17 21 19
0 3 22 12 19
0 9 12 7 26 10 7 4 47 21 17
1 3 16 34 1
1 8 9 46 3 14 46 7 34 5
1 9 9 0 3 23 5 3 19 15 0
1 6 25 7 46 45 18 3
0 5 25 25 7 0 3
0 6 9 25 24 24 46 23
0 7 17 28 5 44 41 8 9
1 8 28 41 8 31 33 19 16 35
1 6 16 45 9 28 46 2
1 4 18 35 4 43
0 3 14 29 24
0 4 21 28 6 24
1 10 22 10 37 18 33 29 21 49 9 24
0 4 9 46 22 27
0 3 31 27 46
1 9 22 10 45 9 15 28 26 46 34
1 5 28 28 37 7 0
1 18 25 25 8 10 37 22 10 34 4 29 21 43 29 21 36 29 21 36
0 7 5 38 7 36 20 33 48
0 2 32 0
0 37 25 25 8 10 47 3 10 34 12 7 45 29 11 33 17 19 33 33 33 33 33 33 33 17 21 19 29 21 25 17 40 26 8 17 21 17 32
1 5 16 47 11 27 12
0 2 14 34
0 4 15 36 36 20
1 5 22 2 11 27 27
0 4 25 7 40 44
1 10 15 28 26 45 17 21 22 18 22 2
0 12 22 10 47 39 15 46 30 41 11 1 2 35
1 10 16 47 23 37 29 27 42 0 28 4
0 3 0 18 33
1 7 16 47 39 18 25 29 21
0 8 8 22 37 10 37 28 36 35
0 3 45 30 25
1 8 15 34 34 23 30 28 34 5
0 4 25 43 7 34
0 4 22 31 40 44
0 11 22 47 31 1 42 25 49 38 12 48 0
1 4 22 10 45 7
0 5 15 12 31 0 28
1 7 22 2 13 31 40 5 0
0 3 9 37 33
0 23 15 36 44 33 31 41 33 19 9 33 30 23 5 23 37 46 27 31 0 3 18 24 33
0 1 38
1 6 9 25 8 3 0 3
1 12 16 37 28 41 11 1 22 4 12 46 18 46
1 13 22 19 22 10 47 11 27 42 18 11 27 12 18
1 7 25 25 8 19 16 34 25
0 5 4 18 19 35 45
0 3 36 46 3
0 6 30 15 18 23 6 24
1 24 25 7 41 8 10 45 7 21 23 18 10 7 20 30 25 25 8 31 41 8 31 18 45 28
0 6 9 9 15 44 28 4
1 7 18 12 9 15 28 13 2
1 13 15 36 20 44 28 26 8 31 46 45 5 3 14
0 4 24 31 25 2
0 3 9 37 33
1 11 9 0 18 3 10 45 7 20 30 16 5
1 8 22 31 41 46 15 33 19 24
1 4 22 10 47 23
0 7 28 28 39 43 46 35 26
0 15 25 25 46 9 25 8 3 2 37 2 25 45 22 45 34
1 2 18 4
1 11 28 41 11 1 5 13 17 12 21 45 2
0 9 9 5 37 46 25 46 22 10 5
0 4 9 26 9 33
0 1 38
1 19 22 19 9 29 3 14 39 18 12 7 6 4 36 29 21 49 9 16 5
0 3 41 18 13
1 6 25 7 36 20 48 46
1 4 22 19 18 4
0 11 28 28 41 15 45 44 1 40 5 31 15
1 44 16 45 7 45 29 19 33 33 33 17 19 33 17 19 17 19 33 17 19 33 33 17 19 33 17 21 25 26 33 33 17 21 19 29 21 17 42 17 49 9 22 2 39 34
0 6 22 25 7 47 35 3
0 14 44 15 34 37 29 18 33 5 19 33 17 19 21 36
1 37 18 12 7 45 29 19 17 21 49 7 6 45 29 19 17 21 25 26 8 33 33 17 19 33 33 17 19 17 21 49 9 18 12 9 16 37 24
0 4 13 3 26 35
1 29 18 33 29 19 17 19 17 19 17 19 33 33 17 19 17 19 17 19 33 33 17 21 43 29 19 33 17 21 36
0 7 32 25 46 22 19 43 24
0 3 38 16 5
0 31 40 18 33 29 21 44 19 33 33 17 21 17 17 14 33 17 21 36 29 19 17 21 17 8 9 18 33 29 19 17 21
0 3 9 47 3
1 3 25 7 36
1 2 9 36
0 7 18 33 29 38 21 49 22
0 8 22 10 47 13 14 10 45 7
0 17 16 34 12 9 25 7 40 44 1 44 44 34 24 9 7 8 19
0 5 46 45 18 45 28
0 2 10 1
1 14 18 29 29 21 43 29 21 19 29 19 17 21 25 10
0 10 28 40 40 45 18 39 22 35 45 28
1 5 22 2 26 46 22
1 8 15 34 47 26 46 15 34 5
0 3 22 8 6
0 5 9 23 22 21 33
1 10 16 47 23 37 29 3 18 29 28 4
1 4 16 37 16 5
0 3 16 45 9
0 11 9 25 8 31 38 37 36 37 39 22 10
0 6 25 8 25 46 9 46
1 28 25 25 46 18 33 29 19 33 33 33 17 19 17 19 33 33 17 21 19 29 21 49 7 6 4 43 29 21
0 31 40 18 33 29 21 44 19 33 33 17 21 17 17 14 33 17 21 36 29 19 17 21 17 8 9 18 33 29 19 17 21
0 7 9 27 0 18 37 7 0
0 4 30 41 20 3
0 17 15 18 35 21 23 0 23 18 10 9 22 19 28 1 43 10 35
1 8 25 7 18 1 21 18 22 2
1 10 28 1 44 12 13 17 12 21 35 46
1 26 16 47 11 27 42 3 37 46 7 40 40 45 5 3 3 14 21 22 34 12 21 4 12 21 45 2
1 6 15 36 20 40 35 46
1 6 18 35 21 0 45 44
1 10 15 40 48 24 46 28 13 19 18 21
1 8 18 12 9 28 5 3 14 5
1 11 15 5 14 5 21 4 44 5 14 2 35
0 1 38
0 23 18 29 29 21 36 29 19 47 33 17 19 17 21 49 7 45 29 21 49 9 15 18 3
0 5 16 34 28 44 43
1 8 28 1 5 21 4 48 45 28
1 8 15 46 45 40 40 35 45 28
1 4 16 37 18 21
0 13 18 29 29 19 33 33 43 33 33 21 49 9 24
0 2 1 39
0 11 28 40 46 12 13 17 18 35 24 48 2
0 5 28 27 46 45 1
0 6 25 2 7 18 45 28
0 4 15 5 16 28
1 10 25 25 46 25 25 8 31 33 31 28
1 7 28 34 47 13 19 15 36
0 4 12 22 10 17
1 2 9 36
0 3 9 6 31
1 6 18 35 21 0 45 44
0 2 29 42
1 30 16 45 9 28 5 3 3 3 3 3 14 21 46 48 24 13 17 12 21 35 24 13 21 34 5 36 20 48 9 28
1 5 28 1 43 10 35
1 25 15 40 5 46 45 34 45 7 21 0 0 31 18 10 7 4 19 29 19 33 17 19 17 21 43
0 9 34 22 10 45 9 5 31 18 3
1 15 16 45 9 25 25 11 24 13 21 34 5 28 11 27 27
1 8 16 45 7 21 0 0 23 18
0 8 9 28 27 42 8 3 18 26
1 3 25 7 36
0 7 25 16 46 18 44 5 9
0 4 13 3 26 35
1 14 16 37 28 1 5 13 21 18 21 18 44 12 21 2
1 5 9 36 20 5 15
1 9 16 47 39 28 33 2 26 46 24
0 3 17 9 0
1 12 25 25 8 31 1 21 18 17 17 44 28 18
1 14 16 37 28 1 5 13 21 18 21 18 44 12 21 2
0 2 3 44
1 5 28 28 11 28 4
0 3 18 43 25
0 5 9 7 0 28 42
1 8 25 7 18 1 21 18 22 2
0 5 25 27 41 42 34
1 21 15 28 26 45 17 17 40 4 40 45 41 8 2 18 37 43 39 38 3 26 33
0 4 9 31 26 33
0 17 22 2 46 25 46 22 2 26 18 45 22 45 28 13 19 36 20
1 9 9 25 5 46 7 18 24 46 2
0 4 45 26 17 23
1 5 16 47 13 10 5
0 2 39 5
0 3 25 8 38
1 10 9 0 3 23 5 26 8 19 16 5
1 14 15 5 14 17 21 46 5 28 37 25 8 19 16 35
0 3 45 35 9
1 4 22 19 9 46
0 10 18 23 30 47 37 1 44 48 9 28
1 18 28 34 37 15 40 48 1 22 4 48 24 21 35 1 22 35 9 28
0 3 14 29 24
0 17 18 29 29 38 19 17 19 49 33 33 33 33 17 19 17 17 25
0 3 20 47 35
0 5 28 33 7 10 35
0 5 22 10 37 39 36
0 11 9 29 3 14 39 22 19 22 35 21 18
0 4 18 29 21 43
1 5 25 25 45 17 17
1 4 25 7 5 14
1 15 9 25 8 3 0 18 18 17 33 30 37 13 19 9 24
1 26 16 47 11 27 42 3 37 46 7 40 40 45 5 3 3 14 21 22 34 12 21 4 12 21 45 2
1 12 16 34 25 29 21 25 26 5 33 17 21 19
1 8 28 34 37 9 25 8 3 29
1 11 9 0 3 23 8 11 28 23 37 24 33
1 21 15 34 34 23 30 25 25 8 31 40 12 46 5 3 3 14 22 35 24 46 2
1 13 25 7 46 45 34 37 15 40 5 5 14 2 35
1 16 22 2 18 17 5 3 2 37 25 45 5 21 45 1 22 2
0 7 17 28 5 44 41 8 9
1 4 15 28 13 10
0 7 29 22 36 10 26 7 5
0 4 22 19 16 28
1 5 28 28 46 7 36
1 6 15 36 20 40 35 46
0 4 22 7 42 3
1 4 22 19 15 33
1 11 25 25 45 21 34 44 33 31 33 2 18
1 13 25 7 40 12 46 1 21 22 18 44 5 18 3
1 4 16 45 9 24
1 3 9 0 0
0 3 3 48 37
1 18 18 25 29 19 17 19 17 21 17 5 5 17 19 17 19 17 21 17
1 7 15 28 37 25 45 22 2
0 3 25 46 2
0 7 31 15 35 1 43 10 35
0 16 39 18 25 29 19 33 17 21 49 7 6 25 25 11 45 28
0 6 24 8 15 33 10 5
0 20 25 25 8 40 5 33 10 34 29 29 19 33 17 19 17 21 33 22 21 43
1 3 18 35 26
0 7 16 47 49 17 33 20 16
0 4 25 36 25 9
1 15 16 45 9 25 25 11 24 13 21 34 5 28 11 27 27
0 4 16 40 4 5
1 3 15 41 45
1 9 15 5 14 44 5 1 17 17 12
0 4 37 18 9 28
0 3 30 18 21
0 5 16 47 45 46 18
0 7 15 33 2 37 7 12 2
1 7 25 7 40 40 4 48 3
0 16 23 42 25 42 10 34 12 7 4 36 29 19 17 21 17 32
1 8 16 37 28 5 3 14 2 35
1 13 25 7 40 12 46 1 21 22 18 44 5 18 3
1 14 22 10 45 9 9 0 0 3 14 46 25 46 16 5
1 4 28 33 31 41
1 5 22 2 11 27 27
0 5 12 28 41 11 24
1 6 25 25 46 9 26 33
1 9 16 37 9 25 33 30 20 5 15
1 7 22 19 25 25 46 18 21
0 4 28 33 19 3
1 8 15 46 45 41 8 10 34 21
1 8 15 18 24 46 41 46 18 25
0 15 25 7 1 5 13 21 22 18 21 46 36 12 46 18 46
1 4 28 33 31 41
0 5 15 18 24 37 0
0 2 28 5
1 5 18 4 29 21 17
0 6 25 8 1 10 42 5
1 8 15 46 45 40 40 35 45 28
1 15 16 45 7 26 10 9 16 47 11 3 14 11 3 18 21
0 3 15 6 47
0 11 22 13 45 28 21 23 47 31 31 23 18
0 8 46 33 23 37 33 28 10 4
0 3 49 29 27
1 9 25 25 8 10 47 23 37 26 33
0 4 32 46 20 0
1 7 25 25 8 19 16 34 25
1 7 22 2 37 25 8 31 0
1 5 16 47 13 10 5
1 8 9 46 3 14 18 37 43 39
1 3 18 35 26
1 10 25 25 46 22 31 5 14 22 35 46
0 3 5 2 24
1 7 22 2 3 2 11 28 4
0 7 9 27 0 18 37 7 0
1 19 28 5 3 3 14 17 17 44 46 35 1 5 13 17 40 4 48 9 28
0 4 1 9 24 33
0 14 6 22 10 12 7 21 0 31 23 45 36 10 21 18
1 16 28 40 48 24 46 36 20 40 4 48 24 21 45 36 20 12
1 5 16 37 25 7 2
0 3 47 9 21
0 3 24 34 34
0 2 32 0
0 37 25 25 8 10 47 3 10 34 12 7 45 29 11 33 17 19 33 33 33 33 33 33 33 17 21 19 29 21 25 17 40 26 8 17 21 17 32
1 4 15 36 20 12
1 6 22 2 46 7 1 21
1 5 28 28 37 7 0
0 11 25 25 8 31 28 13 42 45 9 28 31
0 3 41 18 13
1 5 28 1 43 10 35
0 8 46 28 25 28 39 40 9 9
0 2 28 5
0 15 25 7 1 5 13 21 22 18 21 46 36 12 46 18 46
0 10 46 1 17 17 18 21 18 48 13 21
1 5 22 2 3 10 5
1 11 25 7 1 17 17 5 36 20 44 34 5
1 14 22 2 46 7 28 39 25 7 5 3 3 14 22 2
0 1 23
0 12 9 36 20 14 30 23 8 27 0 0 27 27
1 4 22 19 9 46
1 13 22 31 33 31 1 17 21 46 12 13 17 48 3
0 19 18 25 29 19 24 33 17 37 19 17 19 33 17 19 17 36 29 21 13
0 14 22 19 16 34 43 31 0 21 0 0 31 45 20 36
0 3 41 25 2
0 2 27 24
0 5 16 7 18 35 30
0 4 30 41 20 3
1 6 28 41 45 44 40 2
1 4 9 2 3 2
0 16 23 42 25 42 10 34 12 7 4 36 29 19 17 21 17 32
1 3 16 34 4
1 6 25 25 46 28 34 5
1 4 15 34 47 13
1 5 28 46 35 45 28
0 3 36 3 3
0 3 22 12 19
0 6 9 25 24 24 46 23
1 12 9 46 27 12 3 37 37 7 34 47 46 25
0 11 15 40 5 40 5 3 14 47 2 42 35
1 10 25 25 46 22 31 5 14 22 35 46
0 7 28 10 46 4 44 41 11
1 8 25 7 28 18 14 20 16 20
0 5 0 18 37 25 8
0 3 31 49 15
0 4 25 7 40 44
1 6 22 2 39 25 7 0
1 6 15 18 1 43 10 35
1 8 15 36 20 12 13 17 48 3
1 13 22 19 22 10 47 11 27 42 18 11 27 12 18
0 15 25 25 46 9 25 8 3 2 37 2 25 45 22 45 34
0 20 18 33 29 19 33 33 23 33 17 19 17 21 1 17 7 6 6 44 25 10
1 5 16 47 18 14 20
0 4 36 9 39 33
1 6 15 1 17 21 22 46
0 5 9 23 22 21 33
1 3 9 0 0
1 5 15 33 2 39 24
0 5 17 22 29 12 25
0 7 15 36 35 44 40 5 34
1 12 28 1 44 40 35 1 5 46 40 48 9 28
1 8 22 2 13 19 15 41 46 24
1 13 28 5 14 17 17 48 1 17 17 40 35 9 28
1 12 15 1 5 13 21 34 44 18 24 21 35 46
0 8 9 28 27 42 8 3 18 26
0 3 9 47 3
0 4 22 19 9 49
1 6 15 1 44 40 35 46
1 10 18 29 29 19 33 33 17 21 25 10
0 4 25 25 11 10
0 17 28 46 25 45 21 34 44 26 46 9 2 11 27 12 0 27 27
0 2 26 36
1 8 25 25 8 10 34 23 30 24
0 3 3 48 37
1 37 18 12 7 45 29 19 17 21 49 7 6 45 29 19 17 21 25 26 8 33 33 17 19 33 33 17 19 17 21 49 9 18 12 9 16 37 24
1 7 22 2 37 25 45 2 35
1 5 15 33 2 39 24
0 3 15 42 0
0 2 42 48
0 11 28 40 46 12 13 17 18 35 24 48 2
1 8 25 7 33 19 16 47 39 24
1 12 25 7 33 31 28 11 27 12 18 13 10 35
0 4 1 9 24 33
1 15 25 7 40 48 24 13 21 34 12 13 21 22 18 2 35
1 7 28 36 20 5 40 40 2
1 21 15 34 34 23 30 25 25 8 31 40 12 46 5 3 3 14 22 35 24 46 2
1 8 28 46 4 44 36 20 5 2
1 13 9 29 3 14 26 8 31 1 44 40 35 45 28
0 12 16 47 13 43 25 7 34 47 13 2 32 8
0 14 18 41 33 29 19 17 19 17 19 26 17 19 17 17
1 10 9 0 3 23 5 26 8 19 16 5
1 6 28 5 3 14 22 2
1 12 25 25 8 31 1 21 18 17 17 44 28 18
0 11 28 40 12 13 17 3 48 29 43 10 35
0 9 18 33 29 21 17 0 20 21 17
1 6 9 2 11 3 18 26
1 7 16 45 7 6 21 0 18
0 5 23 12 10 6 25
1 2 22 10
0 8 22 31 40 13 17 48 45 28
0 5 1 17 40 17 44
1 8 15 46 45 41 8 10 34 21
1 12 15 5 3 14 17 21 46 5 18 1 2 35
0 3 25 46 2
0 6 18 0 30 22 40 35
1 6 28 41 46 9 29 27
1 5 22 2 3 10 5
0 20 18 33 29 19 33 33 23 33 17 19 17 21 1 17 7 6 6 44 25 10
1 10 16 45 9 25 7 28 26 8 10 5
0 4 25 8 48 0
0 8 1 2 5 42 46 34 37 34
1 3 25 7 36
1 15 25 7 5 3 3 3 14 21 22 46 44 28 13 10 5
0 3 5 12 2
1 7 22 19 25 7 41 46 24
0 2 49 19
0 4 40 22 15 24
0 5 14 45 9 34 21
1 11 9 2 23 37 0 0 3 14 23 37 46
1 8 22 19 9 25 5 46 7 0
0 9 25 25 10 44 13 28 26 11 3
1 10 22 19 16 45 7 20 30 25 7 2
1 9 9 25 5 46 7 18 24 46 2
0 11 9 25 8 31 38 37 36 37 39 22 10
0 4 25 28 1 43
1 4 25 25 46 18
0 12 15 46 4 5 33 10 37 25 19 25 46 18
0 2 32 22
0 4 25 8 48 0
0 5 9 43 39 33 10
0 4 28 40 37 48
0 7 15 36 35 44 40 5 34
0 13 18 12 9 15 46 35 1 21 22 22 17 22 34
0 9 9 5 37 46 25 46 22 10 5
0 7 25 16 46 18 44 5 9
0 6 24 10 0 9 35 24
1 6 16 45 9 28 46 2
1 10 25 7 5 3 14 21 22 46 40 2
0 2 42 28
0 11 28 40 12 13 17 3 48 29 43 10 35
1 8 9 2 11 3 14 11 27 12
1 8 9 36 37 26 45 43 10 35
1 7 9 2 37 7 46 35 46
1 7 15 5 3 14 5 46 1
1 20 18 12 7 21 0 23 31 18 10 7 6 4 19 29 19 33 17 21 17 17
0 5 28 1 41 43 10
0 2 29 42
1 3 16 47 11
0 4 45 26 17 23
1 5 28 28 13 10 5
1 17 22 19 15 34 45 7 4 19 29 21 49 9 15 5 3 3 14
0 3 18 33 29
1 10 22 19 22 2 18 14 30 23 33 20
1 7 22 19 25 25 46 18 21
1 15 25 7 40 48 24 13 21 34 12 13 21 22 18 2 35
0 11 9 29 3 14 39 22 19 22 35 21 18
0 7 15 33 2 37 7 12 2
0 11 25 7 5 3 3 11 3 3 45 14 11
0 5 16 47 46 7 43
0 1 23
1 60 18 4 29 19 33 33 33 33 33 17 21 43 29 21 25 32 8 17 19 33 33 33 33 33 17 21 19 29 21 19 29 19 17 19 33 33 33 17 19 17 21 25 32 5 17 19 17 19 17 19 33 17 19 33 33 33 33 17 21 19
0 4 28 40 37 48
1 8 25 7 5 14 17 17 40 2
1 8 9 29 3 14 18 5 15 15
1 18 9 25 5 18 37 41 37 3 31 28 11 27 42 3 37 18 14 20
1 36 18 29 29 21 17 5 5 17 19 33 17 19 33 17 21 25 32 9 19 17 21 19 29 21 17 8 9 25 25 8 19 22 31 40 48 3
1 2 18 4
0 7 15 46 31 35 1 2 35
1 8 28 34 37 9 25 8 3 29
1 7 22 31 33 19 9 46 27
0 4 18 21 36 34
0 8 5 25 25 45 22 45 41 26
1 12 16 34 25 29 21 25 26 5 33 17 21 19
0 7 9 25 4 7 40 6 2
0 3 20 28 22
0 4 25 7 36 0
0 3 31 27 46
1 7 9 0 3 23 8 43 39
0 2 27 24
0 8 15 34 2 18 14 49 19 28
0 4 21 28 6 24
1 15 25 7 28 18 17 5 23 37 2 37 7 1 44 44 0
1 62 18 33 29 21 25 32 33 33 17 21 17 40 26 5 33 33 33 33 17 19 17 19 17 21 17 42 5 5 17 19 17 21 17 17 14 8 17 19 33 33 17 19 17 19 33 33 33 33 33 17 21 19 29 19 17 21 17 8 7 21 45 36
0 17 22 2 46 25 46 22 2 26 18 45 22 45 28 13 19 36 20
1 9 28 46 45 28 13 2 18 5 15
0 8 18 30 1 18 5 19 2 1
1 5 28 46 35 45 28
1 9 22 19 18 4 29 19 17 21 19
0 11 28 28 41 15 45 44 1 40 5 31 15
1 4 16 37 28 2
1 4 22 19 16 35
1 6 22 31 40 40 45 28
0 4 28 33 19 3
1 5 28 34 45 9 24
0 3 49 33 19
1 8 18 29 29 21 49 7 21 45
1 6 25 25 46 28 34 5
0 3 20 29 30
1 9 25 25 8 10 47 23 37 26 33
1 9 28 40 5 34 34 29 29 21 43
0 3 22 8 6
1 5 25 25 46 18 35
1 11 25 25 8 19 28 1 22 4 44 46 2
1 9 28 36 20 12 13 17 40 35 24
0 5 22 10 37 39 36
1 24 25 7 41 8 10 45 7 21 23 18 10 7 20 30 25 25 8 31 41 8 31 18 45 28
1 10 9 46 3 14 37 7 1 44 40 2
0 3 49 42 39
1 4 16 45 9 24
1 4 18 35 4 43
0 3 14 18 1
0 5 19 0 35 31 34
0 4 47 43 48 8
0 3 36 3 3
0 7 25 25 8 2 13 31 44
1 12 25 7 33 31 28 11 27 12 18 13 10 35
0 6 46 25 43 33 31 40
1 6 15 33 2 11 28 4
1 8 25 7 5 14 17 17 40 2
0 2 39 5
0 9 15 34 45 15 15 1 43 10 35
1 11 9 2 23 37 0 0 3 14 23 37 46
0 6 39 43 20 18 15 3
0 3 7 18 43
0 4 47 43 48 8
1 4 16 37 28 2
0 6 25 29 25 11 31 46
0 8 13 25 8 31 20 48 9 28
1 16 22 2 18 17 5 3 2 37 25 45 5 21 45 1 22 2
1 5 25 25 46 15 36
1 9 16 47 39 28 33 2 26 46 24
1 10 22 19 22 2 18 14 30 23 33 20
1 7 28 36 20 5 40 40 2
0 19 18 25 29 19 24 33 17 37 19 17 19 33 17 19 17 36 29 21 13
1 13 9 29 3 14 26 8 31 1 44 40 35 45 28
1 5 25 7 41 11 1
0 7 25 16 13 3 12 9 28
0 9 15 34 45 15 15 1 43 10 35
0 3 49 33 19
0 9 28 48 46 45 21 33 5 31 0
1 3 25 7 36
0 2 31 5
1 14 25 7 34 45 7 20 30 16 45 9 28 1 2 35
0 7 32 25 46 22 19 43 24
0 8 37 37 6 23 25 25 24 5
0 8 18 30 1 18 5 19 2 1
1 19 22 19 9 29 3 14 39 18 12 7 6 4 36 29 21 49 9 16 5
1 12 25 25 46 22 31 40 5 33 2 13 31 0
1 7 22 2 37 25 45 2 35
0 7 28 38 1 24 36 6 35
0 7 15 5 3 14 21 23 46
1 5 18 29 29 21 43
0 3 39 29 28
1 6 15 1 17 21 22 46
0 6 18 0 30 22 40 35
0 3 16 3 24
1 9 22 10 45 9 15 28 26 46 34
0 3 17 18 35
0 5 28 1 41 43 10
0 2 37 39
0 6 9 4 43 46 28 10
0 3 31 43 10
0 12 9 36 20 14 30 23 8 27 0 0 27 27
0 3 28 39 34
1 7 22 31 33 19 9 46 27
1 8 16 37 28 5 3 14 2 35
0 27 30 16 45 7 45 29 19 33 33 33 33 33 33 17 19 33 17 19 17 19 33 33 17 19 33 17 21
0 7 28 9 1 10 21 35 9
0 6 46 24 45 19 16 35
0 8 22 31 40 13 17 48 45 28
0 7 25 7 46 45 17 32 36
0 5 15 46 4 34 12
0 2 16 27
0 4 18 21 36 34
1 13 15 36 20 44 28 26 8 31 46 45 5 3 14
