1000
0.353703205099
1.04065038387e-08
0.000383426911229
1.73723655737e-06
0.0133663365033
0.000486549771077
0.00315990702639
0.000442057606171
5.84815892223e-11
6.27681027467e-09
7.59253343694e-05
4.21752927429e-08
0.0103910324945
1.06739590489e-13
0.00434293261444
8.75914910264e-07
1.19294959395e-06
9.25799821827e-07
9.5462652214e-17
0.00350077037196
9.56004928522e-14
1.16294525977e-06
2.97587616721e-06
1.90907370858e-11
6.90247955949e-09
7.8059040504e-08
1.47098577952e-13
4.25540842387e-05
2.45316236126e-05
0.00303815783716
0.0202335758914
2.09544901534e-19
2.24579445178e-09
0.0608947780321
1.31925578452e-08
1.83147726369e-06
4.71376190497e-07
3.51770268069e-06
2.63353185198e-05
2.16073034284e-14
4.05927246361e-15
4.97463391313e-09
0.00266584528093
0.0141918350631
8.03223840202e-05
2.38907812559e-13
0.000260683715374
0.000115620151502
3.03472716864e-10
3.29013564829e-07
2.69643081253e-19
5.42747262678e-10
5.24253408121e-09
1.86848044527e-19
0.00556266918339
0.0244672825864
2.36144248757e-14
1.3704264088e-20
1.53504907359e-19
2.60424726185e-15
0.00229062290543
1.45802508593e-24
4.40412299271e-06
3.87262080939e-30
0.00035384509522
0.000136829713668
4.12005748581e-12
0.000186904735883
9.27750839106e-14
1.21317763464e-18
0.0150725381427
5.77431676813e-11
7.43792566036e-09
2.12127117259e-14
0.0515532212389
5.79869723166e-06
0.000466203941278
5.60178097122e-05
5.56213486365e-09
3.04057690556e-17
8.27519881853e-13
6.67114792253e-05
2.62507355739e-11
2.59719747123e-06
0.000903681017041
0.000156086566816
8.91210886784e-14
2.9351178959e-07
1.0458682418e-17
6.39280227948e-14
1.17349455739e-05
0.00577256036938
0.00625927448041
0.00030680580576
0.00284883928501
0.0114069463441
1.44409788865e-06
0.0016107359819
3.26768510629e-09
1.64974803967e-12
0.00287004332364
1.34150164452e-09
7.91040865945e-06
0.00470449417909
7.73810335772e-32
0.000314731083584
0.0261352363663
5.60421987558e-18
5.5222910479e-07
3.27740597156e-09
1.66369659708e-13
0.00679950151
0.011439048504
2.03429591488e-21
0.000578568296952
3.89754446677e-05
6.85294981947e-22
1.75322160319e-11
7.35475402606e-13
0.0176453515031
1.67039984944e-11
6.45952226545e-07
0.000520349168705
0.000421428944039
0.0003136770413
0.000355765435461
1.54884208789e-06
1.14760845194e-15
0.00144927273554
0.00161817191232
7.76736748147e-07
1.02160692183e-05
9.40078754935e-06
2.80283947499e-13
2.47793484492e-10
0.000504701045842
0.000701646130154
0.000105736120543
0.00145019922998
4.32593774072e-06
0.0125909462212
1.21302964695e-06
1.00109114632e-05
5.97076576471e-17
8.97583256341e-05
0.000435055852712
2.12709454926e-14
0.000476744285108
2.07245099758e-10
6.03384021841e-06
9.16973295845e-09
0.00142254792093
4.03734002418e-06
3.71105769133e-06
0.00100084470194
8.64022353394e-22
1.63687216879e-07
6.05990084678e-16
7.95728767014e-06
0.0211520491572
7.80448246722e-16
2.77234389397e-10
1.60906802007e-12
4.31692486496e-11
8.41269541105e-09
7.30316020668e-07
2.24154991043e-07
5.6386677441e-28
0.000920422884414
0.000316697737026
1.96875302375e-11
3.70407117066e-05
8.65949962577e-05
1.88314565185e-08
0.000141280456043
1.79941575834e-16
1.05784571156e-09
5.00618535099e-10
0.00389497330574
0.00023153387543
5.80287966344e-07
0.00479659956635
7.43877718233e-07
2.58148432162e-05
9.9634665757e-17
3.07125120467e-12
2.16941029573e-16
0.000242447309526
1.09541475241e-07
1.36425207627e-05
0.00057329500164
1.85090937681e-09
1.53157640695e-17
2.52245326106e-08
3.66679458076e-08
4.58472475681e-05
1.15672904445e-05
4.76867303479e-05
0.00410129531268
0.00135052083909
4.27481309225e-08
0.0265839024685
7.06373002448e-11
7.8700125547e-13
1.03871764772e-10
4.44110764448e-12
0.00012737405596
6.33797619559e-05
3.97744960431e-09
0.000116081448763
5.9234607738e-09
0.00024032154675
5.75227331144e-07
0.000565858601107
7.88788311033e-12
9.52512620585e-08
2.00087807738e-40
2.3442165422e-08
0.00177594766805
0.00282057131156
0.000678909338667
0.00256483817862
3.07326141943e-07
5.06315227054e-10
8.27808454739e-09
1.31968791242e-07
0.00147123619787
8.27575508815e-24
0.0130526915083
4.82534022536e-06
0.000134249371952
9.91693665506e-06
3.09584628401e-23
0.000711036348236
8.00086302849e-06
5.52316928826e-07
3.43472834754e-05
2.77221575393e-07
1.96147941055e-08
2.25908429188e-08
8.08547242696e-11
9.90627596241e-16
5.88986360705e-09
3.67454135952e-17
2.63338450251e-05
8.4261821526e-06
0.00250811731323
6.03015836862e-14
1.12142414062e-32
3.48297525047e-07
0.00069492087682
0.00119558695449
9.55110613886e-12
4.52096666172e-32
0.000120369110865
5.26106152096e-06
1.68604933448e-16
6.49059787807e-15
1.2666008872e-08
0.00289720839994
0.00221726249133
9.35239080011e-39
9.37988835379e-06
2.03463909629e-16
5.91973894778e-08
2.59608038063e-14
0.000884633331864
4.09326468246e-16
3.83648274164e-05
1.57636309931e-05
5.6893534539e-15
0.000142934994103
2.24090925443e-13
0.0186495931674
1.41762528694e-12
0.00945258801777
1.49399848196e-17
1.03349552301e-26
0.00385158385538
1.73137832434e-07
1.34851523589e-08
8.26828360063e-17
0.000642856830389
0.000850317438901
5.44232438604e-07
0.0002154637335
1.83229723808e-08
7.6265406817e-07
7.12891800082e-10
0.00296930612993
5.69225336641e-11
4.57703614024e-06
7.46726379881e-07
1.01125213763e-05
0.00018143687273
5.28774687783e-07
1.18343842369e-07
6.48870021638e-06
1.53244968248e-07
0.000517844073622
0.000117190150218
0.000333832092402
1.39437818255e-13
0.000526375384377
3.85421295805e-06
4.6816128482e-08
5.85538756735e-13
3.93616208424e-07
4.15444079901e-08
0.000153694134521
2.20851605211e-06
6.38610512449e-06
0.00049701562397
0.000136608140943
1.06116576514e-22
6.96000514925e-06
6.64246050732e-07
3.92108533882e-05
9.91310420774e-07
3.13573158818e-21
4.78978058488e-10
1.60381665716e-20
0.00528400634258
1.19441742208e-05
9.31556181811e-10
6.68236406117e-11
1.87197900988e-19
2.37158321228e-17
4.68561132132e-09
8.91063493102e-09
0.000155775175065
1.44782946644e-07
1.74846562494e-12
5.02857817906e-20
3.40241764483e-09
0.00023075183843
9.37167172319e-07
7.69355326081e-10
4.68253276819e-14
1.27534318349e-05
6.60512841249e-05
2.73490118996e-11
2.69100933324e-06
2.54542407133e-14
1.9447514431e-09
0.00334836129349
0.000101869348226
5.06092826271e-09
0.000325871616724
7.88551693861e-06
0.00131148784396
1.23572887082e-15
3.04506357454e-05
1.43778518304e-06
0.00715798301639
1.72411318394e-07
0.000534224172055
2.94512991398e-08
3.8154354885e-10
0.000104529131043
1.36165525414e-13
0.000286516241672
5.12199718629e-08
1.88087298497e-10
1.5960091977e-05
2.92575781657e-06
0.00295235039018
1.76930081886e-06
8.95131789496e-12
1.18104838507e-07
2.35246858512e-23
0.000279680391056
9.7242428207e-08
1.07390898165e-08
1.99911962512e-09
1.03663371418e-17
2.58072086051e-06
3.11495586698e-08
0.00064571787552
6.9950668904e-09
6.915318627e-19
5.89604041688e-10
3.89685568947e-34
3.24991976305e-14
0.00215953359947
1.93605927439e-16
0.00259080724589
5.73854610361e-09
7.56088156973e-06
2.62006016896e-08
4.81909832864e-28
8.89269875441e-15
1.8444479847e-07
1.37373146549e-08
0.00428421340916
2.13544556431e-08
2.21694423976e-11
3.86879543741e-05
3.68943611389e-05
6.38369058368e-08
1.31023854774e-13
1.25786102415e-39
6.75481674751e-07
1.24151048555e-21
4.66584790917e-13
0.00150072672329
6.12877956008e-09
4.32228432999e-07
1.75503777537e-27
2.56084728393e-06
5.34179343865e-13
5.40566753144e-08
1.57138468307e-06
2.69952449476e-14
1.47330683042e-31
4.12540772937e-20
0.000755906432596
1.98783664142e-08
2.53313842185e-08
5.33762134117e-16
2.05858332682e-20
9.45201407923e-08
5.73299512837e-08
1.16164398718e-13
0.000568524782798
4.60667146771e-08
3.94455056173e-12
7.38374918426e-39
6.00101695582e-17
2.74964388886e-17
1.74084208132e-09
1.94907035174e-14
0.00015137640595
6.49589534213e-08
1.18910479383e-17
9.34350929417e-07
3.27755440872e-10
5.36989620301e-08
3.93756383238e-18
3.44246506754e-06
3.94723689824e-06
1.62858075443e-07
9.85074949027e-18
2.09266100832e-09
1.60183648894e-08
4.49822433228e-07
1.80089147925e-06
2.46764750924e-10
6.29498025851e-09
5.75826640912e-06
2.85987426542e-06
0.000613770586336
0.00164793504835
1.02759427704e-08
2.33037001904e-07
4.33006692173e-08
5.31434227436e-05
7.78857932811e-14
2.04568815312e-13
0.000825728078578
1.61606341245e-06
4.31601883385e-16
0.00180260472473
1.86138877382e-11
0.00318356579341
4.66987083979e-08
7.03459781931e-13
1.2517090682e-05
0.00525171049607
2.9299923198e-07
8.15511009236e-06
1.86172036118e-17
6.46571530734e-05
0.0031151542657
1.16115529756e-12
3.56682103663e-10
0.00705452924767
1.17076202567e-12
0.000199766219255
0.000120206372537
9.63533483207e-20
5.30078907968e-09
4.01420984914e-07
9.36324269708e-15
4.06171273888e-09
1.91011317517e-05
1.84870863527e-56
3.43268308559e-07
6.18458164695e-20
1.96946724878e-08
5.80438719208e-07
1.83634308066e-05
0.000325969064904
0.00266386724315
0.000433034849106
1.42192472049e-09
2.20350967559e-05
4.44966106864e-13
1.50284312944e-06
7.54364196263e-07
5.02401064769e-16
0.000469442937811
2.10473464873e-08
2.07339306527e-15
3.93691918097e-05
1.97607956164e-12
7.88278308211e-15
6.37205524483e-14
5.03859139429e-08
1.3082009106e-08
2.80910634711e-13
4.66695835355e-09
1.93347147325e-09
3.81097549032e-08
1.12941698576e-08
7.79714371714e-05
3.92039200938e-09
6.27834082921e-06
1.948491755e-06
7.67380418553e-07
1.15915352809e-15
0.000144377552142
0.0010219434022
8.56105611373e-07
1.12210424271e-10
1.05484504801e-07
5.43163565559e-07
2.37068402621e-10
1.96834594761e-08
0.00517934137966
0.00152729167543
2.07056611443e-07
1.39128096558e-05
0.000350651719508
0.00104195247693
7.54076920841e-05
0.000629218964564
3.71937559324e-06
1.37568919062e-10
1.61580496722e-10
2.01961158487e-06
4.63240738962e-22
0.000254761907518
4.23191708101e-05
6.74125873032e-06
1.12795608022e-05
3.92763441955e-10
3.87980758235e-11
1.90948094149e-05
2.60011004697e-10
2.78023277965e-15
4.73725708272e-09
4.72424282214e-08
1.30802421946e-06
9.7341106655e-05
3.65313021951e-06
0.00331880675977
3.32302731422e-08
2.40094883714e-08
5.83329422533e-08
6.31881513901e-09
9.4803176846e-07
1.36639205856e-06
1.49054208998e-08
1.85436458122e-23
0.000201811399165
1.29273449547e-06
2.2321754681e-12
5.5620542554e-06
3.79814552057e-13
5.64922944247e-10
1.71644213575e-07
1.87459799339e-08
2.04031833618e-05
2.16662051203e-14
5.68900877846e-06
6.7548043913e-07
1.37243378926e-05
3.36889342384e-06
0.000120568043008
2.56499565804e-10
3.59589831797e-22
0.00027283022723
1.59337681308e-17
9.1782327679e-09
8.18238973086e-11
0.00425097961247
2.26336669441e-07
1.94223927556e-05
1.32733174889e-05
9.79042986001e-14
6.27666364512e-10
2.21785615418e-05
0.000268578703718
2.85318249536e-08
0.000323549942865
1.8147103108e-06
1.71337220753e-09
0.000753606587411
6.94973066554e-05
1.16998936793e-27
9.1612632859e-10
8.05744046155e-10
4.41897264625e-07
2.63972224974e-08
1.49256785019e-20
6.3693198256e-07
1.24669804362e-07
5.82824683256e-18
0.0019411855398
3.33034926994e-08
2.21733703809e-06
0.000656928774605
3.80508985455e-09
1.37154933923e-13
1.54205033222e-08
2.6039679807e-15
0.00173780156361
5.51386201182e-05
7.45088842189e-20
1.48813436299e-22
0.00038780012078
1.55027611938e-12
4.8566440102e-11
6.95540120206e-09
6.52713825516e-09
3.26046165853e-05
2.42040039487e-07
1.43581672833e-08
1.64616221162e-05
1.01053028896e-13
1.77319276883e-06
1.75032002565e-09
1.14748583171e-05
9.79148383494e-06
5.59212791539e-10
4.98850275645e-06
9.59378249443e-05
1.38989684054e-09
1.04130208702e-10
1.24168090048e-16
3.024876159e-06
0.000791993852203
6.22174692479e-10
1.40456110192e-08
4.4608975653e-07
3.19315148706e-14
2.95835200042e-11
6.60134216746e-15
1.74444319398e-06
5.74953346302e-05
4.22343387759e-05
2.98191577399e-05
4.42651343358e-14
6.69379254618e-11
0.000554906551922
5.0223688107e-06
4.2205885752e-14
7.61262158972e-05
1.56453948177e-05
2.62244136895e-15
3.56904441426e-05
3.63627172747e-07
4.54411312265e-10
1.41010439392e-06
2.42544564696e-15
8.78207880854e-05
3.65845635395e-10
1.22662668565e-10
1.23618379614e-30
0.00121097451401
3.535999301e-17
1.00271163208e-13
1.22213877331e-05
6.74341751869e-10
0.000355794015133
0.00122157295479
6.81417749677e-12
8.25584821089e-14
4.98354655988e-13
4.33336202522e-08
1.02083482379e-17
2.42188836571e-09
7.44943990864e-05
2.30244422517e-05
1.56582528407e-10
7.97895194838e-11
1.79483773303e-09
0.000727712112417
4.2344665772e-25
1.64979908157e-06
2.97727770624e-06
2.46719007925e-07
0.000228359013781
2.1078943115e-06
8.55829738869e-40
8.52768982717e-06
4.04154186589e-06
2.16156413468e-06
0.000526703006985
4.88675485171e-12
7.53433141012e-15
4.40996316541e-05
1.51677528605e-06
2.42800799043e-12
1.31248193064e-06
0.0025409241357
5.74290913946e-07
3.88767989009e-06
3.26384723062e-21
8.46531832493e-28
8.97910563777e-07
4.12435566866e-10
9.15555260317e-13
2.60210610033e-07
1.7580583635e-28
5.12937193636e-08
3.91879775356e-05
1.71472792883e-06
5.03000957557e-05
4.14621067767e-22
2.09246985006e-05
4.487670856e-07
5.76527589324e-05
1.6945765744e-18
3.44844236862e-07
2.1272220478e-09
1.01209957087e-05
3.07747840449e-15
5.50749813434e-11
1.5224334156e-09
3.88814805258e-09
7.11058323467e-05
1.76584914887e-05
1.69378135455e-18
2.09453776853e-12
0.00023984104695
4.60611434318e-10
0.00582323787857
3.44937470544e-05
1.50983652661e-05
0.00182397354473
5.92358222221e-08
2.58011852293e-10
2.7323185032e-05
1.6804499098e-06
1.68619730245e-06
1.38946621728e-06
1.10352539668e-07
2.90683541749e-17
6.63294034866e-09
7.9049080976e-18
0.00174983459489
1.35079203816e-06
9.22194737569e-05
0.000804081134923
0.000311239122851
2.66826941858e-05
1.75708241532e-07
5.939561383e-18
2.26076913161e-05
0.000229483234365
5.48718870523e-15
1.68223272469e-08
9.12096246178e-09
0.00396145117934
0.000347821970075
1.3739234511e-05
7.88613488011e-14
4.75653835662e-47
2.41832531699e-09
1.19943121598e-08
7.06254032806e-05
2.82746699445e-10
2.0961055312e-05
2.43772257325e-24
0.000256911229057
0.000369530714646
1.67128429219e-14
3.08647137574e-50
6.19248729218e-06
1.89101319806e-08
3.71136772973e-06
5.63570799304e-09
1.52302117571e-05
1.68455710855e-07
1.36181379766e-05
9.71573529616e-15
1.16202715496e-09
6.75120803638e-07
7.59837870552e-18
2.07230909059e-18
2.90226608084e-14
7.34402985438e-09
4.73406231618e-16
0.000509482020422
1.11095884752e-06
0.000514546397779
9.58518134384e-07
5.18766266093e-06
1.50363926322e-06
8.15427866069e-12
3.15424641552e-11
0.000528929189137
2.26048029288e-11
1.07171030085e-06
2.09318645607e-07
1.42792807896e-14
6.14014026962e-07
4.62180016176e-08
5.46609225026e-14
2.39255577404e-07
1.32392539587e-07
0.000392542250596
3.51376777806e-17
2.1522834398e-09
2.15621203215e-07
0.00609133973138
1.55273655638e-18
3.98664068664e-08
2.35440023684e-08
4.24038288249e-18
7.2771241384e-14
4.28093179449e-05
8.67302902349e-14
2.40620421842e-05
2.02492617968e-08
9.63256583141e-06
7.79024447916e-16
6.16726534922e-10
3.79842121591e-11
0.000419707898178
8.40698635164e-07
7.40120306328e-06
3.9265485973e-25
4.270354767e-11
0.000491300851147
0.000387532544251
1.62904130985e-06
2.61025242592e-12
7.84190868062e-05
9.5410941937e-06
9.91396720251e-08
6.55943800186e-28
0.00031659198044
2.66140527253e-13
6.5096433123e-08
4.56790903656e-05
0.000138387103396
2.04197162174e-12
1.88029549228e-09
8.56905540351e-10
4.86714952592e-09
4.57072638222e-26
1.1900789833e-05
9.94382224189e-10
1.71598751553e-06
4.73469851929e-08
9.06931414783e-11
6.12414099507e-07
7.16862765518e-23
1.22268889619e-05
7.5415530361e-15
2.88526064862e-17
7.63664318906e-14
1.03581941949e-12
6.16473069211e-06
4.29879893752e-14
2.90534184508e-05
5.06185738131e-05
7.08290474512e-08
9.36452765504e-16
4.63764113129e-17
2.5026710061e-19
2.25580006431e-10
2.3508569517e-10
0.0010430386102
1.13556452463e-20
1.75926208171e-14
0.00392486701752
0.00203100990616
0.000182425629519
4.50398504709e-25
1.77639978646e-05
4.00367463735e-11
0.000184896649469
2.18883567268e-19
2.40666372115e-05
9.69488564952e-07
7.53642805049e-11
3.54070700418e-10
2.26834283897e-07
5.2377256837e-10
1.33755450922e-11
0.00129990576375
1.52428381336e-22
1.82475225532e-08
7.24739778306e-11
7.4195117648e-09
5.47815933491e-05
1.19798324404e-07
3.17200859217e-16
1.7549978315e-05
1.46843136001e-08
1.09222450552e-19
4.90459491353e-06
5.31318409544e-13
1.21029959532e-09
1.04951354715e-13
1.3804203411e-15
2.54674101548e-09
4.68150566583e-05
0.000119765120815
9.22978635733e-09
4.68943199487e-38
0.00106617777189
2.56912276892e-06
8.69932616556e-10
8.63327586237e-13
2.31108552671e-11
0.00140529248352
4.37229863082e-06
4.95598989619e-05
3.45318278666e-16
8.0759411041e-05
0.000401139833439
3.75008501784e-06
1.08314783715e-14
9.73427260497e-12
1.18708620213e-08
1.20646940675e-21
5.99695584878e-05
4.10941207165e-05
1.46274568312e-36
6.08011549509e-06
2.53673943912e-12
1.46873662029e-05
6.90928551404e-05
1.79889646535e-05
4.07619901932e-05
0.000153619316192
0.000546558512741
7.26044315961e-06
4.52650240882e-10
0.00165957510188
4.06716891796e-18
4.97252737524e-18
5.16815948634e-26
4.81144112302e-05
3.27658785e-27
1.55575264808e-06
3.88619237959e-05
0.00569135622425
1.81553021452e-10
4.62864945707e-11
0.000531439594906
6.70804714776e-08
3.5255370066e-09
1.8729142817e-08
1.26404584775e-10
2.89204791034e-05
9.0082174319e-14
1.43038903199e-12
5.90723794499e-33
1.10792143993e-14
1.98364209475e-08
2.25048423596e-11
0.000184927029233
3.1174729763e-21
1.06356586061e-09
2.40696692114e-06
1.06062641505e-07
2.21226620897e-08
7.75717841682e-08
5.84126291542e-05
6.1681367031e-05
2.73786429563e-10
2.10058735454e-08
0.000309719231393
3.84962318633e-05
0.000322098306317
7.90212376075e-08
1.09797228214e-10
5.56761667334e-13
4.1703121556e-06
8.02299239218e-08
3.80673585241e-23
2.54396738192e-21
7.7588806965e-15
1.5962858937e-14
0.000102541189081
4.54099746684e-07
6.53109209169e-07
4.14945181101e-08
3.60451174572e-29
0.000350011457489
0.000142272601111
2.99540089217e-05
4.12489116626e-09
6.82392438881e-05
