I: (state)
	(3) 0.271572961667
	(24) 0.307097937122
	(29) 0.13674934496
	(51) 0.109886719205
	(53) 0.174693037046
F: (state)
	(1) 0.35387729914
	(12) 0.410352931519
	(17) 0.26596481197
	(18) 0.738421197682
	(20) 0.0450019820367
	(21) 0.0148679696639
	(22) 0.809899455672
	(23) 0.118235175735
	(28) 0.74355989466
	(32) 0.418774840886
	(33) 0.201872350022
	(35) 0.0529326094314
	(38) 0.642555760044
	(39) 0.186123923967
	(42) 0.585600550382
	(46) 0.0714535191159
	(50) 0.712459233124
	(53) 0.759107912665
	(55) 0.0250608906749
	(62) 0.175191740075
S: (state,symbol) 
	(0,0) 0.0333881720053
	(0,3) 0.19654391826
	(0,4) 0.660448085772
	(0,6) 0.0211728021516
	(0,7) 0.0884470218112
	(1,2) 0.378496621601
	(1,7) 0.621503378399
	(2,3) 0.603747998068
	(2,5) 0.0791314723843
	(2,6) 0.317120529548
	(3,0) 0.129240356369
	(3,1) 0.0752701466069
	(3,4) 0.643624332761
	(3,7) 0.151865164263
	(4,2) 1.0
	(5,7) 1.0
	(6,1) 0.194186850813
	(6,5) 0.17883913206
	(6,6) 0.26622572091
	(6,7) 0.360748296216
	(7,0) 0.531266939544
	(7,3) 0.408455054244
	(7,5) 0.0602780062125
	(8,0) 0.307501192665
	(8,6) 0.288684880932
	(8,7) 0.403813926403
	(9,0) 0.0539932623658
	(9,2) 0.329822944851
	(9,3) 0.208442228393
	(9,4) 0.306973787889
	(9,5) 0.1007677765
	(10,0) 0.349443357023
	(10,2) 0.0393224877852
	(10,3) 0.075866894327
	(10,4) 0.404977220563
	(10,7) 0.130390040301
	(11,0) 0.16274839695
	(11,2) 0.383484177076
	(11,6) 0.453767425974
	(12,0) 0.749895412996
	(12,4) 0.161104440788
	(12,6) 0.0890001462154
	(13,0) 0.211331158209
	(13,1) 0.152541614252
	(13,5) 0.636127227539
	(14,0) 0.763108710287
	(14,7) 0.236891289713
	(15,1) 0.987239135742
	(15,3) 0.0127608642576
	(16,6) 1.0
	(17,4) 0.606465535563
	(17,6) 0.393534464437
	(18,3) 1.0
	(19,1) 0.0508142042347
	(19,2) 0.395381023181
	(19,3) 0.1252052178
	(19,4) 0.143720901482
	(19,7) 0.284878653303
	(20,1) 0.863571521663
	(20,4) 0.136428478337
	(21,0) 0.103615596518
	(21,1) 0.0354504955293
	(21,3) 0.361559158652
	(21,4) 0.0645146781095
	(21,5) 0.235797052367
	(21,6) 0.00924655365246
	(21,7) 0.189816465172
	(22,3) 1.0
	(23,0) 0.185676771283
	(23,1) 0.387840677645
	(23,3) 0.0195723129243
	(23,4) 0.0877074374588
	(23,7) 0.319202800689
	(24,0) 0.383911211365
	(24,1) 0.616088788635
	(25,7) 1.0
	(26,3) 0.972147519898
	(26,6) 0.0278524801024
	(27,0) 0.128729643651
	(27,1) 0.44607520964
	(27,6) 0.399866244517
	(27,7) 0.0253289021927
	(28,7) 1.0
	(29,0) 0.473586436275
	(29,4) 0.0829680735974
	(29,5) 0.443445490127
	(30,4) 0.815720818894
	(30,5) 0.184279181106
	(31,2) 0.110484998421
	(31,3) 0.668002952191
	(31,4) 0.221512049388
	(32,6) 1.0
	(33,1) 0.260206282788
	(33,4) 0.105962916767
	(33,6) 0.125687603214
	(33,7) 0.508143197232
	(34,4) 1.0
	(35,1) 1.0
	(36,5) 0.446567280405
	(36,6) 0.553432719595
	(37,0) 0.103049713914
	(37,3) 0.163794657431
	(37,4) 0.134785934351
	(37,5) 0.329884475115
	(37,7) 0.26848521919
	(38,2) 0.668978713281
	(38,4) 0.240174790676
	(38,7) 0.0908464960433
	(39,0) 0.108796734826
	(39,5) 0.415344030093
	(39,7) 0.475859235081
	(40,4) 1.0
	(41,6) 0.284938846339
	(41,7) 0.715061153661
	(42,1) 1.0
	(43,0) 0.238697763759
	(43,1) 0.0470269609071
	(43,7) 0.714275275334
	(44,0) 0.0858781335415
	(44,1) 0.179631373663
	(44,6) 0.734490492795
	(45,2) 0.757751085849
	(45,5) 0.242248914151
	(46,1) 0.705046743884
	(46,7) 0.294953256116
	(47,0) 0.076844382818
	(47,2) 0.387499116747
	(47,5) 0.535656500435
	(48,5) 0.742337627464
	(48,7) 0.257662372536
	(49,1) 0.200998920795
	(49,3) 0.735745727387
	(49,5) 0.0632553518179
	(50,7) 1.0
	(51,2) 0.176077683819
	(51,5) 0.823922316181
	(52,6) 1.0
	(53,0) 0.845938215128
	(53,6) 0.154061784872
	(54,0) 0.0715680480307
	(54,4) 0.928431951969
	(55,0) 0.241234570093
	(55,3) 0.0798819866368
	(55,5) 0.67888344327
	(56,3) 0.400247542784
	(56,4) 0.170790781115
	(56,7) 0.428961676102
	(57,4) 0.659572726294
	(57,6) 0.340427273706
	(58,0) 0.970403841914
	(58,6) 0.0295961580862
	(59,0) 0.410165462061
	(59,3) 0.589834537939
	(60,0) 0.237333833546
	(60,1) 0.0742613934173
	(60,2) 0.0438487373089
	(60,3) 0.0935484221259
	(60,4) 0.0948260447814
	(60,6) 0.164690678685
	(60,7) 0.291490890136
	(61,4) 1.0
	(62,2) 0.18957281014
	(62,3) 0.00567973520277
	(62,4) 0.199934204719
	(62,6) 0.604813249938
T: (state,symbol,state) 
	(0,0,15) 0.172614788664
	(0,0,17) 0.0559172826743
	(0,0,19) 0.275953312445
	(0,0,41) 0.217580535925
	(0,0,50) 0.163442890398
	(0,0,57) 0.114491189894
	(0,1,15) 0.172614788664
	(0,1,17) 0.0559172826743
	(0,1,19) 0.275953312445
	(0,1,41) 0.217580535925
	(0,1,50) 0.163442890398
	(0,1,57) 0.114491189894
	(0,2,15) 0.172614788664
	(0,2,17) 0.0559172826743
	(0,2,19) 0.275953312445
	(0,2,41) 0.217580535925
	(0,2,50) 0.163442890398
	(0,2,57) 0.114491189894
	(0,3,15) 0.172614788664
	(0,3,17) 0.0559172826743
	(0,3,19) 0.275953312445
	(0,3,41) 0.217580535925
	(0,3,50) 0.163442890398
	(0,3,57) 0.114491189894
	(0,4,15) 0.172614788664
	(0,4,17) 0.0559172826743
	(0,4,19) 0.275953312445
	(0,4,41) 0.217580535925
	(0,4,50) 0.163442890398
	(0,4,57) 0.114491189894
	(0,5,15) 0.172614788664
	(0,5,17) 0.0559172826743
	(0,5,19) 0.275953312445
	(0,5,41) 0.217580535925
	(0,5,50) 0.163442890398
	(0,5,57) 0.114491189894
	(0,6,15) 0.172614788664
	(0,6,17) 0.0559172826743
	(0,6,19) 0.275953312445
	(0,6,41) 0.217580535925
	(0,6,50) 0.163442890398
	(0,6,57) 0.114491189894
	(0,7,15) 0.172614788664
	(0,7,17) 0.0559172826743
	(0,7,19) 0.275953312445
	(0,7,41) 0.217580535925
	(0,7,50) 0.163442890398
	(0,7,57) 0.114491189894
	(1,0,30) 0.305700075593
	(1,0,49) 0.0244152970296
	(1,0,50) 0.353930830166
	(1,0,55) 0.315953797211
	(1,1,30) 0.305700075593
	(1,1,49) 0.0244152970296
	(1,1,50) 0.353930830166
	(1,1,55) 0.315953797211
	(1,2,30) 0.305700075593
	(1,2,49) 0.0244152970296
	(1,2,50) 0.353930830166
	(1,2,55) 0.315953797211
	(1,3,30) 0.305700075593
	(1,3,49) 0.0244152970296
	(1,3,50) 0.353930830166
	(1,3,55) 0.315953797211
	(1,4,30) 0.305700075593
	(1,4,49) 0.0244152970296
	(1,4,50) 0.353930830166
	(1,4,55) 0.315953797211
	(1,5,30) 0.305700075593
	(1,5,49) 0.0244152970296
	(1,5,50) 0.353930830166
	(1,5,55) 0.315953797211
	(1,6,30) 0.305700075593
	(1,6,49) 0.0244152970296
	(1,6,50) 0.353930830166
	(1,6,55) 0.315953797211
	(1,7,30) 0.305700075593
	(1,7,49) 0.0244152970296
	(1,7,50) 0.353930830166
	(1,7,55) 0.315953797211
	(2,0,12) 0.220304463607
	(2,0,40) 0.565515384096
	(2,0,50) 0.083530027306
	(2,0,57) 0.130650124991
	(2,1,12) 0.220304463607
	(2,1,40) 0.565515384096
	(2,1,50) 0.083530027306
	(2,1,57) 0.130650124991
	(2,2,12) 0.220304463607
	(2,2,40) 0.565515384096
	(2,2,50) 0.083530027306
	(2,2,57) 0.130650124991
	(2,3,12) 0.220304463607
	(2,3,40) 0.565515384096
	(2,3,50) 0.083530027306
	(2,3,57) 0.130650124991
	(2,4,12) 0.220304463607
	(2,4,40) 0.565515384096
	(2,4,50) 0.083530027306
	(2,4,57) 0.130650124991
	(2,5,12) 0.220304463607
	(2,5,40) 0.565515384096
	(2,5,50) 0.083530027306
	(2,5,57) 0.130650124991
	(2,6,12) 0.220304463607
	(2,6,40) 0.565515384096
	(2,6,50) 0.083530027306
	(2,6,57) 0.130650124991
	(2,7,12) 0.220304463607
	(2,7,40) 0.565515384096
	(2,7,50) 0.083530027306
	(2,7,57) 0.130650124991
	(3,0,4) 0.25621969371
	(3,0,5) 0.0391019886343
	(3,0,7) 0.0840787488271
	(3,0,8) 0.0182353488641
	(3,0,16) 0.357108418675
	(3,0,20) 0.0977589796642
	(3,0,46) 0.00277342083196
	(3,0,57) 0.144723400793
	(3,1,4) 0.25621969371
	(3,1,5) 0.0391019886343
	(3,1,7) 0.0840787488271
	(3,1,8) 0.0182353488641
	(3,1,16) 0.357108418675
	(3,1,20) 0.0977589796642
	(3,1,46) 0.00277342083196
	(3,1,57) 0.144723400793
	(3,2,4) 0.25621969371
	(3,2,5) 0.0391019886343
	(3,2,7) 0.0840787488271
	(3,2,8) 0.0182353488641
	(3,2,16) 0.357108418675
	(3,2,20) 0.0977589796642
	(3,2,46) 0.00277342083196
	(3,2,57) 0.144723400793
	(3,3,4) 0.25621969371
	(3,3,5) 0.0391019886343
	(3,3,7) 0.0840787488271
	(3,3,8) 0.0182353488641
	(3,3,16) 0.357108418675
	(3,3,20) 0.0977589796642
	(3,3,46) 0.00277342083196
	(3,3,57) 0.144723400793
	(3,4,4) 0.25621969371
	(3,4,5) 0.0391019886343
	(3,4,7) 0.0840787488271
	(3,4,8) 0.0182353488641
	(3,4,16) 0.357108418675
	(3,4,20) 0.0977589796642
	(3,4,46) 0.00277342083196
	(3,4,57) 0.144723400793
	(3,5,4) 0.25621969371
	(3,5,5) 0.0391019886343
	(3,5,7) 0.0840787488271
	(3,5,8) 0.0182353488641
	(3,5,16) 0.357108418675
	(3,5,20) 0.0977589796642
	(3,5,46) 0.00277342083196
	(3,5,57) 0.144723400793
	(3,6,4) 0.25621969371
	(3,6,5) 0.0391019886343
	(3,6,7) 0.0840787488271
	(3,6,8) 0.0182353488641
	(3,6,16) 0.357108418675
	(3,6,20) 0.0977589796642
	(3,6,46) 0.00277342083196
	(3,6,57) 0.144723400793
	(3,7,4) 0.25621969371
	(3,7,5) 0.0391019886343
	(3,7,7) 0.0840787488271
	(3,7,8) 0.0182353488641
	(3,7,16) 0.357108418675
	(3,7,20) 0.0977589796642
	(3,7,46) 0.00277342083196
	(3,7,57) 0.144723400793
	(4,0,1) 0.0420294578622
	(4,0,23) 0.272906072235
	(4,0,30) 0.094913265263
	(4,0,40) 0.102171454244
	(4,0,45) 0.138493330962
	(4,0,46) 0.0380573176137
	(4,0,52) 0.183706732948
	(4,0,57) 0.127722368872
	(4,1,1) 0.0420294578622
	(4,1,23) 0.272906072235
	(4,1,30) 0.094913265263
	(4,1,40) 0.102171454244
	(4,1,45) 0.138493330962
	(4,1,46) 0.0380573176137
	(4,1,52) 0.183706732948
	(4,1,57) 0.127722368872
	(4,2,1) 0.0420294578622
	(4,2,23) 0.272906072235
	(4,2,30) 0.094913265263
	(4,2,40) 0.102171454244
	(4,2,45) 0.138493330962
	(4,2,46) 0.0380573176137
	(4,2,52) 0.183706732948
	(4,2,57) 0.127722368872
	(4,3,1) 0.0420294578622
	(4,3,23) 0.272906072235
	(4,3,30) 0.094913265263
	(4,3,40) 0.102171454244
	(4,3,45) 0.138493330962
	(4,3,46) 0.0380573176137
	(4,3,52) 0.183706732948
	(4,3,57) 0.127722368872
	(4,4,1) 0.0420294578622
	(4,4,23) 0.272906072235
	(4,4,30) 0.094913265263
	(4,4,40) 0.102171454244
	(4,4,45) 0.138493330962
	(4,4,46) 0.0380573176137
	(4,4,52) 0.183706732948
	(4,4,57) 0.127722368872
	(4,5,1) 0.0420294578622
	(4,5,23) 0.272906072235
	(4,5,30) 0.094913265263
	(4,5,40) 0.102171454244
	(4,5,45) 0.138493330962
	(4,5,46) 0.0380573176137
	(4,5,52) 0.183706732948
	(4,5,57) 0.127722368872
	(4,6,1) 0.0420294578622
	(4,6,23) 0.272906072235
	(4,6,30) 0.094913265263
	(4,6,40) 0.102171454244
	(4,6,45) 0.138493330962
	(4,6,46) 0.0380573176137
	(4,6,52) 0.183706732948
	(4,6,57) 0.127722368872
	(4,7,1) 0.0420294578622
	(4,7,23) 0.272906072235
	(4,7,30) 0.094913265263
	(4,7,40) 0.102171454244
	(4,7,45) 0.138493330962
	(4,7,46) 0.0380573176137
	(4,7,52) 0.183706732948
	(4,7,57) 0.127722368872
	(5,0,5) 0.553704365424
	(5,0,46) 0.365335545296
	(5,0,47) 0.0809600892804
	(5,1,5) 0.553704365424
	(5,1,46) 0.365335545296
	(5,1,47) 0.0809600892804
	(5,2,5) 0.553704365424
	(5,2,46) 0.365335545296
	(5,2,47) 0.0809600892804
	(5,3,5) 0.553704365424
	(5,3,46) 0.365335545296
	(5,3,47) 0.0809600892804
	(5,4,5) 0.553704365424
	(5,4,46) 0.365335545296
	(5,4,47) 0.0809600892804
	(5,5,5) 0.553704365424
	(5,5,46) 0.365335545296
	(5,5,47) 0.0809600892804
	(5,6,5) 0.553704365424
	(5,6,46) 0.365335545296
	(5,6,47) 0.0809600892804
	(5,7,5) 0.553704365424
	(5,7,46) 0.365335545296
	(5,7,47) 0.0809600892804
	(6,0,21) 1.0
	(6,1,21) 1.0
	(6,2,21) 1.0
	(6,3,21) 1.0
	(6,4,21) 1.0
	(6,5,21) 1.0
	(6,6,21) 1.0
	(6,7,21) 1.0
	(7,0,50) 1.0
	(7,1,50) 1.0
	(7,2,50) 1.0
	(7,3,50) 1.0
	(7,4,50) 1.0
	(7,5,50) 1.0
	(7,6,50) 1.0
	(7,7,50) 1.0
	(8,0,2) 0.425422113131
	(8,0,41) 0.0379243451995
	(8,0,49) 0.228611827732
	(8,0,54) 0.0103512341871
	(8,0,57) 0.29769047975
	(8,1,2) 0.425422113131
	(8,1,41) 0.0379243451995
	(8,1,49) 0.228611827732
	(8,1,54) 0.0103512341871
	(8,1,57) 0.29769047975
	(8,2,2) 0.425422113131
	(8,2,41) 0.0379243451995
	(8,2,49) 0.228611827732
	(8,2,54) 0.0103512341871
	(8,2,57) 0.29769047975
	(8,3,2) 0.425422113131
	(8,3,41) 0.0379243451995
	(8,3,49) 0.228611827732
	(8,3,54) 0.0103512341871
	(8,3,57) 0.29769047975
	(8,4,2) 0.425422113131
	(8,4,41) 0.0379243451995
	(8,4,49) 0.228611827732
	(8,4,54) 0.0103512341871
	(8,4,57) 0.29769047975
	(8,5,2) 0.425422113131
	(8,5,41) 0.0379243451995
	(8,5,49) 0.228611827732
	(8,5,54) 0.0103512341871
	(8,5,57) 0.29769047975
	(8,6,2) 0.425422113131
	(8,6,41) 0.0379243451995
	(8,6,49) 0.228611827732
	(8,6,54) 0.0103512341871
	(8,6,57) 0.29769047975
	(8,7,2) 0.425422113131
	(8,7,41) 0.0379243451995
	(8,7,49) 0.228611827732
	(8,7,54) 0.0103512341871
	(8,7,57) 0.29769047975
	(9,0,6) 0.155193609237
	(9,0,16) 0.0310228704662
	(9,0,35) 0.130964631284
	(9,0,36) 0.474702692519
	(9,0,44) 0.175113543799
	(9,0,57) 0.0330026526957
	(9,1,6) 0.155193609237
	(9,1,16) 0.0310228704662
	(9,1,35) 0.130964631284
	(9,1,36) 0.474702692519
	(9,1,44) 0.175113543799
	(9,1,57) 0.0330026526957
	(9,2,6) 0.155193609237
	(9,2,16) 0.0310228704662
	(9,2,35) 0.130964631284
	(9,2,36) 0.474702692519
	(9,2,44) 0.175113543799
	(9,2,57) 0.0330026526957
	(9,3,6) 0.155193609237
	(9,3,16) 0.0310228704662
	(9,3,35) 0.130964631284
	(9,3,36) 0.474702692519
	(9,3,44) 0.175113543799
	(9,3,57) 0.0330026526957
	(9,4,6) 0.155193609237
	(9,4,16) 0.0310228704662
	(9,4,35) 0.130964631284
	(9,4,36) 0.474702692519
	(9,4,44) 0.175113543799
	(9,4,57) 0.0330026526957
	(9,5,6) 0.155193609237
	(9,5,16) 0.0310228704662
	(9,5,35) 0.130964631284
	(9,5,36) 0.474702692519
	(9,5,44) 0.175113543799
	(9,5,57) 0.0330026526957
	(9,6,6) 0.155193609237
	(9,6,16) 0.0310228704662
	(9,6,35) 0.130964631284
	(9,6,36) 0.474702692519
	(9,6,44) 0.175113543799
	(9,6,57) 0.0330026526957
	(9,7,6) 0.155193609237
	(9,7,16) 0.0310228704662
	(9,7,35) 0.130964631284
	(9,7,36) 0.474702692519
	(9,7,44) 0.175113543799
	(9,7,57) 0.0330026526957
	(10,0,0) 0.142187703186
	(10,0,12) 0.0688003206356
	(10,0,19) 0.0169147793425
	(10,0,25) 0.256827835476
	(10,0,36) 0.0327066019904
	(10,0,42) 0.0388886819573
	(10,0,54) 0.324319182405
	(10,0,59) 0.119354895007
	(10,1,0) 0.142187703186
	(10,1,12) 0.0688003206356
	(10,1,19) 0.0169147793425
	(10,1,25) 0.256827835476
	(10,1,36) 0.0327066019904
	(10,1,42) 0.0388886819573
	(10,1,54) 0.324319182405
	(10,1,59) 0.119354895007
	(10,2,0) 0.142187703186
	(10,2,12) 0.0688003206356
	(10,2,19) 0.0169147793425
	(10,2,25) 0.256827835476
	(10,2,36) 0.0327066019904
	(10,2,42) 0.0388886819573
	(10,2,54) 0.324319182405
	(10,2,59) 0.119354895007
	(10,3,0) 0.142187703186
	(10,3,12) 0.0688003206356
	(10,3,19) 0.0169147793425
	(10,3,25) 0.256827835476
	(10,3,36) 0.0327066019904
	(10,3,42) 0.0388886819573
	(10,3,54) 0.324319182405
	(10,3,59) 0.119354895007
	(10,4,0) 0.142187703186
	(10,4,12) 0.0688003206356
	(10,4,19) 0.0169147793425
	(10,4,25) 0.256827835476
	(10,4,36) 0.0327066019904
	(10,4,42) 0.0388886819573
	(10,4,54) 0.324319182405
	(10,4,59) 0.119354895007
	(10,5,0) 0.142187703186
	(10,5,12) 0.0688003206356
	(10,5,19) 0.0169147793425
	(10,5,25) 0.256827835476
	(10,5,36) 0.0327066019904
	(10,5,42) 0.0388886819573
	(10,5,54) 0.324319182405
	(10,5,59) 0.119354895007
	(10,6,0) 0.142187703186
	(10,6,12) 0.0688003206356
	(10,6,19) 0.0169147793425
	(10,6,25) 0.256827835476
	(10,6,36) 0.0327066019904
	(10,6,42) 0.0388886819573
	(10,6,54) 0.324319182405
	(10,6,59) 0.119354895007
	(10,7,0) 0.142187703186
	(10,7,12) 0.0688003206356
	(10,7,19) 0.0169147793425
	(10,7,25) 0.256827835476
	(10,7,36) 0.0327066019904
	(10,7,42) 0.0388886819573
	(10,7,54) 0.324319182405
	(10,7,59) 0.119354895007
	(11,0,2) 0.318523936638
	(11,0,18) 0.12085851111
	(11,0,32) 0.33595968267
	(11,0,39) 0.0230118868654
	(11,0,52) 0.182765993636
	(11,0,56) 0.0188799890805
	(11,1,2) 0.318523936638
	(11,1,18) 0.12085851111
	(11,1,32) 0.33595968267
	(11,1,39) 0.0230118868654
	(11,1,52) 0.182765993636
	(11,1,56) 0.0188799890805
	(11,2,2) 0.318523936638
	(11,2,18) 0.12085851111
	(11,2,32) 0.33595968267
	(11,2,39) 0.0230118868654
	(11,2,52) 0.182765993636
	(11,2,56) 0.0188799890805
	(11,3,2) 0.318523936638
	(11,3,18) 0.12085851111
	(11,3,32) 0.33595968267
	(11,3,39) 0.0230118868654
	(11,3,52) 0.182765993636
	(11,3,56) 0.0188799890805
	(11,4,2) 0.318523936638
	(11,4,18) 0.12085851111
	(11,4,32) 0.33595968267
	(11,4,39) 0.0230118868654
	(11,4,52) 0.182765993636
	(11,4,56) 0.0188799890805
	(11,5,2) 0.318523936638
	(11,5,18) 0.12085851111
	(11,5,32) 0.33595968267
	(11,5,39) 0.0230118868654
	(11,5,52) 0.182765993636
	(11,5,56) 0.0188799890805
	(11,6,2) 0.318523936638
	(11,6,18) 0.12085851111
	(11,6,32) 0.33595968267
	(11,6,39) 0.0230118868654
	(11,6,52) 0.182765993636
	(11,6,56) 0.0188799890805
	(11,7,2) 0.318523936638
	(11,7,18) 0.12085851111
	(11,7,32) 0.33595968267
	(11,7,39) 0.0230118868654
	(11,7,52) 0.182765993636
	(11,7,56) 0.0188799890805
	(12,0,0) 0.0196322049748
	(12,0,3) 0.419677280789
	(12,0,5) 0.0407722628598
	(12,0,10) 0.211561258779
	(12,0,39) 0.100916782067
	(12,0,46) 0.0268990663667
	(12,0,49) 0.0584626146361
	(12,0,52) 0.0734976999899
	(12,0,55) 0.0485808295372
	(12,1,0) 0.0196322049748
	(12,1,3) 0.419677280789
	(12,1,5) 0.0407722628598
	(12,1,10) 0.211561258779
	(12,1,39) 0.100916782067
	(12,1,46) 0.0268990663667
	(12,1,49) 0.0584626146361
	(12,1,52) 0.0734976999899
	(12,1,55) 0.0485808295372
	(12,2,0) 0.0196322049748
	(12,2,3) 0.419677280789
	(12,2,5) 0.0407722628598
	(12,2,10) 0.211561258779
	(12,2,39) 0.100916782067
	(12,2,46) 0.0268990663667
	(12,2,49) 0.0584626146361
	(12,2,52) 0.0734976999899
	(12,2,55) 0.0485808295372
	(12,3,0) 0.0196322049748
	(12,3,3) 0.419677280789
	(12,3,5) 0.0407722628598
	(12,3,10) 0.211561258779
	(12,3,39) 0.100916782067
	(12,3,46) 0.0268990663667
	(12,3,49) 0.0584626146361
	(12,3,52) 0.0734976999899
	(12,3,55) 0.0485808295372
	(12,4,0) 0.0196322049748
	(12,4,3) 0.419677280789
	(12,4,5) 0.0407722628598
	(12,4,10) 0.211561258779
	(12,4,39) 0.100916782067
	(12,4,46) 0.0268990663667
	(12,4,49) 0.0584626146361
	(12,4,52) 0.0734976999899
	(12,4,55) 0.0485808295372
	(12,5,0) 0.0196322049748
	(12,5,3) 0.419677280789
	(12,5,5) 0.0407722628598
	(12,5,10) 0.211561258779
	(12,5,39) 0.100916782067
	(12,5,46) 0.0268990663667
	(12,5,49) 0.0584626146361
	(12,5,52) 0.0734976999899
	(12,5,55) 0.0485808295372
	(12,6,0) 0.0196322049748
	(12,6,3) 0.419677280789
	(12,6,5) 0.0407722628598
	(12,6,10) 0.211561258779
	(12,6,39) 0.100916782067
	(12,6,46) 0.0268990663667
	(12,6,49) 0.0584626146361
	(12,6,52) 0.0734976999899
	(12,6,55) 0.0485808295372
	(12,7,0) 0.0196322049748
	(12,7,3) 0.419677280789
	(12,7,5) 0.0407722628598
	(12,7,10) 0.211561258779
	(12,7,39) 0.100916782067
	(12,7,46) 0.0268990663667
	(12,7,49) 0.0584626146361
	(12,7,52) 0.0734976999899
	(12,7,55) 0.0485808295372
	(13,0,13) 0.00841271375171
	(13,0,25) 0.132032422269
	(13,0,26) 0.0730481897144
	(13,0,30) 0.0136708690602
	(13,0,32) 0.106854797986
	(13,0,40) 0.0502640822954
	(13,0,43) 0.200975261736
	(13,0,47) 0.0245633111577
	(13,0,49) 0.320292364477
	(13,0,50) 0.0599513485253
	(13,0,61) 0.00993463902659
	(13,1,13) 0.00841271375171
	(13,1,25) 0.132032422269
	(13,1,26) 0.0730481897144
	(13,1,30) 0.0136708690602
	(13,1,32) 0.106854797986
	(13,1,40) 0.0502640822954
	(13,1,43) 0.200975261736
	(13,1,47) 0.0245633111577
	(13,1,49) 0.320292364477
	(13,1,50) 0.0599513485253
	(13,1,61) 0.00993463902659
	(13,2,13) 0.00841271375171
	(13,2,25) 0.132032422269
	(13,2,26) 0.0730481897144
	(13,2,30) 0.0136708690602
	(13,2,32) 0.106854797986
	(13,2,40) 0.0502640822954
	(13,2,43) 0.200975261736
	(13,2,47) 0.0245633111577
	(13,2,49) 0.320292364477
	(13,2,50) 0.0599513485253
	(13,2,61) 0.00993463902659
	(13,3,13) 0.00841271375171
	(13,3,25) 0.132032422269
	(13,3,26) 0.0730481897144
	(13,3,30) 0.0136708690602
	(13,3,32) 0.106854797986
	(13,3,40) 0.0502640822954
	(13,3,43) 0.200975261736
	(13,3,47) 0.0245633111577
	(13,3,49) 0.320292364477
	(13,3,50) 0.0599513485253
	(13,3,61) 0.00993463902659
	(13,4,13) 0.00841271375171
	(13,4,25) 0.132032422269
	(13,4,26) 0.0730481897144
	(13,4,30) 0.0136708690602
	(13,4,32) 0.106854797986
	(13,4,40) 0.0502640822954
	(13,4,43) 0.200975261736
	(13,4,47) 0.0245633111577
	(13,4,49) 0.320292364477
	(13,4,50) 0.0599513485253
	(13,4,61) 0.00993463902659
	(13,5,13) 0.00841271375171
	(13,5,25) 0.132032422269
	(13,5,26) 0.0730481897144
	(13,5,30) 0.0136708690602
	(13,5,32) 0.106854797986
	(13,5,40) 0.0502640822954
	(13,5,43) 0.200975261736
	(13,5,47) 0.0245633111577
	(13,5,49) 0.320292364477
	(13,5,50) 0.0599513485253
	(13,5,61) 0.00993463902659
	(13,6,13) 0.00841271375171
	(13,6,25) 0.132032422269
	(13,6,26) 0.0730481897144
	(13,6,30) 0.0136708690602
	(13,6,32) 0.106854797986
	(13,6,40) 0.0502640822954
	(13,6,43) 0.200975261736
	(13,6,47) 0.0245633111577
	(13,6,49) 0.320292364477
	(13,6,50) 0.0599513485253
	(13,6,61) 0.00993463902659
	(13,7,13) 0.00841271375171
	(13,7,25) 0.132032422269
	(13,7,26) 0.0730481897144
	(13,7,30) 0.0136708690602
	(13,7,32) 0.106854797986
	(13,7,40) 0.0502640822954
	(13,7,43) 0.200975261736
	(13,7,47) 0.0245633111577
	(13,7,49) 0.320292364477
	(13,7,50) 0.0599513485253
	(13,7,61) 0.00993463902659
	(14,0,6) 0.1062204313
	(14,0,13) 0.140784816433
	(14,0,16) 0.0980982898021
	(14,0,22) 0.358608268578
	(14,0,23) 0.0389473363038
	(14,0,39) 0.0133827076547
	(14,0,58) 0.243958149928
	(14,1,6) 0.1062204313
	(14,1,13) 0.140784816433
	(14,1,16) 0.0980982898021
	(14,1,22) 0.358608268578
	(14,1,23) 0.0389473363038
	(14,1,39) 0.0133827076547
	(14,1,58) 0.243958149928
	(14,2,6) 0.1062204313
	(14,2,13) 0.140784816433
	(14,2,16) 0.0980982898021
	(14,2,22) 0.358608268578
	(14,2,23) 0.0389473363038
	(14,2,39) 0.0133827076547
	(14,2,58) 0.243958149928
	(14,3,6) 0.1062204313
	(14,3,13) 0.140784816433
	(14,3,16) 0.0980982898021
	(14,3,22) 0.358608268578
	(14,3,23) 0.0389473363038
	(14,3,39) 0.0133827076547
	(14,3,58) 0.243958149928
	(14,4,6) 0.1062204313
	(14,4,13) 0.140784816433
	(14,4,16) 0.0980982898021
	(14,4,22) 0.358608268578
	(14,4,23) 0.0389473363038
	(14,4,39) 0.0133827076547
	(14,4,58) 0.243958149928
	(14,5,6) 0.1062204313
	(14,5,13) 0.140784816433
	(14,5,16) 0.0980982898021
	(14,5,22) 0.358608268578
	(14,5,23) 0.0389473363038
	(14,5,39) 0.0133827076547
	(14,5,58) 0.243958149928
	(14,6,6) 0.1062204313
	(14,6,13) 0.140784816433
	(14,6,16) 0.0980982898021
	(14,6,22) 0.358608268578
	(14,6,23) 0.0389473363038
	(14,6,39) 0.0133827076547
	(14,6,58) 0.243958149928
	(14,7,6) 0.1062204313
	(14,7,13) 0.140784816433
	(14,7,16) 0.0980982898021
	(14,7,22) 0.358608268578
	(14,7,23) 0.0389473363038
	(14,7,39) 0.0133827076547
	(14,7,58) 0.243958149928
	(15,0,5) 0.248228952316
	(15,0,12) 0.0796979549287
	(15,0,18) 0.131543309542
	(15,0,32) 0.16916245425
	(15,0,35) 0.271228223215
	(15,0,43) 0.100139105748
	(15,1,5) 0.248228952316
	(15,1,12) 0.0796979549287
	(15,1,18) 0.131543309542
	(15,1,32) 0.16916245425
	(15,1,35) 0.271228223215
	(15,1,43) 0.100139105748
	(15,2,5) 0.248228952316
	(15,2,12) 0.0796979549287
	(15,2,18) 0.131543309542
	(15,2,32) 0.16916245425
	(15,2,35) 0.271228223215
	(15,2,43) 0.100139105748
	(15,3,5) 0.248228952316
	(15,3,12) 0.0796979549287
	(15,3,18) 0.131543309542
	(15,3,32) 0.16916245425
	(15,3,35) 0.271228223215
	(15,3,43) 0.100139105748
	(15,4,5) 0.248228952316
	(15,4,12) 0.0796979549287
	(15,4,18) 0.131543309542
	(15,4,32) 0.16916245425
	(15,4,35) 0.271228223215
	(15,4,43) 0.100139105748
	(15,5,5) 0.248228952316
	(15,5,12) 0.0796979549287
	(15,5,18) 0.131543309542
	(15,5,32) 0.16916245425
	(15,5,35) 0.271228223215
	(15,5,43) 0.100139105748
	(15,6,5) 0.248228952316
	(15,6,12) 0.0796979549287
	(15,6,18) 0.131543309542
	(15,6,32) 0.16916245425
	(15,6,35) 0.271228223215
	(15,6,43) 0.100139105748
	(15,7,5) 0.248228952316
	(15,7,12) 0.0796979549287
	(15,7,18) 0.131543309542
	(15,7,32) 0.16916245425
	(15,7,35) 0.271228223215
	(15,7,43) 0.100139105748
	(16,0,1) 0.076738403746
	(16,0,2) 0.13024945101
	(16,0,10) 0.0182594482949
	(16,0,11) 0.101637270675
	(16,0,23) 0.156780184852
	(16,0,29) 0.0274646685796
	(16,0,49) 0.177187246373
	(16,0,55) 0.31168332647
	(16,1,1) 0.076738403746
	(16,1,2) 0.13024945101
	(16,1,10) 0.0182594482949
	(16,1,11) 0.101637270675
	(16,1,23) 0.156780184852
	(16,1,29) 0.0274646685796
	(16,1,49) 0.177187246373
	(16,1,55) 0.31168332647
	(16,2,1) 0.076738403746
	(16,2,2) 0.13024945101
	(16,2,10) 0.0182594482949
	(16,2,11) 0.101637270675
	(16,2,23) 0.156780184852
	(16,2,29) 0.0274646685796
	(16,2,49) 0.177187246373
	(16,2,55) 0.31168332647
	(16,3,1) 0.076738403746
	(16,3,2) 0.13024945101
	(16,3,10) 0.0182594482949
	(16,3,11) 0.101637270675
	(16,3,23) 0.156780184852
	(16,3,29) 0.0274646685796
	(16,3,49) 0.177187246373
	(16,3,55) 0.31168332647
	(16,4,1) 0.076738403746
	(16,4,2) 0.13024945101
	(16,4,10) 0.0182594482949
	(16,4,11) 0.101637270675
	(16,4,23) 0.156780184852
	(16,4,29) 0.0274646685796
	(16,4,49) 0.177187246373
	(16,4,55) 0.31168332647
	(16,5,1) 0.076738403746
	(16,5,2) 0.13024945101
	(16,5,10) 0.0182594482949
	(16,5,11) 0.101637270675
	(16,5,23) 0.156780184852
	(16,5,29) 0.0274646685796
	(16,5,49) 0.177187246373
	(16,5,55) 0.31168332647
	(16,6,1) 0.076738403746
	(16,6,2) 0.13024945101
	(16,6,10) 0.0182594482949
	(16,6,11) 0.101637270675
	(16,6,23) 0.156780184852
	(16,6,29) 0.0274646685796
	(16,6,49) 0.177187246373
	(16,6,55) 0.31168332647
	(16,7,1) 0.076738403746
	(16,7,2) 0.13024945101
	(16,7,10) 0.0182594482949
	(16,7,11) 0.101637270675
	(16,7,23) 0.156780184852
	(16,7,29) 0.0274646685796
	(16,7,49) 0.177187246373
	(16,7,55) 0.31168332647
	(17,0,25) 0.853956103305
	(17,0,30) 0.0305467132988
	(17,0,31) 0.115396961112
	(17,0,58) 0.000100222283724
	(17,1,25) 0.853956103305
	(17,1,30) 0.0305467132988
	(17,1,31) 0.115396961112
	(17,1,58) 0.000100222283724
	(17,2,25) 0.853956103305
	(17,2,30) 0.0305467132988
	(17,2,31) 0.115396961112
	(17,2,58) 0.000100222283724
	(17,3,25) 0.853956103305
	(17,3,30) 0.0305467132988
	(17,3,31) 0.115396961112
	(17,3,58) 0.000100222283724
	(17,4,25) 0.853956103305
	(17,4,30) 0.0305467132988
	(17,4,31) 0.115396961112
	(17,4,58) 0.000100222283724
	(17,5,25) 0.853956103305
	(17,5,30) 0.0305467132988
	(17,5,31) 0.115396961112
	(17,5,58) 0.000100222283724
	(17,6,25) 0.853956103305
	(17,6,30) 0.0305467132988
	(17,6,31) 0.115396961112
	(17,6,58) 0.000100222283724
	(17,7,25) 0.853956103305
	(17,7,30) 0.0305467132988
	(17,7,31) 0.115396961112
	(17,7,58) 0.000100222283724
	(18,0,1) 0.44431697134
	(18,0,3) 0.0109646480975
	(18,0,11) 0.0188708643712
	(18,0,18) 0.0296391921773
	(18,0,20) 0.0727454770875
	(18,0,23) 0.0232127559281
	(18,0,36) 0.0284331173853
	(18,0,52) 0.144766577766
	(18,0,57) 0.0464955609605
	(18,0,61) 0.180554834887
	(18,1,1) 0.44431697134
	(18,1,3) 0.0109646480975
	(18,1,11) 0.0188708643712
	(18,1,18) 0.0296391921773
	(18,1,20) 0.0727454770875
	(18,1,23) 0.0232127559281
	(18,1,36) 0.0284331173853
	(18,1,52) 0.144766577766
	(18,1,57) 0.0464955609605
	(18,1,61) 0.180554834887
	(18,2,1) 0.44431697134
	(18,2,3) 0.0109646480975
	(18,2,11) 0.0188708643712
	(18,2,18) 0.0296391921773
	(18,2,20) 0.0727454770875
	(18,2,23) 0.0232127559281
	(18,2,36) 0.0284331173853
	(18,2,52) 0.144766577766
	(18,2,57) 0.0464955609605
	(18,2,61) 0.180554834887
	(18,3,1) 0.44431697134
	(18,3,3) 0.0109646480975
	(18,3,11) 0.0188708643712
	(18,3,18) 0.0296391921773
	(18,3,20) 0.0727454770875
	(18,3,23) 0.0232127559281
	(18,3,36) 0.0284331173853
	(18,3,52) 0.144766577766
	(18,3,57) 0.0464955609605
	(18,3,61) 0.180554834887
	(18,4,1) 0.44431697134
	(18,4,3) 0.0109646480975
	(18,4,11) 0.0188708643712
	(18,4,18) 0.0296391921773
	(18,4,20) 0.0727454770875
	(18,4,23) 0.0232127559281
	(18,4,36) 0.0284331173853
	(18,4,52) 0.144766577766
	(18,4,57) 0.0464955609605
	(18,4,61) 0.180554834887
	(18,5,1) 0.44431697134
	(18,5,3) 0.0109646480975
	(18,5,11) 0.0188708643712
	(18,5,18) 0.0296391921773
	(18,5,20) 0.0727454770875
	(18,5,23) 0.0232127559281
	(18,5,36) 0.0284331173853
	(18,5,52) 0.144766577766
	(18,5,57) 0.0464955609605
	(18,5,61) 0.180554834887
	(18,6,1) 0.44431697134
	(18,6,3) 0.0109646480975
	(18,6,11) 0.0188708643712
	(18,6,18) 0.0296391921773
	(18,6,20) 0.0727454770875
	(18,6,23) 0.0232127559281
	(18,6,36) 0.0284331173853
	(18,6,52) 0.144766577766
	(18,6,57) 0.0464955609605
	(18,6,61) 0.180554834887
	(18,7,1) 0.44431697134
	(18,7,3) 0.0109646480975
	(18,7,11) 0.0188708643712
	(18,7,18) 0.0296391921773
	(18,7,20) 0.0727454770875
	(18,7,23) 0.0232127559281
	(18,7,36) 0.0284331173853
	(18,7,52) 0.144766577766
	(18,7,57) 0.0464955609605
	(18,7,61) 0.180554834887
	(19,0,0) 0.0345789631438
	(19,0,48) 0.592577333854
	(19,0,51) 0.0433294027796
	(19,0,59) 0.17529766362
	(19,0,61) 0.154216636602
	(19,1,0) 0.0345789631438
	(19,1,48) 0.592577333854
	(19,1,51) 0.0433294027796
	(19,1,59) 0.17529766362
	(19,1,61) 0.154216636602
	(19,2,0) 0.0345789631438
	(19,2,48) 0.592577333854
	(19,2,51) 0.0433294027796
	(19,2,59) 0.17529766362
	(19,2,61) 0.154216636602
	(19,3,0) 0.0345789631438
	(19,3,48) 0.592577333854
	(19,3,51) 0.0433294027796
	(19,3,59) 0.17529766362
	(19,3,61) 0.154216636602
	(19,4,0) 0.0345789631438
	(19,4,48) 0.592577333854
	(19,4,51) 0.0433294027796
	(19,4,59) 0.17529766362
	(19,4,61) 0.154216636602
	(19,5,0) 0.0345789631438
	(19,5,48) 0.592577333854
	(19,5,51) 0.0433294027796
	(19,5,59) 0.17529766362
	(19,5,61) 0.154216636602
	(19,6,0) 0.0345789631438
	(19,6,48) 0.592577333854
	(19,6,51) 0.0433294027796
	(19,6,59) 0.17529766362
	(19,6,61) 0.154216636602
	(19,7,0) 0.0345789631438
	(19,7,48) 0.592577333854
	(19,7,51) 0.0433294027796
	(19,7,59) 0.17529766362
	(19,7,61) 0.154216636602
	(20,0,19) 0.990473603367
	(20,0,31) 0.00952639663265
	(20,1,19) 0.990473603367
	(20,1,31) 0.00952639663265
	(20,2,19) 0.990473603367
	(20,2,31) 0.00952639663265
	(20,3,19) 0.990473603367
	(20,3,31) 0.00952639663265
	(20,4,19) 0.990473603367
	(20,4,31) 0.00952639663265
	(20,5,19) 0.990473603367
	(20,5,31) 0.00952639663265
	(20,6,19) 0.990473603367
	(20,6,31) 0.00952639663265
	(20,7,19) 0.990473603367
	(20,7,31) 0.00952639663265
	(21,0,3) 0.663472401393
	(21,0,9) 0.198368680027
	(21,0,21) 0.0373409756457
	(21,0,36) 0.100817942934
	(21,1,3) 0.663472401393
	(21,1,9) 0.198368680027
	(21,1,21) 0.0373409756457
	(21,1,36) 0.100817942934
	(21,2,3) 0.663472401393
	(21,2,9) 0.198368680027
	(21,2,21) 0.0373409756457
	(21,2,36) 0.100817942934
	(21,3,3) 0.663472401393
	(21,3,9) 0.198368680027
	(21,3,21) 0.0373409756457
	(21,3,36) 0.100817942934
	(21,4,3) 0.663472401393
	(21,4,9) 0.198368680027
	(21,4,21) 0.0373409756457
	(21,4,36) 0.100817942934
	(21,5,3) 0.663472401393
	(21,5,9) 0.198368680027
	(21,5,21) 0.0373409756457
	(21,5,36) 0.100817942934
	(21,6,3) 0.663472401393
	(21,6,9) 0.198368680027
	(21,6,21) 0.0373409756457
	(21,6,36) 0.100817942934
	(21,7,3) 0.663472401393
	(21,7,9) 0.198368680027
	(21,7,21) 0.0373409756457
	(21,7,36) 0.100817942934
	(22,0,11) 0.288547993115
	(22,0,22) 0.319923133143
	(22,0,24) 0.103716987446
	(22,0,53) 0.287811886297
	(22,1,11) 0.288547993115
	(22,1,22) 0.319923133143
	(22,1,24) 0.103716987446
	(22,1,53) 0.287811886297
	(22,2,11) 0.288547993115
	(22,2,22) 0.319923133143
	(22,2,24) 0.103716987446
	(22,2,53) 0.287811886297
	(22,3,11) 0.288547993115
	(22,3,22) 0.319923133143
	(22,3,24) 0.103716987446
	(22,3,53) 0.287811886297
	(22,4,11) 0.288547993115
	(22,4,22) 0.319923133143
	(22,4,24) 0.103716987446
	(22,4,53) 0.287811886297
	(22,5,11) 0.288547993115
	(22,5,22) 0.319923133143
	(22,5,24) 0.103716987446
	(22,5,53) 0.287811886297
	(22,6,11) 0.288547993115
	(22,6,22) 0.319923133143
	(22,6,24) 0.103716987446
	(22,6,53) 0.287811886297
	(22,7,11) 0.288547993115
	(22,7,22) 0.319923133143
	(22,7,24) 0.103716987446
	(22,7,53) 0.287811886297
	(23,0,0) 0.177003207913
	(23,0,3) 0.142890560523
	(23,0,25) 0.257631150679
	(23,0,43) 0.249806978483
	(23,0,55) 0.031257880441
	(23,0,58) 0.0729817183671
	(23,0,60) 0.0684285035935
	(23,1,0) 0.177003207913
	(23,1,3) 0.142890560523
	(23,1,25) 0.257631150679
	(23,1,43) 0.249806978483
	(23,1,55) 0.031257880441
	(23,1,58) 0.0729817183671
	(23,1,60) 0.0684285035935
	(23,2,0) 0.177003207913
	(23,2,3) 0.142890560523
	(23,2,25) 0.257631150679
	(23,2,43) 0.249806978483
	(23,2,55) 0.031257880441
	(23,2,58) 0.0729817183671
	(23,2,60) 0.0684285035935
	(23,3,0) 0.177003207913
	(23,3,3) 0.142890560523
	(23,3,25) 0.257631150679
	(23,3,43) 0.249806978483
	(23,3,55) 0.031257880441
	(23,3,58) 0.0729817183671
	(23,3,60) 0.0684285035935
	(23,4,0) 0.177003207913
	(23,4,3) 0.142890560523
	(23,4,25) 0.257631150679
	(23,4,43) 0.249806978483
	(23,4,55) 0.031257880441
	(23,4,58) 0.0729817183671
	(23,4,60) 0.0684285035935
	(23,5,0) 0.177003207913
	(23,5,3) 0.142890560523
	(23,5,25) 0.257631150679
	(23,5,43) 0.249806978483
	(23,5,55) 0.031257880441
	(23,5,58) 0.0729817183671
	(23,5,60) 0.0684285035935
	(23,6,0) 0.177003207913
	(23,6,3) 0.142890560523
	(23,6,25) 0.257631150679
	(23,6,43) 0.249806978483
	(23,6,55) 0.031257880441
	(23,6,58) 0.0729817183671
	(23,6,60) 0.0684285035935
	(23,7,0) 0.177003207913
	(23,7,3) 0.142890560523
	(23,7,25) 0.257631150679
	(23,7,43) 0.249806978483
	(23,7,55) 0.031257880441
	(23,7,58) 0.0729817183671
	(23,7,60) 0.0684285035935
	(24,0,2) 0.496146925545
	(24,0,31) 0.503853074455
	(24,1,2) 0.496146925545
	(24,1,31) 0.503853074455
	(24,2,2) 0.496146925545
	(24,2,31) 0.503853074455
	(24,3,2) 0.496146925545
	(24,3,31) 0.503853074455
	(24,4,2) 0.496146925545
	(24,4,31) 0.503853074455
	(24,5,2) 0.496146925545
	(24,5,31) 0.503853074455
	(24,6,2) 0.496146925545
	(24,6,31) 0.503853074455
	(24,7,2) 0.496146925545
	(24,7,31) 0.503853074455
	(25,0,4) 0.140806629897
	(25,0,17) 0.0505958768766
	(25,0,24) 0.132259261387
	(25,0,26) 0.0382896173062
	(25,0,29) 0.0368951337018
	(25,0,36) 0.168592291926
	(25,0,51) 0.418894184673
	(25,0,56) 0.0136670042317
	(25,1,4) 0.140806629897
	(25,1,17) 0.0505958768766
	(25,1,24) 0.132259261387
	(25,1,26) 0.0382896173062
	(25,1,29) 0.0368951337018
	(25,1,36) 0.168592291926
	(25,1,51) 0.418894184673
	(25,1,56) 0.0136670042317
	(25,2,4) 0.140806629897
	(25,2,17) 0.0505958768766
	(25,2,24) 0.132259261387
	(25,2,26) 0.0382896173062
	(25,2,29) 0.0368951337018
	(25,2,36) 0.168592291926
	(25,2,51) 0.418894184673
	(25,2,56) 0.0136670042317
	(25,3,4) 0.140806629897
	(25,3,17) 0.0505958768766
	(25,3,24) 0.132259261387
	(25,3,26) 0.0382896173062
	(25,3,29) 0.0368951337018
	(25,3,36) 0.168592291926
	(25,3,51) 0.418894184673
	(25,3,56) 0.0136670042317
	(25,4,4) 0.140806629897
	(25,4,17) 0.0505958768766
	(25,4,24) 0.132259261387
	(25,4,26) 0.0382896173062
	(25,4,29) 0.0368951337018
	(25,4,36) 0.168592291926
	(25,4,51) 0.418894184673
	(25,4,56) 0.0136670042317
	(25,5,4) 0.140806629897
	(25,5,17) 0.0505958768766
	(25,5,24) 0.132259261387
	(25,5,26) 0.0382896173062
	(25,5,29) 0.0368951337018
	(25,5,36) 0.168592291926
	(25,5,51) 0.418894184673
	(25,5,56) 0.0136670042317
	(25,6,4) 0.140806629897
	(25,6,17) 0.0505958768766
	(25,6,24) 0.132259261387
	(25,6,26) 0.0382896173062
	(25,6,29) 0.0368951337018
	(25,6,36) 0.168592291926
	(25,6,51) 0.418894184673
	(25,6,56) 0.0136670042317
	(25,7,4) 0.140806629897
	(25,7,17) 0.0505958768766
	(25,7,24) 0.132259261387
	(25,7,26) 0.0382896173062
	(25,7,29) 0.0368951337018
	(25,7,36) 0.168592291926
	(25,7,51) 0.418894184673
	(25,7,56) 0.0136670042317
	(26,0,0) 0.0736057555301
	(26,0,19) 0.459556783587
	(26,0,26) 0.194095176175
	(26,0,28) 0.0992271964953
	(26,0,46) 0.017827354187
	(26,0,50) 0.0216103956443
	(26,0,51) 0.10772899178
	(26,0,54) 0.0263483466021
	(26,1,0) 0.0736057555301
	(26,1,19) 0.459556783587
	(26,1,26) 0.194095176175
	(26,1,28) 0.0992271964953
	(26,1,46) 0.017827354187
	(26,1,50) 0.0216103956443
	(26,1,51) 0.10772899178
	(26,1,54) 0.0263483466021
	(26,2,0) 0.0736057555301
	(26,2,19) 0.459556783587
	(26,2,26) 0.194095176175
	(26,2,28) 0.0992271964953
	(26,2,46) 0.017827354187
	(26,2,50) 0.0216103956443
	(26,2,51) 0.10772899178
	(26,2,54) 0.0263483466021
	(26,3,0) 0.0736057555301
	(26,3,19) 0.459556783587
	(26,3,26) 0.194095176175
	(26,3,28) 0.0992271964953
	(26,3,46) 0.017827354187
	(26,3,50) 0.0216103956443
	(26,3,51) 0.10772899178
	(26,3,54) 0.0263483466021
	(26,4,0) 0.0736057555301
	(26,4,19) 0.459556783587
	(26,4,26) 0.194095176175
	(26,4,28) 0.0992271964953
	(26,4,46) 0.017827354187
	(26,4,50) 0.0216103956443
	(26,4,51) 0.10772899178
	(26,4,54) 0.0263483466021
	(26,5,0) 0.0736057555301
	(26,5,19) 0.459556783587
	(26,5,26) 0.194095176175
	(26,5,28) 0.0992271964953
	(26,5,46) 0.017827354187
	(26,5,50) 0.0216103956443
	(26,5,51) 0.10772899178
	(26,5,54) 0.0263483466021
	(26,6,0) 0.0736057555301
	(26,6,19) 0.459556783587
	(26,6,26) 0.194095176175
	(26,6,28) 0.0992271964953
	(26,6,46) 0.017827354187
	(26,6,50) 0.0216103956443
	(26,6,51) 0.10772899178
	(26,6,54) 0.0263483466021
	(26,7,0) 0.0736057555301
	(26,7,19) 0.459556783587
	(26,7,26) 0.194095176175
	(26,7,28) 0.0992271964953
	(26,7,46) 0.017827354187
	(26,7,50) 0.0216103956443
	(26,7,51) 0.10772899178
	(26,7,54) 0.0263483466021
	(27,0,1) 0.144892207417
	(27,0,18) 0.300280627757
	(27,0,21) 0.0969688733062
	(27,0,32) 0.079716450917
	(27,0,36) 0.323973045464
	(27,0,43) 0.0541687951393
	(27,1,1) 0.144892207417
	(27,1,18) 0.300280627757
	(27,1,21) 0.0969688733062
	(27,1,32) 0.079716450917
	(27,1,36) 0.323973045464
	(27,1,43) 0.0541687951393
	(27,2,1) 0.144892207417
	(27,2,18) 0.300280627757
	(27,2,21) 0.0969688733062
	(27,2,32) 0.079716450917
	(27,2,36) 0.323973045464
	(27,2,43) 0.0541687951393
	(27,3,1) 0.144892207417
	(27,3,18) 0.300280627757
	(27,3,21) 0.0969688733062
	(27,3,32) 0.079716450917
	(27,3,36) 0.323973045464
	(27,3,43) 0.0541687951393
	(27,4,1) 0.144892207417
	(27,4,18) 0.300280627757
	(27,4,21) 0.0969688733062
	(27,4,32) 0.079716450917
	(27,4,36) 0.323973045464
	(27,4,43) 0.0541687951393
	(27,5,1) 0.144892207417
	(27,5,18) 0.300280627757
	(27,5,21) 0.0969688733062
	(27,5,32) 0.079716450917
	(27,5,36) 0.323973045464
	(27,5,43) 0.0541687951393
	(27,6,1) 0.144892207417
	(27,6,18) 0.300280627757
	(27,6,21) 0.0969688733062
	(27,6,32) 0.079716450917
	(27,6,36) 0.323973045464
	(27,6,43) 0.0541687951393
	(27,7,1) 0.144892207417
	(27,7,18) 0.300280627757
	(27,7,21) 0.0969688733062
	(27,7,32) 0.079716450917
	(27,7,36) 0.323973045464
	(27,7,43) 0.0541687951393
	(28,0,20) 0.0225114537585
	(28,0,27) 0.00359856464
	(28,0,37) 0.40575510102
	(28,0,42) 0.0782317920372
	(28,0,51) 0.0591540592117
	(28,0,59) 0.430749029332
	(28,1,20) 0.0225114537585
	(28,1,27) 0.00359856464
	(28,1,37) 0.40575510102
	(28,1,42) 0.0782317920372
	(28,1,51) 0.0591540592117
	(28,1,59) 0.430749029332
	(28,2,20) 0.0225114537585
	(28,2,27) 0.00359856464
	(28,2,37) 0.40575510102
	(28,2,42) 0.0782317920372
	(28,2,51) 0.0591540592117
	(28,2,59) 0.430749029332
	(28,3,20) 0.0225114537585
	(28,3,27) 0.00359856464
	(28,3,37) 0.40575510102
	(28,3,42) 0.0782317920372
	(28,3,51) 0.0591540592117
	(28,3,59) 0.430749029332
	(28,4,20) 0.0225114537585
	(28,4,27) 0.00359856464
	(28,4,37) 0.40575510102
	(28,4,42) 0.0782317920372
	(28,4,51) 0.0591540592117
	(28,4,59) 0.430749029332
	(28,5,20) 0.0225114537585
	(28,5,27) 0.00359856464
	(28,5,37) 0.40575510102
	(28,5,42) 0.0782317920372
	(28,5,51) 0.0591540592117
	(28,5,59) 0.430749029332
	(28,6,20) 0.0225114537585
	(28,6,27) 0.00359856464
	(28,6,37) 0.40575510102
	(28,6,42) 0.0782317920372
	(28,6,51) 0.0591540592117
	(28,6,59) 0.430749029332
	(28,7,20) 0.0225114537585
	(28,7,27) 0.00359856464
	(28,7,37) 0.40575510102
	(28,7,42) 0.0782317920372
	(28,7,51) 0.0591540592117
	(28,7,59) 0.430749029332
	(29,0,6) 0.655356072109
	(29,0,14) 0.0343209614528
	(29,0,25) 0.0682399159516
	(29,0,34) 0.0402826484057
	(29,0,38) 0.156130242556
	(29,0,61) 0.0456701595249
	(29,1,6) 0.655356072109
	(29,1,14) 0.0343209614528
	(29,1,25) 0.0682399159516
	(29,1,34) 0.0402826484057
	(29,1,38) 0.156130242556
	(29,1,61) 0.0456701595249
	(29,2,6) 0.655356072109
	(29,2,14) 0.0343209614528
	(29,2,25) 0.0682399159516
	(29,2,34) 0.0402826484057
	(29,2,38) 0.156130242556
	(29,2,61) 0.0456701595249
	(29,3,6) 0.655356072109
	(29,3,14) 0.0343209614528
	(29,3,25) 0.0682399159516
	(29,3,34) 0.0402826484057
	(29,3,38) 0.156130242556
	(29,3,61) 0.0456701595249
	(29,4,6) 0.655356072109
	(29,4,14) 0.0343209614528
	(29,4,25) 0.0682399159516
	(29,4,34) 0.0402826484057
	(29,4,38) 0.156130242556
	(29,4,61) 0.0456701595249
	(29,5,6) 0.655356072109
	(29,5,14) 0.0343209614528
	(29,5,25) 0.0682399159516
	(29,5,34) 0.0402826484057
	(29,5,38) 0.156130242556
	(29,5,61) 0.0456701595249
	(29,6,6) 0.655356072109
	(29,6,14) 0.0343209614528
	(29,6,25) 0.0682399159516
	(29,6,34) 0.0402826484057
	(29,6,38) 0.156130242556
	(29,6,61) 0.0456701595249
	(29,7,6) 0.655356072109
	(29,7,14) 0.0343209614528
	(29,7,25) 0.0682399159516
	(29,7,34) 0.0402826484057
	(29,7,38) 0.156130242556
	(29,7,61) 0.0456701595249
	(30,0,0) 0.1239085513
	(30,0,6) 0.151159828545
	(30,0,18) 0.196371923565
	(30,0,26) 0.0247071483286
	(30,0,34) 0.300079510282
	(30,0,41) 0.0742039930616
	(30,0,43) 0.119363137377
	(30,0,58) 0.0102059075413
	(30,1,0) 0.1239085513
	(30,1,6) 0.151159828545
	(30,1,18) 0.196371923565
	(30,1,26) 0.0247071483286
	(30,1,34) 0.300079510282
	(30,1,41) 0.0742039930616
	(30,1,43) 0.119363137377
	(30,1,58) 0.0102059075413
	(30,2,0) 0.1239085513
	(30,2,6) 0.151159828545
	(30,2,18) 0.196371923565
	(30,2,26) 0.0247071483286
	(30,2,34) 0.300079510282
	(30,2,41) 0.0742039930616
	(30,2,43) 0.119363137377
	(30,2,58) 0.0102059075413
	(30,3,0) 0.1239085513
	(30,3,6) 0.151159828545
	(30,3,18) 0.196371923565
	(30,3,26) 0.0247071483286
	(30,3,34) 0.300079510282
	(30,3,41) 0.0742039930616
	(30,3,43) 0.119363137377
	(30,3,58) 0.0102059075413
	(30,4,0) 0.1239085513
	(30,4,6) 0.151159828545
	(30,4,18) 0.196371923565
	(30,4,26) 0.0247071483286
	(30,4,34) 0.300079510282
	(30,4,41) 0.0742039930616
	(30,4,43) 0.119363137377
	(30,4,58) 0.0102059075413
	(30,5,0) 0.1239085513
	(30,5,6) 0.151159828545
	(30,5,18) 0.196371923565
	(30,5,26) 0.0247071483286
	(30,5,34) 0.300079510282
	(30,5,41) 0.0742039930616
	(30,5,43) 0.119363137377
	(30,5,58) 0.0102059075413
	(30,6,0) 0.1239085513
	(30,6,6) 0.151159828545
	(30,6,18) 0.196371923565
	(30,6,26) 0.0247071483286
	(30,6,34) 0.300079510282
	(30,6,41) 0.0742039930616
	(30,6,43) 0.119363137377
	(30,6,58) 0.0102059075413
	(30,7,0) 0.1239085513
	(30,7,6) 0.151159828545
	(30,7,18) 0.196371923565
	(30,7,26) 0.0247071483286
	(30,7,34) 0.300079510282
	(30,7,41) 0.0742039930616
	(30,7,43) 0.119363137377
	(30,7,58) 0.0102059075413
	(31,0,10) 0.0831221108856
	(31,0,15) 0.02430962122
	(31,0,25) 0.0835194654707
	(31,0,30) 0.213128272343
	(31,0,33) 0.113615050132
	(31,0,35) 0.193480841071
	(31,0,53) 0.242482551258
	(31,0,61) 0.0463420876201
	(31,1,10) 0.0831221108856
	(31,1,15) 0.02430962122
	(31,1,25) 0.0835194654707
	(31,1,30) 0.213128272343
	(31,1,33) 0.113615050132
	(31,1,35) 0.193480841071
	(31,1,53) 0.242482551258
	(31,1,61) 0.0463420876201
	(31,2,10) 0.0831221108856
	(31,2,15) 0.02430962122
	(31,2,25) 0.0835194654707
	(31,2,30) 0.213128272343
	(31,2,33) 0.113615050132
	(31,2,35) 0.193480841071
	(31,2,53) 0.242482551258
	(31,2,61) 0.0463420876201
	(31,3,10) 0.0831221108856
	(31,3,15) 0.02430962122
	(31,3,25) 0.0835194654707
	(31,3,30) 0.213128272343
	(31,3,33) 0.113615050132
	(31,3,35) 0.193480841071
	(31,3,53) 0.242482551258
	(31,3,61) 0.0463420876201
	(31,4,10) 0.0831221108856
	(31,4,15) 0.02430962122
	(31,4,25) 0.0835194654707
	(31,4,30) 0.213128272343
	(31,4,33) 0.113615050132
	(31,4,35) 0.193480841071
	(31,4,53) 0.242482551258
	(31,4,61) 0.0463420876201
	(31,5,10) 0.0831221108856
	(31,5,15) 0.02430962122
	(31,5,25) 0.0835194654707
	(31,5,30) 0.213128272343
	(31,5,33) 0.113615050132
	(31,5,35) 0.193480841071
	(31,5,53) 0.242482551258
	(31,5,61) 0.0463420876201
	(31,6,10) 0.0831221108856
	(31,6,15) 0.02430962122
	(31,6,25) 0.0835194654707
	(31,6,30) 0.213128272343
	(31,6,33) 0.113615050132
	(31,6,35) 0.193480841071
	(31,6,53) 0.242482551258
	(31,6,61) 0.0463420876201
	(31,7,10) 0.0831221108856
	(31,7,15) 0.02430962122
	(31,7,25) 0.0835194654707
	(31,7,30) 0.213128272343
	(31,7,33) 0.113615050132
	(31,7,35) 0.193480841071
	(31,7,53) 0.242482551258
	(31,7,61) 0.0463420876201
	(32,0,21) 0.0137058197964
	(32,0,22) 0.00433604161031
	(32,0,31) 0.0501948154279
	(32,0,40) 0.717668746029
	(32,0,42) 0.00128666971704
	(32,0,51) 0.0762840703845
	(32,0,55) 0.136523837035
	(32,1,21) 0.0137058197964
	(32,1,22) 0.00433604161031
	(32,1,31) 0.0501948154279
	(32,1,40) 0.717668746029
	(32,1,42) 0.00128666971704
	(32,1,51) 0.0762840703845
	(32,1,55) 0.136523837035
	(32,2,21) 0.0137058197964
	(32,2,22) 0.00433604161031
	(32,2,31) 0.0501948154279
	(32,2,40) 0.717668746029
	(32,2,42) 0.00128666971704
	(32,2,51) 0.0762840703845
	(32,2,55) 0.136523837035
	(32,3,21) 0.0137058197964
	(32,3,22) 0.00433604161031
	(32,3,31) 0.0501948154279
	(32,3,40) 0.717668746029
	(32,3,42) 0.00128666971704
	(32,3,51) 0.0762840703845
	(32,3,55) 0.136523837035
	(32,4,21) 0.0137058197964
	(32,4,22) 0.00433604161031
	(32,4,31) 0.0501948154279
	(32,4,40) 0.717668746029
	(32,4,42) 0.00128666971704
	(32,4,51) 0.0762840703845
	(32,4,55) 0.136523837035
	(32,5,21) 0.0137058197964
	(32,5,22) 0.00433604161031
	(32,5,31) 0.0501948154279
	(32,5,40) 0.717668746029
	(32,5,42) 0.00128666971704
	(32,5,51) 0.0762840703845
	(32,5,55) 0.136523837035
	(32,6,21) 0.0137058197964
	(32,6,22) 0.00433604161031
	(32,6,31) 0.0501948154279
	(32,6,40) 0.717668746029
	(32,6,42) 0.00128666971704
	(32,6,51) 0.0762840703845
	(32,6,55) 0.136523837035
	(32,7,21) 0.0137058197964
	(32,7,22) 0.00433604161031
	(32,7,31) 0.0501948154279
	(32,7,40) 0.717668746029
	(32,7,42) 0.00128666971704
	(32,7,51) 0.0762840703845
	(32,7,55) 0.136523837035
	(33,0,22) 0.0775188970911
	(33,0,40) 0.130932483559
	(33,0,46) 0.319328203274
	(33,0,62) 0.472220416076
	(33,1,22) 0.0775188970911
	(33,1,40) 0.130932483559
	(33,1,46) 0.319328203274
	(33,1,62) 0.472220416076
	(33,2,22) 0.0775188970911
	(33,2,40) 0.130932483559
	(33,2,46) 0.319328203274
	(33,2,62) 0.472220416076
	(33,3,22) 0.0775188970911
	(33,3,40) 0.130932483559
	(33,3,46) 0.319328203274
	(33,3,62) 0.472220416076
	(33,4,22) 0.0775188970911
	(33,4,40) 0.130932483559
	(33,4,46) 0.319328203274
	(33,4,62) 0.472220416076
	(33,5,22) 0.0775188970911
	(33,5,40) 0.130932483559
	(33,5,46) 0.319328203274
	(33,5,62) 0.472220416076
	(33,6,22) 0.0775188970911
	(33,6,40) 0.130932483559
	(33,6,46) 0.319328203274
	(33,6,62) 0.472220416076
	(33,7,22) 0.0775188970911
	(33,7,40) 0.130932483559
	(33,7,46) 0.319328203274
	(33,7,62) 0.472220416076
	(34,0,10) 0.757420773243
	(34,0,11) 0.027527885774
	(34,0,39) 0.0427878163008
	(34,0,40) 0.0344825940827
	(34,0,46) 0.1377809306
	(34,1,10) 0.757420773243
	(34,1,11) 0.027527885774
	(34,1,39) 0.0427878163008
	(34,1,40) 0.0344825940827
	(34,1,46) 0.1377809306
	(34,2,10) 0.757420773243
	(34,2,11) 0.027527885774
	(34,2,39) 0.0427878163008
	(34,2,40) 0.0344825940827
	(34,2,46) 0.1377809306
	(34,3,10) 0.757420773243
	(34,3,11) 0.027527885774
	(34,3,39) 0.0427878163008
	(34,3,40) 0.0344825940827
	(34,3,46) 0.1377809306
	(34,4,10) 0.757420773243
	(34,4,11) 0.027527885774
	(34,4,39) 0.0427878163008
	(34,4,40) 0.0344825940827
	(34,4,46) 0.1377809306
	(34,5,10) 0.757420773243
	(34,5,11) 0.027527885774
	(34,5,39) 0.0427878163008
	(34,5,40) 0.0344825940827
	(34,5,46) 0.1377809306
	(34,6,10) 0.757420773243
	(34,6,11) 0.027527885774
	(34,6,39) 0.0427878163008
	(34,6,40) 0.0344825940827
	(34,6,46) 0.1377809306
	(34,7,10) 0.757420773243
	(34,7,11) 0.027527885774
	(34,7,39) 0.0427878163008
	(34,7,40) 0.0344825940827
	(34,7,46) 0.1377809306
	(35,0,3) 0.147424942884
	(35,0,7) 0.337802913404
	(35,0,19) 0.0337109962103
	(35,0,45) 0.182042336075
	(35,0,51) 0.229610672568
	(35,0,54) 0.0694081388584
	(35,1,3) 0.147424942884
	(35,1,7) 0.337802913404
	(35,1,19) 0.0337109962103
	(35,1,45) 0.182042336075
	(35,1,51) 0.229610672568
	(35,1,54) 0.0694081388584
	(35,2,3) 0.147424942884
	(35,2,7) 0.337802913404
	(35,2,19) 0.0337109962103
	(35,2,45) 0.182042336075
	(35,2,51) 0.229610672568
	(35,2,54) 0.0694081388584
	(35,3,3) 0.147424942884
	(35,3,7) 0.337802913404
	(35,3,19) 0.0337109962103
	(35,3,45) 0.182042336075
	(35,3,51) 0.229610672568
	(35,3,54) 0.0694081388584
	(35,4,3) 0.147424942884
	(35,4,7) 0.337802913404
	(35,4,19) 0.0337109962103
	(35,4,45) 0.182042336075
	(35,4,51) 0.229610672568
	(35,4,54) 0.0694081388584
	(35,5,3) 0.147424942884
	(35,5,7) 0.337802913404
	(35,5,19) 0.0337109962103
	(35,5,45) 0.182042336075
	(35,5,51) 0.229610672568
	(35,5,54) 0.0694081388584
	(35,6,3) 0.147424942884
	(35,6,7) 0.337802913404
	(35,6,19) 0.0337109962103
	(35,6,45) 0.182042336075
	(35,6,51) 0.229610672568
	(35,6,54) 0.0694081388584
	(35,7,3) 0.147424942884
	(35,7,7) 0.337802913404
	(35,7,19) 0.0337109962103
	(35,7,45) 0.182042336075
	(35,7,51) 0.229610672568
	(35,7,54) 0.0694081388584
	(36,0,2) 0.12423197949
	(36,0,4) 0.0549264765596
	(36,0,37) 0.169149833732
	(36,0,38) 0.0894415671048
	(36,0,53) 0.458421999024
	(36,0,60) 0.103828144089
	(36,1,2) 0.12423197949
	(36,1,4) 0.0549264765596
	(36,1,37) 0.169149833732
	(36,1,38) 0.0894415671048
	(36,1,53) 0.458421999024
	(36,1,60) 0.103828144089
	(36,2,2) 0.12423197949
	(36,2,4) 0.0549264765596
	(36,2,37) 0.169149833732
	(36,2,38) 0.0894415671048
	(36,2,53) 0.458421999024
	(36,2,60) 0.103828144089
	(36,3,2) 0.12423197949
	(36,3,4) 0.0549264765596
	(36,3,37) 0.169149833732
	(36,3,38) 0.0894415671048
	(36,3,53) 0.458421999024
	(36,3,60) 0.103828144089
	(36,4,2) 0.12423197949
	(36,4,4) 0.0549264765596
	(36,4,37) 0.169149833732
	(36,4,38) 0.0894415671048
	(36,4,53) 0.458421999024
	(36,4,60) 0.103828144089
	(36,5,2) 0.12423197949
	(36,5,4) 0.0549264765596
	(36,5,37) 0.169149833732
	(36,5,38) 0.0894415671048
	(36,5,53) 0.458421999024
	(36,5,60) 0.103828144089
	(36,6,2) 0.12423197949
	(36,6,4) 0.0549264765596
	(36,6,37) 0.169149833732
	(36,6,38) 0.0894415671048
	(36,6,53) 0.458421999024
	(36,6,60) 0.103828144089
	(36,7,2) 0.12423197949
	(36,7,4) 0.0549264765596
	(36,7,37) 0.169149833732
	(36,7,38) 0.0894415671048
	(36,7,53) 0.458421999024
	(36,7,60) 0.103828144089
	(37,0,2) 0.0555012049729
	(37,0,12) 0.171044791482
	(37,0,18) 0.470270599321
	(37,0,26) 0.303183404224
	(37,1,2) 0.0555012049729
	(37,1,12) 0.171044791482
	(37,1,18) 0.470270599321
	(37,1,26) 0.303183404224
	(37,2,2) 0.0555012049729
	(37,2,12) 0.171044791482
	(37,2,18) 0.470270599321
	(37,2,26) 0.303183404224
	(37,3,2) 0.0555012049729
	(37,3,12) 0.171044791482
	(37,3,18) 0.470270599321
	(37,3,26) 0.303183404224
	(37,4,2) 0.0555012049729
	(37,4,12) 0.171044791482
	(37,4,18) 0.470270599321
	(37,4,26) 0.303183404224
	(37,5,2) 0.0555012049729
	(37,5,12) 0.171044791482
	(37,5,18) 0.470270599321
	(37,5,26) 0.303183404224
	(37,6,2) 0.0555012049729
	(37,6,12) 0.171044791482
	(37,6,18) 0.470270599321
	(37,6,26) 0.303183404224
	(37,7,2) 0.0555012049729
	(37,7,12) 0.171044791482
	(37,7,18) 0.470270599321
	(37,7,26) 0.303183404224
	(38,0,0) 0.19095748828
	(38,0,1) 0.141704738026
	(38,0,26) 0.0285989618386
	(38,0,32) 0.0625025320567
	(38,0,40) 0.311335798338
	(38,0,42) 0.0745144189548
	(38,0,60) 0.190386062505
	(38,1,0) 0.19095748828
	(38,1,1) 0.141704738026
	(38,1,26) 0.0285989618386
	(38,1,32) 0.0625025320567
	(38,1,40) 0.311335798338
	(38,1,42) 0.0745144189548
	(38,1,60) 0.190386062505
	(38,2,0) 0.19095748828
	(38,2,1) 0.141704738026
	(38,2,26) 0.0285989618386
	(38,2,32) 0.0625025320567
	(38,2,40) 0.311335798338
	(38,2,42) 0.0745144189548
	(38,2,60) 0.190386062505
	(38,3,0) 0.19095748828
	(38,3,1) 0.141704738026
	(38,3,26) 0.0285989618386
	(38,3,32) 0.0625025320567
	(38,3,40) 0.311335798338
	(38,3,42) 0.0745144189548
	(38,3,60) 0.190386062505
	(38,4,0) 0.19095748828
	(38,4,1) 0.141704738026
	(38,4,26) 0.0285989618386
	(38,4,32) 0.0625025320567
	(38,4,40) 0.311335798338
	(38,4,42) 0.0745144189548
	(38,4,60) 0.190386062505
	(38,5,0) 0.19095748828
	(38,5,1) 0.141704738026
	(38,5,26) 0.0285989618386
	(38,5,32) 0.0625025320567
	(38,5,40) 0.311335798338
	(38,5,42) 0.0745144189548
	(38,5,60) 0.190386062505
	(38,6,0) 0.19095748828
	(38,6,1) 0.141704738026
	(38,6,26) 0.0285989618386
	(38,6,32) 0.0625025320567
	(38,6,40) 0.311335798338
	(38,6,42) 0.0745144189548
	(38,6,60) 0.190386062505
	(38,7,0) 0.19095748828
	(38,7,1) 0.141704738026
	(38,7,26) 0.0285989618386
	(38,7,32) 0.0625025320567
	(38,7,40) 0.311335798338
	(38,7,42) 0.0745144189548
	(38,7,60) 0.190386062505
	(39,0,2) 0.20135580188
	(39,0,16) 0.291127843918
	(39,0,20) 0.407763982422
	(39,0,51) 0.0450988250834
	(39,0,55) 0.0546535466961
	(39,1,2) 0.20135580188
	(39,1,16) 0.291127843918
	(39,1,20) 0.407763982422
	(39,1,51) 0.0450988250834
	(39,1,55) 0.0546535466961
	(39,2,2) 0.20135580188
	(39,2,16) 0.291127843918
	(39,2,20) 0.407763982422
	(39,2,51) 0.0450988250834
	(39,2,55) 0.0546535466961
	(39,3,2) 0.20135580188
	(39,3,16) 0.291127843918
	(39,3,20) 0.407763982422
	(39,3,51) 0.0450988250834
	(39,3,55) 0.0546535466961
	(39,4,2) 0.20135580188
	(39,4,16) 0.291127843918
	(39,4,20) 0.407763982422
	(39,4,51) 0.0450988250834
	(39,4,55) 0.0546535466961
	(39,5,2) 0.20135580188
	(39,5,16) 0.291127843918
	(39,5,20) 0.407763982422
	(39,5,51) 0.0450988250834
	(39,5,55) 0.0546535466961
	(39,6,2) 0.20135580188
	(39,6,16) 0.291127843918
	(39,6,20) 0.407763982422
	(39,6,51) 0.0450988250834
	(39,6,55) 0.0546535466961
	(39,7,2) 0.20135580188
	(39,7,16) 0.291127843918
	(39,7,20) 0.407763982422
	(39,7,51) 0.0450988250834
	(39,7,55) 0.0546535466961
	(40,0,12) 0.108772424506
	(40,0,28) 0.248671984114
	(40,0,30) 0.124671653748
	(40,0,31) 0.146514045141
	(40,0,37) 0.292439469872
	(40,0,59) 0.0789304226194
	(40,1,12) 0.108772424506
	(40,1,28) 0.248671984114
	(40,1,30) 0.124671653748
	(40,1,31) 0.146514045141
	(40,1,37) 0.292439469872
	(40,1,59) 0.0789304226194
	(40,2,12) 0.108772424506
	(40,2,28) 0.248671984114
	(40,2,30) 0.124671653748
	(40,2,31) 0.146514045141
	(40,2,37) 0.292439469872
	(40,2,59) 0.0789304226194
	(40,3,12) 0.108772424506
	(40,3,28) 0.248671984114
	(40,3,30) 0.124671653748
	(40,3,31) 0.146514045141
	(40,3,37) 0.292439469872
	(40,3,59) 0.0789304226194
	(40,4,12) 0.108772424506
	(40,4,28) 0.248671984114
	(40,4,30) 0.124671653748
	(40,4,31) 0.146514045141
	(40,4,37) 0.292439469872
	(40,4,59) 0.0789304226194
	(40,5,12) 0.108772424506
	(40,5,28) 0.248671984114
	(40,5,30) 0.124671653748
	(40,5,31) 0.146514045141
	(40,5,37) 0.292439469872
	(40,5,59) 0.0789304226194
	(40,6,12) 0.108772424506
	(40,6,28) 0.248671984114
	(40,6,30) 0.124671653748
	(40,6,31) 0.146514045141
	(40,6,37) 0.292439469872
	(40,6,59) 0.0789304226194
	(40,7,12) 0.108772424506
	(40,7,28) 0.248671984114
	(40,7,30) 0.124671653748
	(40,7,31) 0.146514045141
	(40,7,37) 0.292439469872
	(40,7,59) 0.0789304226194
	(41,0,7) 0.0351760053843
	(41,0,16) 0.502986777223
	(41,0,38) 0.45122163936
	(41,0,52) 0.0106155780319
	(41,1,7) 0.0351760053843
	(41,1,16) 0.502986777223
	(41,1,38) 0.45122163936
	(41,1,52) 0.0106155780319
	(41,2,7) 0.0351760053843
	(41,2,16) 0.502986777223
	(41,2,38) 0.45122163936
	(41,2,52) 0.0106155780319
	(41,3,7) 0.0351760053843
	(41,3,16) 0.502986777223
	(41,3,38) 0.45122163936
	(41,3,52) 0.0106155780319
	(41,4,7) 0.0351760053843
	(41,4,16) 0.502986777223
	(41,4,38) 0.45122163936
	(41,4,52) 0.0106155780319
	(41,5,7) 0.0351760053843
	(41,5,16) 0.502986777223
	(41,5,38) 0.45122163936
	(41,5,52) 0.0106155780319
	(41,6,7) 0.0351760053843
	(41,6,16) 0.502986777223
	(41,6,38) 0.45122163936
	(41,6,52) 0.0106155780319
	(41,7,7) 0.0351760053843
	(41,7,16) 0.502986777223
	(41,7,38) 0.45122163936
	(41,7,52) 0.0106155780319
	(42,0,15) 0.292131009627
	(42,0,35) 0.066782836801
	(42,0,40) 0.0473122766904
	(42,0,50) 0.285324650583
	(42,0,51) 0.108050474676
	(42,0,53) 0.084819620826
	(42,0,61) 0.115579130797
	(42,1,15) 0.292131009627
	(42,1,35) 0.066782836801
	(42,1,40) 0.0473122766904
	(42,1,50) 0.285324650583
	(42,1,51) 0.108050474676
	(42,1,53) 0.084819620826
	(42,1,61) 0.115579130797
	(42,2,15) 0.292131009627
	(42,2,35) 0.066782836801
	(42,2,40) 0.0473122766904
	(42,2,50) 0.285324650583
	(42,2,51) 0.108050474676
	(42,2,53) 0.084819620826
	(42,2,61) 0.115579130797
	(42,3,15) 0.292131009627
	(42,3,35) 0.066782836801
	(42,3,40) 0.0473122766904
	(42,3,50) 0.285324650583
	(42,3,51) 0.108050474676
	(42,3,53) 0.084819620826
	(42,3,61) 0.115579130797
	(42,4,15) 0.292131009627
	(42,4,35) 0.066782836801
	(42,4,40) 0.0473122766904
	(42,4,50) 0.285324650583
	(42,4,51) 0.108050474676
	(42,4,53) 0.084819620826
	(42,4,61) 0.115579130797
	(42,5,15) 0.292131009627
	(42,5,35) 0.066782836801
	(42,5,40) 0.0473122766904
	(42,5,50) 0.285324650583
	(42,5,51) 0.108050474676
	(42,5,53) 0.084819620826
	(42,5,61) 0.115579130797
	(42,6,15) 0.292131009627
	(42,6,35) 0.066782836801
	(42,6,40) 0.0473122766904
	(42,6,50) 0.285324650583
	(42,6,51) 0.108050474676
	(42,6,53) 0.084819620826
	(42,6,61) 0.115579130797
	(42,7,15) 0.292131009627
	(42,7,35) 0.066782836801
	(42,7,40) 0.0473122766904
	(42,7,50) 0.285324650583
	(42,7,51) 0.108050474676
	(42,7,53) 0.084819620826
	(42,7,61) 0.115579130797
	(43,0,21) 0.105707387836
	(43,0,30) 0.0643358749091
	(43,0,41) 0.349667221079
	(43,0,42) 0.297297686485
	(43,0,53) 0.182991829691
	(43,1,21) 0.105707387836
	(43,1,30) 0.0643358749091
	(43,1,41) 0.349667221079
	(43,1,42) 0.297297686485
	(43,1,53) 0.182991829691
	(43,2,21) 0.105707387836
	(43,2,30) 0.0643358749091
	(43,2,41) 0.349667221079
	(43,2,42) 0.297297686485
	(43,2,53) 0.182991829691
	(43,3,21) 0.105707387836
	(43,3,30) 0.0643358749091
	(43,3,41) 0.349667221079
	(43,3,42) 0.297297686485
	(43,3,53) 0.182991829691
	(43,4,21) 0.105707387836
	(43,4,30) 0.0643358749091
	(43,4,41) 0.349667221079
	(43,4,42) 0.297297686485
	(43,4,53) 0.182991829691
	(43,5,21) 0.105707387836
	(43,5,30) 0.0643358749091
	(43,5,41) 0.349667221079
	(43,5,42) 0.297297686485
	(43,5,53) 0.182991829691
	(43,6,21) 0.105707387836
	(43,6,30) 0.0643358749091
	(43,6,41) 0.349667221079
	(43,6,42) 0.297297686485
	(43,6,53) 0.182991829691
	(43,7,21) 0.105707387836
	(43,7,30) 0.0643358749091
	(43,7,41) 0.349667221079
	(43,7,42) 0.297297686485
	(43,7,53) 0.182991829691
	(44,0,51) 0.440860639422
	(44,0,59) 0.559139360578
	(44,1,51) 0.440860639422
	(44,1,59) 0.559139360578
	(44,2,51) 0.440860639422
	(44,2,59) 0.559139360578
	(44,3,51) 0.440860639422
	(44,3,59) 0.559139360578
	(44,4,51) 0.440860639422
	(44,4,59) 0.559139360578
	(44,5,51) 0.440860639422
	(44,5,59) 0.559139360578
	(44,6,51) 0.440860639422
	(44,6,59) 0.559139360578
	(44,7,51) 0.440860639422
	(44,7,59) 0.559139360578
	(45,0,5) 0.477234599976
	(45,0,7) 0.155651483328
	(45,0,26) 0.128833612919
	(45,0,32) 0.0280386219841
	(45,0,49) 0.210241681794
	(45,1,5) 0.477234599976
	(45,1,7) 0.155651483328
	(45,1,26) 0.128833612919
	(45,1,32) 0.0280386219841
	(45,1,49) 0.210241681794
	(45,2,5) 0.477234599976
	(45,2,7) 0.155651483328
	(45,2,26) 0.128833612919
	(45,2,32) 0.0280386219841
	(45,2,49) 0.210241681794
	(45,3,5) 0.477234599976
	(45,3,7) 0.155651483328
	(45,3,26) 0.128833612919
	(45,3,32) 0.0280386219841
	(45,3,49) 0.210241681794
	(45,4,5) 0.477234599976
	(45,4,7) 0.155651483328
	(45,4,26) 0.128833612919
	(45,4,32) 0.0280386219841
	(45,4,49) 0.210241681794
	(45,5,5) 0.477234599976
	(45,5,7) 0.155651483328
	(45,5,26) 0.128833612919
	(45,5,32) 0.0280386219841
	(45,5,49) 0.210241681794
	(45,6,5) 0.477234599976
	(45,6,7) 0.155651483328
	(45,6,26) 0.128833612919
	(45,6,32) 0.0280386219841
	(45,6,49) 0.210241681794
	(45,7,5) 0.477234599976
	(45,7,7) 0.155651483328
	(45,7,26) 0.128833612919
	(45,7,32) 0.0280386219841
	(45,7,49) 0.210241681794
	(46,0,8) 0.105068761089
	(46,0,26) 0.0394405563838
	(46,0,34) 0.295282124057
	(46,0,37) 0.47695816902
	(46,0,61) 0.0832503894496
	(46,1,8) 0.105068761089
	(46,1,26) 0.0394405563838
	(46,1,34) 0.295282124057
	(46,1,37) 0.47695816902
	(46,1,61) 0.0832503894496
	(46,2,8) 0.105068761089
	(46,2,26) 0.0394405563838
	(46,2,34) 0.295282124057
	(46,2,37) 0.47695816902
	(46,2,61) 0.0832503894496
	(46,3,8) 0.105068761089
	(46,3,26) 0.0394405563838
	(46,3,34) 0.295282124057
	(46,3,37) 0.47695816902
	(46,3,61) 0.0832503894496
	(46,4,8) 0.105068761089
	(46,4,26) 0.0394405563838
	(46,4,34) 0.295282124057
	(46,4,37) 0.47695816902
	(46,4,61) 0.0832503894496
	(46,5,8) 0.105068761089
	(46,5,26) 0.0394405563838
	(46,5,34) 0.295282124057
	(46,5,37) 0.47695816902
	(46,5,61) 0.0832503894496
	(46,6,8) 0.105068761089
	(46,6,26) 0.0394405563838
	(46,6,34) 0.295282124057
	(46,6,37) 0.47695816902
	(46,6,61) 0.0832503894496
	(46,7,8) 0.105068761089
	(46,7,26) 0.0394405563838
	(46,7,34) 0.295282124057
	(46,7,37) 0.47695816902
	(46,7,61) 0.0832503894496
	(47,0,3) 0.102772848545
	(47,0,11) 0.18544772237
	(47,0,29) 0.0617682417608
	(47,0,31) 0.231383564334
	(47,0,39) 0.130393701016
	(47,0,41) 0.0596291572367
	(47,0,59) 0.0944249463184
	(47,0,61) 0.134179818419
	(47,1,3) 0.102772848545
	(47,1,11) 0.18544772237
	(47,1,29) 0.0617682417608
	(47,1,31) 0.231383564334
	(47,1,39) 0.130393701016
	(47,1,41) 0.0596291572367
	(47,1,59) 0.0944249463184
	(47,1,61) 0.134179818419
	(47,2,3) 0.102772848545
	(47,2,11) 0.18544772237
	(47,2,29) 0.0617682417608
	(47,2,31) 0.231383564334
	(47,2,39) 0.130393701016
	(47,2,41) 0.0596291572367
	(47,2,59) 0.0944249463184
	(47,2,61) 0.134179818419
	(47,3,3) 0.102772848545
	(47,3,11) 0.18544772237
	(47,3,29) 0.0617682417608
	(47,3,31) 0.231383564334
	(47,3,39) 0.130393701016
	(47,3,41) 0.0596291572367
	(47,3,59) 0.0944249463184
	(47,3,61) 0.134179818419
	(47,4,3) 0.102772848545
	(47,4,11) 0.18544772237
	(47,4,29) 0.0617682417608
	(47,4,31) 0.231383564334
	(47,4,39) 0.130393701016
	(47,4,41) 0.0596291572367
	(47,4,59) 0.0944249463184
	(47,4,61) 0.134179818419
	(47,5,3) 0.102772848545
	(47,5,11) 0.18544772237
	(47,5,29) 0.0617682417608
	(47,5,31) 0.231383564334
	(47,5,39) 0.130393701016
	(47,5,41) 0.0596291572367
	(47,5,59) 0.0944249463184
	(47,5,61) 0.134179818419
	(47,6,3) 0.102772848545
	(47,6,11) 0.18544772237
	(47,6,29) 0.0617682417608
	(47,6,31) 0.231383564334
	(47,6,39) 0.130393701016
	(47,6,41) 0.0596291572367
	(47,6,59) 0.0944249463184
	(47,6,61) 0.134179818419
	(47,7,3) 0.102772848545
	(47,7,11) 0.18544772237
	(47,7,29) 0.0617682417608
	(47,7,31) 0.231383564334
	(47,7,39) 0.130393701016
	(47,7,41) 0.0596291572367
	(47,7,59) 0.0944249463184
	(47,7,61) 0.134179818419
	(48,0,35) 0.359431787892
	(48,0,40) 0.610365653181
	(48,0,47) 0.0302025589276
	(48,1,35) 0.359431787892
	(48,1,40) 0.610365653181
	(48,1,47) 0.0302025589276
	(48,2,35) 0.359431787892
	(48,2,40) 0.610365653181
	(48,2,47) 0.0302025589276
	(48,3,35) 0.359431787892
	(48,3,40) 0.610365653181
	(48,3,47) 0.0302025589276
	(48,4,35) 0.359431787892
	(48,4,40) 0.610365653181
	(48,4,47) 0.0302025589276
	(48,5,35) 0.359431787892
	(48,5,40) 0.610365653181
	(48,5,47) 0.0302025589276
	(48,6,35) 0.359431787892
	(48,6,40) 0.610365653181
	(48,6,47) 0.0302025589276
	(48,7,35) 0.359431787892
	(48,7,40) 0.610365653181
	(48,7,47) 0.0302025589276
	(49,0,16) 0.0700314880401
	(49,0,18) 0.150202537571
	(49,0,22) 0.405942880553
	(49,0,31) 0.0833126850054
	(49,0,44) 0.0833397726797
	(49,0,45) 0.098988514034
	(49,0,53) 0.108182122117
	(49,1,16) 0.0700314880401
	(49,1,18) 0.150202537571
	(49,1,22) 0.405942880553
	(49,1,31) 0.0833126850054
	(49,1,44) 0.0833397726797
	(49,1,45) 0.098988514034
	(49,1,53) 0.108182122117
	(49,2,16) 0.0700314880401
	(49,2,18) 0.150202537571
	(49,2,22) 0.405942880553
	(49,2,31) 0.0833126850054
	(49,2,44) 0.0833397726797
	(49,2,45) 0.098988514034
	(49,2,53) 0.108182122117
	(49,3,16) 0.0700314880401
	(49,3,18) 0.150202537571
	(49,3,22) 0.405942880553
	(49,3,31) 0.0833126850054
	(49,3,44) 0.0833397726797
	(49,3,45) 0.098988514034
	(49,3,53) 0.108182122117
	(49,4,16) 0.0700314880401
	(49,4,18) 0.150202537571
	(49,4,22) 0.405942880553
	(49,4,31) 0.0833126850054
	(49,4,44) 0.0833397726797
	(49,4,45) 0.098988514034
	(49,4,53) 0.108182122117
	(49,5,16) 0.0700314880401
	(49,5,18) 0.150202537571
	(49,5,22) 0.405942880553
	(49,5,31) 0.0833126850054
	(49,5,44) 0.0833397726797
	(49,5,45) 0.098988514034
	(49,5,53) 0.108182122117
	(49,6,16) 0.0700314880401
	(49,6,18) 0.150202537571
	(49,6,22) 0.405942880553
	(49,6,31) 0.0833126850054
	(49,6,44) 0.0833397726797
	(49,6,45) 0.098988514034
	(49,6,53) 0.108182122117
	(49,7,16) 0.0700314880401
	(49,7,18) 0.150202537571
	(49,7,22) 0.405942880553
	(49,7,31) 0.0833126850054
	(49,7,44) 0.0833397726797
	(49,7,45) 0.098988514034
	(49,7,53) 0.108182122117
	(50,0,16) 0.00631936283851
	(50,0,20) 0.0430950455459
	(50,0,22) 0.685497107466
	(50,0,54) 0.26508848415
	(50,1,16) 0.00631936283851
	(50,1,20) 0.0430950455459
	(50,1,22) 0.685497107466
	(50,1,54) 0.26508848415
	(50,2,16) 0.00631936283851
	(50,2,20) 0.0430950455459
	(50,2,22) 0.685497107466
	(50,2,54) 0.26508848415
	(50,3,16) 0.00631936283851
	(50,3,20) 0.0430950455459
	(50,3,22) 0.685497107466
	(50,3,54) 0.26508848415
	(50,4,16) 0.00631936283851
	(50,4,20) 0.0430950455459
	(50,4,22) 0.685497107466
	(50,4,54) 0.26508848415
	(50,5,16) 0.00631936283851
	(50,5,20) 0.0430950455459
	(50,5,22) 0.685497107466
	(50,5,54) 0.26508848415
	(50,6,16) 0.00631936283851
	(50,6,20) 0.0430950455459
	(50,6,22) 0.685497107466
	(50,6,54) 0.26508848415
	(50,7,16) 0.00631936283851
	(50,7,20) 0.0430950455459
	(50,7,22) 0.685497107466
	(50,7,54) 0.26508848415
	(51,0,7) 0.214841596617
	(51,0,23) 0.0804103703289
	(51,0,31) 0.31340107097
	(51,0,34) 0.0193249642276
	(51,0,54) 0.350992256875
	(51,0,55) 0.0210297409807
	(51,1,7) 0.214841596617
	(51,1,23) 0.0804103703289
	(51,1,31) 0.31340107097
	(51,1,34) 0.0193249642276
	(51,1,54) 0.350992256875
	(51,1,55) 0.0210297409807
	(51,2,7) 0.214841596617
	(51,2,23) 0.0804103703289
	(51,2,31) 0.31340107097
	(51,2,34) 0.0193249642276
	(51,2,54) 0.350992256875
	(51,2,55) 0.0210297409807
	(51,3,7) 0.214841596617
	(51,3,23) 0.0804103703289
	(51,3,31) 0.31340107097
	(51,3,34) 0.0193249642276
	(51,3,54) 0.350992256875
	(51,3,55) 0.0210297409807
	(51,4,7) 0.214841596617
	(51,4,23) 0.0804103703289
	(51,4,31) 0.31340107097
	(51,4,34) 0.0193249642276
	(51,4,54) 0.350992256875
	(51,4,55) 0.0210297409807
	(51,5,7) 0.214841596617
	(51,5,23) 0.0804103703289
	(51,5,31) 0.31340107097
	(51,5,34) 0.0193249642276
	(51,5,54) 0.350992256875
	(51,5,55) 0.0210297409807
	(51,6,7) 0.214841596617
	(51,6,23) 0.0804103703289
	(51,6,31) 0.31340107097
	(51,6,34) 0.0193249642276
	(51,6,54) 0.350992256875
	(51,6,55) 0.0210297409807
	(51,7,7) 0.214841596617
	(51,7,23) 0.0804103703289
	(51,7,31) 0.31340107097
	(51,7,34) 0.0193249642276
	(51,7,54) 0.350992256875
	(51,7,55) 0.0210297409807
	(52,0,17) 0.317253738941
	(52,0,29) 0.51725389578
	(52,0,48) 0.165492365279
	(52,1,17) 0.317253738941
	(52,1,29) 0.51725389578
	(52,1,48) 0.165492365279
	(52,2,17) 0.317253738941
	(52,2,29) 0.51725389578
	(52,2,48) 0.165492365279
	(52,3,17) 0.317253738941
	(52,3,29) 0.51725389578
	(52,3,48) 0.165492365279
	(52,4,17) 0.317253738941
	(52,4,29) 0.51725389578
	(52,4,48) 0.165492365279
	(52,5,17) 0.317253738941
	(52,5,29) 0.51725389578
	(52,5,48) 0.165492365279
	(52,6,17) 0.317253738941
	(52,6,29) 0.51725389578
	(52,6,48) 0.165492365279
	(52,7,17) 0.317253738941
	(52,7,29) 0.51725389578
	(52,7,48) 0.165492365279
	(53,0,7) 0.43845100439
	(53,0,12) 0.120308592372
	(53,0,20) 0.0468038655892
	(53,0,39) 0.102981477766
	(53,0,59) 0.291455059884
	(53,1,7) 0.43845100439
	(53,1,12) 0.120308592372
	(53,1,20) 0.0468038655892
	(53,1,39) 0.102981477766
	(53,1,59) 0.291455059884
	(53,2,7) 0.43845100439
	(53,2,12) 0.120308592372
	(53,2,20) 0.0468038655892
	(53,2,39) 0.102981477766
	(53,2,59) 0.291455059884
	(53,3,7) 0.43845100439
	(53,3,12) 0.120308592372
	(53,3,20) 0.0468038655892
	(53,3,39) 0.102981477766
	(53,3,59) 0.291455059884
	(53,4,7) 0.43845100439
	(53,4,12) 0.120308592372
	(53,4,20) 0.0468038655892
	(53,4,39) 0.102981477766
	(53,4,59) 0.291455059884
	(53,5,7) 0.43845100439
	(53,5,12) 0.120308592372
	(53,5,20) 0.0468038655892
	(53,5,39) 0.102981477766
	(53,5,59) 0.291455059884
	(53,6,7) 0.43845100439
	(53,6,12) 0.120308592372
	(53,6,20) 0.0468038655892
	(53,6,39) 0.102981477766
	(53,6,59) 0.291455059884
	(53,7,7) 0.43845100439
	(53,7,12) 0.120308592372
	(53,7,20) 0.0468038655892
	(53,7,39) 0.102981477766
	(53,7,59) 0.291455059884
	(54,0,14) 0.122557648407
	(54,0,21) 0.00631417214962
	(54,0,30) 0.127094598555
	(54,0,35) 0.274138773176
	(54,0,45) 0.100198144571
	(54,0,49) 0.174594912599
	(54,0,56) 0.195101750543
	(54,1,14) 0.122557648407
	(54,1,21) 0.00631417214962
	(54,1,30) 0.127094598555
	(54,1,35) 0.274138773176
	(54,1,45) 0.100198144571
	(54,1,49) 0.174594912599
	(54,1,56) 0.195101750543
	(54,2,14) 0.122557648407
	(54,2,21) 0.00631417214962
	(54,2,30) 0.127094598555
	(54,2,35) 0.274138773176
	(54,2,45) 0.100198144571
	(54,2,49) 0.174594912599
	(54,2,56) 0.195101750543
	(54,3,14) 0.122557648407
	(54,3,21) 0.00631417214962
	(54,3,30) 0.127094598555
	(54,3,35) 0.274138773176
	(54,3,45) 0.100198144571
	(54,3,49) 0.174594912599
	(54,3,56) 0.195101750543
	(54,4,14) 0.122557648407
	(54,4,21) 0.00631417214962
	(54,4,30) 0.127094598555
	(54,4,35) 0.274138773176
	(54,4,45) 0.100198144571
	(54,4,49) 0.174594912599
	(54,4,56) 0.195101750543
	(54,5,14) 0.122557648407
	(54,5,21) 0.00631417214962
	(54,5,30) 0.127094598555
	(54,5,35) 0.274138773176
	(54,5,45) 0.100198144571
	(54,5,49) 0.174594912599
	(54,5,56) 0.195101750543
	(54,6,14) 0.122557648407
	(54,6,21) 0.00631417214962
	(54,6,30) 0.127094598555
	(54,6,35) 0.274138773176
	(54,6,45) 0.100198144571
	(54,6,49) 0.174594912599
	(54,6,56) 0.195101750543
	(54,7,14) 0.122557648407
	(54,7,21) 0.00631417214962
	(54,7,30) 0.127094598555
	(54,7,35) 0.274138773176
	(54,7,45) 0.100198144571
	(54,7,49) 0.174594912599
	(54,7,56) 0.195101750543
	(55,0,6) 0.158143911775
	(55,0,42) 0.233388848171
	(55,0,45) 0.0294785613278
	(55,0,49) 0.343895817513
	(55,0,56) 0.235092861213
	(55,1,6) 0.158143911775
	(55,1,42) 0.233388848171
	(55,1,45) 0.0294785613278
	(55,1,49) 0.343895817513
	(55,1,56) 0.235092861213
	(55,2,6) 0.158143911775
	(55,2,42) 0.233388848171
	(55,2,45) 0.0294785613278
	(55,2,49) 0.343895817513
	(55,2,56) 0.235092861213
	(55,3,6) 0.158143911775
	(55,3,42) 0.233388848171
	(55,3,45) 0.0294785613278
	(55,3,49) 0.343895817513
	(55,3,56) 0.235092861213
	(55,4,6) 0.158143911775
	(55,4,42) 0.233388848171
	(55,4,45) 0.0294785613278
	(55,4,49) 0.343895817513
	(55,4,56) 0.235092861213
	(55,5,6) 0.158143911775
	(55,5,42) 0.233388848171
	(55,5,45) 0.0294785613278
	(55,5,49) 0.343895817513
	(55,5,56) 0.235092861213
	(55,6,6) 0.158143911775
	(55,6,42) 0.233388848171
	(55,6,45) 0.0294785613278
	(55,6,49) 0.343895817513
	(55,6,56) 0.235092861213
	(55,7,6) 0.158143911775
	(55,7,42) 0.233388848171
	(55,7,45) 0.0294785613278
	(55,7,49) 0.343895817513
	(55,7,56) 0.235092861213
	(56,0,12) 0.0134047462879
	(56,0,15) 0.0400132786395
	(56,0,17) 0.139056740383
	(56,0,20) 0.099799576351
	(56,0,21) 0.707725658338
	(56,1,12) 0.0134047462879
	(56,1,15) 0.0400132786395
	(56,1,17) 0.139056740383
	(56,1,20) 0.099799576351
	(56,1,21) 0.707725658338
	(56,2,12) 0.0134047462879
	(56,2,15) 0.0400132786395
	(56,2,17) 0.139056740383
	(56,2,20) 0.099799576351
	(56,2,21) 0.707725658338
	(56,3,12) 0.0134047462879
	(56,3,15) 0.0400132786395
	(56,3,17) 0.139056740383
	(56,3,20) 0.099799576351
	(56,3,21) 0.707725658338
	(56,4,12) 0.0134047462879
	(56,4,15) 0.0400132786395
	(56,4,17) 0.139056740383
	(56,4,20) 0.099799576351
	(56,4,21) 0.707725658338
	(56,5,12) 0.0134047462879
	(56,5,15) 0.0400132786395
	(56,5,17) 0.139056740383
	(56,5,20) 0.099799576351
	(56,5,21) 0.707725658338
	(56,6,12) 0.0134047462879
	(56,6,15) 0.0400132786395
	(56,6,17) 0.139056740383
	(56,6,20) 0.099799576351
	(56,6,21) 0.707725658338
	(56,7,12) 0.0134047462879
	(56,7,15) 0.0400132786395
	(56,7,17) 0.139056740383
	(56,7,20) 0.099799576351
	(56,7,21) 0.707725658338
	(57,0,1) 0.228768667699
	(57,0,11) 0.0678369477998
	(57,0,39) 0.408244741854
	(57,0,51) 0.193737445775
	(57,0,52) 0.0476034064921
	(57,0,56) 0.0538087903809
	(57,1,1) 0.228768667699
	(57,1,11) 0.0678369477998
	(57,1,39) 0.408244741854
	(57,1,51) 0.193737445775
	(57,1,52) 0.0476034064921
	(57,1,56) 0.0538087903809
	(57,2,1) 0.228768667699
	(57,2,11) 0.0678369477998
	(57,2,39) 0.408244741854
	(57,2,51) 0.193737445775
	(57,2,52) 0.0476034064921
	(57,2,56) 0.0538087903809
	(57,3,1) 0.228768667699
	(57,3,11) 0.0678369477998
	(57,3,39) 0.408244741854
	(57,3,51) 0.193737445775
	(57,3,52) 0.0476034064921
	(57,3,56) 0.0538087903809
	(57,4,1) 0.228768667699
	(57,4,11) 0.0678369477998
	(57,4,39) 0.408244741854
	(57,4,51) 0.193737445775
	(57,4,52) 0.0476034064921
	(57,4,56) 0.0538087903809
	(57,5,1) 0.228768667699
	(57,5,11) 0.0678369477998
	(57,5,39) 0.408244741854
	(57,5,51) 0.193737445775
	(57,5,52) 0.0476034064921
	(57,5,56) 0.0538087903809
	(57,6,1) 0.228768667699
	(57,6,11) 0.0678369477998
	(57,6,39) 0.408244741854
	(57,6,51) 0.193737445775
	(57,6,52) 0.0476034064921
	(57,6,56) 0.0538087903809
	(57,7,1) 0.228768667699
	(57,7,11) 0.0678369477998
	(57,7,39) 0.408244741854
	(57,7,51) 0.193737445775
	(57,7,52) 0.0476034064921
	(57,7,56) 0.0538087903809
	(58,0,0) 0.270349987044
	(58,0,23) 0.0767128926603
	(58,0,34) 0.479370848693
	(58,0,58) 0.173566271602
	(58,1,0) 0.270349987044
	(58,1,23) 0.0767128926603
	(58,1,34) 0.479370848693
	(58,1,58) 0.173566271602
	(58,2,0) 0.270349987044
	(58,2,23) 0.0767128926603
	(58,2,34) 0.479370848693
	(58,2,58) 0.173566271602
	(58,3,0) 0.270349987044
	(58,3,23) 0.0767128926603
	(58,3,34) 0.479370848693
	(58,3,58) 0.173566271602
	(58,4,0) 0.270349987044
	(58,4,23) 0.0767128926603
	(58,4,34) 0.479370848693
	(58,4,58) 0.173566271602
	(58,5,0) 0.270349987044
	(58,5,23) 0.0767128926603
	(58,5,34) 0.479370848693
	(58,5,58) 0.173566271602
	(58,6,0) 0.270349987044
	(58,6,23) 0.0767128926603
	(58,6,34) 0.479370848693
	(58,6,58) 0.173566271602
	(58,7,0) 0.270349987044
	(58,7,23) 0.0767128926603
	(58,7,34) 0.479370848693
	(58,7,58) 0.173566271602
	(59,0,9) 0.18391278897
	(59,0,22) 0.00248717337226
	(59,0,30) 0.55595255919
	(59,0,36) 0.178799276504
	(59,0,41) 0.019140444078
	(59,0,51) 0.0597077578856
	(59,1,9) 0.18391278897
	(59,1,22) 0.00248717337226
	(59,1,30) 0.55595255919
	(59,1,36) 0.178799276504
	(59,1,41) 0.019140444078
	(59,1,51) 0.0597077578856
	(59,2,9) 0.18391278897
	(59,2,22) 0.00248717337226
	(59,2,30) 0.55595255919
	(59,2,36) 0.178799276504
	(59,2,41) 0.019140444078
	(59,2,51) 0.0597077578856
	(59,3,9) 0.18391278897
	(59,3,22) 0.00248717337226
	(59,3,30) 0.55595255919
	(59,3,36) 0.178799276504
	(59,3,41) 0.019140444078
	(59,3,51) 0.0597077578856
	(59,4,9) 0.18391278897
	(59,4,22) 0.00248717337226
	(59,4,30) 0.55595255919
	(59,4,36) 0.178799276504
	(59,4,41) 0.019140444078
	(59,4,51) 0.0597077578856
	(59,5,9) 0.18391278897
	(59,5,22) 0.00248717337226
	(59,5,30) 0.55595255919
	(59,5,36) 0.178799276504
	(59,5,41) 0.019140444078
	(59,5,51) 0.0597077578856
	(59,6,9) 0.18391278897
	(59,6,22) 0.00248717337226
	(59,6,30) 0.55595255919
	(59,6,36) 0.178799276504
	(59,6,41) 0.019140444078
	(59,6,51) 0.0597077578856
	(59,7,9) 0.18391278897
	(59,7,22) 0.00248717337226
	(59,7,30) 0.55595255919
	(59,7,36) 0.178799276504
	(59,7,41) 0.019140444078
	(59,7,51) 0.0597077578856
	(60,0,6) 0.584902794094
	(60,0,34) 0.211977003192
	(60,0,55) 0.203120202714
	(60,1,6) 0.584902794094
	(60,1,34) 0.211977003192
	(60,1,55) 0.203120202714
	(60,2,6) 0.584902794094
	(60,2,34) 0.211977003192
	(60,2,55) 0.203120202714
	(60,3,6) 0.584902794094
	(60,3,34) 0.211977003192
	(60,3,55) 0.203120202714
	(60,4,6) 0.584902794094
	(60,4,34) 0.211977003192
	(60,4,55) 0.203120202714
	(60,5,6) 0.584902794094
	(60,5,34) 0.211977003192
	(60,5,55) 0.203120202714
	(60,6,6) 0.584902794094
	(60,6,34) 0.211977003192
	(60,6,55) 0.203120202714
	(60,7,6) 0.584902794094
	(60,7,34) 0.211977003192
	(60,7,55) 0.203120202714
	(61,0,4) 0.827539568952
	(61,0,25) 0.154189802511
	(61,0,60) 0.0182706285369
	(61,1,4) 0.827539568952
	(61,1,25) 0.154189802511
	(61,1,60) 0.0182706285369
	(61,2,4) 0.827539568952
	(61,2,25) 0.154189802511
	(61,2,60) 0.0182706285369
	(61,3,4) 0.827539568952
	(61,3,25) 0.154189802511
	(61,3,60) 0.0182706285369
	(61,4,4) 0.827539568952
	(61,4,25) 0.154189802511
	(61,4,60) 0.0182706285369
	(61,5,4) 0.827539568952
	(61,5,25) 0.154189802511
	(61,5,60) 0.0182706285369
	(61,6,4) 0.827539568952
	(61,6,25) 0.154189802511
	(61,6,60) 0.0182706285369
	(61,7,4) 0.827539568952
	(61,7,25) 0.154189802511
	(61,7,60) 0.0182706285369
	(62,0,37) 0.014864228841
	(62,0,38) 0.095734937477
	(62,0,39) 0.524768378592
	(62,0,55) 0.36463245509
	(62,1,37) 0.014864228841
	(62,1,38) 0.095734937477
	(62,1,39) 0.524768378592
	(62,1,55) 0.36463245509
	(62,2,37) 0.014864228841
	(62,2,38) 0.095734937477
	(62,2,39) 0.524768378592
	(62,2,55) 0.36463245509
	(62,3,37) 0.014864228841
	(62,3,38) 0.095734937477
	(62,3,39) 0.524768378592
	(62,3,55) 0.36463245509
	(62,4,37) 0.014864228841
	(62,4,38) 0.095734937477
	(62,4,39) 0.524768378592
	(62,4,55) 0.36463245509
	(62,5,37) 0.014864228841
	(62,5,38) 0.095734937477
	(62,5,39) 0.524768378592
	(62,5,55) 0.36463245509
	(62,6,37) 0.014864228841
	(62,6,38) 0.095734937477
	(62,6,39) 0.524768378592
	(62,6,55) 0.36463245509
	(62,7,37) 0.014864228841
	(62,7,38) 0.095734937477
	(62,7,39) 0.524768378592
	(62,7,55) 0.36463245509
