I: (state)
	(39) 1.0
F: (state)
	(0) 0.148434441409
	(1) 0.0560766838056
	(3) 0.274157502502
	(5) 0.0694404435985
	(7) 0.000553082803548
	(8) 0.0321867886098
	(11) 0.0784503256263
	(12) 0.0696651666462
	(14) 0.124893942445
	(15) 0.149614725784
	(16) 0.0750875384541
	(20) 0.193096282023
	(22) 0.389062547887
	(26) 0.021798014346
	(28) 0.0371443792405
	(30) 0.299882443269
	(33) 0.000657330169794
	(34) 0.000889306023077
	(35) 0.0466043248153
	(36) 0.0355790066565
	(37) 0.0227755737769
	(38) 0.231186717366
	(39) 0.0623041292259
	(40) 0.0188695665283
	(41) 0.0407158800313
	(43) 0.23508323377
	(45) 0.207118134525
	(46) 0.195976962992
	(47) 0.122337926203
	(48) 0.127787620393
S: (state,symbol) 
	(0,1) 0.101310010141
	(0,6) 0.188790035756
	(0,7) 0.552665491729
	(0,8) 0.0147402418275
	(0,10) 0.142494220547
	(1,0) 0.120540063694
	(1,1) 0.113492540637
	(1,2) 0.358663174509
	(1,3) 0.0851292627487
	(1,7) 0.0758686527565
	(1,8) 0.0319376726683
	(1,9) 0.0785888799917
	(1,10) 0.135779752996
	(2,0) 0.088752608372
	(2,1) 0.0678884569807
	(2,3) 0.219544501706
	(2,4) 0.0157194626421
	(2,5) 0.00959528975002
	(2,6) 0.00760725937178
	(2,7) 0.100749175675
	(2,8) 0.0662705046568
	(2,9) 0.321559832393
	(2,10) 0.102312908452
	(3,3) 0.033871352973
	(3,5) 0.000678815715291
	(3,6) 0.3989199899
	(3,7) 0.111140758851
	(3,9) 0.357937971284
	(3,10) 0.0974511112757
	(4,2) 0.0124747584805
	(4,5) 0.0359912753176
	(4,8) 0.532046282408
	(4,9) 0.254743201647
	(4,10) 0.164744482146
	(5,0) 0.151017927628
	(5,2) 0.173863636848
	(5,3) 0.675118435524
	(6,0) 0.0739364917076
	(6,1) 0.288936576958
	(6,3) 0.0502876897657
	(6,4) 0.0791200691629
	(6,5) 0.0676594691902
	(6,6) 0.123525233678
	(6,7) 0.165241994702
	(6,8) 0.102579013711
	(6,9) 0.0487134611252
	(7,0) 0.138603633559
	(7,2) 0.329733245365
	(7,3) 0.117235193292
	(7,4) 0.0326516798847
	(7,5) 0.0336909396686
	(7,6) 0.00946875518136
	(7,8) 0.0139654015829
	(7,10) 0.324651151466
	(8,1) 0.00162526576322
	(8,2) 0.231306877046
	(8,6) 0.575373260599
	(8,7) 0.182517317528
	(8,10) 0.00917727906463
	(9,0) 0.143723006318
	(9,1) 0.365961212982
	(9,2) 0.0716295597917
	(9,3) 0.0278118064134
	(9,4) 0.0448093195436
	(9,5) 0.0553109608386
	(9,6) 0.0735454238525
	(9,7) 0.0695950650421
	(9,8) 0.0433194301293
	(9,9) 0.071185333891
	(9,10) 0.0331088811972
	(10,0) 0.316041658967
	(10,5) 0.123298595904
	(10,6) 0.137052344093
	(10,9) 0.423607401036
	(11,0) 0.209321761104
	(11,1) 0.0927930657004
	(11,3) 0.121608729288
	(11,7) 0.0286620977943
	(11,9) 0.232891066201
	(11,10) 0.314723279913
	(12,2) 0.731991178478
	(12,3) 0.106750580998
	(12,7) 0.161258240524
	(13,0) 0.0428898519656
	(13,1) 0.00307422673319
	(13,2) 0.0302188784371
	(13,3) 0.0332245991854
	(13,4) 0.0126922934016
	(13,5) 0.149379478954
	(13,6) 0.23661871564
	(13,7) 0.284110271372
	(13,8) 0.0683933809663
	(13,9) 0.024643035698
	(13,10) 0.114755267647
	(14,0) 0.237287786434
	(14,2) 0.0671144735357
	(14,4) 0.409330996018
	(14,5) 0.15342979068
	(14,6) 0.132836953333
	(15,1) 0.167784310326
	(15,4) 0.323837170963
	(15,6) 0.108705668684
	(15,7) 0.137270455683
	(15,8) 0.169587456192
	(15,10) 0.0928149381517
	(16,0) 0.0473874474445
	(16,1) 0.0250205421361
	(16,2) 0.134023511172
	(16,3) 0.185835105608
	(16,4) 0.367879374258
	(16,8) 0.0243213803537
	(16,9) 0.215532639029
	(17,1) 0.0344615901484
	(17,2) 0.317092422349
	(17,3) 0.120272047878
	(17,5) 0.0501109510042
	(17,6) 0.209389372609
	(17,7) 0.268221212694
	(17,8) 0.000452403317529
	(18,1) 0.0343941190452
	(18,2) 0.00119766108431
	(18,3) 0.0609900381851
	(18,4) 0.0774390914313
	(18,5) 0.317332265568
	(18,7) 0.113677521943
	(18,8) 0.0251229276226
	(18,9) 0.23324681228
	(18,10) 0.136599562839
	(19,0) 0.204920106692
	(19,1) 0.224380609314
	(19,2) 0.0404662113706
	(19,3) 0.1985968497
	(19,4) 0.0319899225144
	(19,5) 0.0895590235956
	(19,6) 0.131275212236
	(19,7) 0.0394922264562
	(19,9) 0.00970693524488
	(19,10) 0.0296129028762
	(20,0) 0.752097156688
	(20,7) 0.125943031899
	(20,8) 0.0977503048541
	(20,10) 0.0242095065593
	(21,0) 0.14208669179
	(21,2) 0.0451009390849
	(21,3) 0.153887521244
	(21,6) 0.173754829239
	(21,7) 0.0804050875962
	(21,8) 0.249004555417
	(21,9) 0.141018399197
	(21,10) 0.0147419764308
	(22,0) 0.0566513101456
	(22,1) 0.0895007239076
	(22,2) 0.209849124355
	(22,6) 0.189193526394
	(22,7) 0.186549831388
	(22,8) 0.193834594436
	(22,10) 0.0744208893732
	(23,0) 0.265767818991
	(23,1) 0.00801946474829
	(23,2) 0.034710832883
	(23,5) 0.328948988428
	(23,6) 0.0702618185633
	(23,7) 0.0617603337123
	(23,8) 0.0344616344204
	(23,9) 0.0129112973797
	(23,10) 0.183157810874
	(24,0) 0.196729079268
	(24,1) 0.118839018434
	(24,2) 0.0617734597503
	(24,3) 0.0659049499938
	(24,6) 0.0625368337028
	(24,7) 0.28481477159
	(24,9) 0.18215476186
	(24,10) 0.0272471254004
	(25,0) 0.0401298959003
	(25,2) 0.234432386527
	(25,3) 0.148817337948
	(25,4) 0.362649117188
	(25,6) 0.0631011612477
	(25,8) 0.150870101189
	(26,0) 0.169037461068
	(26,1) 0.12636121014
	(26,3) 0.448789050993
	(26,4) 0.0269617824977
	(26,7) 0.196918329614
	(26,8) 0.0319321656885
	(27,2) 0.397804663672
	(27,5) 0.0119908358758
	(27,6) 0.0973669903507
	(27,7) 0.038127001381
	(27,8) 0.0247754487988
	(27,9) 0.396988087894
	(27,10) 0.0329469720285
	(28,4) 0.316479990232
	(28,5) 0.338868829357
	(28,6) 0.305478892034
	(28,7) 0.039172288376
	(29,0) 0.0551581400502
	(29,3) 0.23824685017
	(29,4) 0.0294648707591
	(29,5) 0.210093935284
	(29,7) 0.227974790099
	(29,8) 0.0332798573898
	(29,9) 0.00424597376403
	(29,10) 0.201535582484
	(30,2) 0.0243337300624
	(30,4) 0.529983717703
	(30,5) 0.0962396092537
	(30,6) 0.146937231502
	(30,8) 0.0107649941134
	(30,10) 0.191740717366
	(31,0) 0.152743999574
	(31,1) 0.279457849678
	(31,2) 0.0999376074111
	(31,3) 0.113346497056
	(31,4) 0.136608055194
	(31,5) 0.211634485765
	(31,6) 0.00627150532131
	(32,0) 0.155984086084
	(32,1) 0.175598154674
	(32,2) 0.0379774038537
	(32,3) 0.229778284941
	(32,4) 0.0116880884142
	(32,5) 0.0365596701473
	(32,7) 0.0125833270642
	(32,8) 0.0506522809124
	(32,9) 0.273742338425
	(32,10) 0.015436365484
	(33,2) 0.0927455887916
	(33,4) 0.256848140505
	(33,7) 0.123624875491
	(33,8) 0.0138757456418
	(33,9) 0.401944950726
	(33,10) 0.110960698845
	(34,1) 0.386455960724
	(34,2) 0.0265662899602
	(34,6) 0.140011295686
	(34,9) 0.00121444743577
	(34,10) 0.445752006194
	(35,0) 0.0604724430391
	(35,1) 0.0361004345055
	(35,3) 0.0390230367133
	(35,4) 0.271817377143
	(35,5) 0.109300179004
	(35,6) 0.312961649364
	(35,7) 0.00747369483836
	(35,8) 0.0259050627029
	(35,9) 0.033631618787
	(35,10) 0.103314503903
	(36,0) 0.531593062881
	(36,1) 0.050993450182
	(36,2) 0.328919472761
	(36,4) 0.0413649310038
	(36,6) 0.00288290570157
	(36,8) 0.00114077801797
	(36,10) 0.0431053994525
	(37,1) 0.204904007096
	(37,3) 0.0529092986836
	(37,4) 0.114367770612
	(37,5) 0.479903601764
	(37,6) 0.0854006957726
	(37,7) 0.0625146260718
	(38,0) 0.320797760395
	(38,1) 0.231708490031
	(38,2) 0.0952821877539
	(38,3) 0.0944556071337
	(38,5) 0.0738688808452
	(38,7) 0.10135252574
	(38,9) 0.0232688520569
	(38,10) 0.0592656960443
	(39,0) 0.00845975255805
	(39,1) 0.10258923116
	(39,3) 0.153544775146
	(39,4) 0.320698208766
	(39,5) 0.0792218991355
	(39,6) 0.0516584822633
	(39,8) 0.0829030006033
	(39,9) 0.0527481932225
	(39,10) 0.148176457146
	(40,0) 0.127860618194
	(40,1) 0.198437438658
	(40,2) 0.0699425209937
	(40,3) 0.0491017636138
	(40,4) 0.0412949625425
	(40,5) 0.0242406215804
	(40,6) 0.118197285851
	(40,7) 0.0271871463846
	(40,8) 0.151907598933
	(40,9) 0.0688875242818
	(40,10) 0.122942518967
	(41,0) 0.0947940561001
	(41,3) 0.134321406883
	(41,4) 0.322882674551
	(41,5) 0.0806797412833
	(41,6) 0.267039883332
	(41,7) 0.00347498691886
	(41,9) 0.0025786492696
	(41,10) 0.0942286016624
	(42,1) 0.0631402746051
	(42,2) 0.0664600843042
	(42,3) 0.107755641178
	(42,4) 0.14141867878
	(42,5) 0.00322449583275
	(42,6) 0.21770346352
	(42,8) 0.0884836184059
	(42,10) 0.311813743374
	(43,0) 0.401401492958
	(43,2) 0.0728356230332
	(43,3) 0.00140859242837
	(43,7) 0.328742348207
	(43,8) 0.195611943373
	(44,0) 0.134814456082
	(44,1) 0.444561020456
	(44,2) 0.0456985861133
	(44,3) 0.301717695295
	(44,4) 0.0732082420533
	(45,0) 0.315944166078
	(45,1) 0.196521223194
	(45,2) 0.0525210471477
	(45,3) 0.0097039715178
	(45,4) 0.00564499702952
	(45,5) 0.124405359002
	(45,6) 0.0222456053754
	(45,7) 0.0280851489352
	(45,8) 0.0946692805917
	(45,9) 0.11387304773
	(45,10) 0.0363861533994
	(46,2) 0.838161892313
	(46,9) 0.161838107687
	(47,1) 0.0275611125561
	(47,4) 0.00491556182154
	(47,5) 0.445674148009
	(47,6) 0.039114091549
	(47,9) 0.33388650506
	(47,10) 0.148848581005
	(48,0) 0.195257713986
	(48,1) 0.179441812151
	(48,2) 0.0284874699134
	(48,4) 0.0390888240018
	(48,5) 0.186336240767
	(48,9) 0.37138793918
T: (state,symbol,state) 
	(0,1,35) 1.0
	(0,6,38) 1.0
	(0,7,28) 1.0
	(0,8,17) 0.776964670936
	(0,8,22) 0.223035329064
	(0,10,1) 1.0
	(1,0,27) 1.0
	(1,1,26) 1.0
	(1,2,34) 1.0
	(1,3,42) 1.0
	(1,7,30) 1.0
	(1,8,18) 1.0
	(1,9,16) 1.0
	(1,10,19) 1.0
	(2,0,38) 1.0
	(2,1,18) 0.0570596951769
	(2,1,22) 0.942940304823
	(2,3,1) 1.0
	(2,4,36) 1.0
	(2,5,10) 1.0
	(2,6,21) 1.0
	(2,7,11) 1.0
	(2,8,44) 1.0
	(2,9,33) 1.0
	(2,10,43) 1.0
	(3,3,15) 1.0
	(3,5,42) 1.0
	(3,6,3) 0.710997298235
	(3,6,15) 0.289002701765
	(3,7,9) 1.0
	(3,9,33) 1.0
	(3,10,19) 0.252979683249
	(3,10,25) 0.747020316751
	(4,2,28) 1.0
	(4,5,7) 1.0
	(4,8,6) 1.0
	(4,9,27) 1.0
	(4,10,17) 0.465065706178
	(4,10,30) 0.534934293822
	(5,0,33) 1.0
	(5,2,3) 1.0
	(5,3,16) 1.0
	(6,0,5) 1.0
	(6,1,14) 1.0
	(6,3,1) 0.426131694369
	(6,3,8) 0.573868305631
	(6,4,0) 0.410870971722
	(6,4,27) 0.589129028278
	(6,5,46) 1.0
	(6,6,0) 1.0
	(6,7,45) 1.0
	(6,8,45) 1.0
	(6,9,39) 1.0
	(7,0,45) 1.0
	(7,2,35) 1.0
	(7,3,4) 0.84499323589
	(7,3,42) 0.15500676411
	(7,4,11) 1.0
	(7,5,1) 1.0
	(7,6,43) 1.0
	(7,8,28) 1.0
	(7,10,48) 1.0
	(8,1,30) 1.0
	(8,2,26) 1.0
	(8,6,22) 1.0
	(8,7,27) 1.0
	(8,10,23) 1.0
	(9,0,12) 1.0
	(9,1,30) 1.0
	(9,2,48) 1.0
	(9,3,38) 1.0
	(9,4,2) 1.0
	(9,5,23) 1.0
	(9,6,13) 1.0
	(9,7,0) 0.874647242159
	(9,7,30) 0.125352757841
	(9,8,48) 1.0
	(9,9,2) 1.0
	(9,10,14) 1.0
	(10,0,36) 1.0
	(10,5,20) 1.0
	(10,6,41) 1.0
	(10,9,35) 1.0
	(11,0,25) 1.0
	(11,1,14) 1.0
	(11,3,43) 0.0140449269391
	(11,3,46) 0.985955073061
	(11,7,30) 1.0
	(11,9,45) 1.0
	(11,10,2) 0.0838221517784
	(11,10,14) 0.916177848222
	(12,2,38) 1.0
	(12,3,38) 1.0
	(12,7,10) 1.0
	(13,0,19) 1.0
	(13,1,27) 0.991952182788
	(13,1,28) 0.00804781721221
	(13,2,24) 1.0
	(13,3,32) 1.0
	(13,4,41) 1.0
	(13,5,36) 1.0
	(13,6,0) 1.0
	(13,7,37) 1.0
	(13,8,11) 1.0
	(13,9,44) 1.0
	(13,10,42) 1.0
	(14,0,37) 1.0
	(14,2,7) 0.448736568094
	(14,2,23) 0.551263431906
	(14,4,11) 1.0
	(14,5,8) 1.0
	(14,6,46) 1.0
	(15,1,31) 1.0
	(15,4,44) 1.0
	(15,6,26) 1.0
	(15,7,18) 1.0
	(15,8,22) 1.0
	(15,10,15) 1.0
	(16,0,30) 0.521477086314
	(16,0,41) 0.478522913686
	(16,1,24) 1.0
	(16,2,4) 1.0
	(16,3,7) 1.0
	(16,4,8) 1.0
	(16,8,44) 1.0
	(16,9,26) 0.288578126104
	(16,9,27) 0.711421873896
	(17,1,43) 1.0
	(17,2,42) 1.0
	(17,3,2) 1.0
	(17,5,35) 0.777496891946
	(17,5,40) 0.222503108054
	(17,6,44) 1.0
	(17,7,48) 1.0
	(17,8,12) 1.0
	(18,1,14) 1.0
	(18,2,29) 1.0
	(18,3,46) 1.0
	(18,4,33) 1.0
	(18,5,38) 1.0
	(18,7,10) 1.0
	(18,8,27) 1.0
	(18,9,3) 1.0
	(18,10,21) 1.0
	(19,0,29) 1.0
	(19,1,33) 1.0
	(19,2,43) 1.0
	(19,3,16) 1.0
	(19,4,41) 1.0
	(19,5,48) 1.0
	(19,6,24) 1.0
	(19,7,45) 1.0
	(19,9,6) 1.0
	(19,10,5) 1.0
	(20,0,9) 0.533932243801
	(20,0,21) 0.466067756199
	(20,7,29) 1.0
	(20,8,20) 1.0
	(20,10,15) 1.0
	(21,0,22) 1.0
	(21,2,12) 1.0
	(21,3,15) 1.0
	(21,6,32) 1.0
	(21,7,14) 1.0
	(21,8,36) 1.0
	(21,9,30) 1.0
	(21,10,18) 1.0
	(22,0,31) 1.0
	(22,1,28) 1.0
	(22,2,44) 1.0
	(22,6,26) 1.0
	(22,7,34) 1.0
	(22,8,22) 1.0
	(22,10,26) 1.0
	(23,0,5) 1.0
	(23,1,17) 1.0
	(23,2,43) 1.0
	(23,5,24) 1.0
	(23,6,18) 1.0
	(23,7,23) 1.0
	(23,8,48) 1.0
	(23,9,13) 1.0
	(23,10,30) 1.0
	(24,0,38) 1.0
	(24,1,5) 1.0
	(24,2,13) 1.0
	(24,3,41) 1.0
	(24,6,40) 1.0
	(24,7,47) 1.0
	(24,9,39) 1.0
	(24,10,0) 0.592536563779
	(24,10,47) 0.407463436221
	(25,0,20) 1.0
	(25,2,13) 1.0
	(25,3,41) 1.0
	(25,4,16) 0.344572391516
	(25,4,23) 0.655427608484
	(25,6,44) 1.0
	(25,8,45) 1.0
	(26,0,2) 1.0
	(26,1,12) 1.0
	(26,3,6) 1.0
	(26,4,25) 1.0
	(26,7,6) 1.0
	(26,8,29) 1.0
	(27,2,31) 1.0
	(27,5,26) 1.0
	(27,6,16) 1.0
	(27,7,6) 1.0
	(27,8,33) 1.0
	(27,9,31) 1.0
	(27,10,26) 1.0
	(28,4,20) 1.0
	(28,5,40) 1.0
	(28,6,23) 1.0
	(28,7,6) 1.0
	(29,0,40) 1.0
	(29,3,7) 1.0
	(29,4,23) 1.0
	(29,5,36) 1.0
	(29,7,5) 1.0
	(29,8,27) 1.0
	(29,9,21) 1.0
	(29,10,2) 1.0
	(30,2,36) 1.0
	(30,4,17) 1.0
	(30,5,39) 1.0
	(30,6,17) 1.0
	(30,8,6) 0.731005217539
	(30,8,19) 0.268994782461
	(30,10,19) 1.0
	(31,0,3) 1.0
	(31,1,10) 1.0
	(31,2,6) 1.0
	(31,3,43) 1.0
	(31,4,34) 1.0
	(31,5,17) 1.0
	(31,6,24) 1.0
	(32,0,43) 1.0
	(32,1,48) 1.0
	(32,2,16) 1.0
	(32,3,45) 1.0
	(32,4,5) 1.0
	(32,5,10) 1.0
	(32,7,44) 1.0
	(32,8,5) 1.0
	(32,9,45) 1.0
	(32,10,4) 1.0
	(33,2,44) 1.0
	(33,4,37) 1.0
	(33,7,20) 1.0
	(33,8,10) 1.0
	(33,9,22) 1.0
	(33,10,15) 1.0
	(34,1,2) 0.0280647206414
	(34,1,25) 0.971935279359
	(34,2,27) 0.503382891578
	(34,2,43) 0.496617108422
	(34,6,33) 1.0
	(34,9,26) 1.0
	(34,10,2) 0.45488728952
	(34,10,28) 0.54511271048
	(35,0,0) 1.0
	(35,1,27) 1.0
	(35,3,15) 1.0
	(35,4,30) 1.0
	(35,5,34) 1.0
	(35,6,14) 1.0
	(35,7,28) 1.0
	(35,8,14) 1.0
	(35,9,15) 1.0
	(35,10,39) 1.0
	(36,0,10) 1.0
	(36,1,8) 1.0
	(36,2,30) 1.0
	(36,4,9) 1.0
	(36,6,18) 1.0
	(36,8,25) 1.0
	(36,10,10) 1.0
	(37,1,40) 1.0
	(37,3,40) 1.0
	(37,4,28) 1.0
	(37,5,41) 1.0
	(37,6,36) 1.0
	(37,7,9) 1.0
	(38,0,19) 1.0
	(38,1,42) 1.0
	(38,2,4) 1.0
	(38,3,44) 1.0
	(38,5,8) 1.0
	(38,7,34) 1.0
	(38,9,27) 1.0
	(38,10,45) 1.0
	(39,0,30) 1.0
	(39,1,43) 1.0
	(39,3,36) 1.0
	(39,4,40) 1.0
	(39,5,32) 1.0
	(39,6,32) 1.0
	(39,8,8) 0.582642207322
	(39,8,19) 0.417357792678
	(39,9,48) 1.0
	(39,10,42) 1.0
	(40,0,21) 1.0
	(40,1,18) 1.0
	(40,2,7) 1.0
	(40,3,28) 0.868120208122
	(40,3,37) 0.131879791878
	(40,4,36) 1.0
	(40,5,36) 1.0
	(40,6,2) 1.0
	(40,7,36) 1.0
	(40,8,17) 1.0
	(40,9,31) 1.0
	(40,10,7) 1.0
	(41,0,40) 1.0
	(41,3,4) 0.708370702678
	(41,3,9) 0.291629297322
	(41,4,43) 1.0
	(41,5,0) 1.0
	(41,6,2) 1.0
	(41,7,16) 1.0
	(41,9,4) 1.0
	(41,10,12) 1.0
	(42,1,10) 1.0
	(42,2,26) 0.531091745036
	(42,2,28) 0.468908254964
	(42,3,23) 1.0
	(42,4,13) 1.0
	(42,5,38) 1.0
	(42,6,34) 1.0
	(42,8,32) 1.0
	(42,10,12) 1.0
	(43,0,13) 1.0
	(43,2,20) 1.0
	(43,3,36) 1.0
	(43,7,28) 1.0
	(43,8,17) 1.0
	(44,0,36) 1.0
	(44,1,12) 1.0
	(44,2,26) 1.0
	(44,3,43) 1.0
	(44,4,18) 1.0
	(45,0,26) 1.0
	(45,1,22) 1.0
	(45,2,15) 1.0
	(45,3,48) 1.0
	(45,4,37) 1.0
	(45,5,10) 1.0
	(45,6,47) 1.0
	(45,7,38) 1.0
	(45,8,13) 1.0
	(45,9,5) 0.15775930883
	(45,9,40) 0.84224069117
	(45,10,42) 1.0
	(46,2,28) 1.0
	(46,9,12) 1.0
	(47,1,37) 1.0
	(47,4,48) 1.0
	(47,5,48) 1.0
	(47,6,9) 1.0
	(47,9,31) 1.0
	(47,10,13) 1.0
	(48,0,19) 0.883217272023
	(48,0,35) 0.116782727977
	(48,1,1) 1.0
	(48,2,2) 1.0
	(48,4,10) 1.0
	(48,5,42) 1.0
	(48,9,34) 1.0
