1000
9.67526822478e-15
1.20675692532e-17
5.14145540866e-14
1.3344797855e-05
0.000136263821167
6.95492787465e-18
3.15315389862e-17
1.57246874644e-15
6.69116832781e-18
5.30672297842e-51
0.0106041598388
1.97989802598e-07
2.45080315306e-11
0.271884916323
4.0184333829e-32
2.71802381139e-15
1.99369497799e-06
0.00358860777885
4.41668273367e-08
2.44304532154e-05
5.8892398506e-10
3.94177063208e-06
1.21888786567e-09
1.64919736e-07
0.0275820574484
0.0247621725305
4.46862033043e-10
6.30250268616e-08
3.34753693172e-05
2.31524233978e-07
3.14968731718e-07
3.01458172591e-09
2.61573823592e-27
1.78030731365e-14
2.47140669747e-08
5.30751478329e-10
0.0187436554462
1.01039874579e-07
5.31113572032e-10
3.67784196898e-29
3.55865414735e-13
1.20832246444e-16
1.89541401179e-12
1.23463106329e-18
0.0986855846951
0.0163377796247
1.24862337358e-11
2.354846279e-13
1.53536372731e-06
1.11691935522e-34
0.000527050636876
5.32153585586e-09
6.26725156906e-12
0.0297654707058
4.96203707268e-10
2.15752699825e-13
5.71842173806e-05
3.3448836264e-28
3.79788948423e-14
3.68941315709e-08
6.42215386703e-07
6.70229349728e-09
1.15650277675e-06
0.000631822715372
1.72832590894e-10
5.47604725338e-09
2.87779461812e-11
9.14507700238e-14
1.59827838977e-12
1.10432168876e-12
4.47503658003e-07
1.79599082673e-22
4.78047612228e-14
6.6299827929e-05
0.00727418374758
3.8458419058e-05
5.56284364483e-17
1.24056088126e-12
0.000186168758645
3.48088738039e-14
1.65599953119e-23
2.86096238805e-10
4.28652087649e-21
4.51924462547e-18
1.72778641604e-07
2.52189630614e-08
0.00764756719548
1.13313268861e-68
0.000664801389451
1.35743666618e-07
7.16814518567e-07
5.56807908325e-07
0.000491951352405
0.00170537839687
0.0597685350944
0.00696173022044
9.98865291159e-10
2.97803304986e-06
3.51628393095e-09
3.85165898443e-05
6.71284260892e-35
3.43538307229e-11
0.006361801689
3.16943838555e-32
3.80065167783e-06
6.73508721685e-07
1.50119722659e-06
2.14006333242e-06
2.43972976695e-05
3.41469004121e-06
1.17771627508e-11
4.84418000789e-08
1.62893709983e-06
0.000289564661337
0.000475307808326
8.29168829158e-23
2.8713229284e-06
2.06730142966e-51
1.37951804799e-30
0.000977483651499
0.0131710508799
5.01969326845e-05
3.62876971295e-18
1.65332211668e-29
1.0646285e-13
7.37383955909e-37
3.5933595793e-37
6.31692172313e-08
3.52810917831e-09
2.80548350897e-22
1.15663897612e-15
0.000590122945672
6.02863580563e-07
3.23396305769e-20
0.00296896174721
7.22829511344e-09
0.000905631126721
1.99311202477e-08
9.77888230059e-10
0.00968418115206
7.33785688911e-13
8.29533780634e-25
0.000306199883028
0.000938193987993
2.96865195152e-12
1.65696548572e-06
6.70654949607e-11
1.38938213565e-07
3.29290535347e-20
1.0841749811e-22
9.34678787243e-16
1.37658559211e-22
7.80605954552e-10
4.50194462998e-10
5.22761021853e-07
2.92960329555e-05
1.1462955105e-09
1.36850971813e-05
2.68378182856e-10
2.02108009574e-13
0.000585864708647
9.63227209209e-07
3.64919082051e-20
2.94629919415e-10
1.84746301343e-15
3.26852343053e-26
2.00820458383e-06
4.43997813741e-08
1.4096099697e-25
1.64741445787e-08
6.86596502618e-10
0.000138168121647
1.11072481128e-18
3.05577779541e-31
0.00286633595883
0.000533148092895
0.000191193714647
1.02990882378e-18
1.45915003277e-05
3.02766815249e-06
0.00158413766996
0.0223542008546
0.00126833730014
4.08226378914e-12
1.00893372294e-25
5.41612597562e-05
6.17562413734e-27
3.96253555356e-08
1.27896254641e-10
5.83474593067e-05
1.94491162466e-11
2.24428742828e-16
1.54848170011e-09
8.97047136305e-07
7.78021446907e-08
5.36246600015e-05
2.96651520469e-17
3.42098251137e-27
0.000175204303591
9.71934844833e-14
0.00072610782525
2.30311594756e-07
0.000407875088053
5.06203174848e-19
8.56365171579e-09
1.49708621835e-10
0.00275074535828
9.79326530499e-17
4.1812045167e-14
0.00290475923758
4.75488060057e-37
0.000452765655068
1.05829487927e-05
3.85894081877e-20
4.73360710145e-11
1.91664394629e-07
2.44568435994e-13
1.30099549409e-08
2.34034714582e-44
3.52089077354e-07
3.32980098436e-07
1.01700008993e-08
0.000747340850396
0.00910045691489
8.99047654053e-18
2.44295757849e-20
6.16102780006e-11
0.00014046807193
0.000113893064312
2.29235301611e-27
2.47974513871e-09
1.01987528159e-06
0.00392098337171
0.00451610461751
1.52895681466e-10
0.000366015715857
1.30471968212e-11
1.03490457776e-11
1.08498975815e-19
1.74363264526e-17
0.00119031295372
0.0103809951541
9.52961248027e-06
8.46246834706e-06
1.93729315791e-12
1.22700333496e-18
4.23633672342e-18
1.86379051753e-07
0.000310846511474
3.00984711125e-31
1.48422538371e-17
5.21550771989e-10
0.000142368074268
1.85296799506e-12
2.35797531645e-54
0.00454159235461
3.83874807072e-15
1.0542755605e-34
1.6500561519e-14
2.00363410876e-09
9.65903252712e-11
0.00124540617019
0.0119848341471
3.05572118953e-15
7.78591780967e-19
5.22412947027e-09
2.0921286432e-14
0.010060024516
9.87361829229e-08
5.65184556722e-11
2.51820512837e-11
1.41065348602e-08
1.22684426687e-12
9.67149508816e-07
5.74340749117e-08
6.19697976521e-10
2.39761368846e-08
2.56337518394e-05
1.24795345784e-05
3.62440426184e-34
0.00016867083366
4.58530010156e-08
1.24320474957e-10
4.78580972656e-13
0.000339042876728
9.55106892597e-05
0.000534748936513
0.00451566681404
5.72591809312e-07
8.68442767207e-30
3.066617274e-19
2.64767025719e-10
0.000483050082372
8.52074534726e-07
9.08186784797e-10
1.97117117027e-05
9.74793046068e-10
1.56409256079e-09
9.49610234829e-25
1.08797015505e-05
0.000471988742779
0.00183156968994
1.17128679872e-19
1.00444086647e-05
3.90491916535e-13
3.34959034901e-12
1.62464366841e-10
9.97297406625e-05
2.93690101662e-25
1.15942982183e-11
1.69506986551e-08
7.59479267377e-14
4.06448993457e-25
1.2254118165e-13
8.49848823596e-06
6.93554604675e-35
1.46599106765e-18
1.49566785149e-24
0.000715325633908
0.000123477332138
6.62997536297e-16
8.74715002743e-11
5.10152681652e-05
5.15190397549e-07
1.6161335939e-12
0.0183795822169
0.000859861758224
3.36180363167e-05
1.23466790932e-07
1.84122734894e-20
4.78666560804e-05
6.10117682722e-25
0.0154277518926
9.39706474239e-08
1.07830587785e-05
5.94896398598e-06
8.45623949417e-18
0.00141233373306
0.00301161911302
9.65574040086e-09
2.75541110865e-06
0.00405396113981
2.86277611243e-08
8.28451462871e-16
0.00027115697428
1.86218261807e-09
5.41324628216e-26
1.06940566862e-16
0.000581610537868
1.02143777357e-19
0.000210765209887
9.98456785942e-09
7.67261958773e-10
2.63643049292e-21
1.46224858274e-06
0.000451995584768
1.60716748824e-18
4.26922037641e-21
5.31944605088e-05
4.20745214704e-09
3.75259400489e-13
1.00820119506e-24
4.04545166735e-13
2.24488992029e-14
1.55687064442e-28
1.3915063413e-20
8.3830651582e-09
7.48782504959e-23
0.0025837311719
8.16155371342e-15
3.1913939635e-12
0.0428216233481
0.000286606653423
2.19572499082e-07
3.67585640278e-07
3.07399101161e-18
6.08867616559e-11
2.24681273617e-07
8.27130974939e-22
9.0133988976e-18
6.38525309344e-28
3.10107294728e-46
2.5499967235e-06
0.00172210930171
1.61923094105e-21
2.22283223265e-07
2.23321536563e-06
2.46989018195e-18
3.80980773438e-11
1.08856636291e-09
5.61475686306e-52
2.82214670938e-17
6.54476265434e-07
8.70902363488e-16
1.63523132417e-38
2.10711951229e-07
6.15719208739e-06
4.33619987621e-23
7.10850866166e-05
2.07902244348e-14
6.54810634194e-15
1.56592576806e-13
8.9164324757e-16
8.1518672022e-06
4.60531818786e-32
8.1655632196e-13
4.7796046785e-29
0.00136130162198
2.10161533501e-31
7.02683288923e-08
0.0019439443144
3.02657135768e-11
3.69669336104e-07
7.06020043956e-16
3.24698533504e-13
2.51721567537e-22
4.01784820107e-26
4.03313627408e-10
2.1511171991e-08
1.54417967115e-11
0.000844570860934
0.000162350558638
0.00321448506104
1.94121393983e-13
8.74014258827e-23
3.47028952814e-06
6.51723743548e-15
3.45603667395e-12
2.87973896522e-05
6.14793321012e-10
8.3572150454e-25
5.19448540982e-09
0.00635917900562
9.25707790472e-17
1.11829872399e-14
8.8817834144e-05
9.97756440765e-12
1.08328363613e-30
4.35542001789e-05
1.63928796858e-10
0.000114503482286
1.25355671222e-09
7.90319730593e-24
0.000785263251307
0.000545296572947
4.34438188268e-14
1.97405147332e-13
7.56306269658e-05
3.91636612048e-23
0.000121055726823
8.19564608634e-07
3.24580062619e-13
1.46244323504e-29
1.52429457645e-10
1.06638370523e-23
0.000306606607684
4.53061311159e-16
3.82527262926e-15
5.7899075987e-27
4.08985097763e-07
3.22569424739e-15
5.61902134071e-34
0.00145844978136
0.00371414144906
2.61385701225e-08
4.70613564229e-17
2.69872595807e-11
0.00017735751995
4.16806360041e-07
1.106735664e-11
9.9159410334e-05
7.07922486647e-21
0.00231135645733
7.50123643378e-10
4.23578326609e-34
2.48555443241e-10
1.87061989479e-06
1.74380685679e-07
4.68543066299e-11
1.84853412002e-25
3.33049269785e-20
1.27300342553e-06
1.18988237318e-24
4.45006589999e-18
4.50336226243e-33
8.81988277126e-12
1.16928090351e-05
4.89414418286e-26
0.0118871429527
1.12849306713e-08
4.40308952839e-05
5.42150027127e-10
2.16964440287e-21
0.000774580486106
2.5335427783e-07
2.03845847799e-05
5.96202594308e-24
4.0340145689e-10
1.4143290468e-45
8.13906778072e-11
2.2293683565e-21
8.27109464856e-05
0.00179746972591
6.86529039053e-07
4.36112649651e-08
9.72291031097e-11
2.70141286055e-05
1.70560884337e-05
1.61777178244e-09
1.15045980452e-14
1.00431948113e-16
2.39401501055e-15
3.27567551847e-22
7.12546977011e-07
5.11212382555e-12
0.000182057047772
3.51832966105e-07
3.3203859111e-22
1.73491288711e-15
2.85025127245e-16
6.72113901307e-14
1.95704461243e-18
0.00065439185704
1.58417694141e-31
3.66876388948e-08
9.29172282384e-39
3.68715885565e-05
0.00656328312539
1.10269975943e-16
0.00496472070818
7.89602175348e-06
1.72174424156e-14
0.000140467336736
6.92457182897e-15
0.0043408737495
3.66696063128e-10
6.77005342298e-17
1.16047703456e-15
1.40887113204e-13
2.36975983792e-13
1.80864713673e-28
4.02132987438e-07
6.74314197714e-17
1.16659369616e-05
0.000367058623707
1.01064779578e-06
5.98268345057e-29
7.33571876493e-21
2.77283847717e-18
1.09476639296e-06
3.90410317941e-06
2.56052499936e-13
1.460543734e-14
6.50861318823e-10
2.35629981203e-05
1.11570195052e-10
2.70399174201e-06
1.45915422052e-11
1.91983657876e-27
1.15644514358e-07
0.00379018699114
2.35310284918e-06
1.98969058981e-10
2.92470188659e-06
4.6444758297e-09
5.33294022761e-10
3.05514715812e-08
6.45349277469e-11
1.31918203999e-05
1.70904338544e-16
4.0215035917e-08
7.11298129937e-06
3.53029670604e-15
3.30081533541e-08
3.443584306e-05
2.3602332176e-23
1.1451408712e-07
5.53714084724e-06
8.91742569751e-08
6.65846241838e-09
5.19172057063e-29
4.19206927665e-29
5.81329014412e-06
1.31984559641e-07
6.04089340884e-11
0.000911481803807
1.08555417701e-07
1.75695715228e-19
1.5610121938e-08
6.49889532942e-09
3.62256882077e-08
3.67935650502e-08
6.62802486692e-21
3.69976745352e-07
3.3876036362e-05
6.69421994611e-24
2.83643178681e-05
0.000128914566798
2.13163628548e-10
6.8962070402e-07
2.05331240802e-11
4.3752043592e-39
3.73111133518e-15
1.79468922234e-24
1.87131882415e-06
1.95417761076e-10
0.000315747996459
5.16795261397e-12
3.37291010333e-08
2.91755003858e-10
6.61054441415e-05
4.18177425049e-15
0.00621131041465
3.75519946197e-26
2.04407849059e-18
1.6441424344e-09
1.61136573854e-05
3.26194553875e-12
1.36964186507e-10
2.22803314183e-06
1.87213015134e-08
4.3358944792e-06
1.76556264355e-30
1.03574932061e-21
0.000508860311831
1.2016913619e-19
0.000304463590353
0.000148726798843
9.23763048746e-11
0.000455723084815
0.00241959956777
9.73732029257e-16
1.61634472799e-14
1.31295170703e-33
4.98757323959e-09
1.07950315614e-18
9.24361084135e-07
0.000308851758154
3.91875878019e-25
8.76879544243e-41
1.90032357068e-06
2.68378643204e-18
6.5668655508e-06
2.52312920114e-13
0.000154690733327
1.72096104006e-11
0.000416476266091
1.20165205431e-20
0.000185022728789
9.89298388153e-08
5.53350072511e-09
1.92254995043e-22
5.72033184601e-09
9.64525280065e-26
1.01058876081e-08
5.75191109179e-06
1.64878185817e-13
1.07975206547e-05
1.60918748517e-09
1.53628407239e-14
1.64412892174e-05
0.000459296301522
0.00332984850919
1.00772032806e-07
1.12009107097e-13
9.79615554614e-06
4.25215364977e-08
1.20974488973e-09
1.44958238781e-05
8.01835928842e-12
6.61292476625e-08
3.28022039219e-07
0.00222844893526
7.99512038953e-06
0.00111349389485
0.000648976017975
3.05019833493e-08
2.2713878294e-05
1.13804710352e-05
0.00389946424424
1.46662297974e-05
1.58508781827e-08
1.14659953562e-10
0.000819898684814
4.10601964065e-19
5.44987014916e-11
0.00670370620492
3.66946854783e-07
3.79497027768e-30
4.25887951481e-08
7.04817755455e-20
5.77956147012e-26
2.70554896849e-05
7.76990440271e-21
3.76746539291e-32
1.13033132918e-05
3.06350289801e-28
8.12411606631e-11
1.23879427599e-22
5.11526336241e-13
9.34569792918e-07
0.000186788154529
0.00054869316757
0.000473524336706
6.76268416696e-21
1.01664051036e-11
1.06190476714e-18
6.69190689773e-21
2.55804616984e-07
1.90289385322e-10
5.90399899341e-06
1.24397219567e-14
1.50659642572e-11
9.6437194873e-08
2.56947895984e-05
1.18319165662e-10
1.0464220216e-11
2.57817880449e-08
0.000409784184562
6.40623270368e-06
3.79103556094e-05
1.33182024741e-09
8.84430300922e-10
4.04537973386e-18
1.09484938593e-19
0.00120387417667
4.42964270446e-13
2.53040916007e-25
3.50177717962e-07
4.63846196231e-05
1.7976188444e-10
0.00075625205737
3.79965615902e-06
1.05150558625e-15
4.95975958797e-27
1.1273880849e-15
2.90304215687e-15
6.94946853172e-07
2.59639129975e-06
0.000390054771857
6.58275036778e-08
1.03969996286e-16
1.62175539066e-06
0.00243110863679
3.44035429413e-19
2.71783579662e-09
7.94167400945e-19
2.07848411439e-11
0.00366027031318
5.1922201581e-16
1.25628652346e-12
6.97994798427e-11
0.000172804418511
1.80146683754e-48
1.26406923177e-15
7.54862215673e-09
1.41741480441e-05
5.84568238221e-17
8.48685346897e-16
7.00761764037e-17
1.13364189742e-09
1.045218488e-19
3.10582923254e-11
1.68891950495e-22
9.70982109512e-21
4.5158152928e-20
0.0011259418511
0.0025532860802
0.00669432866079
0.000701179770102
0.0006370637869
9.61873695543e-14
6.39867946875e-29
0.00326393727822
4.21202604033e-05
1.20157523558e-16
0.00452698443586
1.19795201064e-21
1.97706867225e-05
1.19112269851e-14
2.5280586118e-14
2.61506296525e-05
3.01756912421e-17
6.51894818917e-11
2.77040021973e-06
3.83272526886e-23
2.39287842193e-06
9.7073866746e-05
5.32644964718e-05
7.82973411349e-15
7.07100951595e-05
1.12354818396e-54
2.35097151783e-13
2.62757371283e-12
0.00035411827193
4.75045792359e-05
0.000831683322945
4.05641063241e-12
5.89060777528e-08
5.80941751183e-07
3.09650343746e-43
1.61803162317e-23
4.8500249834e-15
0.000122617953861
1.10533009212e-48
6.11364703595e-06
1.39375184227e-33
5.10094461719e-18
8.52962977232e-29
6.37938021083e-06
2.87090297987e-14
2.91106800331e-55
4.7732326612e-11
6.25975337203e-34
2.72445935909e-11
1.91040552583e-05
9.05697628344e-09
2.47773250178e-06
1.07335551674e-12
5.43189397188e-18
4.10775394921e-05
5.2910404304e-14
1.13870878016e-07
0.000369349294018
1.37443298218e-12
2.0786132243e-08
8.47802795671e-14
1.25215617562e-09
6.18892545956e-18
5.7855596863e-09
6.04834411863e-20
0.00508487760899
2.16439491832e-07
0.0036220083066
1.6889878416e-10
9.98847033044e-09
5.29537053098e-05
6.26083464014e-10
2.21572827214e-22
1.79952478744e-15
1.50757451468e-14
0.000594710851574
2.08169227585e-11
1.79554825233e-08
0.00766908114828
2.91632493719e-12
2.32830552037e-05
2.01045073912e-13
8.38484795782e-29
1.11980011314e-16
1.14393329509e-09
4.47950965238e-08
0.00505775661462
0.000515648096952
1.17049174627e-15
4.09998613356e-05
2.53983618887e-06
5.61272504831e-07
0.000174482529355
9.43736781413e-23
2.35020576226e-06
9.5511592056e-30
6.90703829869e-08
0.000417601907246
3.07148078459e-07
2.31628169044e-11
1.43819334507e-11
2.40407510054e-14
5.87403237466e-14
1.00231437388e-22
9.65013162525e-27
0.00775128809184
1.92820134561e-19
0.000127718171928
4.59440807853e-09
5.54821772185e-06
4.60127998297e-10
1.61427547966e-06
3.69631526928e-10
9.06046350339e-17
1.70820510947e-17
2.06892321065e-07
1.68395949666e-05
6.81600320682e-10
1.13570960043e-11
7.59687510895e-09
1.33419820998e-10
1.09038444698e-33
1.32616110183e-11
3.07065002538e-05
1.38749630213e-08
1.2146017254e-08
9.47916166117e-05
1.58518424797e-16
1.04691933172e-17
3.47976392885e-18
2.20462008694e-21
3.01010725022e-14
2.41795069239e-05
0.00410958303035
8.75151974958e-16
6.47002685775e-10
2.83696000963e-06
1.16770378852e-21
2.11627758735e-15
6.77320510984e-26
6.08398670361e-23
7.12380948636e-14
1.28116719901e-21
1.40762760475e-28
8.3770406423e-10
8.68532082385e-10
0.000249255547831
5.05173091177e-07
1.59513303412e-48
2.50427673792e-26
1.63045616533e-16
3.23891122856e-13
8.07203517385e-15
2.46708127768e-18
8.07952765615e-20
2.58599224042e-09
4.38625255597e-05
0.000181082209886
9.81893600158e-13
1.78710368316e-09
9.67735463208e-25
1.2970942865e-11
8.09787097927e-19
3.21655017778e-16
6.72731073304e-32
1.15910665164e-06
3.38967421902e-13
8.74147075962e-05
5.18497257529e-32
2.75182645304e-07
1.43494450508e-10
8.71823604631e-11
2.02488190404e-12
2.1216013989e-18
0.000125697970006
1.15252799743e-23
1.52833279656e-07
1.60785685264e-13
1.24369691352e-10
1.21508875059e-16
1.51724919234e-06
9.92958934934e-15
9.14820582593e-06
1.91197531288e-07
4.19102060393e-07
9.75661852792e-15
0.00114021573474
0.000831888615765
8.09043235883e-06
3.70901017592e-07
1.14942897628e-14
2.0589409679e-49
9.9781864472e-06
0.00304181268671
8.88762196359e-06
5.08486621631e-14
2.55568315964e-08
6.84314675629e-06
1.74057484901e-17
7.51677293209e-10
0.000897349407715
5.88484404505e-12
1.60120035631e-15
6.5385165851e-08
9.13897527029e-08
1.12620950941e-06
3.44054435159e-05
4.10928727863e-14
1.49684775668e-08
1.04444149062e-06
0.000579848361954
0.00132931343604
7.3403122774e-14
9.04038785699e-05
0.0030538036509
1.05286524535e-06
1.51103999382e-21
5.4123982664e-29
6.33329368108e-19
0.000757859322255
1.52429400719e-14
6.0997412836e-27
0.00215289830182
3.34125963145e-14
1.46422326861e-07
1.46120168078e-14
6.26368864857e-23
0.000288596117555
5.1405224223e-09
0.00294454559365
2.09412982227e-09
7.87658938939e-09
0.000307939313094
2.81398358587e-44
