1000
4.48189224156e-09
1.70946837364e-53
6.36958242371e-32
1.92064635395e-07
0.021782506236
0.00097961222206
5.94605144399e-41
5.81216556747e-12
4.35405593704e-39
1.47580123371e-23
6.53191281754e-23
6.01576888767e-25
1.20432431693e-08
6.59948673096e-08
0.164793199248
1.12565103496e-28
2.24336408389e-47
6.2487778191e-17
0.00151946116968
2.19982804417e-14
1.73849709479e-06
1.15965658455e-17
2.25413367995e-14
1.37042767275e-48
0.0434900761587
2.36187289559e-28
2.60323519726e-14
3.16335612347e-25
8.59552920961e-08
5.50526927142e-09
8.90008345635e-40
0.000888461662273
1.14077154599e-30
8.22639185116e-10
2.8855045074e-59
0.0088778746932
6.05112865188e-41
1.70730454363e-25
5.10649082117e-22
2.70493945789e-07
3.39167626305e-26
3.03143279376e-27
1.01925154034e-05
5.87560651647e-62
2.54164531685e-09
2.54394993217e-43
6.58759663534e-18
1.10621577986e-17
1.50616920044e-09
2.84355715391e-24
4.43000348241e-15
2.70200038492e-10
2.1439489431e-16
3.28292589776e-30
1.15701740741e-07
1.17458818494e-18
0.0223191340958
9.90056335166e-18
5.46847071203e-18
8.96515777965e-53
0.0749547293937
0.000365601510597
4.70393715765e-05
3.35358024996e-24
1.49520506294e-37
5.12114286866e-11
1.34021578535e-06
1.25971800344e-60
6.45736288444e-18
1.74206390234e-10
8.12291253894e-06
1.17839714141e-11
1.39571960925e-05
2.81493355427e-18
5.02945421924e-08
1.16551139412e-11
9.85170299165e-17
0.000160722560146
2.59911023881e-10
3.48653690324e-13
3.32550447721e-09
0.000763845234549
0.00343637572613
4.15494708941e-48
1.74096842764e-14
0.000127528277467
3.3789991581e-10
2.46007310505e-19
1.59020276015e-08
8.21981442353e-09
5.55479088521e-38
4.10915550716e-12
6.58370041937e-11
7.0898786494e-18
6.23110268989e-09
6.86697841506e-23
2.64662941164e-26
3.9863890081e-24
1.00035213924e-11
0.000255794777693
4.72564405057e-52
1.18095202398e-05
3.85032785177e-13
0.0751529322807
1.23372470043e-08
1.41735949475e-21
2.6587571154e-18
4.04268925299e-12
6.10303950747e-48
4.17678392022e-08
1.06399255421e-10
0.00177804335111
5.62470616581e-08
5.11941559115e-09
0.00119591394618
1.40755812772e-09
4.53545362043e-08
1.83610722825e-33
2.48147897214e-16
3.38509869919e-27
0.000384474867883
9.3594113881e-20
1.39104573502e-27
4.37320665063e-09
2.40158881958e-14
6.59229594737e-18
7.51048304302e-52
2.9516482535e-11
1.57581765492e-21
3.81570439902e-28
0.00161682707673
5.49608162103e-15
0.000147521374383
4.67472902308e-07
3.42436878483e-06
8.84623057132e-08
1.47693248872e-57
1.94104202903e-13
7.5817676792e-08
1.05921131079e-43
1.5947978663e-05
1.81700315654e-07
2.31379405544e-11
1.05576350541e-62
8.55478012801e-64
0.000553933157569
1.94463453213e-08
1.05868747177e-08
2.38498698295e-06
0.0611102057914
5.6665932747e-15
7.46963710097e-08
6.41463387702e-11
8.95052043258e-14
1.82909763355e-19
1.02224240919e-27
4.39667127172e-11
6.27915306603e-22
3.27267200376e-10
7.78614886473e-14
4.99942112303e-17
0.00213224646762
3.81104788382e-25
0.00191649149669
4.5487969979e-15
1.20967528268e-26
4.39993059033e-16
1.5328081804e-18
0.00328115924887
2.79347392376e-32
4.90920216076e-27
8.57476567195e-16
3.10081681006e-18
3.47620699668e-22
3.4867691717e-19
1.02070644435e-05
0.00864336008918
7.93093562472e-16
5.35518789572e-52
1.15301922698e-12
3.57470321981e-26
1.11827793902e-18
3.11679546097e-07
3.46381205949e-08
0.00102524398751
8.54291069659e-24
1.02991611905e-11
0.000262552433347
6.65239243215e-09
1.79118000948e-07
0.000142979170639
1.68401860707e-07
4.9405840908e-06
5.7189496203e-08
1.41961184436e-06
3.72171245371e-06
3.94872838288e-41
4.2363941366e-22
2.21603063651e-16
0.00049524972932
0.00565206592638
6.09145360104e-42
3.86487132608e-05
2.32718751531e-08
0.00156254711448
9.44655757329e-13
1.30819929348e-07
0.016588322636
7.88739173295e-14
5.50490249224e-38
3.83976382505e-51
9.75750858639e-07
0.0630024448389
1.11761785064e-08
3.79386185818e-06
1.87555820954e-25
9.49894484791e-18
4.38758009849e-38
4.99667816868e-13
3.1657666938e-07
1.39471769551e-16
6.04088025621e-40
1.23704550114e-12
6.56318001171e-15
4.02299626291e-63
6.46037149059e-14
8.09249460898e-64
1.18571818098e-11
9.09791215099e-31
2.8270232778e-22
3.74270986285e-10
9.47721709468e-31
3.89298037772e-34
4.17868803875e-20
8.29499603237e-14
1.21645294829e-11
1.55375936676e-10
1.63556685609e-07
6.79670564593e-19
2.86608060488e-11
4.7596979869e-09
6.47783560212e-05
1.44540194139e-28
1.14565670761e-06
2.66757124951e-23
0.000196510721986
3.54621708621e-09
0.00011931121197
1.00898570494e-09
1.60222874423e-19
1.0025470153e-09
1.00074709765e-13
2.72349711889e-15
1.98707116908e-07
3.15216678704e-16
1.64822235579e-17
7.06484642561e-14
2.8536956951e-32
3.46379264014e-38
1.08233549948e-06
0.0128886942403
1.07060497974e-27
5.39347186959e-27
0.00098075726902
4.74711668088e-24
3.19832032026e-28
1.83049099618e-89
1.3800691868e-08
0.000601582871659
3.01496782388e-05
1.04859811647e-14
3.72591675223e-23
3.93483470974e-19
1.51373871702e-31
1.91691269254e-34
0.0416728091233
2.33586722295e-11
2.47706978559e-12
1.33861257187e-24
2.78064844267e-15
5.24638269714e-05
9.27426816704e-10
0.0321941227652
8.92312931687e-15
4.40555966876e-07
4.39537698325e-17
3.4443140069e-61
1.56099735763e-06
4.79862179608e-06
3.12906758098e-42
1.09242996096e-14
1.27421616913e-05
1.74265254993e-38
2.69306410557e-07
3.80154968691e-06
7.99151866639e-12
3.68745735617e-22
5.36811166758e-27
3.63299351899e-12
7.53993204026e-41
1.61934139197e-10
0.00871715416793
7.84856892581e-13
0.00941431699888
1.85414088521e-17
1.30229506625e-09
1.60986243842e-34
4.80770811725e-22
1.4470885087e-07
2.93281902597e-33
4.67054487699e-22
4.17202381804e-25
2.96826550476e-09
0.00654332645494
1.11476883838e-08
6.72807447432e-37
6.56586876609e-22
1.46099923198e-11
1.23182200969e-09
3.73068600983e-48
0.0141690060453
1.51535505709e-14
2.65992028025e-41
4.0187588717e-18
0.000349561704598
0.00230646539588
2.37362614712e-26
5.58838214236e-39
2.24079417207e-05
9.82165150902e-22
3.02632044893e-14
0.0232652080366
5.44550986277e-05
9.31507701832e-06
7.69630078197e-16
6.98664721642e-28
5.29628400116e-18
1.26184050181e-07
1.0371156065e-18
3.57244528344e-08
4.38022608194e-06
3.94181040209e-13
5.11318591073e-10
7.20010413599e-11
1.32255397429e-20
7.23987298916e-07
3.73766269488e-06
2.3586020635e-13
0.000497087623274
2.28505593406e-30
0.000183090836098
6.62319244012e-22
5.55111011835e-17
1.46762067686e-06
4.80806244638e-18
1.72936304224e-16
4.24254386184e-11
0.000388025164264
1.3498255488e-06
3.42964306509e-12
0.000683461527518
0.0122966274951
1.38747225931e-42
4.69934077858e-14
1.96738084152e-08
2.20778380692e-21
0.000644012095449
0.00222262913254
2.82433586827e-09
4.38620872919e-09
1.12359385624e-24
6.88487202365e-16
1.09319786613e-18
3.11745362086e-46
3.70386225897e-12
2.36897395652e-07
0.00141459362767
1.51022332065e-05
3.7663006185e-10
3.9308420539e-24
1.73100012481e-30
2.90060739704e-06
0.000209434193941
0.000124233818083
2.67412393763e-35
2.97527173809e-33
1.37562288841e-15
1.40160847699e-38
7.55145819724e-09
2.23559643805e-05
5.99777170345e-05
0.00497824234673
2.10974436605e-17
1.8860813393e-05
4.51286174973e-09
2.52816999194e-05
0.000191654131432
4.76568270149e-30
1.43678712065e-25
0.019508287141
0.000198620942758
9.56064190374e-11
6.98725881146e-06
2.78305614239e-10
1.79336858797e-36
1.4631368275e-17
1.45210528899e-103
1.09495123783e-30
5.12535467704e-05
3.36322877825e-17
3.66455976761e-05
1.29447826323e-52
6.66415758306e-32
1.14243204894e-16
4.20645006694e-06
3.81931188467e-09
1.1959311901e-09
3.76016704862e-47
6.39856141994e-12
1.3856965493e-33
1.31110514291e-61
1.67947327979e-21
3.37239638889e-08
1.76792327187e-28
5.75888765427e-21
0.00131885032492
1.98359680423e-19
2.08939500849e-20
2.14582561977e-34
0.000450629397856
5.66645255165e-16
3.45324443796e-21
7.01647987186e-05
6.65088898179e-08
5.27115589696e-10
8.1107844243e-05
6.77546804105e-10
0.00169032575229
3.03028872755e-16
3.34026024097e-08
0.00515110186719
0.00067611126166
7.15731635715e-17
5.14338674768e-18
1.44369482337e-06
1.67284885122e-63
5.16239767868e-21
0.000974125665456
1.72223292941e-07
5.07219320187e-06
1.05907210884e-19
2.43227403339e-13
1.55888917946e-11
9.52230000147e-07
2.56979474325e-07
1.11985903574e-15
1.39641907487e-30
4.07866120869e-06
7.50908936144e-31
6.99409571102e-06
1.51489968262e-63
2.34302793806e-11
8.10933971926e-50
1.50378521784e-08
0.00107905448006
2.96472855728e-27
6.00673412366e-28
9.54835657884e-06
2.08211363851e-25
3.90825671988e-09
5.0130418665e-18
8.01883440921e-10
1.60308801618e-24
8.25743093044e-07
5.20019027693e-13
8.58967426794e-28
4.13478497951e-09
7.50819060747e-70
1.48149423125e-08
8.85960720074e-25
1.0416864683e-14
0.00123209631179
2.85776924919e-06
0.00399089826997
2.95249282184e-29
2.67057521818e-31
6.09939987812e-46
9.42813893005e-07
0.000102360729321
0.00108026282153
3.27523525265e-70
9.9251541508e-08
6.97360820729e-19
3.77050478978e-24
5.99833920198e-54
1.92024170648e-09
1.82462170988e-09
3.07000119491e-05
4.48083298727e-08
3.24424951436e-13
2.46862583267e-24
8.20796088228e-13
6.11752382453e-05
1.79723132159e-08
2.76133980047e-10
0.000324355493694
2.39546906692e-07
8.4041277976e-05
2.1025319489e-20
5.1337174686e-15
0.000548196564297
1.84105671418e-52
2.88742477985e-07
3.4654603691e-07
9.40646053295e-06
3.75811383264e-15
0.000374717166129
2.89696436553e-14
1.63692788558e-52
3.18473912776e-06
9.74325737036e-39
2.14735156523e-13
2.54230280817e-28
1.84139240909e-15
2.87224294523e-09
3.0834591892e-25
6.87753101099e-29
0.0568582796576
1.51637034393e-18
9.47014100594e-13
1.10103945496e-05
0.0184209436297
6.18360432539e-74
1.66781149376e-05
1.94236168635e-21
2.47076658563e-08
2.28478440215e-05
1.38829194576e-31
0.012903707601
0.00117676916528
1.29937772775e-13
0.000486507545474
6.25955105105e-05
1.68164452891e-13
3.21057620283e-17
1.20826562657e-12
1.14769874028e-19
5.27580873307e-38
1.71037382479e-21
1.26025866544e-13
1.18092973391e-44
8.97516625219e-12
1.45766079169e-45
4.4673033071e-10
2.79884386379e-16
3.37036741915e-05
1.92522485631e-06
7.48007822193e-45
2.91975381868e-21
0.000112940547078
3.78269915894e-14
3.14668719386e-13
9.69161024532e-13
2.62251093735e-45
1.43520756376e-34
6.81227879642e-09
5.55534963393e-14
3.49698982166e-27
2.04295450431e-15
0.00237653775572
1.66655865466e-37
3.91165873928e-39
5.41932989079e-27
5.0718054952e-09
0.00251668445198
4.39094115485e-13
1.25318125236e-05
5.60455036729e-08
2.71121196286e-10
1.05725536476e-16
1.00537091141e-88
2.3641468064e-07
4.25669311483e-05
4.81673176028e-10
2.49528605863e-08
2.11182733141e-12
3.5693321355e-37
1.07098100302e-05
8.88822037932e-14
2.32223253885e-31
5.31775101862e-23
1.11566249305e-11
6.67764071958e-26
6.47103408874e-09
9.5644044914e-07
1.2748823895e-10
8.13471883059e-16
0.00075182155461
4.94027802657e-06
0.000716501867563
3.72303615244e-11
1.0911427749e-05
2.07195210116e-09
7.62012592503e-62
7.71549919698e-12
1.07766137485e-29
3.08134357142e-10
5.35374735088e-11
1.12606671609e-27
1.06661454295e-62
4.86348585415e-19
6.91558508696e-16
0.000274498979573
9.38145930917e-09
2.11606867132e-14
8.75209298627e-65
1.81776154452e-27
2.64673749877e-13
2.06623634125e-09
5.17807844115e-16
1.79931982723e-11
8.66030178162e-05
2.40802089259e-06
6.1959306275e-12
4.0494916953e-22
1.98874771921e-17
6.30691648847e-27
2.86129137751e-11
4.73162243392e-33
5.49160466287e-29
9.39296174785e-51
1.91212896463e-07
2.75866225808e-07
2.60271501874e-27
1.7206948583e-19
2.34592515416e-10
5.36631514802e-24
1.50363503479e-12
3.82395158274e-37
1.55821282443e-22
5.38579282355e-15
2.00302933603e-28
7.33480339263e-12
5.16503005756e-13
2.56685641828e-26
3.14104210676e-09
6.62080046972e-47
1.8777217947e-30
9.63208028053e-24
2.51164445272e-24
8.23759746606e-22
1.7491295096e-21
1.91272992981e-09
1.61570806984e-05
8.2279177064e-22
4.51089505472e-36
0.000238112667642
0.000265169897469
2.98028742813e-13
7.33500455993e-09
3.55609356545e-06
5.16528959332e-20
5.7763660008e-08
2.379255649e-26
0.000130335858473
1.6710446298e-12
5.14480989263e-06
0.00129806091414
1.53054913159e-22
3.47059834996e-21
4.47631548952e-05
1.07837327959e-24
5.54399759753e-47
1.36672638908e-07
2.81165683555e-05
1.53242443003e-18
0.000125353672101
2.22602707995e-13
2.43350414654e-17
3.22623119668e-10
1.75573045658e-13
3.81286260154e-16
4.64211794103e-18
3.26964493572e-53
1.05160315795e-08
1.62656825913e-25
4.76987468975e-27
1.63657537429e-28
6.24434671793e-36
1.31334273158e-24
1.92320077493e-34
1.99817292691e-20
1.80535355416e-09
1.05279435056e-12
1.04766310769e-06
8.18581938281e-15
4.96001974359e-15
1.16744701909e-35
5.05051996784e-47
0.000178636301869
7.23752825383e-18
2.33564733383e-10
8.66497355134e-09
6.90057491935e-12
0.00138516293404
1.90714488148e-08
9.37708411144e-06
2.04114344618e-25
1.35220333466e-13
1.31500856369e-10
7.62625801894e-16
0.000653361785219
0.000284709135121
7.74339498531e-12
3.07490605875e-11
1.14755977347e-05
4.84496020379e-09
8.9234421947e-11
4.43958500555e-44
9.74145255182e-27
2.71012280524e-07
5.94832084797e-18
5.49117860853e-08
4.55696152109e-104
3.64238891e-07
9.99022677671e-24
1.51448950169e-62
1.88870778002e-05
1.34470475236e-31
7.18507237628e-10
1.48621439234e-35
4.49595210869e-72
2.57261330535e-11
7.13167151811e-55
0.000201489415936
8.16013659679e-10
8.88859857785e-39
2.53794552439e-15
1.00801067339e-48
1.98541112555e-06
0.00713472346017
2.44731137758e-15
9.22140265793e-10
0.000212615485649
9.94273415727e-35
4.43854377549e-19
1.93913728027e-15
4.54967285719e-10
2.20455727992e-26
0.000209377004416
0.000640589784688
1.71155922347e-38
1.24894895806e-14
1.25396071487e-10
8.74834680182e-14
4.16247921122e-15
1.43813512026e-27
1.11144462809e-05
1.04527817693e-18
3.58365549016e-07
9.84391912032e-14
6.87918368297e-12
3.03998812415e-08
2.41789994186e-10
2.70066730573e-06
5.18951168675e-17
4.60656676336e-18
0.000640824221541
3.06589651109e-54
4.46258821944e-22
2.07473661756e-36
3.79377549527e-06
0.000199415929894
3.15194013478e-08
3.57497770828e-18
3.10929951291e-17
5.83659464142e-11
2.43615950018e-55
5.74910272075e-06
3.34558539775e-13
2.19209880066e-22
7.50199703571e-45
0.00359088191073
4.54197388572e-22
6.3878571298e-22
2.24776093053e-08
1.13423141913e-08
0.000445367014451
9.3667211217e-28
0.00019626572845
0.000526021614398
9.46008942654e-25
3.99748567822e-09
1.19454947173e-30
1.56185520188e-45
2.49531499738e-06
1.66139656323e-06
2.60064905148e-19
3.7059839179e-23
0.00551028383931
1.04573790201e-14
1.20996506641e-12
6.67945719004e-12
3.26379511612e-12
1.25397277658e-05
3.20009408613e-10
5.30697549952e-34
0.000377996704651
0.000111367759586
1.89614900813e-05
2.26733532454e-12
8.47294584266e-09
1.02369734102e-09
4.82089209631e-52
8.83271857327e-22
8.11251957005e-12
1.05020114922e-14
4.85292123543e-23
5.01001755534e-13
7.65578879145e-07
0.000133411170056
1.97916193757e-11
4.02293125698e-18
1.14329569778e-20
8.24040930894e-18
1.40171076563e-13
4.91676521554e-19
0.00122259331278
0.00056824653891
9.73394611623e-07
0.00307831662434
2.26011887349e-11
4.33742953871e-12
1.17003030741e-31
1.12951418145e-68
4.482568165e-38
0.000662357704233
1.33550141037e-09
1.67732807876e-05
2.89094325141e-06
1.04553374071e-14
1.12520378973e-21
0.000320734339151
2.82082159891e-05
4.37067013223e-25
1.3937412171e-100
1.91284566735e-28
3.02011755859e-20
6.56009786989e-22
2.47680732984e-29
2.93921887546e-30
5.0293400122e-08
4.84256674958e-08
2.96865962103e-17
0.00680697098051
1.82575354051e-38
5.41038872698e-08
9.73865131168e-11
9.43344743355e-21
0.0100461554655
4.68016560243e-30
8.51850898532e-12
8.04189796407e-11
4.47009453682e-22
2.92168731379e-10
0.00555300901519
1.49356211462e-49
3.48699438334e-08
1.56647013566e-22
2.16936898929e-05
1.81087471284e-10
3.7388237693e-40
3.47432465746e-28
0.00671997565118
5.49540724746e-25
9.49689746903e-12
5.99113566834e-19
5.16681394583e-13
3.40535583066e-10
3.55027169098e-23
2.55392951597e-10
5.45226807432e-65
5.95315269893e-13
1.70437710527e-15
1.22545062968e-26
8.26631336945e-20
8.78042034275e-10
3.89801189986e-07
0.000751427354544
7.32578178308e-07
1.45033579634e-10
3.51051767995e-14
9.03981795385e-07
1.89727496106e-56
3.05903604944e-05
2.12580676957e-06
3.20689528341e-21
4.71226644893e-21
4.40781076163e-26
5.99531083821e-08
1.32161083876e-08
4.64563719296e-23
0.000421052191965
4.90983514412e-12
7.43500196572e-26
4.02633301879e-24
0.00135974946654
3.43633767688e-19
2.17120518901e-19
9.16784919595e-14
2.42345622654e-12
7.49653023956e-08
8.60394831995e-24
2.04705544178e-26
1.54594392226e-75
2.1717647315e-39
1.07071161533e-27
1.0670535537e-05
6.44975481604e-08
4.15431181461e-28
6.60039631047e-08
1.07724374336e-05
4.33589220798e-16
5.62896721383e-23
1.60729802394e-20
8.9127131826e-56
9.58653353873e-08
0.000940121584302
6.85353494308e-29
3.46863531072e-18
1.00360777708e-09
1.23159926348e-22
0.000102848755294
1.22978006064e-12
1.47816789396e-24
1.00029315818e-49
1.03682596519e-20
3.94414992521e-06
5.14070480976e-19
1.4230435707e-09
7.84052111213e-08
1.1936379447e-85
2.77306134872e-21
0.0016770345849
3.05448855342e-09
4.73326163729e-30
4.94099163187e-13
2.45090103257e-06
2.99622245031e-43
1.63402447403e-06
2.02988616165e-30
4.48590394264e-11
1.18811837454e-18
3.52378865539e-10
1.29047497256e-14
1.3789831112e-13
8.0869553287e-05
2.56651681651e-08
6.00768348977e-13
8.98028450465e-08
0.0012368341841
1.60600048222e-13
1.91610776136e-21
1.1324441879e-59
9.11525520234e-07
1.27633910827e-06
3.48446845732e-17
6.93500327693e-08
4.84924198072e-21
0.00990130772798
8.37135556777e-16
3.99464644458e-27
1.79483612544e-77
8.81283927922e-30
1.74568200758e-25
2.84847183388e-49
9.62627233333e-20
1.34429497513e-11
1.71609946444e-43
3.09764872259e-44
8.0424700817e-15
2.29740887544e-38
1.40770860263e-14
8.80819883804e-21
2.38630123876e-37
3.91277421192e-17
0.0162254851084
7.51322151576e-45
0.00172374160889
5.5425384742e-65
1.15113650674e-06
1.34799395185e-10
6.73614696965e-21
2.34799170454e-43
2.4064961839e-57
7.78596969232e-28
4.55490692828e-07
5.20996871155e-13
4.73842133706e-12
0.000270158166136
