I: (state)
	(14) 1.0
F: (state)
	(0) 0.0440491612774
	(1) 0.17732793394
	(2) 0.361948769346
	(5) 0.126530075129
	(6) 0.2393125566
	(10) 0.0346910683205
	(13) 0.0205277827465
	(14) 0.00910336585425
	(15) 0.195553011506
	(18) 0.121864528454
	(21) 0.0869369118275
	(23) 0.0272751911555
	(24) 0.210384996308
	(26) 0.0960335103409
	(27) 0.00608140808256
	(28) 0.0452050507824
	(29) 0.112113115737
	(31) 0.0131671593802
	(37) 0.163734931408
	(38) 0.378387110092
	(39) 0.0142643057125
	(44) 0.227557773712
	(45) 0.015225953447
S: (state,symbol) 
	(0,1) 0.194349070509
	(0,3) 0.186159702755
	(0,6) 0.0348944347117
	(0,7) 0.116843866846
	(0,9) 0.144533172673
	(0,14) 0.0468372888782
	(0,15) 0.0053714767284
	(0,16) 0.0767246401963
	(0,18) 0.194286346703
	(1,1) 0.0439393652948
	(1,2) 0.0663928295833
	(1,5) 0.0965090885606
	(1,6) 0.0417750998856
	(1,8) 0.0938694842674
	(1,10) 0.0866362429882
	(1,15) 0.170250751255
	(1,17) 0.400627138165
	(2,0) 0.241277823639
	(2,8) 0.210365409865
	(2,9) 0.00667623146938
	(2,10) 0.14856520009
	(2,11) 0.0978519139067
	(2,12) 0.17261126122
	(2,18) 0.115396830032
	(2,19) 0.00725532977654
	(3,0) 0.0396284261426
	(3,1) 0.0781703412604
	(3,2) 0.0806005625438
	(3,3) 0.012268239472
	(3,4) 0.0198003784038
	(3,5) 0.0540764319241
	(3,6) 0.0285142464861
	(3,7) 0.0214130162739
	(3,8) 0.0588092726735
	(3,9) 0.023896149855
	(3,10) 0.175850822161
	(3,11) 0.0917784483702
	(3,12) 0.011415674483
	(3,13) 0.0232131875743
	(3,14) 0.060809817898
	(3,15) 0.076724970907
	(3,17) 0.0308643640859
	(3,18) 0.0555891161856
	(3,19) 0.0565765332999
	(4,0) 0.0239442091903
	(4,1) 0.0187817203024
	(4,2) 0.0896877463481
	(4,5) 0.19414754795
	(4,7) 0.00948562492725
	(4,8) 0.100369577386
	(4,9) 0.0829351782613
	(4,10) 0.0458503086876
	(4,12) 0.0267613476042
	(4,13) 0.0333221713124
	(4,14) 0.057381529511
	(4,15) 0.0248011920432
	(4,16) 0.16167969246
	(4,19) 0.130852154016
	(5,0) 0.0565202013827
	(5,3) 0.0146267001729
	(5,5) 0.390621940781
	(5,8) 0.153049246892
	(5,10) 0.0596593237895
	(5,14) 0.106657267681
	(5,15) 0.0794162944314
	(5,18) 0.13944902487
	(6,0) 0.0588503718462
	(6,3) 0.189683431745
	(6,5) 0.120007856701
	(6,7) 0.227866505177
	(6,10) 0.0179841234472
	(6,13) 0.211905037254
	(6,14) 0.0271883810424
	(6,16) 0.0794297082766
	(6,17) 0.067084584511
	(7,8) 0.221862714883
	(7,9) 0.470494656198
	(7,12) 0.22076144799
	(7,18) 0.0868811809282
	(8,0) 0.131715514867
	(8,3) 0.0445724655465
	(8,7) 0.0929890551987
	(8,9) 0.0154769306449
	(8,10) 0.0695453227582
	(8,11) 0.0620884924108
	(8,12) 0.0722482372981
	(8,13) 0.0553727106419
	(8,15) 0.00349278183919
	(8,16) 0.0654427569844
	(8,17) 0.217148371635
	(8,18) 0.169907360176
	(9,2) 0.0344817997348
	(9,3) 0.140235811872
	(9,7) 0.110613203538
	(9,8) 0.00024440588658
	(9,10) 0.130678456434
	(9,11) 0.11002030529
	(9,16) 0.0750547795881
	(9,17) 0.398671237656
	(10,1) 0.0404988237765
	(10,2) 0.0432426411404
	(10,5) 0.0711770955773
	(10,7) 0.072208507653
	(10,8) 0.0457684577421
	(10,10) 0.0299177945157
	(10,11) 0.409032777551
	(10,12) 0.160046845408
	(10,15) 0.128107056636
	(11,0) 0.0123682801055
	(11,5) 0.118982981089
	(11,6) 0.0357995017583
	(11,7) 0.151390564615
	(11,8) 0.0860807583534
	(11,12) 0.021902647797
	(11,14) 0.104743021034
	(11,15) 0.0616941549709
	(11,16) 0.154779646438
	(11,17) 0.119936255299
	(11,18) 0.113250763937
	(11,19) 0.0190714246035
	(12,0) 0.0027991881121
	(12,2) 0.0467347355753
	(12,3) 0.0953298675828
	(12,4) 0.0242115044217
	(12,5) 0.0132157754244
	(12,6) 0.0522899265543
	(12,7) 0.160589155898
	(12,10) 0.119834371544
	(12,11) 0.141348283184
	(12,12) 0.187331362805
	(12,13) 0.0668797574582
	(12,18) 0.0139321144822
	(12,19) 0.0755039569567
	(13,1) 0.296348788725
	(13,4) 0.106786298466
	(13,5) 0.0969071923466
	(13,7) 0.185412066116
	(13,8) 0.00948550668031
	(13,9) 0.00682758343609
	(13,11) 0.0120107458279
	(13,15) 0.134729240777
	(13,16) 0.0260309914877
	(13,17) 0.0123009348572
	(13,19) 0.11316065128
	(14,0) 0.00532423943701
	(14,1) 0.0314659297228
	(14,2) 0.170164045303
	(14,3) 0.0235442643621
	(14,6) 0.0295593684598
	(14,7) 0.137140594403
	(14,8) 0.048203265318
	(14,9) 0.223017206913
	(14,11) 0.102589684652
	(14,14) 0.067418142141
	(14,15) 0.0162433647924
	(14,17) 0.0275735222278
	(14,19) 0.117756372269
	(15,0) 0.081799550299
	(15,3) 0.014579883858
	(15,5) 0.0488600084283
	(15,7) 0.0953599553964
	(15,9) 0.456793575205
	(15,10) 0.0519485711337
	(15,12) 0.132671091441
	(15,13) 0.00372482128463
	(15,16) 0.114262542954
	(16,10) 0.244040564345
	(16,12) 0.136817505984
	(16,13) 0.463001014997
	(16,14) 0.0185394203325
	(16,16) 0.0470265723268
	(16,19) 0.0905749220148
	(17,0) 0.145615379352
	(17,2) 0.0440279087027
	(17,5) 0.083222251508
	(17,6) 0.00742595351116
	(17,8) 0.0451121108676
	(17,10) 0.0657001220223
	(17,11) 0.0823955868069
	(17,12) 0.1744604047
	(17,14) 0.0455664982829
	(17,16) 0.00386435831982
	(17,18) 0.244600771496
	(17,19) 0.0580086544312
	(18,2) 0.465114326151
	(18,3) 0.0382539031037
	(18,7) 0.189215861329
	(18,8) 0.029827572473
	(18,10) 0.218228732643
	(18,13) 0.00827478552095
	(18,19) 0.0510848187795
	(19,2) 0.0877115943087
	(19,4) 0.304588563814
	(19,7) 0.166570100796
	(19,8) 0.356176273783
	(19,14) 0.00269036979276
	(19,17) 0.0822630975047
	(20,0) 0.0576101404502
	(20,2) 0.0995063267267
	(20,3) 0.0991629384471
	(20,7) 0.00216678498197
	(20,8) 0.154273624866
	(20,10) 0.0629475991495
	(20,11) 0.153945888417
	(20,14) 0.175204213337
	(20,16) 0.148873369605
	(20,17) 0.0463091140188
	(21,3) 0.0187465177417
	(21,4) 0.174683876914
	(21,6) 0.106408049494
	(21,8) 0.0840164775462
	(21,11) 0.259599717061
	(21,15) 0.0778505194388
	(21,17) 0.00615279930654
	(21,18) 0.272542042497
	(22,0) 0.0122185082736
	(22,2) 0.0285861010209
	(22,3) 0.148057174684
	(22,4) 0.0315425443197
	(22,5) 0.0923235253562
	(22,6) 0.113529861719
	(22,7) 0.0115139767334
	(22,8) 0.0722109023248
	(22,9) 0.103981618945
	(22,12) 0.0928659289206
	(22,14) 0.0400825226725
	(22,15) 0.00526323995115
	(22,16) 0.0713548772418
	(22,17) 0.0159786616483
	(22,19) 0.160490556189
	(23,0) 0.0219804969957
	(23,1) 0.0813195539732
	(23,2) 0.0135796967321
	(23,3) 0.131213963199
	(23,4) 0.043129386114
	(23,5) 0.0543084043411
	(23,6) 0.114023137898
	(23,7) 0.0301728507947
	(23,9) 0.00313311516339
	(23,10) 0.114040247135
	(23,13) 0.0367330856826
	(23,14) 0.178492282293
	(23,15) 0.177873779678
	(24,7) 0.130114161456
	(24,8) 0.034182346252
	(24,9) 0.125661708008
	(24,12) 0.0179827542125
	(24,14) 0.132543399082
	(24,17) 0.317550272222
	(24,19) 0.241965358768
	(25,0) 0.0399548955657
	(25,1) 0.025482433403
	(25,2) 0.0833165081008
	(25,3) 0.133254002984
	(25,4) 0.0550228209574
	(25,6) 0.0150291125208
	(25,8) 0.0141032050687
	(25,9) 0.0260220438005
	(25,10) 0.0955066700398
	(25,11) 0.047729040155
	(25,12) 0.140843540628
	(25,14) 0.00517835155881
	(25,16) 0.147642982354
	(25,19) 0.170914392863
	(26,0) 0.141491013989
	(26,2) 0.0535213026646
	(26,4) 0.0734632488545
	(26,7) 0.0187153397562
	(26,8) 0.153648943635
	(26,10) 0.0388081328229
	(26,13) 0.2309207549
	(26,15) 0.289431263377
	(27,0) 0.00557789019064
	(27,9) 0.349544197763
	(27,12) 0.141161157906
	(27,13) 0.12404883183
	(27,14) 0.171033016655
	(27,17) 0.0231308347271
	(27,18) 0.00771868118583
	(27,19) 0.177785389742
	(28,1) 0.03170787727
	(28,3) 0.017780559503
	(28,4) 0.0308997157829
	(28,5) 0.0730029184448
	(28,6) 0.0484327510017
	(28,9) 0.0109114512073
	(28,10) 0.0171668673493
	(28,11) 0.253728349378
	(28,12) 0.0136408239714
	(28,13) 0.502728686091
	(29,1) 0.0354363201816
	(29,4) 0.217757699941
	(29,5) 0.0886291285752
	(29,6) 0.0619544300394
	(29,9) 0.271154291562
	(29,10) 0.0469917065124
	(29,11) 0.192603404695
	(29,12) 0.0102395054734
	(29,14) 0.0190038147846
	(29,16) 0.0562296982353
	(30,0) 0.0378508818646
	(30,2) 0.118820093257
	(30,3) 0.217568274477
	(30,5) 0.0926237153086
	(30,7) 0.0025755451996
	(30,8) 0.107446356425
	(30,10) 0.0291258582823
	(30,11) 0.213261377676
	(30,15) 0.0541852592031
	(30,16) 0.0208365858036
	(30,18) 0.105706052502
	(31,2) 0.168480664847
	(31,5) 0.222474470384
	(31,6) 0.0337095492138
	(31,7) 0.169669744082
	(31,10) 0.00688534565578
	(31,11) 0.0283783865798
	(31,14) 0.0364593419671
	(31,15) 0.0337022508425
	(31,16) 0.0585393788213
	(31,17) 0.128549452873
	(31,18) 0.0424751785456
	(31,19) 0.0706762361883
	(32,1) 0.299759729101
	(32,2) 0.0769411389732
	(32,3) 0.0985647510846
	(32,4) 0.00824801243418
	(32,7) 0.0217201305085
	(32,8) 0.166495459247
	(32,10) 0.222445881275
	(32,11) 0.0222717504882
	(32,14) 0.00730844985438
	(32,16) 0.0602032171151
	(32,18) 0.0160414799192
	(33,0) 0.0992630253884
	(33,2) 0.204338246081
	(33,3) 0.0278009365228
	(33,6) 0.0108197967891
	(33,7) 0.0457924978239
	(33,10) 0.256229869063
	(33,12) 0.151480845841
	(33,14) 0.00698573188307
	(33,15) 0.00930072274467
	(33,17) 0.0280477690475
	(33,19) 0.159940558816
	(34,0) 0.165624643807
	(34,1) 0.118366377961
	(34,2) 0.070021164811
	(34,3) 0.187367717401
	(34,9) 0.0347472915823
	(34,10) 0.0862246500771
	(34,15) 0.0259528584482
	(34,16) 0.178845008029
	(34,17) 0.0297623682565
	(34,18) 0.0473501342293
	(34,19) 0.055737785397
	(35,0) 0.00486564561598
	(35,2) 0.000303098581808
	(35,6) 0.0547055840785
	(35,7) 0.330434219511
	(35,11) 0.12966369172
	(35,15) 0.306844259883
	(35,17) 0.0636020348415
	(35,19) 0.109581465769
	(36,0) 0.195187311388
	(36,1) 0.0560726703708
	(36,3) 0.111300940344
	(36,4) 0.197503886569
	(36,5) 0.228886969612
	(36,10) 0.0991899366378
	(36,12) 0.0322983112042
	(36,16) 0.0678988393776
	(36,17) 0.0116611344958
	(37,7) 0.0248108664621
	(37,8) 0.22359178864
	(37,9) 0.0415798540608
	(37,11) 0.0293539989541
	(37,12) 0.0422559912055
	(37,14) 0.187765286748
	(37,15) 0.229146929121
	(37,18) 0.0256233592814
	(37,19) 0.195871925527
	(38,0) 0.0187728061259
	(38,1) 0.160287220774
	(38,4) 0.0770224586157
	(38,6) 0.223620247712
	(38,8) 0.0419381609957
	(38,10) 0.199798931889
	(38,15) 0.278560173887
	(39,5) 0.0707604440494
	(39,6) 0.0671908205842
	(39,7) 0.0284489865174
	(39,10) 0.293336473098
	(39,12) 0.0212066395672
	(39,14) 0.205168101939
	(39,15) 0.0863061804017
	(39,16) 0.199442413024
	(39,18) 0.0281399408196
	(40,0) 0.0375940223654
	(40,1) 0.00371086731877
	(40,2) 0.138881233398
	(40,3) 0.0457720771392
	(40,4) 0.0121120107981
	(40,7) 0.0708435309918
	(40,8) 0.0120863046783
	(40,9) 0.0803267373383
	(40,10) 0.00948570975357
	(40,12) 0.19222394249
	(40,14) 0.116084091208
	(40,18) 0.124818396091
	(40,19) 0.156061076429
	(41,1) 0.123447592786
	(41,4) 0.0172203532416
	(41,5) 0.110258093151
	(41,7) 0.0767732409149
	(41,8) 0.065533442014
	(41,10) 0.103810601414
	(41,11) 0.0670839245427
	(41,13) 0.0340879560895
	(41,14) 0.153525021135
	(41,15) 0.145892777863
	(41,16) 0.034724599997
	(41,17) 0.0676423968516
	(42,1) 0.195899301179
	(42,3) 0.0309214673523
	(42,4) 0.0682290785355
	(42,9) 0.212087064639
	(42,10) 0.0121839922463
	(42,11) 0.243769468755
	(42,13) 0.180093348736
	(42,18) 0.0568162785568
	(43,6) 0.0593759201595
	(43,8) 0.210488520222
	(43,9) 0.262112361643
	(43,10) 0.179567612969
	(43,11) 0.034700832148
	(43,13) 0.051947706793
	(43,15) 0.201807046065
	(44,0) 0.173568099473
	(44,1) 0.136732911381
	(44,2) 0.0544539568767
	(44,4) 0.252023072311
	(44,7) 0.0313564304084
	(44,8) 0.19676485749
	(44,10) 0.00541358260157
	(44,13) 0.108688948275
	(44,19) 0.0409981411841
	(45,0) 0.111015865071
	(45,5) 0.00598797534183
	(45,7) 0.130996979375
	(45,9) 0.0390345831368
	(45,10) 0.0133467083003
	(45,11) 0.00302092652205
	(45,14) 0.00497127092491
	(45,17) 0.372840641174
	(45,18) 0.202233813164
	(45,19) 0.116551236991
	(46,3) 0.07975108626
	(46,5) 0.0328544548832
	(46,7) 0.130802145601
	(46,10) 0.172367808933
	(46,12) 0.0636680937599
	(46,14) 0.168652025579
	(46,17) 0.185435092081
	(46,19) 0.166469292903
T: (state,symbol,state) 
	(0,1,45) 1.0
	(0,3,22) 1.0
	(0,6,10) 1.0
	(0,7,29) 1.0
	(0,9,18) 1.0
	(0,14,8) 1.0
	(0,15,4) 1.0
	(0,16,11) 1.0
	(0,18,40) 1.0
	(1,1,0) 1.0
	(1,2,28) 1.0
	(1,5,15) 1.0
	(1,6,40) 1.0
	(1,8,28) 1.0
	(1,10,1) 1.0
	(1,15,4) 1.0
	(1,17,39) 1.0
	(2,0,37) 1.0
	(2,8,14) 1.0
	(2,9,41) 1.0
	(2,10,39) 1.0
	(2,11,23) 1.0
	(2,12,45) 1.0
	(2,18,28) 1.0
	(2,19,9) 1.0
	(3,0,6) 1.0
	(3,1,18) 1.0
	(3,2,35) 1.0
	(3,3,25) 1.0
	(3,4,10) 1.0
	(3,5,21) 1.0
	(3,6,21) 1.0
	(3,7,14) 1.0
	(3,8,6) 1.0
	(3,9,15) 1.0
	(3,10,44) 1.0
	(3,11,13) 1.0
	(3,12,31) 1.0
	(3,13,40) 1.0
	(3,14,21) 1.0
	(3,15,11) 1.0
	(3,17,19) 1.0
	(3,18,38) 1.0
	(3,19,45) 1.0
	(4,0,31) 1.0
	(4,1,14) 1.0
	(4,2,3) 1.0
	(4,5,35) 1.0
	(4,7,14) 1.0
	(4,8,40) 1.0
	(4,9,42) 1.0
	(4,10,9) 1.0
	(4,12,45) 1.0
	(4,13,28) 1.0
	(4,14,4) 1.0
	(4,15,34) 1.0
	(4,16,37) 1.0
	(4,19,9) 1.0
	(5,0,28) 1.0
	(5,3,23) 1.0
	(5,5,39) 1.0
	(5,8,21) 1.0
	(5,10,46) 1.0
	(5,14,46) 1.0
	(5,15,12) 1.0
	(5,18,21) 1.0
	(6,0,10) 1.0
	(6,3,14) 1.0
	(6,5,36) 1.0
	(6,7,35) 1.0
	(6,10,0) 1.0
	(6,13,3) 1.0
	(6,14,5) 1.0
	(6,16,38) 1.0
	(6,17,44) 1.0
	(7,8,26) 1.0
	(7,9,15) 1.0
	(7,12,20) 1.0
	(7,18,39) 1.0
	(8,0,2) 1.0
	(8,3,29) 1.0
	(8,7,15) 1.0
	(8,9,7) 1.0
	(8,10,26) 1.0
	(8,11,44) 1.0
	(8,12,39) 1.0
	(8,13,13) 1.0
	(8,15,20) 1.0
	(8,16,41) 1.0
	(8,17,38) 1.0
	(8,18,28) 1.0
	(9,2,3) 1.0
	(9,3,46) 1.0
	(9,7,0) 1.0
	(9,8,33) 1.0
	(9,10,21) 1.0
	(9,11,11) 1.0
	(9,16,18) 1.0
	(9,17,10) 1.0
	(10,1,26) 1.0
	(10,2,37) 1.0
	(10,5,21) 1.0
	(10,7,36) 1.0
	(10,8,38) 1.0
	(10,10,46) 1.0
	(10,11,3) 1.0
	(10,12,28) 1.0
	(10,15,22) 1.0
	(11,0,3) 1.0
	(11,5,45) 1.0
	(11,6,12) 1.0
	(11,7,41) 1.0
	(11,8,4) 1.0
	(11,12,9) 1.0
	(11,14,8) 1.0
	(11,15,42) 1.0
	(11,16,36) 1.0
	(11,17,13) 1.0
	(11,18,44) 1.0
	(11,19,26) 1.0
	(12,0,10) 1.0
	(12,2,39) 1.0
	(12,3,41) 1.0
	(12,4,15) 1.0
	(12,5,46) 1.0
	(12,6,6) 1.0
	(12,7,34) 1.0
	(12,10,8) 1.0
	(12,11,46) 1.0
	(12,12,45) 1.0
	(12,13,16) 1.0
	(12,18,23) 1.0
	(12,19,41) 1.0
	(13,1,1) 1.0
	(13,4,14) 1.0
	(13,5,3) 1.0
	(13,7,17) 1.0
	(13,8,10) 1.0
	(13,9,37) 1.0
	(13,11,7) 1.0
	(13,15,13) 1.0
	(13,16,15) 1.0
	(13,17,35) 1.0
	(13,19,13) 1.0
	(14,0,8) 1.0
	(14,1,42) 1.0
	(14,2,17) 1.0
	(14,3,17) 1.0
	(14,6,37) 1.0
	(14,7,8) 1.0
	(14,8,1) 1.0
	(14,9,41) 1.0
	(14,11,45) 1.0
	(14,14,16) 1.0
	(14,15,8) 1.0
	(14,17,39) 1.0
	(14,19,24) 1.0
	(15,0,19) 1.0
	(15,3,29) 1.0
	(15,5,2) 1.0
	(15,7,39) 1.0
	(15,9,3) 1.0
	(15,10,40) 1.0
	(15,12,21) 1.0
	(15,13,34) 1.0
	(15,16,35) 1.0
	(16,10,33) 1.0
	(16,12,37) 1.0
	(16,13,2) 1.0
	(16,14,13) 1.0
	(16,16,32) 1.0
	(16,19,16) 1.0
	(17,0,34) 1.0
	(17,2,12) 1.0
	(17,5,15) 1.0
	(17,6,14) 1.0
	(17,8,41) 1.0
	(17,10,11) 1.0
	(17,11,6) 1.0
	(17,12,8) 1.0
	(17,14,16) 1.0
	(17,16,36) 1.0
	(17,18,44) 1.0
	(17,19,20) 1.0
	(18,2,7) 1.0
	(18,3,46) 1.0
	(18,7,39) 1.0
	(18,8,43) 1.0
	(18,10,39) 1.0
	(18,13,10) 1.0
	(18,19,29) 1.0
	(19,2,35) 1.0
	(19,4,46) 1.0
	(19,7,28) 1.0
	(19,8,14) 1.0
	(19,14,22) 1.0
	(19,17,32) 1.0
	(20,0,26) 1.0
	(20,2,1) 1.0
	(20,3,8) 1.0
	(20,7,16) 1.0
	(20,8,45) 1.0
	(20,10,32) 1.0
	(20,11,3) 1.0
	(20,14,17) 1.0
	(20,16,5) 1.0
	(20,17,43) 1.0
	(21,3,39) 1.0
	(21,4,37) 1.0
	(21,6,3) 1.0
	(21,8,46) 1.0
	(21,11,3) 1.0
	(21,15,13) 1.0
	(21,17,7) 1.0
	(21,18,39) 1.0
	(22,0,19) 1.0
	(22,2,19) 1.0
	(22,3,18) 1.0
	(22,4,7) 1.0
	(22,5,6) 1.0
	(22,6,8) 1.0
	(22,7,39) 1.0
	(22,8,24) 1.0
	(22,9,0) 1.0
	(22,12,12) 1.0
	(22,14,9) 1.0
	(22,15,13) 1.0
	(22,16,20) 1.0
	(22,17,6) 1.0
	(22,19,29) 1.0
	(23,0,28) 1.0
	(23,1,16) 1.0
	(23,2,33) 1.0
	(23,3,44) 1.0
	(23,4,21) 1.0
	(23,5,30) 1.0
	(23,6,46) 1.0
	(23,7,43) 1.0
	(23,9,23) 1.0
	(23,10,12) 1.0
	(23,13,3) 1.0
	(23,14,4) 1.0
	(23,15,7) 1.0
	(24,7,22) 1.0
	(24,8,17) 1.0
	(24,9,34) 1.0
	(24,12,35) 1.0
	(24,14,33) 1.0
	(24,17,11) 1.0
	(24,19,8) 1.0
	(25,0,41) 1.0
	(25,1,46) 1.0
	(25,2,11) 1.0
	(25,3,0) 1.0
	(25,4,13) 1.0
	(25,6,3) 1.0
	(25,8,16) 1.0
	(25,9,12) 1.0
	(25,10,15) 1.0
	(25,11,44) 1.0
	(25,12,10) 1.0
	(25,14,31) 1.0
	(25,16,28) 1.0
	(25,19,29) 1.0
	(26,0,14) 1.0
	(26,2,34) 1.0
	(26,4,32) 1.0
	(26,7,38) 1.0
	(26,8,1) 1.0
	(26,10,14) 1.0
	(26,13,19) 1.0
	(26,15,25) 1.0
	(27,0,1) 1.0
	(27,9,12) 1.0
	(27,12,32) 1.0
	(27,13,31) 1.0
	(27,14,40) 1.0
	(27,17,40) 1.0
	(27,18,3) 1.0
	(27,19,37) 1.0
	(28,1,31) 1.0
	(28,3,11) 1.0
	(28,4,22) 1.0
	(28,5,39) 1.0
	(28,6,8) 1.0
	(28,9,18) 1.0
	(28,10,12) 1.0
	(28,11,30) 1.0
	(28,12,38) 1.0
	(28,13,31) 1.0
	(29,1,13) 1.0
	(29,4,44) 1.0
	(29,5,12) 1.0
	(29,6,8) 1.0
	(29,9,0) 1.0
	(29,10,6) 1.0
	(29,11,15) 1.0
	(29,12,6) 1.0
	(29,14,23) 1.0
	(29,16,3) 1.0
	(30,0,8) 1.0
	(30,2,36) 1.0
	(30,3,6) 1.0
	(30,5,3) 1.0
	(30,7,40) 1.0
	(30,8,16) 1.0
	(30,10,14) 1.0
	(30,11,38) 1.0
	(30,15,19) 1.0
	(30,16,4) 1.0
	(30,18,10) 1.0
	(31,2,33) 1.0
	(31,5,24) 1.0
	(31,6,22) 1.0
	(31,7,8) 1.0
	(31,10,10) 1.0
	(31,11,45) 1.0
	(31,14,6) 1.0
	(31,15,16) 1.0
	(31,16,31) 1.0
	(31,17,12) 1.0
	(31,18,36) 1.0
	(31,19,35) 1.0
	(32,1,19) 1.0
	(32,2,38) 1.0
	(32,3,23) 1.0
	(32,4,24) 1.0
	(32,7,2) 1.0
	(32,8,5) 1.0
	(32,10,45) 1.0
	(32,11,10) 1.0
	(32,14,17) 1.0
	(32,16,15) 1.0
	(32,18,7) 1.0
	(33,0,36) 1.0
	(33,2,46) 1.0
	(33,3,46) 1.0
	(33,6,17) 1.0
	(33,7,26) 1.0
	(33,10,28) 1.0
	(33,12,11) 1.0
	(33,14,2) 1.0
	(33,15,23) 1.0
	(33,17,17) 1.0
	(33,19,44) 1.0
	(34,0,17) 1.0
	(34,1,36) 1.0
	(34,2,8) 1.0
	(34,3,38) 1.0
	(34,9,30) 1.0
	(34,10,30) 1.0
	(34,15,15) 1.0
	(34,16,25) 1.0
	(34,17,41) 1.0
	(34,18,33) 1.0
	(34,19,14) 1.0
	(35,0,4) 1.0
	(35,2,2) 1.0
	(35,6,18) 1.0
	(35,7,29) 1.0
	(35,11,44) 1.0
	(35,15,0) 1.0
	(35,17,39) 1.0
	(35,19,27) 1.0
	(36,0,0) 1.0
	(36,1,5) 1.0
	(36,3,25) 1.0
	(36,4,17) 1.0
	(36,5,4) 1.0
	(36,10,13) 1.0
	(36,12,5) 1.0
	(36,16,14) 1.0
	(36,17,34) 1.0
	(37,7,1) 1.0
	(37,8,5) 1.0
	(37,9,35) 1.0
	(37,11,32) 1.0
	(37,12,1) 1.0
	(37,14,8) 1.0
	(37,15,10) 1.0
	(37,18,2) 1.0
	(37,19,15) 1.0
	(38,0,44) 1.0
	(38,1,35) 1.0
	(38,4,46) 1.0
	(38,6,40) 1.0
	(38,8,42) 1.0
	(38,10,40) 1.0
	(38,15,46) 1.0
	(39,5,21) 1.0
	(39,6,32) 1.0
	(39,7,44) 1.0
	(39,10,39) 1.0
	(39,12,44) 1.0
	(39,14,19) 1.0
	(39,15,12) 1.0
	(39,16,25) 1.0
	(39,18,36) 1.0
	(40,0,39) 1.0
	(40,1,4) 1.0
	(40,2,19) 1.0
	(40,3,16) 1.0
	(40,4,10) 1.0
	(40,7,13) 1.0
	(40,8,9) 1.0
	(40,9,16) 1.0
	(40,10,10) 1.0
	(40,12,32) 1.0
	(40,14,6) 1.0
	(40,18,19) 1.0
	(40,19,36) 1.0
	(41,1,44) 1.0
	(41,4,25) 1.0
	(41,5,40) 1.0
	(41,7,21) 1.0
	(41,8,6) 1.0
	(41,10,7) 1.0
	(41,11,12) 1.0
	(41,13,32) 1.0
	(41,14,35) 1.0
	(41,15,21) 1.0
	(41,16,41) 1.0
	(41,17,46) 1.0
	(42,1,34) 1.0
	(42,3,24) 1.0
	(42,4,34) 1.0
	(42,9,21) 1.0
	(42,10,5) 1.0
	(42,11,28) 1.0
	(42,13,30) 1.0
	(42,18,23) 1.0
	(43,6,36) 1.0
	(43,8,12) 1.0
	(43,9,14) 1.0
	(43,10,27) 1.0
	(43,11,17) 1.0
	(43,13,26) 1.0
	(43,15,17) 1.0
	(44,0,36) 1.0
	(44,1,7) 1.0
	(44,2,26) 1.0
	(44,4,2) 1.0
	(44,7,29) 1.0
	(44,8,45) 1.0
	(44,10,2) 1.0
	(44,13,7) 1.0
	(44,19,5) 1.0
	(45,0,12) 1.0
	(45,5,14) 1.0
	(45,7,9) 1.0
	(45,9,4) 1.0
	(45,10,34) 1.0
	(45,11,33) 1.0
	(45,14,8) 1.0
	(45,17,21) 1.0
	(45,18,41) 1.0
	(45,19,34) 1.0
	(46,3,39) 1.0
	(46,5,0) 1.0
	(46,7,31) 1.0
	(46,10,19) 1.0
	(46,12,12) 1.0
	(46,14,14) 1.0
	(46,17,9) 1.0
	(46,19,46) 1.0
