1000
0.00640530023691
1.07981413599e-07
5.98920365469e-06
1.16227934899e-07
4.29962274635e-10
0.352877259802
4.9038489977e-16
3.97843357313e-14
1.73887356777e-15
4.09341643055e-19
0.0209793606359
2.24027242464e-06
9.99207517843e-15
5.8966974033e-05
0.00894000396482
0.00179959226128
0.00815868472813
5.41580871966e-15
3.3592658769e-06
0.172685765386
0.0103772659497
0.00132809968569
2.78681927454e-11
6.1890834874e-11
2.16486475332e-11
4.15145850069e-16
2.04744476284e-07
0.000636650067487
0.000632002492195
1.0600701308e-07
0.0018132518035
4.33637935847e-05
1.07149408669e-10
4.01198208869e-08
0.00544383430316
9.28406461483e-09
9.02710063708e-05
2.37790330042e-08
2.24076588666e-11
2.63105628154e-07
0.00155747633169
4.82019458304e-12
2.19413538532e-27
2.59240646025e-14
0.0112390932475
9.73033022885e-05
1.58138540177e-09
0.00539648063877
3.31749310301e-28
8.33635223611e-08
0.00107198520703
0.000197284289486
4.65404386452e-07
4.54560155472e-05
1.27738537263e-06
1.26961673442e-22
8.84592934015e-27
2.75066851652e-06
0.000598582515181
0.0116273792609
6.65901691814e-10
4.76495960599e-06
1.2982743922e-30
1.41364507212e-07
1.58554317357e-14
5.50549890458e-21
5.20349227332e-14
4.15807044944e-10
2.33635131436e-25
1.79480443052e-05
1.50269477933e-18
0.000261613760768
0.000380456941485
2.08476290671e-16
5.09317907504e-09
0.00116874262664
0.0056664987693
1.61922155165e-15
0.000659415824567
0.0051472974719
3.72877264828e-27
8.78509957528e-06
3.70196453071e-29
1.33209559628e-05
2.70118771392e-16
2.41945959683e-10
0.000363838228734
0.000715940808829
9.55315869527e-08
1.10837239374e-13
1.06056769266e-06
1.60249763723e-05
2.99863894134e-06
1.00763247765e-08
1.22517152075e-27
0.000118609120551
0.000119457356918
5.81496437223e-06
1.21653479391e-13
1.19470537535e-15
5.6741348913e-06
1.31213711222e-06
3.17203967496e-14
1.33741899085e-10
2.03903244162e-16
1.4733443809e-10
1.0569362183e-11
1.23385267219e-05
1.25813871358e-11
9.97527945136e-09
0.00105139004002
1.28301668106e-07
1.89445461915e-12
7.87755492672e-15
5.3713532438e-22
1.85558062573e-05
2.63429433344e-07
0.00341314166258
0.0104588794454
1.57408400127e-07
4.76199662437e-17
4.83033335076e-14
0.00382150357079
1.36130694882e-06
0.00451128573247
0.00306088375302
9.29708426621e-26
6.19597690709e-07
7.42247175099e-08
5.32635589957e-22
1.9721207517e-05
4.96284700602e-09
1.98372238163e-07
4.63623307593e-11
5.58554952819e-06
1.00563121626e-08
9.4376661998e-11
1.3308361478e-08
8.23939184516e-10
0.000273862917281
5.1946884629e-10
0.0117959843271
1.2158688572e-12
0.00781044462301
3.57300414399e-09
0.00511820909948
1.14121708746e-21
2.97587312326e-09
6.97702954699e-15
1.19652708672e-18
1.16224577994e-10
2.88995290944e-15
6.9769165251e-05
2.55710653448e-13
0.000459773579046
6.79371560068e-18
0.000258844950767
3.16869884625e-05
0.00144340725163
1.55517799781e-16
2.19113092906e-09
9.75477039108e-07
1.69742592663e-07
5.57900930164e-07
1.22843906311e-05
2.05811396483e-09
8.25579373466e-12
1.94236088432e-15
5.06327005658e-06
2.86012182994e-07
1.03437857744e-06
2.81131612073e-13
4.60226664658e-08
3.89705900365e-36
2.35632648537e-06
1.68292985778e-07
0.00721137982905
0.000621160354095
1.63647812239e-22
0.00149039770237
0.000373482412306
1.41189484656e-11
1.68447042884e-05
3.10218121662e-06
1.46785880805e-08
5.322749606e-29
4.51709997037e-29
0.00140347570451
0.000376272337638
0.00129437684968
1.80867502585e-15
0.002679244403
8.62023006506e-13
9.71691832936e-19
0.00515326689622
1.03524136333e-09
6.17739664441e-12
0.000374548620103
0.000107024369953
0.00226078439654
0.00301713322797
1.34449863217e-16
2.61949431571e-19
1.07901243826e-08
1.07913560176e-06
1.56366742055e-05
2.02569321947e-05
3.78662887226e-14
0.000525897439344
2.07367896412e-16
3.64270489032e-14
1.31720250254e-08
3.11106070127e-07
0.0085985580583
0.00120332952433
2.52562986126e-05
5.74133759626e-17
3.84048008051e-14
3.76953121071e-15
5.24349111206e-16
3.88762719884e-07
3.26576877737e-20
9.8655153495e-08
0.000238051773313
0.000509824892245
7.00243382048e-10
3.53855918654e-05
1.21050267044e-08
1.50312453014e-19
0.000940893938691
0.0448094062346
1.23922283468e-45
8.68605868173e-05
2.3180204009e-12
5.61749584147e-09
5.66569661199e-06
5.68460644193e-10
0.00171358964105
4.06627960151e-13
1.78006760517e-06
7.40377625465e-08
2.40142986691e-20
0.0103252287693
3.89433120867e-12
1.14254925561e-12
1.17815056618e-22
2.60903392813e-05
1.011810507e-15
1.19638122175e-11
6.326769566e-24
4.90627811832e-05
0.00202669505041
6.09804916041e-10
0.00495444031254
3.2734847217e-14
2.83796319472e-08
0.00420783300219
0.000568331734051
2.51728012697e-38
2.63572692193e-08
2.6656532876e-14
5.86347754273e-09
0.0039830428773
4.03648839351e-17
2.41391060816e-19
2.43720103368e-09
8.52778370138e-06
1.59267213382e-07
2.20139569569e-09
8.0674367242e-15
8.40798812991e-10
1.51420045517e-08
6.49680923668e-18
6.90458555331e-05
1.68592096968e-13
3.5547425144e-09
0.000150261761473
3.75946944417e-14
1.52227550416e-07
3.78291742712e-07
7.08593295623e-11
5.57292827818e-26
0.000187732972159
4.9349547916e-22
6.76833085484e-26
2.51739725132e-07
1.52243079201e-10
0.000363359000209
1.71635852532e-11
1.38097504017e-09
1.88748186468e-08
0.0147228587549
8.58283085174e-07
1.16562579358e-05
0.000936398965424
3.33404909777e-05
1.26997286435e-05
5.69254748344e-06
4.28974083964e-10
8.37318332009e-11
2.26556190709e-06
9.14759454064e-07
0.0143553261121
7.73457576819e-05
6.34290768499e-13
1.62074277749e-14
3.77766726417e-13
0.000312922713333
3.71333279273e-08
4.54066241977e-07
0.000483894504936
7.03686964425e-06
4.27627620814e-07
0.000705305596346
3.00674058718e-08
2.21435216175e-22
2.63295404776e-20
8.87890642157e-18
0.000100389275502
1.27580545953e-24
4.08014528483e-11
1.11735111388e-09
5.76556388169e-22
1.04507431147e-09
5.10486862395e-07
4.14758416112e-14
7.57703890328e-08
4.03465801108e-10
4.16630302671e-20
2.93434421138e-18
4.84634864873e-22
1.06688746494e-08
2.18200257909e-15
0.00467806441727
3.66248479467e-09
8.61438595802e-16
8.95762535403e-05
0.000398681353516
0.000312112565256
2.20671174229e-10
6.98299347972e-07
1.53954441086e-06
3.09514706726e-16
2.50128050636e-12
1.00932115355e-33
3.71250222718e-10
6.91015958717e-11
4.63036374219e-07
1.19249247023e-14
7.79702577625e-08
4.9185690019e-18
0.0105305188143
3.24894923037e-08
1.35347258489e-13
1.83776977342e-20
2.30347249044e-17
3.12833861757e-06
1.86056384353e-18
1.57195094726e-14
9.62251653018e-07
0.000345808150877
8.93636334084e-05
4.95744321806e-25
8.7147619381e-27
2.35075401182e-06
2.49259488941e-08
3.16612853549e-05
6.07535557615e-24
1.28352004351e-07
6.60766382542e-05
2.26902094917e-10
3.63100529765e-07
1.1299420525e-10
6.95445008492e-17
0.0257235333388
7.65891808612e-10
2.70157604655e-16
7.97408784669e-07
5.10162125348e-14
7.60383561455e-13
4.41409019859e-07
4.75684477296e-32
1.58317682103e-32
5.41610690992e-15
3.61732357491e-08
2.91065285736e-10
2.42912057811e-10
2.34621784769e-08
9.80515510119e-06
4.46568968115e-15
0.000792243656122
2.30921010843e-07
0.00105847890344
1.03484639495e-20
9.69741463089e-16
1.3461580516e-23
2.58786013613e-18
4.52249031705e-06
0.00102277759378
1.54096774867e-40
0.000187342876242
3.68984138504e-11
7.31155328452e-13
9.3505594427e-10
2.56469558728e-05
3.59897635057e-59
1.35397653402e-08
4.23095461588e-20
7.36356419115e-22
4.53843030247e-06
7.60924666792e-13
3.09104502796e-12
7.68862476086e-08
2.34435460046e-12
2.42447717506e-11
2.23360533957e-11
8.98255726054e-15
0.000100965490875
2.94441534131e-21
7.40985923703e-06
2.5631612086e-06
0.000847050417261
9.17102106764e-11
9.84540359139e-25
0.000727825351241
1.58918011871e-11
2.26283714632e-12
4.75852468698e-14
1.2738471053e-17
1.13584239043e-11
2.24189544577e-28
0.00160109482919
2.43571492387e-06
1.83243068894e-11
8.53452971192e-14
3.63400072753e-10
5.33056288615e-29
2.47647324186e-06
3.75209449888e-09
5.59065128082e-16
0.000284101961391
1.7558990887e-07
4.05920799128e-12
3.20746531531e-16
2.5049601469e-10
8.56001261393e-12
2.16969525954e-06
2.75931063064e-12
1.62795902659e-09
8.87764096423e-07
8.4114365032e-12
1.30900549577e-13
6.13409982948e-29
1.62649259284e-08
1.37113513448e-05
1.99708036712e-06
5.38223719276e-11
9.37457962541e-10
0.00591228516423
1.21622345146e-05
1.38324972753e-12
9.06913601622e-32
1.45100863461e-05
0.000586640168092
3.83255486488e-06
2.13942731966e-13
1.68268300533e-06
1.63342442834e-43
1.29303017979e-28
0.000871123539925
1.41992833287e-05
1.40989371004e-05
1.52930855467e-09
4.20460103519e-34
1.61242043318e-08
1.25659254617e-12
2.54292319584e-06
5.51677232333e-11
2.38142988905e-06
1.05157023525e-11
2.62960654726e-11
2.25918521474e-08
9.76747617893e-08
9.91785008611e-16
2.01329519416e-07
6.31170401728e-09
2.01290015527e-05
0.000256597088347
8.39762157218e-06
1.55874419267e-16
0.000767638447282
2.16775717386e-06
9.49950137241e-05
6.13663896031e-09
7.39674884129e-24
7.97738616347e-09
2.22141717058e-08
2.37315215096e-12
1.9646763318e-07
5.64544576348e-05
1.88884487669e-18
3.40651648497e-09
3.5991873368e-09
2.04257902505e-05
6.27237755995e-06
5.30693622823e-11
1.1198312154e-08
9.61242883496e-10
3.4500240101e-05
0.00101190690329
4.86848517842e-15
3.32580077028e-09
1.50591551551e-08
5.52988757873e-18
5.16636318399e-06
5.63341194681e-31
0.00356468208425
4.31181959161e-09
3.25391629026e-07
2.08286826618e-11
1.01001184492e-08
1.07479323277e-16
1.31937213298e-05
1.41592727812e-14
7.94831046021e-05
5.83025278734e-15
2.11249631387e-11
1.02022953596e-13
0.000267831648823
5.39556196944e-06
2.91521211251e-11
9.68841917037e-07
4.24471130055e-05
0.000335582197027
0.00107234568338
1.68232917999e-13
0.00137000885625
0.00394106657947
1.9022838395e-26
2.4519011211e-05
5.00841806927e-14
6.02091005665e-37
1.22168597394e-16
3.68192560897e-05
5.82002428981e-10
1.66788279292e-19
1.56142138411e-08
0.000160910123461
8.79771637772e-13
6.3054023589e-07
7.06660163681e-12
9.09222226851e-16
7.54941910262e-06
4.13538910384e-05
6.56550032011e-16
9.17293715474e-05
0.000653619175002
1.38668593379e-18
5.18278714758e-17
3.35982734819e-07
5.21019052717e-26
1.4189769913e-07
1.71414023082e-10
4.29951076968e-07
5.77598303152e-13
1.14334068389e-26
1.86422290698e-22
2.09579171249e-08
1.21862626248e-17
1.51451805199e-11
1.11023351612e-07
1.6867058161e-07
5.56783726926e-06
3.62876863806e-11
1.60997528746e-14
9.27781316155e-05
0.00471825558934
5.14726242041e-10
4.96169599741e-33
7.57737880249e-06
4.19531531019e-08
8.35089021191e-06
1.02254776139e-06
0.000442121068444
2.20704073684e-38
8.91138722399e-05
1.73215251677e-06
1.09056857814e-08
2.46393213343e-14
7.76661010429e-09
9.14261462e-05
1.60452705867e-07
2.00871104817e-30
5.26835003839e-17
0.00730886859168
3.47958715348e-12
3.80112464892e-08
1.26508646182e-12
5.28746796411e-21
0.000208181693385
1.62448997505e-14
6.52807574845e-07
2.36992276785e-11
4.65950933503e-07
8.91753836992e-18
8.16572769259e-09
3.21596163882e-28
3.54676469907e-07
4.49300911666e-10
6.67188100427e-07
4.53401180977e-20
2.75806582943e-35
0.000852134637716
0.000511203953905
4.17605818786e-05
2.83899397017e-17
7.2808965267e-18
4.44431218699e-18
8.39838532635e-13
6.12848161209e-07
0.000981347094222
1.30338269921e-09
0.000279710867875
4.38743473976e-15
7.58771518357e-11
1.05715972697e-08
6.69661089511e-19
9.83355638618e-06
0.00030931302671
4.34914295051e-07
2.05435575192e-10
7.15984069411e-10
2.5138231035e-19
3.95876276326e-32
5.89070790949e-07
1.60257547644e-09
0.00871257436095
6.41267174209e-10
3.04743514246e-15
0.000655611151459
8.81281461256e-10
5.39041415656e-18
6.7395154919e-14
6.44883223416e-06
2.07037075119e-23
3.46889530728e-21
4.86644150198e-07
0.000134522539444
3.9176495557e-12
1.24122178581e-06
9.36551744686e-25
3.72174039557e-06
1.14333113083e-19
2.550050219e-07
4.83010824358e-08
7.70873133701e-28
1.31584118329e-16
4.43101226567e-17
6.89192698413e-46
3.67929711799e-14
0.00178866024492
9.27661778026e-25
1.32391964915e-35
2.45549026485e-23
0.000760585576807
1.40242033333e-12
4.47616500686e-16
1.95840429713e-09
4.95245420134e-05
2.40887625093e-07
0.000621804317616
5.5342729413e-09
3.33176674167e-09
3.74587988773e-05
6.49106942772e-27
3.88820731127e-18
1.87934577221e-10
9.03077259807e-08
2.42742260738e-05
1.89758076696e-08
1.82185048721e-14
2.3280753911e-08
4.7920948642e-05
8.93703024835e-14
1.23051725116e-05
1.644695282e-10
2.40735176038e-06
4.69409879226e-10
1.86711895948e-23
6.49909869309e-07
1.56644481633e-09
1.75598517175e-07
1.04675422908e-06
0.00156178980712
0.000113928230697
3.22520291609e-11
3.14900107387e-14
3.37546883555e-24
4.56061027752e-05
2.97935860659e-10
1.04141605685e-37
5.81614245505e-18
2.00414258121e-10
0.000824027975003
1.68355875872e-11
2.6250396302e-06
8.64792663888e-08
4.85513516525e-07
2.65649754337e-08
1.90594092823e-07
2.59929612435e-10
0.00033359528164
7.83790222164e-31
1.60257531298e-12
8.18816063743e-06
3.97612257945e-06
8.1917200215e-09
5.85671961767e-20
4.62108546124e-09
2.12329712281e-27
2.71310866196e-30
4.2349896259e-08
0.000933551886049
1.18081076759e-10
3.45845292564e-05
1.22558756965e-13
1.60732249217e-06
3.9029149088e-12
0.000218153883518
4.14003371052e-17
4.47349245578e-27
3.10548972024e-10
9.17565866041e-05
2.17850409985e-18
1.86495491844e-10
6.29069392845e-05
0.000884745887988
3.85477572116e-11
4.47040206169e-16
1.32959543142e-05
6.56246763097e-11
5.25907579933e-13
1.2601952384e-05
0.000442668654895
4.7638813872e-10
6.02872517291e-16
0.00046426931255
1.62940852908e-05
2.01227603001e-07
7.45845359229e-05
8.48198676959e-17
5.31665753731e-08
3.66833114491e-09
0.00627211070297
2.49566739265e-12
1.70327015172e-06
9.01869164781e-12
2.51102546454e-23
8.48746442646e-24
1.29658668805e-10
3.86563333303e-16
4.80808563575e-09
2.75403549325e-13
7.42467004004e-14
7.70705235912e-25
1.29992702077e-36
3.08470854451e-17
2.17019676892e-05
4.2998947549e-20
2.44125929783e-05
3.51491321629e-16
1.51884668074e-07
2.63595042186e-06
0.000187958422764
5.68703614938e-06
2.15770316528e-06
7.44965959384e-07
2.29810711108e-11
3.6810755409e-21
5.17884739099e-11
7.42455921271e-16
0.000159945530246
1.56507254908e-06
0.000203510465752
2.86312830102e-06
6.21918803033e-20
7.98249216073e-07
4.30399372282e-11
1.20442206806e-16
8.5194506866e-24
5.53917078562e-15
0.00813920738093
3.20238923121e-07
3.97286372981e-09
1.89114859921e-27
2.32538057368e-14
4.8853567636e-26
3.683874436e-30
0.000661364084252
9.26320643504e-13
4.63967941252e-18
1.22319586511e-23
1.64224519108e-05
1.1624290121e-08
1.87810340561e-11
0.00140030704117
2.99896884721e-33
0.00179567294738
2.14045622957e-06
0.000183016387688
7.34685392063e-13
1.31534660118e-09
3.96599911723e-06
0.000752364533208
0.00214847839645
7.91128093875e-13
0.000784563124817
8.27368580819e-17
7.74288364903e-29
6.59793549342e-05
0.000326168046168
9.34038728198e-10
2.39612180128e-11
0.00214552005696
6.10418252838e-08
9.54837214373e-18
0.00019298238359
5.462159825e-05
2.79487486065e-09
4.77033114487e-14
8.86407501395e-09
5.5992116606e-12
0.000615592018982
1.21506270902e-08
7.92103318254e-07
3.95696580876e-07
1.25307141171e-06
2.43230712021e-10
4.6276228148e-05
1.81973920402e-15
9.68893110813e-07
1.37113126136e-07
3.36191003487e-16
6.54216286164e-16
4.71180526186e-14
7.43027195742e-23
4.09439346034e-09
2.37442374733e-05
3.48273310205e-09
0.000415460466362
1.40548170114e-07
1.82314591785e-10
6.43580301203e-06
7.34140093034e-12
0.000504829709715
2.2674885924e-08
3.59967002581e-05
1.80912513421e-13
3.24983381107e-11
1.46201802289e-07
6.37738649152e-21
8.87191538927e-09
6.903761025e-06
4.46407794029e-07
2.52621511817e-15
1.00110584208e-12
1.27559305601e-19
0.000511462310843
8.10930932591e-24
0.000188255306821
6.12979116591e-07
3.56710431648e-06
0.00112072424027
5.18225450726e-05
7.42485143147e-08
0.00212435047775
2.83796706623e-05
4.56722506196e-12
6.80419988007e-22
3.52268917931e-08
1.23149005854e-07
2.61174535057e-14
4.9510018997e-17
8.68678828364e-14
9.24970896485e-13
4.60521831017e-06
1.80337977017e-05
1.37023850511e-13
4.93678953732e-12
0.000284843299901
1.20042870779e-20
6.64312885636e-05
6.903977792e-15
2.63325452426e-09
0.000254851452278
6.46599228972e-13
1.83896441337e-08
3.22164415673e-07
1.44733429576e-25
7.64756813369e-05
0.000324292593867
6.2290787113e-10
0.00122275879615
0.00315078684077
1.15363443614e-07
2.92357292282e-11
2.67125741032e-16
1.2176143076e-09
7.30561852843e-06
0.000512952409437
6.79849670553e-15
3.74601034903e-11
4.23941094345e-22
8.31396283566e-05
0.00052094232113
1.51453839199e-24
1.85712471186e-07
1.7248020691e-23
0.00190474461606
7.0556701778e-19
1.30649536474e-23
0.00251890701063
2.74041027868e-11
5.5132647149e-09
9.93640554331e-31
1.47704659027e-08
0.000168123562544
3.32948459107e-08
1.88616998243e-06
7.62700445194e-07
6.31845721303e-08
1.82299134362e-09
9.7605705941e-10
7.27980535904e-16
1.85565336115e-08
1.79718604216e-20
3.78088235444e-15
7.44666023465e-07
5.37771734292e-05
4.11099735806e-12
0.00088030929731
6.4291637209e-07
1.27904911964e-07
9.09336460743e-05
5.20657750286e-24
3.87366632273e-05
7.89247691294e-06
2.42075389118e-11
8.72296101048e-07
0.000373994103117
7.1907639582e-16
1.1394120185e-12
2.81744642152e-18
7.77303013993e-13
6.28605649468e-07
1.38513061933e-08
3.11248887884e-16
1.41243879985e-06
0.000335395607428
1.01628416269e-06
0.000105219402859
3.62626495257e-13
7.66928096973e-10
2.42715678509e-10
8.20162037456e-13
9.03024727907e-08
1.0098402193e-16
0.000394984521513
2.33194457947e-07
7.55474379446e-12
2.17332131317e-07
0.00231396558886
3.33744216131e-21
2.63587431877e-19
4.21075284271e-23
2.7522568818e-06
3.64662892783e-34
1.26858042688e-10
2.66998008747e-06
3.26882322957e-05
0.00614097457261
8.74693268226e-06
1.3931461313e-26
0.00062606344204
1.37198970751e-06
2.23396741242e-19
7.86771153012e-22
1.43614733647e-06
0.00121388863984
8.89175321018e-05
2.83185438201e-28
3.42209451017e-20
6.38862815853e-19
1.89388043365e-13
7.76772790428e-11
2.38379589187e-05
0.00267066694867
7.1202765756e-20
0.000565537475717
5.74514405049e-10
