I: (state)
	(9) 1.0
F: (state)
	(0) 0.000767856484919
	(5) 0.395418514457
	(9) 0.0949300678966
	(11) 0.223973275923
S: (state,symbol) 
	(0,2) 0.194702595975
	(0,3) 0.116628340551
	(0,5) 0.120638994507
	(0,7) 0.292334742995
	(0,8) 0.2286042261
	(0,11) 0.0470910998724
	(1,0) 0.268284656561
	(1,1) 0.0215389627335
	(1,3) 0.491930352945
	(1,8) 0.0419140545856
	(1,10) 0.116944882873
	(1,11) 0.0593870903025
	(2,0) 0.0631073291039
	(2,2) 0.000709607734679
	(2,5) 0.367587822825
	(2,7) 0.255576600803
	(2,8) 0.031253510357
	(2,9) 0.281765129176
	(3,0) 0.000822568706031
	(3,3) 0.0960048244217
	(3,7) 0.74180248825
	(3,10) 0.161370118623
	(4,0) 0.027364384425
	(4,1) 0.42350614963
	(4,2) 0.501308086174
	(4,3) 0.0478213797712
	(5,4) 0.429198115019
	(5,6) 0.401450635314
	(5,10) 0.169351249667
	(6,3) 0.0809362198064
	(6,5) 0.169696852755
	(6,6) 0.0308071751846
	(6,7) 0.535037545241
	(6,11) 0.183522207013
	(7,4) 0.719041010294
	(7,7) 0.280958989706
	(8,4) 0.511758119379
	(8,7) 0.0998939836031
	(8,11) 0.388347897018
	(9,3) 0.00897466348797
	(9,5) 0.000815728277557
	(9,6) 0.462013418376
	(9,7) 0.146700365248
	(9,10) 0.119161724222
	(9,11) 0.218678362032
	(9,12) 0.0436557383566
	(10,2) 0.0262637587009
	(10,3) 0.436918719504
	(10,4) 0.282865662238
	(10,8) 0.122239847113
	(10,12) 0.131712012444
	(11,3) 0.0906339094221
	(11,4) 0.00832804988913
	(11,5) 0.62945368076
	(11,8) 0.271584359928
T: (state,symbol,state) 
	(0,2,3) 1.0
	(0,3,9) 1.0
	(0,5,3) 1.0
	(0,7,1) 1.0
	(0,8,4) 0.339933797822
	(0,8,9) 0.660066202178
	(0,11,1) 1.0
	(1,0,8) 0.524456114363
	(1,0,11) 0.475543885637
	(1,1,4) 1.0
	(1,3,3) 1.0
	(1,8,1) 1.0
	(1,10,7) 1.0
	(1,11,4) 1.0
	(2,0,11) 1.0
	(2,2,5) 1.0
	(2,5,10) 1.0
	(2,7,1) 0.0186907437942
	(2,7,4) 0.981309256206
	(2,8,5) 1.0
	(2,9,3) 0.635098538511
	(2,9,5) 0.174860902762
	(2,9,6) 0.190040558727
	(3,0,8) 0.896920898346
	(3,0,9) 0.103079101654
	(3,3,6) 1.0
	(3,7,7) 1.0
	(3,10,1) 1.0
	(4,0,10) 1.0
	(4,1,1) 0.767238377104
	(4,1,9) 0.232761622896
	(4,2,8) 0.867873405129
	(4,2,10) 0.132126594871
	(4,3,6) 1.0
	(5,4,5) 1.0
	(5,6,10) 1.0
	(5,10,2) 1.0
	(6,3,6) 1.0
	(6,5,10) 1.0
	(6,6,9) 1.0
	(6,7,10) 1.0
	(6,11,9) 1.0
	(7,4,4) 1.0
	(7,7,5) 1.0
	(8,4,4) 1.0
	(8,7,7) 1.0
	(8,11,7) 1.0
	(9,3,9) 0.183940704121
	(9,3,10) 0.816059295879
	(9,5,3) 1.0
	(9,6,7) 1.0
	(9,7,6) 1.0
	(9,10,2) 1.0
	(9,11,0) 1.0
	(9,12,3) 0.0059673247118
	(9,12,9) 0.369174861167
	(9,12,10) 0.624857814121
	(10,2,1) 1.0
	(10,3,10) 1.0
	(10,4,4) 0.0177477829206
	(10,4,5) 0.835741829
	(10,4,9) 0.14651038808
	(10,8,5) 0.478885634433
	(10,8,10) 0.521114365567
	(10,12,1) 0.0266748743286
	(10,12,10) 0.535182754396
	(10,12,11) 0.438142371275
	(11,3,1) 1.0
	(11,4,2) 0.972335990153
	(11,4,8) 0.0276640098468
	(11,5,9) 1.0
	(11,8,3) 0.212012863733
	(11,8,4) 0.787987136267
