I: (state)
	(53) 1.0
F: (state)
	(1) 0.0589258521593
	(2) 0.0393252021272
	(3) 0.00380210328234
	(4) 0.152945665696
	(6) 0.04441077585
	(8) 0.0244719278554
	(10) 0.424175375978
	(11) 0.114877545284
	(13) 0.0363297296366
	(15) 0.050225166008
	(17) 0.0361877026246
	(18) 0.0855047967858
	(22) 0.376171249236
	(23) 0.194986036821
	(24) 0.102005585852
	(25) 0.534348425682
	(27) 0.459767135628
	(28) 0.0984039730408
	(29) 0.181297080114
	(30) 0.997267638169
	(31) 0.0043961722671
	(33) 0.0256866633247
	(34) 0.265367818054
	(37) 0.578895981401
	(38) 0.578581371637
	(39) 0.459412004474
	(40) 0.211475451762
	(41) 0.105914563881
	(42) 0.431694731158
	(45) 0.0457593047388
	(47) 0.146821157158
	(49) 0.324003952086
	(50) 0.861471060114
	(51) 0.438569743022
	(52) 0.131249825697
	(53) 0.104723003417
	(55) 0.632301001066
	(57) 0.132564455814
	(58) 0.327958717532
	(59) 0.500532347593
	(60) 0.822538628946
	(61) 0.28374507868
	(62) 0.167987850325
S: (state,symbol) 
	(0,0) 0.982991071855
	(0,2) 0.0170089281448
	(1,0) 0.1792460627
	(1,2) 0.726848665131
	(1,3) 0.0939052721686
	(2,0) 0.61590798537
	(2,1) 0.0688796776681
	(2,2) 0.241365446446
	(2,3) 0.0738468905165
	(3,0) 0.169349812505
	(3,1) 0.0320908120321
	(3,2) 0.119338790055
	(3,3) 0.679220585407
	(4,1) 0.864941084075
	(4,2) 0.135058915925
	(5,3) 1.0
	(6,0) 0.0165138370622
	(6,1) 0.610981368864
	(6,2) 0.112369930847
	(6,3) 0.260134863226
	(7,0) 0.000777031359768
	(7,1) 0.394374382141
	(7,2) 0.400552833437
	(7,3) 0.204295753062
	(8,0) 0.10552400832
	(8,1) 0.122226165709
	(8,2) 0.540698996887
	(8,3) 0.231550829085
	(9,0) 0.413890809468
	(9,1) 0.493894192697
	(9,2) 0.0922149978343
	(10,0) 0.0428633535548
	(10,1) 0.833031095798
	(10,2) 0.0246808540478
	(10,3) 0.0994246965992
	(11,0) 0.179432244173
	(11,2) 0.820567755827
	(12,0) 0.117149077795
	(12,1) 0.780027973014
	(12,2) 0.102822949191
	(13,0) 0.865283934774
	(13,2) 0.134716065226
	(14,1) 0.871312914213
	(14,2) 0.128687085787
	(15,0) 0.246964014612
	(15,2) 0.366523410042
	(15,3) 0.386512575345
	(16,3) 1.0
	(17,0) 0.251019468502
	(17,1) 0.087173962251
	(17,2) 0.132737763691
	(17,3) 0.529068805556
	(18,2) 1.0
	(19,0) 0.00768367390104
	(19,1) 0.212541389255
	(19,2) 0.0250117513142
	(19,3) 0.75476318553
	(20,0) 0.350450084507
	(20,1) 0.143566250325
	(20,2) 0.494017172559
	(20,3) 0.0119664926091
	(21,0) 0.00635210341423
	(21,1) 0.209949960741
	(21,2) 0.386095469129
	(21,3) 0.397602466716
	(22,0) 0.178691650895
	(22,1) 0.0374043749296
	(22,2) 0.783903974176
	(23,0) 0.122441414502
	(23,1) 0.734529504843
	(23,2) 0.0632427284893
	(23,3) 0.0797863521663
	(24,0) 0.120658333273
	(24,1) 0.290357299307
	(24,2) 0.326433407596
	(24,3) 0.262550959824
	(25,1) 0.250952938019
	(25,3) 0.749047061981
	(26,2) 0.317364563643
	(26,3) 0.682635436357
	(27,0) 0.226787347495
	(27,2) 0.773212652505
	(28,2) 0.0760011089684
	(28,3) 0.923998891032
	(29,0) 0.791560796423
	(29,1) 0.0938448689627
	(29,3) 0.114594334615
	(30,0) 1.0
	(31,0) 0.0907695436449
	(31,3) 0.909230456355
	(32,0) 0.705266257594
	(32,3) 0.294733742406
	(33,1) 0.238374291643
	(33,3) 0.761625708357
	(34,0) 0.0827031025026
	(34,1) 0.438082569448
	(34,2) 0.230091067737
	(34,3) 0.249123260312
	(35,0) 0.623439747906
	(35,1) 0.376560252094
	(36,0) 0.493763764453
	(36,1) 0.140026902812
	(36,2) 0.366209332735
	(37,1) 0.457869622819
	(37,3) 0.542130377181
	(38,0) 0.337107933895
	(38,1) 0.581598233879
	(38,2) 0.0812938322256
	(39,0) 0.130810486042
	(39,1) 0.00908628088232
	(39,2) 0.0264199430803
	(39,3) 0.833683289996
	(40,0) 0.185752178915
	(40,1) 0.463992189989
	(40,2) 0.122547124307
	(40,3) 0.227708506789
	(41,0) 0.236392102466
	(41,2) 0.763607897534
	(42,1) 0.78121298092
	(42,2) 0.21878701908
	(43,0) 0.267085170534
	(43,1) 0.127366160853
	(43,2) 0.180503193616
	(43,3) 0.425045474998
	(44,0) 0.215771916424
	(44,1) 0.0834307168002
	(44,2) 0.700797366776
	(45,0) 0.892028945703
	(45,1) 0.0987398913798
	(45,2) 0.00923116291715
	(46,0) 1.0
	(47,0) 0.716527892846
	(47,1) 0.112820443854
	(47,3) 0.1706516633
	(48,0) 0.447398542103
	(48,1) 0.0404537021641
	(48,2) 0.149082424215
	(48,3) 0.363065331518
	(49,0) 0.344296353236
	(49,3) 0.655703646764
	(50,2) 1.0
	(51,3) 1.0
	(52,0) 0.386849972878
	(52,1) 0.380579532414
	(52,2) 0.224867713
	(52,3) 0.00770278170757
	(53,0) 0.359493361415
	(53,1) 0.314696306301
	(53,2) 0.161758034786
	(53,3) 0.164052297498
	(54,0) 0.395428102177
	(54,1) 0.533172728774
	(54,3) 0.0713991690482
	(55,1) 1.0
	(56,0) 0.000525944864978
	(56,1) 0.632972508966
	(56,2) 0.361948999001
	(56,3) 0.00455254716878
	(57,2) 0.279070185655
	(57,3) 0.720929814345
	(58,0) 0.114586462384
	(58,1) 0.159992462497
	(58,2) 0.0936783377252
	(58,3) 0.631742737394
	(59,0) 0.403604817235
	(59,1) 0.228818762778
	(59,2) 0.367576419987
	(60,1) 1.0
	(61,0) 0.024477560084
	(61,1) 0.35248199785
	(61,2) 0.282498751399
	(61,3) 0.340541690667
	(62,1) 0.282504645176
	(62,3) 0.717495354824
T: (state,symbol,state) 
	(0,0,41) 1.0
	(0,2,4) 1.0
	(1,0,23) 1.0
	(1,2,41) 1.0
	(1,3,24) 1.0
	(2,0,17) 1.0
	(2,1,60) 1.0
	(2,2,19) 1.0
	(2,3,8) 1.0
	(3,0,13) 1.0
	(3,1,6) 1.0
	(3,2,46) 1.0
	(3,3,54) 1.0
	(4,1,23) 1.0
	(4,2,5) 1.0
	(5,3,9) 1.0
	(6,0,26) 1.0
	(6,1,24) 1.0
	(6,2,32) 1.0
	(6,3,39) 1.0
	(7,0,44) 1.0
	(7,1,47) 1.0
	(7,2,56) 1.0
	(7,3,30) 1.0
	(8,0,4) 1.0
	(8,1,28) 1.0
	(8,2,28) 1.0
	(8,3,57) 1.0
	(9,0,56) 1.0
	(9,1,15) 1.0
	(9,2,56) 1.0
	(10,0,46) 1.0
	(10,1,18) 1.0
	(10,2,11) 1.0
	(10,3,24) 1.0
	(11,0,16) 1.0
	(11,2,1) 1.0
	(12,0,30) 1.0
	(12,1,19) 1.0
	(12,2,39) 1.0
	(13,0,15) 1.0
	(13,2,44) 1.0
	(14,1,41) 1.0
	(14,2,15) 1.0
	(15,0,36) 1.0
	(15,2,57) 1.0
	(15,3,5) 1.0
	(16,3,49) 1.0
	(17,0,47) 1.0
	(17,1,49) 1.0
	(17,2,25) 1.0
	(17,3,34) 1.0
	(18,2,46) 1.0
	(19,0,47) 1.0
	(19,1,36) 1.0
	(19,2,58) 1.0
	(19,3,55) 1.0
	(20,0,62) 1.0
	(20,1,5) 1.0
	(20,2,15) 1.0
	(20,3,52) 1.0
	(21,0,46) 1.0
	(21,1,9) 1.0
	(21,2,10) 1.0
	(21,3,44) 1.0
	(22,0,15) 1.0
	(22,1,4) 1.0
	(22,2,30) 1.0
	(23,0,31) 1.0
	(23,1,50) 1.0
	(23,2,46) 1.0
	(23,3,14) 1.0
	(24,0,0) 1.0
	(24,1,7) 1.0
	(24,2,51) 1.0
	(24,3,32) 1.0
	(25,1,36) 1.0
	(25,3,26) 1.0
	(26,2,30) 1.0
	(26,3,7) 1.0
	(27,0,3) 1.0
	(27,2,33) 1.0
	(28,2,35) 1.0
	(28,3,46) 1.0
	(29,0,36) 1.0
	(29,1,34) 1.0
	(29,3,7) 1.0
	(30,0,13) 1.0
	(31,0,43) 1.0
	(31,3,32) 1.0
	(32,0,11) 1.0
	(32,3,49) 1.0
	(33,1,12) 1.0
	(33,3,25) 1.0
	(34,0,36) 1.0
	(34,1,58) 1.0
	(34,2,37) 1.0
	(34,3,58) 1.0
	(35,0,15) 1.0
	(35,1,40) 1.0
	(36,0,47) 1.0
	(36,1,45) 1.0
	(36,2,49) 1.0
	(37,1,22) 1.0
	(37,3,50) 1.0
	(38,0,18) 1.0
	(38,1,26) 1.0
	(38,2,34) 1.0
	(39,0,43) 1.0
	(39,1,37) 1.0
	(39,2,45) 1.0
	(39,3,53) 1.0
	(40,0,41) 1.0
	(40,1,1) 1.0
	(40,2,22) 1.0
	(40,3,60) 1.0
	(41,0,9) 1.0
	(41,2,31) 1.0
	(42,1,60) 1.0
	(42,2,41) 1.0
	(43,0,6) 1.0
	(43,1,41) 1.0
	(43,2,21) 1.0
	(43,3,27) 1.0
	(44,0,48) 1.0
	(44,1,55) 1.0
	(44,2,40) 1.0
	(45,0,8) 1.0
	(45,1,49) 1.0
	(45,2,32) 1.0
	(46,0,2) 1.0
	(47,0,56) 1.0
	(47,1,18) 1.0
	(47,3,56) 1.0
	(48,0,21) 1.0
	(48,1,7) 1.0
	(48,2,57) 1.0
	(48,3,38) 1.0
	(49,0,38) 1.0
	(49,3,0) 1.0
	(50,2,45) 1.0
	(51,3,1) 1.0
	(52,0,6) 1.0
	(52,1,35) 1.0
	(52,2,62) 1.0
	(52,3,29) 1.0
	(53,0,20) 1.0
	(53,1,32) 1.0
	(53,2,4) 1.0
	(53,3,46) 1.0
	(54,0,57) 1.0
	(54,1,25) 1.0
	(54,3,52) 1.0
	(55,1,26) 1.0
	(56,0,8) 1.0
	(56,1,28) 1.0
	(56,2,52) 1.0
	(56,3,10) 1.0
	(57,2,35) 1.0
	(57,3,14) 1.0
	(58,0,33) 1.0
	(58,1,3) 1.0
	(58,2,57) 1.0
	(58,3,47) 1.0
	(59,0,53) 1.0
	(59,1,23) 1.0
	(59,2,4) 1.0
	(60,1,22) 1.0
	(61,0,25) 1.0
	(61,1,5) 1.0
	(61,2,17) 1.0
	(61,3,43) 1.0
	(62,1,18) 1.0
	(62,3,57) 1.0
