1000
0.00970633789777
6.0407692773e-07
2.51040859702e-05
0.174469509734
0.00355752402316
2.71659191761e-08
0.00149929082718
1.66715153557e-08
4.57507062196e-09
0.000572397963374
3.91942697595e-08
3.09775760535e-05
0.000252499026564
9.14796013459e-05
1.14760183483e-08
2.02762021896e-07
0.0133042126797
3.48454633076e-05
0.0141678290089
1.15938867627e-08
5.51725041943e-05
0.00177760501591
0.0206597115724
3.32349909147e-05
1.46804136508e-11
0.000481885808091
0.000298333685407
8.8230258144e-05
0.00134517034771
0.00251589633949
1.23144670896e-11
3.12789686326e-06
0.00962250527386
0.000265692712013
0.00221633535234
1.97505622127e-06
0.000684684613598
0.0270771697306
0.00140129157028
4.65012748224e-05
0.00446966205151
1.75805631005e-07
0.0448235953736
2.33812768504e-08
2.14008498745e-16
0.00523926589431
2.45198910009e-06
7.48103256348e-06
1.12131547418e-05
0.000290907460494
0.0315667444133
2.21563281967e-08
2.40980266609e-07
0.00532169778807
2.40934762435e-05
0.0900434001112
0.0016626955338
1.98424263826e-08
0.038028988658
4.32966594705e-11
0.00218993759557
1.30155478979e-07
0.000834597574726
3.22246035051e-08
0.00242627759609
4.92216928834e-07
0.0011681860287
1.76194197247e-05
0.0170346723275
4.45971193758e-05
1.81201358351e-08
0.000150327095604
4.56482750515e-06
9.85370105144e-12
1.48684334395e-07
5.31558793962e-08
2.40984007526e-08
5.21627713787e-05
0.00101725208653
0.00647382144253
2.12074499321e-06
0.00301825499716
3.67423942168e-08
5.40904381284e-05
5.87406013539e-06
0.000725494307628
0.000161539542104
1.58162619465e-05
0.000251246429973
0.0186293373759
7.28009517156e-06
0.00171247063011
2.60783127322e-07
2.28623737528e-05
6.06160420936e-06
2.08206644128e-12
0.000236645096345
7.55887231668e-05
0.00112446116013
0.00030356951061
0.000212196426478
1.48347989944e-14
0.00823499790118
0.000496020099999
0.00053502507245
0.00306797646401
0.00514277990503
0.000299371757383
0.000781166988495
4.42451232769e-12
6.32417292699e-06
0.000763826003797
0.00015738230108
4.06696102965e-07
6.85592193311e-07
1.52097918098e-12
2.34344312705e-05
0.000610730605859
9.91445822471e-07
0.000662753406947
6.43197438685e-05
0.0195912568906
0.00249769801182
0.000253337117266
0.00133376696264
0.000540864709026
0.00018994186587
0.00020625679025
0.0344668859268
1.12143165477e-05
0.0148705755104
0.0369009811317
0.000454520582949
1.42454114253e-07
1.19299593528e-08
1.41143158104e-05
0.000181220392309
1.25957184685e-23
3.21295362829e-06
7.38835091649e-06
0.017418909288
0.00638430156685
1.15582292471e-08
0.00169922645106
1.35815434463e-10
6.27523571384e-08
2.12315170863e-05
0.0133180610372
0.000736977955932
0.000198420752742
1.10543501595e-13
6.46797391623e-10
4.8819549523e-05
0.000359835260473
0.00447376297507
1.44860035498e-06
2.99190668548e-05
1.07669812568e-05
1.04727389481e-05
2.05398070052e-05
2.91607564954e-07
0.000218248261727
0.000653588865861
1.02092636102e-07
1.41996483669e-06
2.38583695802e-07
0.00158839890177
0.000294775351747
7.48640542165e-05
4.04324439754e-05
8.351964528e-05
6.21479136343e-05
0.0122241105201
0.00722410899002
6.47504654142e-05
0.00135199453606
2.29770465892e-07
0.000489819818695
6.43281856001e-05
1.81980368101e-09
5.39142891381e-05
0.000116426429594
1.44293548203e-05
2.14521054682e-06
2.41267067201e-06
0.00273160660349
2.14098291408e-07
1.08810331562e-05
0.00989739540224
9.77173636893e-11
1.00010764605e-05
0.0021673807325
7.68251453951e-05
1.27429146122e-05
0.00045615343471
0.00136679134928
0.00216244851297
1.60921149018e-06
1.62398451585e-05
5.86151195799e-07
5.56598699103e-08
0.000113315678031
1.08517146374e-06
0.00323395311758
8.4506276629e-07
0.00019882426437
4.72446499664e-05
3.44913056687e-05
0.000204328975488
0.000346658767483
0.000273309060925
5.8179154216e-06
1.39944960116e-21
1.287375536e-10
0.000905108349943
2.07078198642e-06
0.000242273555985
0.000525398955285
0.000109697205193
5.56835913945e-07
0.000666911186971
1.26640139118e-06
0.000904057111399
0.00394129537486
1.1573224308e-10
5.36449282398e-12
3.32726174792e-07
3.14348307381e-11
0.00210186163337
2.3236183939e-05
0.00250689040978
2.37297805747e-09
1.37585876314e-08
0.000781259472186
2.15759404157e-06
0.0015102073899
7.45489628091e-12
0.00779218309053
1.45556423524e-05
0.000642145396146
6.68945459232e-08
0.0024121670733
0.00377657106985
5.01242782865e-09
5.43209981241e-05
5.53984296172e-05
3.5394807907e-06
1.20142403877e-05
4.1240602909e-08
0.000359577671593
0.000149000042172
2.83481919712e-05
0.000848925068961
5.63914036079e-05
8.4055831985e-05
2.05972700135e-05
6.25962268345e-07
0.00123246721422
6.67215924451e-06
6.13866709643e-06
4.73314118736e-05
0.00450432781892
5.76158123972e-06
3.98988306938e-07
1.9432100312e-06
0.000949220312419
0.00403409503131
1.5375100024e-06
4.59429904385e-10
0.000401840476323
0.000320174895966
5.53483773072e-07
1.59817533426e-05
4.95448826145e-19
2.2871918393e-05
2.67431714214e-05
0.000901018635764
1.15318614958e-20
0.00790814119821
2.85197039511e-05
3.53089530935e-05
4.69419896886e-07
0.000642221420833
3.03642880355e-06
0.000858439872332
1.87009508536e-08
6.7563009701e-13
1.40525931975e-07
0.000558535943346
0.000108908770336
0.00306402684963
8.98400716049e-08
0.000134531971176
4.72517788652e-06
0.00498358653998
5.15841247624e-06
7.29653864429e-06
5.51633516977e-05
4.38554406827e-05
1.78364158815e-12
0.000216800014205
0.00029276803196
1.7498414627e-12
0.00190956044659
0.000311929132477
0.00105004654874
8.79286925235e-06
0.000425626723544
0.000321468573029
0.000115027874359
3.30320335974e-06
0.00137095203384
0.0073722804494
6.49198184734e-12
5.9708584573e-06
0.000152611073018
6.14469482618e-07
5.16516849774e-05
0.000305547861052
0.000623149859568
0.00016579605517
1.59968972752e-05
5.28178079861e-06
0.000425990348905
0.00204473356351
0.00128626534474
0.00114022821346
4.92540585196e-10
1.11958953423e-10
5.57987500085e-06
0.000292951328964
0.000453405966079
1.06307466967e-06
1.48413335327e-07
0.00296540937592
1.70475750584e-12
6.33490519042e-06
0.000123950075807
1.36703417538e-12
4.28516451056e-06
0.00368877784591
3.83488977694e-05
0.00707985727677
1.46403022207e-06
2.98353217883e-09
1.46976872975e-09
2.5393516407e-06
8.78891914809e-05
0.000163326939754
0.000660698230712
0.00143084279078
0.000389256820078
2.14667113081e-12
8.66290266628e-05
1.59519420135e-05
0.000513809383614
2.83226667678e-06
3.17424755767e-10
0.000519803273391
0.000964869134876
1.55089511685e-08
1.5112038506e-05
0.0030605765901
0.000263427924483
1.82529752205e-05
7.6793607055e-08
1.81741011483e-05
4.14718502562e-13
0.000636447948698
3.76931574613e-07
1.50100069778e-07
2.65174560979e-09
6.48345237021e-08
8.36909926526e-06
9.04810210857e-08
9.53241909576e-09
6.67555573882e-06
1.13992223284e-05
5.26781007543e-14
1.90319893566e-05
6.55012331301e-07
5.55230456113e-08
1.80964390093e-10
4.53986443749e-10
9.80428777889e-05
6.19562580083e-08
0.000189166208132
8.24084529258e-05
9.60763213299e-05
0.000159894842248
0.000288288724102
1.33292879852e-05
5.36316012592e-07
0.00219842888344
0.00178324990555
2.77215911732e-09
5.90376545959e-06
0.000250496459982
2.15201051283e-08
1.10945600416e-10
1.84311892009e-05
1.44555946679e-05
4.36864455507e-13
4.68134836328e-07
1.57448399087e-05
2.65817367969e-05
2.79322423995e-22
5.79382218833e-06
9.26167476775e-07
2.02602657254e-08
1.18870060078e-08
4.32396940643e-05
1.89337069861e-05
1.65630731493e-09
5.78573417469e-05
7.18747519694e-08
0.000297587208195
4.00296910032e-10
0.000192566900602
4.04050319835e-06
0.000160218763987
3.14990717394e-08
0.000201422333805
0.000158538341221
5.9946719797e-07
5.49104695902e-05
6.29860013929e-07
4.0885058782e-09
1.1683909903e-05
4.93456032907e-10
7.97292641962e-05
6.48036328359e-05
4.73328634823e-07
1.36447611243e-09
4.8209237176e-06
8.12902315214e-06
1.92101630683e-05
0.00045514821062
2.87422400402e-06
0.000226886736203
0.000190809185026
1.78138216937e-05
1.41082866936e-06
0.000378588168472
5.86635546828e-07
1.11185858954e-10
3.47163968439e-10
8.72366297868e-07
1.18794479258e-05
0.000123569866381
0.000478062994505
2.6357711484e-06
0.00163970381264
7.92419563914e-09
1.61748319059e-05
9.18842085692e-14
2.95887087581e-12
8.42821933198e-11
2.29325557437e-06
0.0013824903543
1.22816557247e-06
7.09859747456e-06
9.12055024953e-10
2.86230795755e-07
3.09165935002e-07
0.000360110134458
0.000454422053747
0.00035390240182
4.7851974471e-05
8.83312104813e-08
4.80739123703e-05
0.00175453283151
4.90900455962e-05
2.9154461968e-07
9.57669126948e-06
1.09343882158e-15
0.00148103329322
2.17116666846e-09
4.23844370544e-11
1.42053577603e-07
5.01547845713e-09
1.53113349565e-15
0.000178184660447
0.000711571478837
7.30486320082e-05
9.04532171498e-09
5.51884074465e-05
0.000316027587061
1.43508400684e-06
1.7515538543e-09
6.61595083939e-06
0.000816805006881
0.000391116504893
3.52447312059e-10
1.35628654904e-05
0.000211756163034
0.00055553416473
6.83958915027e-05
9.51789714949e-06
8.82422241337e-08
5.97624728803e-05
6.21506922523e-09
6.6849228475e-07
1.79917053399e-05
0.000189144314149
0.000153506949674
4.85689226939e-06
0.000161754355244
3.62404805308e-05
0.000148639158621
1.04625042407e-05
1.2148776939e-06
1.38988483592e-05
0.00037082742777
2.80100475584e-05
1.49343060576e-07
0.00013555340165
1.03853826397e-05
1.6150204981e-06
0.000212979755001
0.000227677913442
2.37338273024e-10
0.000384395650415
3.45273238172e-05
0.0011470517804
4.02257411151e-06
1.28013662777e-09
5.51755612603e-10
3.95714242794e-05
0.000137382555017
3.81777852806e-06
1.03604981289e-05
3.94415590905e-08
0.000154692856777
6.51034950068e-06
5.98591355781e-05
6.30985834457e-06
0.00105814718137
0.000225207635143
1.97775288756e-09
0.000104944520872
2.07572964242e-07
6.95173049192e-09
0.000309501911171
1.25130631709e-05
0.000839493625227
7.8213392227e-06
0.000770365026731
0.000116425842636
0.000666615505779
1.17733339752e-08
2.83988408915e-06
0.000101632507803
1.46819837963e-10
5.2554320072e-07
2.7616126537e-08
2.38879070828e-08
0.000478386224736
2.00850583221e-05
5.5097221998e-05
1.05398373757e-07
0.000412909748409
2.41565175668e-06
0.00112696843291
0.000231312940647
2.29604284299e-06
6.06398782976e-06
0.000113772662559
6.0305963698e-07
4.59886073304e-16
0.000444039622923
5.02934703133e-06
4.11839632445e-05
2.92846635032e-12
0.00127784762974
0.000270616311114
0.000143863114238
0.000629098511092
0.00025400888992
0.00150615956737
8.66924193412e-06
2.34903551647e-06
2.3245890814e-06
1.83787790711e-08
0.000914441625475
4.35415475458e-06
1.32761030127e-09
1.96777440602e-06
6.17002023657e-05
1.87368558034e-05
0.000196176261021
4.3830943243e-09
0.00185916636308
9.00716800927e-09
0.000791822646888
0.00029276803196
6.53498137765e-06
0.000561365460031
0.00024838864607
3.6181358355e-07
8.02489016896e-05
3.1725278469e-06
1.96135638593e-08
3.95567165592e-05
3.05527824782e-05
8.44769626731e-06
0.00234850899474
9.27186552176e-06
1.37612521325e-10
4.58310148965e-07
2.50835369052e-06
2.6894069577e-08
8.19001224465e-07
5.8631276863e-08
0.000159522614154
0.000367475875842
2.69173622736e-10
2.36164828355e-07
7.76971549511e-07
0.000111244778519
0.000109343942477
0.000129477448574
0.000236897404117
4.11133231837e-06
1.57950257435e-11
0.00360740717873
2.0107464671e-10
0.00377198254514
0.000622383418127
1.1640930266e-06
2.9197353766e-07
2.00201771769e-08
2.82512908677e-07
1.05666668506e-07
1.07601218202e-11
0.000124153556667
0.000422368343441
0.00245424308487
4.06338710834e-07
8.92494101816e-07
9.69827001535e-06
0.000124818814725
0.000159295901907
4.8041119512e-05
3.13595248769e-05
1.7444627551e-05
3.273407201e-09
1.62806143646e-08
8.70852122528e-06
4.64356532259e-08
4.30552581978e-10
5.81153555842e-11
0.000432245981824
3.40390504298e-05
8.36198999196e-05
4.80822897515e-05
3.38649563512e-07
4.77582322253e-05
0.000864852131098
4.89163153006e-06
0.000337526709962
1.28321831553e-05
2.27236174823e-05
1.90664872751e-05
3.39211117184e-06
7.43953222348e-08
1.01661553067e-05
1.83545655697e-11
2.4055528993e-05
1.5704719677e-10
1.93581331189e-10
1.37706913253e-05
0.000130138728402
1.93827650155e-06
4.39094371062e-11
1.57824309639e-07
6.20069220947e-05
2.39148377272e-05
4.96003393365e-05
1.82897023559e-05
2.10901594469e-05
4.06035126244e-07
1.12239987837e-05
0.000187039434221
9.99746585585e-09
6.93323616886e-05
3.05495906293e-07
3.82397718368e-13
0.000206054058822
0.000203421711105
6.63682202037e-07
1.82312258007e-06
3.06088749098e-05
8.75146801365e-07
6.31692663778e-16
0.000101245371348
1.84175136138e-06
2.08871347231e-05
0.000477798991501
2.00482381295e-06
4.66593309587e-06
0.000220453792807
0.00191198280621
1.42011487361e-06
9.899486942e-06
9.33067903688e-12
3.16881240689e-12
5.52893176729e-08
0.000662569013627
1.66643179796e-06
5.84392332456e-05
7.32508175137e-05
0.000405869813945
4.99772906586e-06
2.40041227384e-05
1.08537559357e-10
3.20231208126e-07
2.2871356567e-05
0.00133665723657
1.40524371525e-06
0.000171557364344
4.30321839265e-06
0.000199679690861
9.25866943976e-07
1.23799794053e-07
5.10601704363e-05
1.71572059451e-05
0.00104775656549
1.43164981303e-07
2.61717578742e-06
1.56867610045e-05
0.000304251298027
0.000119768155083
1.43069243646e-06
0.000468384451842
5.67843596571e-07
0.000720539264042
4.71775036623e-06
3.71008343397e-06
6.13553809904e-07
5.94471927678e-05
2.46482793826e-08
3.78889992846e-07
0.000594679049264
0.000243664951234
7.63933401742e-05
1.0799582938e-05
0.000167919065886
1.10361413692e-05
2.03831178113e-05
2.80642174624e-06
0.000506704248194
9.26525531218e-08
2.3564467461e-07
4.93356664305e-07
0.00033336335399
0.000126745914756
1.67415464959e-06
0.00109756351868
1.61127234013e-09
2.70306168607e-05
2.77208028931e-11
6.33959075753e-06
2.92259494924e-09
6.10589442643e-05
0.000118994540507
2.51161256334e-05
3.99359956597e-10
7.76775462288e-06
1.19082862318e-05
7.6908437833e-08
0.000569787580663
6.60049896156e-08
0.000242041535301
0.000664355814696
0.00115512760194
8.79297406803e-08
5.45937649214e-05
0.000439781339956
9.21783688145e-05
0.000265498029544
6.98427884797e-09
0.00198454693434
5.21153665552e-11
0.00035507011709
4.45149198171e-06
0.00109438186258
7.86491606594e-08
4.88892225452e-06
8.17646967826e-11
0.000842153706632
1.01413699991e-07
5.24148167296e-09
1.35903909413e-13
1.96273158248e-05
4.44277392438e-10
4.02278226453e-09
1.14438322968e-05
0.000359815261954
9.31054535124e-06
0.000254348824202
2.9140838807e-06
2.72947533189e-07
6.10899903193e-06
7.94851268713e-08
1.13536417907e-05
4.03467653462e-11
5.39323961112e-06
1.86387088083e-06
9.36894820635e-05
9.57675693687e-05
0.000532213041937
2.33690770387e-05
0.00124950165209
0.000126411336884
0.000181874809342
4.11139335701e-05
8.58381026291e-05
1.07266033485e-05
6.38073005547e-09
1.24890466396e-09
4.11705766572e-06
1.08495899371e-09
6.34892441494e-05
0.000255140556586
9.64044476098e-19
6.7391639673e-09
0.000850290265201
7.76350219092e-06
7.78517194599e-07
0.00147855866308
4.24665917487e-07
4.91033240675e-05
4.02380915552e-06
6.98511309139e-08
0.000294442439916
1.16908224452e-08
4.51686512574e-07
1.63203043505e-05
6.13849799336e-06
3.90030192918e-08
1.20560944898e-05
1.7595710877e-12
2.11268079848e-08
1.80090054574e-17
3.50758823855e-05
2.80377300287e-05
7.82681420547e-08
0.00019551200996
4.4329304688e-11
0.000161858762502
2.10802450107e-05
4.43972985882e-07
2.44521641438e-09
8.92727224546e-05
0.000172922184478
3.22652554764e-05
2.8237051606e-07
1.13142153829e-06
1.80037306648e-06
0.000896108349113
0.00058384133536
0.000995860758649
1.50422364043e-05
3.65355683865e-05
1.15385220417e-06
1.19290977271e-05
3.7354538097e-05
1.1835325878e-05
1.68931800844e-06
2.73858277758e-07
3.68180035614e-08
8.08194356448e-09
1.14759250818e-07
7.10647284429e-06
8.38814628011e-08
2.73077065498e-09
0.000183289402913
1.13910342268e-06
5.92417684864e-06
9.28243470254e-07
7.76049459512e-06
4.09690957032e-09
0.00038615434561
4.308488755e-07
1.35242369822e-08
1.29441383961e-07
1.14868291657e-09
7.42145598251e-05
4.14381002202e-06
3.82284746554e-06
6.98992683541e-07
2.98151777739e-05
2.40506135582e-05
5.48640557904e-05
2.16464000359e-05
0.000384102239165
1.78482867769e-06
4.0491013254e-07
0.000181251222063
1.65581196772e-10
3.51759479292e-06
2.97714772911e-10
5.60239808456e-08
9.52615949057e-06
1.76880809519e-06
0.00089096499497
8.01495711743e-05
9.93808429939e-05
0.000427338040338
1.47322462808e-07
0.000207856474931
8.00062634517e-08
0.000108868741102
1.510065146e-05
2.50401257578e-08
5.71429201979e-05
2.34013217122e-07
0.000291572048458
7.4044645748e-07
3.96148618234e-07
1.7693188e-10
0.000118544943056
0.000798787422199
6.84342815309e-05
0.000103552264137
9.24502309263e-09
0.00028235078132
4.36062260921e-07
5.50044255498e-05
3.15249699833e-12
0.000181774883706
7.29785835836e-09
0.000136883517707
5.82751469413e-13
8.72346753196e-05
0.00112872644943
2.08367467533e-07
0.000120863068887
3.00941733728e-24
4.56069310983e-11
2.51440676669e-08
6.44772253187e-08
2.94511854895e-05
0.00153310965851
5.41201946349e-06
0.000132178330616
1.09498525254e-09
0.000123499213341
2.57087045296e-07
7.31729534213e-07
1.24816871311e-12
6.62787151263e-05
5.34090855189e-06
1.05961286885e-10
1.47838748401e-05
1.37197337895e-07
1.33090103193e-09
2.23710345345e-08
0.000591516509914
1.76267707623e-06
1.3161233041e-05
8.86844815535e-06
6.70211772346e-05
3.55857207776e-05
0.000679572673104
5.20572804199e-05
8.11999717618e-05
1.18437839599e-14
6.99434281885e-05
0.000626575270268
2.64326944259e-05
3.93129708818e-06
0.000130621176384
0.00163377535682
3.48121897803e-09
2.49940821841e-05
6.89482085305e-07
8.29009528001e-09
0.000221195471525
2.56350277863e-08
2.75952749517e-05
0.00013547590371
0.000561908569196
0.000324664348192
1.15086035509e-05
0.000192692935052
0.000110087858288
4.1986432069e-13
0.00052318150429
0.00135199453606
2.98511850493e-07
1.54610376878e-05
1.99466839543e-06
0.000400024453175
0.00096877224481
0.000155356486003
6.05769159049e-05
2.17903298284e-05
1.84372201691e-14
