1000
3.3762982614e-06
0.0143707189449
4.86265587984e-09
7.39012365632e-05
0.0165810579721
1.0603276209e-06
2.1259869899e-15
2.06903289813e-05
0.000363928834209
0.000118695176693
3.10684431645e-05
0.00244724047099
4.95816426319e-11
9.61466034919e-06
0.0452742146451
4.82357266819e-06
1.20725889309e-05
0.000234301392322
0.0137286166311
0.0392389324741
4.70169555901e-08
2.65724207948e-05
0.00105931746083
3.48512802788e-18
0.00260252754174
5.19232853979e-07
7.16722246619e-05
2.40549766511e-05
4.19682059611e-18
6.81501960349e-06
6.33570089108e-13
5.54962935613e-07
3.50341600503e-09
0.0133052413481
3.39584161607e-12
0.000949299901663
2.29345508797e-05
0.00899260927669
0.0245303891189
1.78230566009e-06
2.41672670838e-07
1.05523008807e-10
0.00118742922856
2.7074429419e-08
0.00699466713722
5.91503159127e-06
2.1550076622e-06
3.4387065741e-07
1.97919721892e-07
8.91449695577e-08
1.3380481173e-11
0.00141160651347
0.0407519026335
0.0128112660532
0.0078779882909
0.000721262242476
9.43318523108e-07
0.00611961911961
7.58553261908e-12
4.00003591619e-10
0.000174317650367
0.000321414654801
2.64738330968e-06
8.76711157507e-10
2.91783573673e-10
0.00052441170818
0.0072643666929
0.000108113452233
6.7098518438e-08
0.00898391738533
3.7243460956e-14
9.74453160751e-14
0.0435933474629
0.0020582111769
1.376635784e-15
4.40655215923e-10
0.000162380053977
1.47289691386e-06
8.38306120839e-06
4.90910227666e-09
0.000545164114802
1.51620948239e-06
0.00117823679702
5.95241965681e-05
3.25346819049e-13
1.36348231163e-05
1.31220463597e-25
7.1277827636e-05
0.000277712734496
0.000184501595498
0.00103809347092
0.00110451524326
1.8619321967e-17
0.000126855484327
3.6384578101e-14
0.000385524167329
0.00293487053042
2.41697894433e-05
0.00114059558759
3.11913316041e-05
3.15392077008e-06
4.83514607461e-10
7.14520588446e-05
6.99197694871e-06
4.19916101441e-13
4.07056924719e-09
0.000845321172758
7.86020348829e-05
2.73764009124e-07
0.00345045341631
0.000103175299821
2.76948810839e-13
5.38955013369e-13
1.86964798301e-13
1.4928976142e-06
1.05838149275e-07
0.00724657691885
1.68910703513e-10
7.01272166403e-05
2.01307146567e-05
2.2033850234e-12
1.09300696686e-08
2.60946489273e-10
2.10299675833e-05
7.53902829298e-06
1.09185117973e-05
4.03185873879e-06
6.21418199963e-09
1.66873178693e-10
1.07838931817e-07
0.00865037715677
0.0236196648499
1.86104134183e-07
0.0124727405573
1.38700374306e-10
0.000593892863458
0.00752598958236
0.00978465602188
7.44379781014e-09
0.00232166002338
7.47054792455e-13
3.79012863328e-06
1.89567726377e-05
0.00064416077834
1.56313246417e-07
0.037485686208
3.8966253593e-08
9.67286293362e-07
1.49608888388e-06
1.66868630452e-06
0.000159856507237
0.000481699291072
5.91936866891e-05
0.000115518107519
0.00607160319895
1.51804153719e-09
0.00122863403078
1.73601306448e-05
0.000176059220371
0.000198595235308
4.13519853192e-07
0.000905365534952
0.000368551233769
7.01226254252e-06
7.90596384884e-12
1.46090506273e-11
0.000138749208504
0.000316639945122
1.53587590307e-06
0.00668213636057
5.42709273588e-05
4.59641474905e-05
0.0015941563121
2.95836232174e-05
1.30597928221e-05
1.48663034595e-05
0.00173841381649
0.00118301931084
0.00104840350003
4.98336512937e-12
1.03246226475e-25
0.00462499338511
1.75176659196e-09
1.1146302014e-07
2.57070503254e-05
0.00130164341296
1.89099713826e-07
4.6040855085e-09
2.73371996126e-16
1.79060482923e-14
2.63418225685e-12
2.20069580156e-08
1.40982998923e-09
1.10884266844e-06
2.01745027532e-08
0.00875222283636
9.37718771905e-13
6.50236305022e-06
0.000425488607833
9.2183896317e-09
0.00731348673292
0.00807050654476
0.000814278690446
0.000157944691753
1.60055479074e-08
0.000448696584041
1.17115736228e-07
0.000910409340075
1.94523793192e-10
0.000345501429484
0.000659798223858
5.39744191324e-07
2.94946676472e-08
1.02495896462e-05
3.83300889903e-08
0.00693978539119
8.12779109192e-05
0.000348661417551
3.51475228499e-07
2.02117312125e-08
0.00487235850429
1.03347455909e-11
0.00112512811686
6.42518534667e-18
6.4450517219e-07
1.82208045476e-07
0.0389310549033
0.000165470126773
2.71148511895e-09
8.84579003822e-09
0.0159654635016
3.39817342239e-14
4.00162510705e-05
0.00758550719358
0.0025421833758
1.18665443467e-14
3.13500331838e-08
0.0075954792972
1.31762678806e-07
1.58531206834e-21
0.00254160088225
6.73535663149e-10
7.59975190168e-07
0.000121997926817
3.0824349178e-11
2.21814929703e-11
8.9105211595e-06
3.09818946686e-07
0.00720902063457
0.00108053211351
2.69402605945e-06
0.00264020458446
0.0149248234417
3.43208064052e-05
0.000272476858229
3.28205302486e-13
5.94067639374e-14
2.18305204862e-07
1.33025332404e-12
0.000495582121947
4.35841074716e-06
2.21426727658e-09
7.36601953304e-10
9.2622656833e-11
8.07975954109e-15
0.00121115961364
2.85939726381e-08
2.94033407154e-05
0.00021203011589
4.38579411703e-07
1.17860621751e-05
7.30037347916e-20
9.70942279073e-09
1.33655984039e-10
0.0017806005637
0.00214108538445
3.08468642518e-05
0.0024899391889
0.000137482434204
9.92344333264e-07
3.26217569159e-05
0.000571152645144
0.000256510892474
3.90949701877e-06
0.00694137587706
7.13311455485e-06
1.0908623194e-05
7.29125916226e-07
1.95143715665e-08
1.75351181143e-05
1.44567182116e-07
3.04766652072e-05
4.55944797286e-11
9.85784393772e-17
3.03494048779e-07
0.000819975296712
3.72816894272e-05
3.62803458764e-05
1.38728339755e-05
0.00456605535197
2.08281916662e-08
2.64678158848e-06
1.51739660948e-06
1.20489148781e-06
2.48234178711e-09
9.88938932602e-15
0.00074911592858
3.09160021347e-07
3.13202380017e-06
0.00416301600344
2.32645360033e-09
1.35276785554e-07
4.94392075008e-08
9.97787764656e-07
1.58445064121e-08
9.56952385462e-10
2.47613907328e-07
0.00341305825593
0.0142579630221
0.000736438456401
0.00122343221403
0.00397700706273
0.00366550418794
5.47122533276e-09
8.6001302992e-06
0.00134157044261
6.70510068044e-09
7.51011366162e-08
0.000819471150945
3.2949449225e-09
3.27730614184e-10
6.15212518123e-25
4.66110189596e-07
0.000642545916823
8.92785766067e-06
1.46710583938e-11
0.00635557867638
3.79043917556e-06
0.000317996984938
9.05832717396e-05
1.59723279566e-05
4.02128119992e-15
6.46062610873e-07
0.00264275896808
0.00942138727553
0.0119762187856
0.000216748684607
1.19174634426e-06
5.86416932154e-06
0.00184925675155
0.000140792478606
1.62555500632e-07
0.000141093830289
2.80838242969e-06
1.81788393707e-05
4.76692094516e-09
3.41945234026e-07
1.60170298606e-20
0.000604727918181
2.37210384661e-06
7.36691024944e-09
0.00358349559473
5.14490005989e-08
1.26358818274e-10
2.0546379043e-05
0.00035184564363
5.10285170133e-08
0.000940274513136
7.98550197835e-05
2.62574655468e-13
1.03124501286e-08
0.00134244045785
7.54653636323e-09
4.92269647921e-16
1.40145623605e-06
1.13253253632e-10
0.00132265808966
0.00480332333799
2.43775099364e-21
1.75015402794e-11
0.000140922752743
7.06558701595e-09
4.22806406017e-05
0.00167944089729
3.67039040912e-09
8.76737455055e-06
9.09418654323e-07
1.43636609965e-16
5.02054129255e-10
2.22218507471e-11
4.75806909136e-06
2.31148149747e-06
0.00469194986128
2.35100651542e-11
7.7959921373e-06
8.02503862518e-06
2.66116928795e-08
1.18894679691e-12
3.95848445572e-07
1.68500229293e-05
5.56990004027e-05
2.16083223816e-05
3.72689754769e-12
0.000197439219348
0.00013854682499
0.000111955935429
7.74623700607e-08
8.86435159487e-07
7.43530410967e-08
3.40150705997e-08
2.13838853781e-07
4.44068475233e-10
4.68252902696e-09
3.35066255714e-07
3.18249218436e-05
1.25289412751e-11
4.2658177129e-05
0.00422328438841
2.20677645378e-10
0.00101402345296
8.61611193249e-05
2.37207548279e-05
0.00134556417673
9.38542897106e-05
0.00139361787985
7.71439607004e-08
5.27605461639e-07
5.97466074268e-13
1.32895869655e-10
2.94451835004e-07
6.25008359231e-10
0.00129143042329
1.45157664233e-05
4.03661423092e-06
0.000549408191216
1.24063791964e-16
0.00035312385615
3.26562001376e-05
4.86129182319e-09
6.8816998288e-08
0.000409691760932
3.22857785901e-06
2.55612856214e-06
8.19881142675e-10
0.000100001557512
0.0114411058367
1.12752331934e-05
3.11012463419e-05
0.00278173975054
0.000582939851407
0.00182130339553
3.55162710725e-13
7.32855412739e-05
1.8575689751e-07
4.10789634428e-05
6.26568714457e-07
5.22948415013e-09
0.00584618662043
2.45771151683e-08
2.95658879353e-09
5.23117494143e-07
0.00333732545204
1.19745469281e-05
3.06667719241e-06
0.0120096729936
3.89795987885e-12
1.61021981556e-05
1.51221837156e-06
1.26640593159e-05
0.00187300264909
0.00295571194181
2.87290502251e-05
0.00150783364481
6.28240135062e-08
0.00189152899839
2.30371913865e-10
0.000147599067284
0.000299812087206
6.64119681439e-06
4.31497721277e-09
0.000143412120604
1.52293417539e-05
0.00135217995345
0.00137365698526
0.00231519279506
0.000308175666631
1.06918252641e-09
0.000119272062507
2.60952527988e-08
2.05637998873e-10
1.21156408572e-05
1.41121252127e-07
3.91538656865e-05
7.07909401201e-07
0.000308531016682
4.13734153771e-18
1.80615818179e-08
5.83550309369e-07
0.000712112126179
2.41982271162e-12
0.00199427096737
0.000580714895669
0.000245554278131
7.51834268124e-10
0.000213109067899
3.91192868615e-05
7.53140603334e-05
1.66702390325e-11
1.72158881505e-05
0.00487286151412
3.5853677724e-12
0.00153497107721
0.000185209154178
2.36616665868e-07
4.50449733218e-05
5.77555611544e-09
9.32918930953e-10
0.00413035203494
5.59460169208e-06
4.87933753398e-07
0.00809436321618
4.69958127694e-14
6.43318856413e-15
6.47621574624e-05
0.000952613011933
0.00467419113809
0.00289244306242
0.00416381530362
0.000349115352294
2.86574569778e-10
0.00171486293316
3.40985173343e-11
8.06243842275e-09
5.64455275755e-06
3.67866547769e-10
0.000179476960983
4.09365075549e-07
1.10372225239e-07
1.42803661825e-05
2.65888609996e-05
0.000531721272503
5.59549104504e-06
1.07674456421e-07
0.000357490622378
1.06918281872e-08
4.57920338421e-06
3.78672532959e-13
2.92067695167e-05
0.00474211277907
2.84186573916e-07
2.41475927257e-07
2.87201589298e-07
4.37086246583e-05
6.7937362598e-14
1.86556622482e-05
8.41529159007e-16
0.000152280839573
4.02400529615e-05
0.00021906500894
0.00116876767996
0.000172058252489
0.000493579729936
7.50197351912e-06
2.60350344402e-07
1.21698904687e-05
2.60098532114e-06
0.000196757520844
2.50966133186e-06
2.55385737117e-07
0.00222364110376
8.81928293258e-06
2.80911100002e-07
0.000201803099139
1.02197137193e-06
0.00706086868572
5.91273402573e-06
1.56944761333e-11
4.14064840565e-07
8.14344128907e-05
0.0014024679112
2.1488434507e-06
2.08658875917e-07
1.67247226447e-07
1.34149355267e-06
0.00078351726792
9.06560184351e-12
1.87764553733e-10
1.7841156267e-06
5.6385749916e-11
4.82763037856e-12
1.02818796562e-09
0.000305076173729
0.000268930371225
8.55657960285e-07
0.000625270529618
1.31386863094e-10
1.51184871151e-12
2.18287015042e-11
4.74989152277e-12
3.46162933223e-07
0.000529610238897
4.04157782924e-11
7.55628542239e-08
2.84715850418e-07
0.00248585270897
2.12727314099e-14
1.24000966244e-09
0.000956807228355
1.23395001309e-06
2.25013050589e-06
5.45002614384e-07
2.33684695546e-05
9.96632777606e-09
3.39736524929e-08
1.12215042638e-09
2.35120216494e-05
0.000116313742737
0.000941904077243
4.84742719416e-15
5.7287688554e-05
1.14622685052e-10
1.27788537961e-11
1.8753516829e-09
7.1072682443e-13
3.09016249524e-07
3.25967997569e-06
4.25030327529e-05
1.26042862734e-07
1.48715990557e-24
1.21494566084e-08
0.000259594422398
1.27285701421e-07
4.98258171857e-09
4.37887151069e-06
3.26562001376e-05
1.9913807711e-09
2.08702263609e-07
4.39647033734e-08
0.00777087794378
8.20412790091e-15
2.0136536593e-07
0.000138290726237
3.64373314705e-06
8.67981519755e-06
0.000119985977307
1.96334865725e-09
4.51232402186e-10
3.7019069181e-06
2.25755996112e-07
2.97569416945e-10
9.6508699525e-06
0.00101198578625
6.90069080893e-27
4.32405365575e-07
0.0015259938101
0.00266047431655
9.5518778945e-14
5.28036430502e-05
0.00232764321381
0.000152898624133
1.07426714834e-05
0.00170530958146
0.000167167690346
7.10631707718e-09
0.0110163391239
2.65327437996e-11
3.43826774487e-07
1.61678531678e-17
0.00221174698583
0.000497063308654
0.00352941732825
0.00036257650113
6.71800117361e-05
7.28513199594e-09
3.57042851256e-22
0.000624546162802
5.71919865241e-10
2.76840482608e-05
5.76839774779e-08
5.28649951918e-12
4.64478792844e-06
6.39054747394e-07
1.78570244197e-05
0.00194522166571
5.03218050218e-05
0.00127060516995
3.99835458047e-08
1.31193140669e-12
2.95451702058e-09
0.000234301392322
0.000708600021269
0.000557683199247
0.000250996521915
3.86836445421e-05
0.00773269659605
9.51951615093e-07
5.05387251205e-05
7.73532623259e-08
2.96528198705e-06
0.00038075493512
3.10689810293e-05
5.62391060028e-08
6.18464310172e-05
4.23604977435e-06
2.28309692144e-07
0.00122224951279
0.000105840193086
1.16213391484e-08
0.000166020235707
0.000914055843577
4.30667429016e-12
3.12833906638e-07
2.95681456968e-08
1.90581613426e-06
0.000919410636821
0.00344751367027
9.87739406844e-08
4.37237477533e-09
6.5180471981e-07
0.00074209234031
1.02006604804e-11
1.15292487595e-15
1.61615874995e-05
2.61730482051e-07
0.000827039506247
0.00224122627382
3.45759282204e-07
7.14056165366e-06
5.06472388009e-05
1.01170820148e-06
7.23255852013e-18
3.97900585073e-08
3.55340270078e-05
1.3035376331e-05
0.0115315852722
0.000694484394586
7.08043460956e-09
4.39452713361e-05
9.33549628802e-05
0.000247115637304
0.000353734669623
3.01547036769e-14
2.6280577991e-09
3.08784353634e-06
2.48326041156e-08
0.000166578761816
8.61704784507e-05
0.00135183202712
2.52961171384e-08
1.03237812218e-05
0.00103495043929
5.43879793996e-06
1.38703613333e-05
3.62673115791e-08
8.16996412158e-07
2.47511851096e-05
0.000284046542022
2.5067098686e-17
2.78797540019e-10
7.32537148328e-06
3.84718742234e-08
9.67880687918e-16
1.28733697893e-08
2.97045047949e-06
3.21546175059e-07
3.52601042425e-06
3.26852810351e-07
3.77153734218e-12
7.567908819e-10
1.34542160605e-07
5.06437743828e-06
4.14493225806e-10
0.000191822211681
5.6119784624e-05
1.0837533574e-10
1.32130391033e-07
0.00030378846826
3.46037374623e-08
2.60436574807e-10
0.000739732544623
4.97779434972e-09
4.71768762501e-06
0.000235886265161
3.3086887409e-05
0.0012965780825
5.86263039199e-11
1.20655106113e-10
0.000775917192196
2.54123198878e-09
0.00842728458504
0.000770705849791
1.35451815672e-05
3.84781325297e-09
1.37212297478e-10
1.5667870148e-09
0.000170959444202
2.58132445088e-05
2.02377970562e-05
1.38655835304e-05
3.63573151339e-06
1.25424483894e-05
0.000147377495779
0.00134909412929
3.11345743198e-15
2.83752281288e-05
6.52372924268e-06
0.000330106996615
0.000400024528966
5.51285790661e-08
2.33554098983e-09
6.29210738549e-13
4.52618890518e-05
6.4739055782e-05
0.00140111234261
1.32686622417e-07
1.61981830337e-13
4.37102935388e-06
0.000119712823917
0.000375705715746
4.64385848072e-06
0.000870047978398
2.05168865296e-06
5.54661680311e-16
1.7144918711e-11
1.76781780923e-12
5.00465770752e-05
8.06955851601e-07
2.77043778703e-05
1.4808516753e-08
2.51491321687e-05
2.99267284086e-08
3.94555511009e-11
2.97303891445e-06
9.66510482325e-07
2.53002367521e-05
7.25907483826e-05
1.03776360274e-08
3.89266744131e-11
4.2698479925e-14
0.000598152195878
0.000469801279736
5.76822435051e-06
9.94342495771e-07
2.15788140601e-07
3.43290228161e-07
1.72229725532e-08
4.75454296792e-06
5.54171867615e-07
5.04731839214e-07
0.00456796955776
0.000209584199383
3.21815839275e-05
8.1153908667e-15
2.65769492572e-06
0.000178178632583
0.0019202309283
2.36802350399e-06
5.37905791357e-09
5.977099121e-06
1.4138965126e-10
3.21639160066e-12
5.19131944877e-07
6.65152020293e-10
2.86590791998e-10
0.00022486762992
0.00021341533895
1.9307421603e-08
2.02188105374e-07
1.01323666394e-08
2.85722034218e-06
2.33841043325e-11
6.50959751945e-07
0.000269603833711
0.00247662065908
6.95319163238e-08
2.49238930237e-10
0.00109680673784
1.12429701481e-06
0.00258594597231
1.95099889383e-09
0.000797005181647
2.02226666202e-16
4.26509476394e-17
2.86932554736e-05
0.000787150220368
1.04361747975e-11
1.14241081817e-05
4.89413541681e-05
6.37794101521e-05
0.000118872587559
1.46251813897e-09
1.62497622331e-14
1.64080035758e-06
1.44331430363e-10
2.06191472571e-05
2.70839728135e-09
1.76291170141e-09
0.000212551315445
3.50730535894e-07
4.87819985863e-14
4.49353591614e-14
0.000315902876145
3.23940033123e-05
3.6435026659e-10
7.66379558604e-10
1.98828398973e-10
1.77007697471e-14
5.7590551043e-09
0.000413748783778
5.06046929132e-06
1.57290744376e-05
4.92859060862e-07
4.31037336777e-11
2.71322035488e-15
2.71638792055e-08
1.22422971377e-07
0.000221317129742
4.03089292065e-05
4.23666566122e-08
1.3999422266e-07
3.47998726674e-12
4.46913390608e-06
0.00358044249831
5.84212667493e-09
2.21857285197e-11
4.91074415718e-13
4.33352628004e-10
6.85336105908e-08
9.10424263612e-08
0.000272051102787
0.000644771036399
1.66354358114e-05
1.2046155695e-07
4.43501487017e-12
8.88523420658e-05
5.59724732135e-10
3.11091150127e-06
6.58691232407e-08
0.00118457453858
2.86354488015e-05
3.92181482043e-05
3.49925473863e-06
4.42138278119e-06
4.4051528092e-07
4.35515850913e-05
9.06290708863e-14
1.23639400118e-07
1.50821650281e-18
0.000321243545108
4.46044397936e-08
0.00126237939657
0.00167606608303
4.50319418066e-11
9.74282853034e-08
2.29415781279e-05
0.000370950537596
0.000340033334134
4.55611138241e-13
0.00286974829762
0.000957403285147
1.90553218e-10
1.4476534684e-08
2.10015353519e-08
2.24209714399e-11
2.09327711032e-07
1.31433454042e-09
8.31749554209e-06
0.00156476862474
1.00841510346e-09
1.60497359733e-05
4.06134783556e-08
2.14824567102e-09
3.6189097469e-10
1.08701264698e-12
2.9349399637e-10
0.00180822334736
0.00115704343523
7.68899705261e-06
1.40540788666e-12
0.00101903438474
1.37714217274e-09
1.19023824093e-09
2.12394642495e-08
7.48375929055e-05
7.83747901861e-16
0.000170665124493
0.00146832646086
1.39269089839e-09
3.75609474708e-05
8.32009915019e-07
4.70588497092e-12
5.85789668049e-19
5.30691512828e-05
1.0372906925e-06
4.15081021069e-06
1.94981827257e-06
1.35901894312e-09
0.000160346298453
4.61749415921e-06
0.00679872427207
