1000
1.07575944479e-10
4.55207995368e-06
0.144665860787
0.159760016641
4.13168155321e-06
0.0500799672674
2.16325551344e-07
6.28110676396e-21
3.49632523526e-13
6.05697394022e-08
0.000217934339448
0.00333719831766
7.02278093323e-20
0.000368914208571
0.000217618585546
1.14299010369e-20
7.90366499005e-06
7.09161160189e-12
1.82548902549e-11
4.6353130418e-08
2.53934893321e-36
4.40343993564e-16
2.65728031632e-06
4.25209663023e-05
2.83370084696e-10
0.000107117726119
0.00150509144163
7.28620896045e-11
0.000456859661451
2.12153103023e-10
9.96533859949e-06
8.86770858755e-22
9.52017002514e-09
2.166163653e-11
5.48109463185e-50
1.62811157371e-11
2.40335298979e-05
5.08140022384e-17
6.10006602101e-16
1.3424022155e-16
1.14759200211e-08
6.12964383539e-07
0.00250053451543
1.1576135034e-05
6.18066890359e-07
8.93237536923e-08
4.52448310558e-17
3.94837394519e-13
0.00551861930897
4.62310125179e-22
2.1222565519e-14
5.62333300432e-15
4.29819004016e-09
2.06333103686e-06
1.8978231498e-07
1.43391723471e-13
2.51108134315e-09
1.9596221265e-19
0.000112396669862
0.000941552316896
8.11562893596e-50
8.62436305185e-05
0.0344520803998
1.430876144e-17
2.34346384797e-06
0.00399092984307
9.19633108204e-26
0.0373443620925
5.43534343208e-05
1.27937009888e-07
5.47653732374e-18
6.23390620128e-12
4.17720155163e-09
5.09015800721e-09
2.14707552897e-06
1.76039249364e-14
2.60650176053e-05
3.44370691013e-14
5.28341441313e-18
4.82220915576e-19
3.04019993648e-09
0.00068614858128
3.65332594302e-14
1.41661955719e-06
0.00908752687556
1.76718214778e-09
1.40727949358e-08
2.26001873517e-29
0.00454202155528
1.33929135756e-07
8.62193879451e-08
0.00695865518005
2.11392939437e-07
2.63215894447e-23
8.44960082155e-09
1.522437678e-06
0.000152391766876
1.78518690855e-24
1.29092759827e-09
8.0243707754e-08
0.0392610421482
1.81339989008e-08
1.82327052941e-21
0.0412408005377
6.57800701955e-44
7.85119746333e-08
1.57454465018e-07
8.08731881184e-11
0.00587071808268
1.19216250837e-09
7.4767531429e-13
3.19897938438e-13
0.00248023876925
1.96261866888e-26
5.3636423265e-10
0.00215412646153
3.76902017253e-09
3.3337479751e-23
8.62919186414e-34
3.09475655597e-15
2.59751504997e-05
4.80468132855e-23
5.38323297752e-15
0.00365133902194
0.000568705059571
0.0164886989381
1.3579649371e-10
0.0112002501316
1.72104477575e-19
6.95958830148e-09
2.24194102547e-06
4.84171223347e-17
1.24996662735e-10
2.13827563627e-13
2.01466482379e-06
3.09021458358e-09
8.15950205262e-12
5.48644648471e-42
0.00248853082678
0.00967262525484
1.1253267363e-05
0.00221301945524
3.99121291806e-12
2.29233007369e-08
2.36903534103e-06
3.00729978632e-17
1.89694172717e-07
5.30805541898e-05
7.8556681891e-08
1.07436107628e-08
1.12039532446e-05
2.40875440949e-06
1.6208793112e-08
0.00689821278596
0.0320355235192
3.91144965451e-18
6.08119085322e-47
5.27853614886e-16
4.33338813874e-05
1.4836409691e-08
5.23921259873e-19
1.58515878725e-33
5.50602457041e-12
0.000993337808696
0.00327437854679
2.64755228312e-24
1.19328293704e-05
0.000166889321418
2.78675346349e-09
1.27229051242e-11
5.92780292264e-10
0.000326934731934
1.69017640957e-19
0.00553614431361
5.50225093817e-12
3.83134982565e-06
1.54110243638e-06
4.1000735442e-13
2.87818689419e-10
0.000609443567814
0.000453151361163
5.12024316545e-08
6.22552569316e-09
0.000109392114392
2.23809421448e-05
1.45455576794e-20
1.46933557016e-05
3.88295153631e-09
0.0110899555742
1.7692762945e-12
2.70442710939e-36
0.00169879737214
9.14673675223e-08
4.48188237429e-12
1.24275110785e-19
0.00196678870449
4.83758679837e-13
0.000156405105795
2.04899335252e-06
0.00168719191518
1.75171822176e-07
6.25572693078e-30
2.65621119922e-05
0.00054313191076
0.00761901301771
1.58196305979e-34
1.49581374606e-10
4.33882628766e-07
1.19398140269e-19
1.13295518248e-09
5.28158653556e-05
7.8320160872e-05
2.42173560422e-05
1.33074208964e-13
8.51768161128e-05
0.000475055536907
8.72495161645e-07
8.43381693195e-07
2.11266767106e-14
4.20241235815e-12
7.85188886639e-19
4.73571207339e-06
1.80715161343e-14
5.16313501663e-05
7.18034438997e-13
3.29691605457e-16
5.62652721335e-07
0.000979206535874
3.62854320632e-22
3.60619606251e-14
1.23313553182e-08
1.67374658301e-08
0.000338511191693
0.00497071641168
1.28467006371e-30
2.95135159066e-05
7.37495642141e-11
1.38624510066e-06
6.52814280088e-09
0.00718878767277
2.73088030028e-05
7.60230186924e-07
5.93513216375e-12
0.000359993943031
5.37933216373e-08
5.65618266469e-06
6.47953141507e-13
2.32461014761e-09
4.07847008745e-14
1.80446787316e-08
1.70871901514e-23
0.000933724153989
2.76586664543e-13
9.66540023321e-16
3.04262934035e-09
2.29183802531e-06
1.27683440742e-10
9.58410653863e-20
5.64783315647e-11
0.0162838659454
0.00210400287991
0.00225854326616
1.22603269061e-06
8.20526956901e-14
8.01214142785e-13
9.42283574098e-10
5.45709655553e-25
0.00148829318367
4.44181206471e-08
0.00633698400136
4.23709392454e-05
5.29980626208e-45
4.69672839147e-09
1.50558107754e-12
0.00834472839648
3.26647207108e-11
1.89514583229e-14
7.35893746263e-07
2.14410442373e-15
4.52843094214e-05
0.0101991186605
3.96049003145e-07
4.70717492339e-09
0.00721105252146
3.39606985502e-19
4.3772290912e-10
1.57604829225e-07
1.7602840755e-24
1.84688958415e-12
1.90297703497e-14
1.09000059391e-21
1.87812571468e-25
7.2204183882e-10
1.01028055458e-34
8.40479276545e-17
7.01849965186e-05
0.000744013695207
0.00178071975426
1.27256600497e-14
4.37266529433e-23
1.29258082539e-19
1.33792228619e-11
4.71230435818e-07
4.12374499568e-05
2.85313107519e-13
2.30915912097e-35
6.63540679848e-31
1.20478042616e-24
1.4312993554e-10
0.00152613504471
6.59745923926e-10
7.44658313118e-05
6.94039483884e-05
8.55177593869e-05
0.0139645774432
1.19697800189e-08
2.69942619924e-08
1.25420159161e-29
0.000464537658136
2.66124105225e-09
0.000247415721742
4.95143696023e-07
6.76500713287e-06
7.78867586025e-17
0.0129277524154
3.44269041138e-25
1.52244943281e-23
5.63684658044e-13
8.72438986611e-12
1.16025967863e-09
5.90356705343e-17
2.05397197839e-33
6.81426602676e-12
0.00405392995481
2.73316509837e-07
3.1906182067e-09
1.0325497694e-28
3.8394474676e-14
8.65285316178e-19
5.89322099016e-11
4.64793477598e-15
8.98822439561e-10
5.94257203082e-16
0.000732875885549
3.29912908568e-06
3.10421294487e-05
8.41764146357e-05
2.55694271948e-29
1.24350570493e-10
0.000151044126971
3.94758899737e-51
9.42769138395e-11
2.92045182002e-14
0.00180004899724
0.00857287007978
1.94786554925e-09
5.39203944993e-09
4.19560928007e-06
4.12850529335e-19
0.0149852177459
5.55184312888e-16
1.51962371304e-10
4.69132449601e-05
4.6669917825e-05
9.6843819104e-10
6.29191709028e-15
1.15696435384e-07
8.56263806618e-13
6.01920017724e-17
1.60559465197e-26
5.90879357806e-10
4.40617610936e-07
1.51220113525e-05
3.5228339177e-12
9.66974650978e-30
6.33515058862e-13
2.80434622243e-19
4.38492495374e-20
0.00276418581011
2.40276467091e-13
5.68310111765e-06
8.30102707081e-13
4.33887948937e-13
2.3563004572e-10
8.06667789867e-05
6.58619883177e-08
5.22308778261e-07
1.92263449658e-09
0.00338812438842
8.36703975969e-09
3.4835841361e-17
8.56416116572e-08
2.38430198991e-22
3.28822151599e-12
9.27382345494e-12
3.50950837611e-19
1.16669704345e-12
5.47991698776e-12
1.01478707819e-06
5.15124654264e-09
0.0065808590741
3.34845100209e-30
2.75703776114e-07
3.29343223336e-14
2.00666581496e-23
9.25673767467e-05
1.15532909805e-36
2.07358582153e-09
1.69612047616e-10
2.52082780714e-10
3.51201843123e-05
1.36258576311e-30
4.51832175549e-46
1.23654326064e-16
7.40396273512e-14
3.69522958956e-09
6.97698295923e-18
8.59383654071e-13
0.000313280852489
0.000101898987332
0.001331283426
0.00197150470112
1.66488055401e-10
1.31913079491e-05
2.39675289039e-21
9.76160228475e-15
1.47058361063e-08
8.60650097971e-11
3.78775837476e-05
6.1337652968e-07
3.65567877997e-08
4.37522667995e-17
3.05480128458e-28
2.74671067352e-10
7.40732957443e-21
0.000126723461138
7.3974577287e-06
3.88519464916e-45
1.01532274191e-27
8.91391939259e-27
6.72939839958e-08
2.7407494075e-10
4.59744186454e-07
8.71243649071e-26
1.06903623837e-12
4.85193523772e-08
1.97592281529e-07
2.30596166341e-30
0.000145584973179
3.27036818181e-10
1.22205555789e-16
7.54489152221e-16
3.06466562159e-10
0.000237475083464
0.000140568286753
4.6227997303e-22
6.60930084197e-07
4.05181955921e-05
6.00610740378e-31
1.17073011218e-15
6.82890144244e-07
0.0042035528135
9.13518709142e-06
2.07416045069e-08
8.88923539953e-05
8.03664947283e-19
4.89991012038e-09
4.57042492358e-07
2.42460300665e-31
0.0106459905598
0.000201885781987
2.30722811802e-09
3.56929518681e-07
1.7285369091e-22
9.59540160987e-12
5.50890584064e-30
3.61226718636e-08
1.55100593106e-13
1.56125892928e-06
0.000174274292066
6.38356774417e-17
1.2250357494e-10
7.99678119686e-12
1.50844834798e-06
9.87954645926e-09
7.50142340678e-10
1.51127751596e-26
2.19460159533e-09
1.7744975033e-09
0.00229486940482
0.000262911713404
9.00674611879e-15
0.000418821894263
1.15855174967e-08
5.57529759912e-23
5.0600086811e-09
4.773209529e-05
5.29311349122e-07
8.71296280467e-19
1.01614127649e-28
6.24529402609e-06
1.25645907822e-20
0.00058893805207
0.000102955894705
1.26504009224e-09
5.48864706719e-11
1.67199320633e-07
1.78239473658e-07
0.00574044921791
7.42736795821e-08
1.60445814847e-15
2.28959532064e-08
8.04760152152e-07
8.06919138115e-06
7.62266681603e-16
1.06256920385e-08
1.49911692639e-06
1.16739288759e-05
1.04250906933e-05
1.22771619119e-09
7.02492111304e-10
2.02665703835e-30
0.00230233985106
1.74596703442e-17
9.66200735568e-08
0.00282281078424
0.000533527023853
1.22134966648e-08
2.15796233614e-14
4.4573837927e-06
2.24042783044e-08
8.41531112319e-06
3.40125460919e-09
1.89092083833e-13
9.121143523e-07
2.70723669092e-10
1.53118249669e-07
2.83743521599e-13
8.79197351086e-11
1.12019756196e-13
0.00730751259861
8.70060977916e-11
7.33328307581e-07
0.000329836161873
2.61170782232e-10
1.16595318033e-18
0.000158183636732
1.49020553683e-06
1.83909629971e-06
2.40544246962e-07
9.02212060216e-26
0.00242470011378
0.000982253135922
3.91064410205e-19
0.00964015540713
7.91813561802e-19
2.27926365484e-08
3.24874498277e-05
0.000105535790993
0.00114502941562
1.80911793579e-11
4.67602696942e-07
0.00219942926577
1.26242425396e-09
3.57189260018e-06
4.40038174506e-08
1.76958154156e-08
4.61984086825e-18
1.29883894682e-11
4.53731017769e-11
1.60453902958e-14
3.25663251358e-33
1.90559240792e-25
3.28555797726e-16
4.05178431041e-13
5.63526048624e-10
1.43017991606e-07
9.78869513235e-08
8.34103261627e-22
1.48575626106e-06
7.88085725618e-06
2.9262170394e-09
4.17029307581e-15
6.58585954141e-16
0.000136976592056
2.43723547483e-06
1.64182983955e-14
3.85748838928e-30
1.83855059381e-06
0.00106550739221
0.00160476777121
3.47146116275e-16
0.00379126989955
8.92278213973e-22
1.40561369194e-26
2.15203272865e-08
4.07669544365e-07
2.57762308429e-11
2.29048291215e-08
1.16939404644e-13
4.58130947751e-12
6.0790255787e-28
4.78583921644e-17
2.73033246861e-08
1.60246075965e-30
0.000293501207604
0.000231371460957
2.30585725469e-05
3.26465356342e-23
8.22420755582e-22
0.00128315161937
2.18820003576e-08
7.59143374698e-14
0.00145196126584
2.69348863648e-07
2.82808574724e-24
0.00274817931566
0.000119916768315
0.000139165514551
9.51150614587e-09
6.04723120395e-05
4.98060086497e-31
0.00284751525682
8.75307165681e-12
3.30680855079e-11
1.57677399405e-16
9.43925417027e-07
2.33193235775e-09
9.73773747212e-06
0.000138945992398
3.37046306373e-17
4.37316787356e-16
0.00318791701637
0.00017022634658
5.41998278433e-18
3.27819719677e-10
3.96457322742e-06
1.17640412079e-33
3.43959577342e-05
8.58227706551e-07
2.62909358003e-08
0.00019206132452
1.22801938208e-06
0.000238599736251
0.00764692057666
0.00364741740835
3.27420267184e-10
3.35398670486e-05
5.72303611479e-09
5.97830468008e-16
1.18365179339e-08
1.82607712191e-32
5.25301472322e-06
2.41323553315e-33
6.20006528846e-15
3.59549290444e-12
1.57933919787e-10
2.14999344225e-08
0.00116300599355
4.29468911324e-11
2.7613535218e-07
3.63706581769e-11
3.09260813942e-21
1.15674232875e-14
0.00109876386426
0.000843068007621
4.2019943611e-30
1.79626755049e-46
2.25700344903e-22
0.00462667294761
4.66856487844e-13
0.000890612527657
6.16374452632e-31
1.99848031362e-07
0.00233606162848
4.18360388663e-15
2.23564477476e-07
4.00397270867e-09
5.50597670029e-14
3.17424072752e-46
2.32541775092e-16
6.24205969601e-11
1.80670441743e-10
1.74752860098e-13
4.87875253084e-09
0.000390516343776
0.0022957967232
0.000150743180381
3.52543297827e-13
2.63420369934e-16
9.80086455774e-16
2.29688578882e-27
1.00519354148e-05
3.95280425482e-10
4.96532153658e-15
1.84209334563e-25
9.53171387175e-08
2.7810268666e-33
4.02424594664e-24
3.58750550165e-05
5.02298829331e-08
7.28070716698e-05
4.13189567256e-05
1.01159941352e-12
0.000592641993456
9.80392390092e-09
2.16560653573e-16
0.000548934150107
7.93072953483e-23
0.000151698682412
1.35085679802e-09
1.84051330985e-16
3.33986315151e-16
4.48734297964e-07
0.000571167815124
2.02750617511e-14
0.00046466858989
0.000189052438473
1.52502020403e-07
2.68804467639e-05
1.5467035372e-28
7.98179670991e-06
6.85106393762e-10
8.92622055624e-14
4.7395540523e-05
6.13566426253e-10
1.89900304025e-36
9.63191935962e-14
0.00107824800548
5.14602111152e-09
0.000491852238945
0.00386831692351
0.000343660418828
5.82927921453e-08
5.62195503272e-08
1.1339425993e-19
0.00492753511599
0.000735063823878
2.63084339895e-28
3.712817343e-08
2.83454750638e-09
1.88958030308e-08
7.34186688957e-06
1.23429885924e-35
9.9909176601e-08
6.48177894965e-09
5.72381271012e-13
0.00159685112571
3.06285567587e-14
1.78632750511e-06
1.47477807954e-39
2.81678008189e-10
1.7135545125e-09
0.000420351622766
4.57394334395e-18
5.30187201028e-11
6.60599951586e-06
0.00275212228968
1.43115003258e-12
1.53060701558e-07
2.12588778537e-09
1.56965499471e-18
1.4700857794e-43
1.24692415069e-18
1.35456384556e-10
2.4599881873e-05
7.21516522045e-07
9.54551504944e-15
7.19276021771e-07
0.00249267199584
2.62905077322e-05
4.29520414341e-19
3.04911782331e-07
0.000713552978028
1.1042298181e-19
2.68517293255e-21
1.07228537928e-05
2.13698780072e-08
0.00226665730191
1.27936524964e-34
8.04444022668e-05
1.38261498215e-19
0.000393040708254
1.33737556143e-09
9.12430801943e-09
2.24378575444e-14
7.65935721001e-20
5.30734033453e-06
0.000802576972617
3.4297434923e-14
7.03276996735e-09
2.12747073228e-07
4.26556584897e-09
5.15871999505e-11
1.43606979107e-10
1.02959225911e-20
0.00105171603665
1.14088030482e-20
0.0034500851192
1.76262199499e-08
1.38399156559e-32
1.7370036719e-07
1.67175075181e-07
1.88118243173e-24
2.5691240088e-09
9.95506274552e-08
1.13090121043e-16
3.87223133869e-36
2.22442759064e-09
1.50852816593e-37
2.62615349714e-20
1.90300660052e-20
1.75832833915e-05
6.22959104964e-28
5.53138860814e-05
1.22859068381e-08
5.85974629465e-10
0.000716932717304
2.61873823835e-06
6.16085662165e-16
3.41933158459e-16
8.16850113316e-08
7.11345400294e-20
2.96694951849e-10
0.000524237542871
5.53047449695e-14
3.63151996943e-09
1.17894237032e-14
5.03755171109e-33
3.61956787436e-06
6.34937595302e-27
6.00035793087e-06
7.15128591644e-05
1.18175168454e-13
1.79759190835e-07
0.000151603421462
2.14642492317e-10
8.97428266807e-05
7.39458049101e-12
0.000462750483706
1.67991711453e-28
2.71624342949e-14
0.0017697985045
5.54495030425e-34
3.83079336026e-07
0.000106413127084
3.75283315154e-07
0.000117779570494
0.000174032830393
1.63656384331e-19
2.46731052109e-14
2.80636012479e-25
0.00443565391818
3.95273523542e-10
2.18845533703e-43
3.39341314255e-08
8.68169658439e-27
2.6652149591e-11
2.28467925426e-11
9.47621744113e-15
1.41498514022e-06
3.86229089806e-19
3.77723158994e-13
2.62815157815e-08
5.6448845984e-13
3.68125689136e-06
2.15030598104e-12
1.58089612026e-07
7.4942471325e-12
1.23133787007e-06
7.2655472437e-16
1.16249049564e-10
3.52438888584e-35
3.23406440457e-06
1.44553021735e-09
4.33311941455e-30
6.96316236075e-54
4.89995653947e-06
6.37855055845e-06
1.65873901415e-08
0.00151548002154
0.000945691953673
7.90545579077e-05
1.57751609185e-05
1.50238453197e-07
5.4925521478e-10
0.000579776683634
0.00124930426994
1.80433926025e-10
1.04138634231e-06
0.000302668462464
6.05165581398e-11
1.2856845089e-11
0.00335707359792
5.79794259819e-14
2.48013488649e-16
3.47585902426e-07
5.81088864955e-29
3.83118192526e-31
2.92181455259e-10
8.46862605105e-26
5.48124537159e-17
2.93349061662e-08
2.50616964433e-12
9.11225370556e-17
0.013365057149
4.99459929733e-16
3.73181310087e-05
1.36728499906e-09
6.78727486317e-07
7.87764582398e-05
1.77419276355e-21
0.000331831304794
0.00105587629056
8.58175067259e-17
1.92817001306e-15
0.000271681263451
3.70972274443e-12
3.07263422776e-13
7.51159954185e-13
8.25710568443e-19
2.72278951342e-22
1.51700875721e-15
0.000157651424684
5.61144986059e-16
1.34230621234e-08
7.86123196044e-05
1.17121811581e-11
1.54632179253e-11
9.36228360108e-12
1.38833243804e-13
7.60758630578e-07
0.00024552958363
2.24688322972e-07
2.04995386817e-15
2.01228088761e-15
4.07522440112e-06
8.07497196126e-19
3.62691758244e-20
3.34903449167e-19
4.87428606707e-12
9.60373222734e-06
2.95627540055e-27
0.00141800551266
4.75712208055e-08
1.89744485309e-05
4.17027381897e-18
1.25366957848e-10
3.15274552335e-10
3.70415955245e-07
4.31755242892e-17
2.28273817573e-19
0.000277008365355
7.4536946557e-09
1.45570708884e-14
7.14480711776e-14
1.84317733946e-08
8.57103626113e-11
2.61164645657e-11
0.000257654344897
1.74727958265e-05
1.42159476625e-09
1.91616645215e-25
2.22058341755e-05
1.03203773469e-10
4.56656342611e-13
2.06928474751e-15
5.61101237039e-31
3.8905074275e-10
2.06496788244e-06
3.98696577761e-09
2.80294288673e-08
4.33873410674e-05
0.000546168004079
0.00186147688863
6.18227574178e-08
1.48264081001e-75
1.66117546125e-06
2.29790724599e-07
7.81948775097e-05
7.31356727889e-10
4.25636702103e-18
1.50484560979e-09
1.82429594704e-18
8.25948597741e-05
0.00289125709524
0.000113612253471
1.34038137808e-46
1.1897032443e-12
2.97754385931e-12
2.7418070994e-11
1.37202503162e-20
2.23812926748e-21
9.91413233646e-13
2.01795879256e-05
1.30879864829e-18
8.31744504201e-19
2.07070539501e-06
2.31826525568e-11
8.85451739005e-06
