I: (state)
	(19) 1.0
F: (state)
	(0) 0.219178586926
	(1) 0.530135206266
	(5) 0.195010220543
	(8) 0.114104382613
	(10) 0.400963631899
	(11) 0.312664452862
	(18) 0.111904066326
	(22) 0.249535256086
	(23) 0.238967553632
	(24) 0.10213988303
S: (state,symbol) 
	(0,0) 0.0910938359527
	(0,6) 0.428142530705
	(0,7) 0.00666149873219
	(0,9) 0.438701224775
	(0,11) 0.035400909835
	(1,0) 0.0392019943557
	(1,1) 0.907827046148
	(1,6) 0.0529709594958
	(2,3) 0.578389279483
	(2,6) 0.0397941670975
	(2,8) 0.358571846188
	(2,10) 0.0232447072313
	(3,4) 1.0
	(4,1) 0.175347487966
	(4,7) 0.743480308993
	(4,9) 0.0756234417236
	(4,11) 0.00554876131765
	(5,0) 0.20294473502
	(5,2) 0.122420275642
	(5,4) 0.169209502599
	(5,8) 0.0521193845444
	(5,9) 0.00397885110215
	(5,11) 0.113375945394
	(5,12) 0.335951305698
	(6,0) 0.421923156517
	(6,1) 0.0253226456006
	(6,2) 0.273866530372
	(6,3) 0.112815952213
	(6,6) 0.0187703414944
	(6,9) 0.0419445477021
	(6,12) 0.0290546121156
	(6,13) 0.0763022139855
	(7,3) 0.253236829628
	(7,4) 0.0793995055146
	(7,6) 0.513463646925
	(7,7) 0.147173188157
	(7,13) 0.00672682977528
	(8,2) 0.295851696162
	(8,3) 0.188296354919
	(8,10) 0.515851948919
	(9,0) 0.183768998488
	(9,1) 0.0709664867909
	(9,3) 0.02061451004
	(9,8) 0.162816644185
	(9,13) 0.561833360496
	(10,2) 0.183538678838
	(10,3) 0.639008807608
	(10,4) 0.0884418333671
	(10,11) 0.0890106801863
	(11,1) 0.0466805249099
	(11,2) 0.0368427558663
	(11,4) 0.267424682351
	(11,6) 0.0955711712184
	(11,7) 0.0668828941095
	(11,9) 0.0652659266038
	(11,10) 0.109142884175
	(11,11) 0.269290317948
	(11,13) 0.0428988428174
	(12,3) 0.0416400908351
	(12,7) 0.110676339853
	(12,10) 0.25702132178
	(12,12) 0.139246134512
	(12,13) 0.451416113019
	(13,6) 0.416301578628
	(13,7) 0.367760402754
	(13,11) 0.215938018618
	(14,0) 0.13568627259
	(14,3) 0.170305530166
	(14,4) 0.301462015306
	(14,6) 0.13505879795
	(14,8) 0.0270270268592
	(14,9) 0.166059775193
	(14,11) 0.0510925703558
	(14,12) 0.0133080115802
	(15,0) 0.0928761168628
	(15,2) 0.0481937801404
	(15,4) 0.0902642020408
	(15,8) 0.0444256669744
	(15,9) 0.339074155029
	(15,10) 0.00367013458594
	(15,12) 0.238966707692
	(15,13) 0.142529236675
	(16,0) 0.0432271615908
	(16,1) 0.469766037302
	(16,3) 0.166621264994
	(16,5) 0.120718203156
	(16,8) 0.176428751214
	(16,13) 0.0232385817428
	(17,0) 0.160131254736
	(17,1) 0.0189196608029
	(17,2) 0.299998575208
	(17,3) 0.0648048806114
	(17,4) 0.0375249885899
	(17,9) 0.340813532083
	(17,10) 0.0152983137755
	(17,12) 0.0625087941933
	(18,3) 0.154491291623
	(18,6) 0.735936123159
	(18,8) 0.0348140275785
	(18,12) 0.00517561636618
	(18,13) 0.0695829412735
	(19,0) 0.0808170138745
	(19,1) 0.138654383365
	(19,2) 0.55189034214
	(19,5) 0.0278351574912
	(19,7) 0.0275546080613
	(19,8) 0.173248495068
	(20,1) 0.109188107695
	(20,2) 0.0851692263578
	(20,3) 0.16226287888
	(20,5) 0.0586207182993
	(20,6) 0.0122829597617
	(20,8) 0.540754374002
	(20,11) 0.0317217350036
	(21,0) 0.117345810973
	(21,2) 0.389906519768
	(21,4) 0.0718242694084
	(21,7) 0.010278759542
	(21,11) 0.219272764437
	(21,12) 0.0546531046468
	(21,13) 0.136718771224
	(22,0) 0.0250948637394
	(22,1) 0.0645435951803
	(22,3) 0.062402641672
	(22,4) 0.0987666758065
	(22,5) 0.0519923937774
	(22,6) 0.0258036107242
	(22,7) 0.29892734109
	(22,8) 0.115007285701
	(22,12) 0.257461592309
	(23,0) 0.146606791399
	(23,4) 0.136109461225
	(23,6) 0.0908870602667
	(23,10) 0.117255525665
	(23,12) 0.509141161444
	(24,6) 0.210681150518
	(24,7) 0.230150795107
	(24,8) 0.100609195437
	(24,9) 0.15716972227
	(24,11) 0.25003867827
	(24,13) 0.0513504583965
	(25,1) 0.000278061028534
	(25,2) 0.0625101702582
	(25,3) 0.00604880876094
	(25,4) 0.00913360442507
	(25,5) 0.36385068342
	(25,9) 0.129178698701
	(25,10) 0.0538367799729
	(25,12) 0.159749409929
	(25,13) 0.215413783504
T: (state,symbol,state) 
	(0,0,11) 1.0
	(0,6,12) 0.867588308643
	(0,6,19) 0.132411691357
	(0,7,8) 0.497538157258
	(0,7,17) 0.239398768305
	(0,7,25) 0.263063074437
	(0,9,10) 0.142535886103
	(0,9,19) 0.129444330688
	(0,9,23) 0.728019783208
	(0,11,2) 1.0
	(1,0,16) 0.492024841766
	(1,0,21) 0.507975158234
	(1,1,7) 1.0
	(1,6,22) 1.0
	(2,3,2) 1.0
	(2,6,20) 1.0
	(2,8,5) 0.139251390496
	(2,8,16) 0.0710815778714
	(2,8,18) 0.0612178440022
	(2,8,19) 0.72844918763
	(2,10,11) 1.0
	(3,4,3) 0.100633439733
	(3,4,10) 0.680955233713
	(3,4,20) 0.218411326555
	(4,1,12) 1.0
	(4,7,25) 1.0
	(4,9,4) 0.987033601653
	(4,9,17) 0.0129663983468
	(4,11,7) 0.23675304373
	(4,11,19) 0.76324695627
	(5,0,21) 1.0
	(5,2,13) 1.0
	(5,4,12) 0.0901480974305
	(5,4,18) 0.19879637297
	(5,4,20) 0.0313427430598
	(5,4,24) 0.67971278654
	(5,8,18) 0.563638481599
	(5,8,23) 0.436361518401
	(5,9,0) 0.234697449392
	(5,9,19) 0.765302550608
	(5,11,12) 0.297595129131
	(5,11,21) 0.702404870869
	(5,12,10) 0.415507241513
	(5,12,11) 0.0253527570818
	(5,12,14) 0.559140001406
	(6,0,6) 1.0
	(6,1,24) 1.0
	(6,2,0) 0.307340801029
	(6,2,6) 0.692659198971
	(6,3,5) 1.0
	(6,6,4) 0.359510931113
	(6,6,18) 0.640489068887
	(6,9,7) 1.0
	(6,12,5) 1.0
	(6,13,17) 0.786745560265
	(6,13,23) 0.213254439735
	(7,3,5) 1.0
	(7,4,20) 1.0
	(7,6,25) 1.0
	(7,7,12) 0.0513304544187
	(7,7,14) 0.948669545581
	(7,13,2) 0.56950725917
	(7,13,19) 0.291335740098
	(7,13,25) 0.139157000732
	(8,2,24) 1.0
	(8,3,10) 0.940801301136
	(8,3,11) 0.059198698864
	(8,10,0) 0.0264302786535
	(8,10,6) 0.133008950192
	(8,10,11) 0.0353677176933
	(8,10,15) 0.0717307964003
	(8,10,19) 0.404360254754
	(8,10,21) 0.0840359448393
	(8,10,23) 0.245066057468
	(9,0,24) 1.0
	(9,1,3) 0.300637338023
	(9,1,10) 0.699362661977
	(9,3,4) 0.0853413486071
	(9,3,23) 0.914658651393
	(9,8,9) 0.194359073939
	(9,8,12) 0.23117110599
	(9,8,15) 0.291690918708
	(9,8,20) 0.282778901363
	(9,13,17) 1.0
	(10,2,3) 0.908458913949
	(10,2,7) 0.0915410860509
	(10,3,8) 1.0
	(10,4,9) 1.0
	(10,11,12) 1.0
	(11,1,14) 0.154726624222
	(11,1,15) 0.845273375778
	(11,2,25) 1.0
	(11,4,6) 1.0
	(11,6,12) 0.33610423123
	(11,6,14) 0.181769616501
	(11,6,18) 0.482126152269
	(11,7,16) 1.0
	(11,9,8) 1.0
	(11,10,11) 0.456004875896
	(11,10,15) 0.543995124104
	(11,11,1) 0.198088769589
	(11,11,9) 0.635259579362
	(11,11,12) 0.16665165105
	(11,13,12) 1.0
	(12,3,16) 1.0
	(12,7,4) 0.46022724546
	(12,7,11) 0.0221315620917
	(12,7,16) 0.244096452177
	(12,7,21) 0.273544740271
	(12,10,8) 1.0
	(12,12,4) 0.912307246218
	(12,12,8) 0.087692753782
	(12,13,23) 1.0
	(13,6,15) 1.0
	(13,7,1) 0.188015290205
	(13,7,6) 0.347434268271
	(13,7,7) 0.464550441524
	(13,11,25) 1.0
	(14,0,16) 1.0
	(14,3,10) 0.666245213287
	(14,3,18) 0.333754786713
	(14,4,14) 1.0
	(14,6,7) 0.931569840084
	(14,6,10) 0.0684301599156
	(14,8,14) 1.0
	(14,9,3) 0.407208336352
	(14,9,14) 0.287948776442
	(14,9,15) 0.304842887206
	(14,11,22) 1.0
	(14,12,9) 0.000827484037026
	(14,12,16) 0.999172515963
	(15,0,8) 0.596140101524
	(15,0,17) 0.403859898476
	(15,2,7) 0.428591875263
	(15,2,12) 0.571408124737
	(15,4,3) 1.0
	(15,8,14) 0.805569812237
	(15,8,22) 0.194430187763
	(15,9,14) 1.0
	(15,10,3) 1.0
	(15,12,0) 1.0
	(15,13,17) 1.0
	(16,0,6) 0.149314656522
	(16,0,11) 0.226145444497
	(16,0,15) 0.624539898981
	(16,1,11) 1.0
	(16,3,16) 1.0
	(16,5,0) 0.458817365106
	(16,5,25) 0.541182634894
	(16,8,5) 0.153729215635
	(16,8,9) 0.266158437547
	(16,8,17) 0.0401081373328
	(16,8,23) 0.540004209485
	(16,13,3) 1.0
	(17,0,8) 0.0114004858741
	(17,0,25) 0.988599514126
	(17,1,18) 1.0
	(17,2,20) 1.0
	(17,3,6) 0.269523716249
	(17,3,19) 0.730476283751
	(17,4,25) 1.0
	(17,9,11) 1.0
	(17,10,1) 0.438911539855
	(17,10,14) 0.375458211918
	(17,10,19) 0.185630248227
	(17,12,6) 0.537774584868
	(17,12,21) 0.462225415132
	(18,3,25) 1.0
	(18,6,23) 1.0
	(18,8,10) 0.157191556005
	(18,8,23) 0.842808443995
	(18,12,23) 0.455386187556
	(18,12,24) 0.544613812444
	(18,13,0) 0.0245410200499
	(18,13,24) 0.97545897995
	(19,0,6) 1.0
	(19,1,23) 1.0
	(19,2,19) 0.467741814064
	(19,2,24) 0.532258185936
	(19,5,5) 0.572553990449
	(19,5,7) 0.121091376216
	(19,5,12) 0.109389731608
	(19,5,17) 0.196964901728
	(19,7,15) 1.0
	(19,8,11) 0.0370340174704
	(19,8,21) 0.96296598253
	(20,1,12) 1.0
	(20,2,15) 0.146728294686
	(20,2,16) 0.853271705314
	(20,3,0) 1.0
	(20,5,11) 0.205416268447
	(20,5,25) 0.794583731553
	(20,6,3) 0.139411306859
	(20,6,16) 0.860588693141
	(20,8,2) 1.0
	(20,11,1) 0.432169011033
	(20,11,9) 0.457077411207
	(20,11,12) 0.006805628816
	(20,11,19) 0.103947948944
	(21,0,20) 1.0
	(21,2,24) 1.0
	(21,4,16) 0.899379884569
	(21,4,20) 0.100620115431
	(21,7,5) 0.417293212863
	(21,7,14) 0.582706787137
	(21,11,0) 1.0
	(21,12,4) 0.410081469909
	(21,12,8) 0.103984836955
	(21,12,10) 0.485933693136
	(21,13,6) 1.0
	(22,0,16) 1.0
	(22,1,6) 0.290061371532
	(22,1,21) 0.709938628468
	(22,3,23) 1.0
	(22,4,5) 0.121954890288
	(22,4,15) 0.878045109712
	(22,5,9) 0.150892533705
	(22,5,14) 0.256753542446
	(22,5,15) 0.362121885978
	(22,5,17) 0.181453726614
	(22,5,20) 0.0487783112576
	(22,6,10) 0.671329557943
	(22,6,15) 0.065872086236
	(22,6,22) 0.262798355821
	(22,7,10) 0.841334380127
	(22,7,19) 0.158665619873
	(22,8,21) 0.836879178972
	(22,8,25) 0.163120821028
	(22,12,2) 1.0
	(23,0,8) 0.310775797107
	(23,0,25) 0.689224202893
	(23,4,25) 1.0
	(23,6,17) 1.0
	(23,10,6) 0.266159357533
	(23,10,13) 0.733840642467
	(23,12,16) 0.905492351831
	(23,12,24) 0.0945076481686
	(24,6,8) 0.63327472765
	(24,6,11) 0.36672527235
	(24,7,4) 1.0
	(24,8,21) 1.0
	(24,9,2) 0.375989225292
	(24,9,20) 0.624010774708
	(24,11,14) 1.0
	(24,13,18) 1.0
	(25,1,0) 0.755593363926
	(25,1,8) 0.244406636074
	(25,2,1) 1.0
	(25,3,14) 1.0
	(25,4,2) 0.389586246838
	(25,4,6) 0.0926465217547
	(25,4,10) 0.517767231408
	(25,5,6) 0.0238201018884
	(25,5,12) 0.976179898112
	(25,9,0) 0.637174737722
	(25,9,15) 0.362825262278
	(25,10,0) 0.447398798686
	(25,10,22) 0.552601201314
	(25,12,0) 1.0
	(25,13,16) 0.488276844352
	(25,13,17) 0.259693000157
	(25,13,25) 0.252030155491
