I: (state)
	(3) 1.0
F: (state)
	(0) 0.168142877943
	(1) 0.0036192194685
	(2) 0.369940874943
	(3) 0.156885799122
	(4) 0.188356565425
	(6) 0.515463879614
	(7) 0.100561431713
	(8) 0.292949941363
	(10) 0.0704443673189
	(12) 0.130463182602
	(13) 0.20627925888
	(15) 0.298828498775
	(17) 0.396292633759
	(18) 0.485824112858
	(19) 0.13103791456
	(20) 0.108921453491
	(21) 0.00706751016079
	(22) 0.117634448586
	(24) 0.143053329781
	(25) 0.173944195714
	(26) 0.340573606733
	(27) 0.101190254249
	(28) 0.132097585947
	(29) 0.0974940928838
	(31) 0.423864539452
	(32) 0.114322380205
	(37) 0.00324805378291
	(39) 0.090946194669
	(43) 0.0780882386141
	(44) 0.521139079986
S: (state,symbol) 
	(0,0) 0.0467485495323
	(0,1) 0.0621047502685
	(0,2) 0.271347793329
	(0,8) 0.58787435422
	(0,9) 0.0319245526505
	(1,0) 0.0102093363034
	(1,1) 0.0555526948839
	(1,2) 0.0945687430223
	(1,3) 0.23641060977
	(1,4) 0.480043058395
	(1,6) 0.0957026204711
	(1,8) 0.00594588255659
	(1,9) 0.0215670545986
	(2,5) 0.00551951845721
	(2,6) 0.813395368117
	(2,9) 0.181085113426
	(3,1) 0.251310064673
	(3,2) 0.120724634434
	(3,4) 0.222101713787
	(3,5) 0.146517476555
	(3,6) 0.160658300328
	(3,8) 0.0986878102242
	(4,6) 0.52429200037
	(4,7) 0.223537730448
	(4,8) 0.252170269182
	(5,0) 0.0482436008568
	(5,4) 0.446407499557
	(5,5) 0.478122404692
	(5,7) 0.0272264948939
	(6,4) 0.168778240608
	(6,6) 0.831221759392
	(7,0) 0.183290476926
	(7,2) 0.00290779553576
	(7,3) 0.238962589681
	(7,4) 0.189396039148
	(7,5) 0.15644548395
	(7,7) 0.0776732656007
	(7,9) 0.151324349159
	(8,1) 0.0894340341001
	(8,2) 0.0702952687996
	(8,3) 0.0428089244417
	(8,4) 0.0535388960659
	(8,5) 0.0767748156332
	(8,7) 0.43892105662
	(8,8) 0.126704239522
	(8,9) 0.101522764817
	(9,2) 0.19593731198
	(9,4) 0.272328673754
	(9,5) 0.107881324947
	(9,6) 0.144543476571
	(9,7) 0.0470603214832
	(9,8) 0.0903762103229
	(9,9) 0.141872680943
	(10,0) 0.0392192130926
	(10,1) 0.19319795756
	(10,2) 0.0397664400753
	(10,3) 0.0770390719189
	(10,4) 0.503278687616
	(10,5) 0.0888881005251
	(10,6) 0.00540079196879
	(10,7) 0.00173776490081
	(10,8) 0.0291458658632
	(10,9) 0.0223261064794
	(11,0) 0.125677209886
	(11,1) 0.112700973967
	(11,2) 0.0184215495276
	(11,3) 0.198311393858
	(11,4) 0.0494420314079
	(11,6) 0.0913083034905
	(11,7) 0.130857860794
	(11,8) 0.208476647649
	(11,9) 0.0648040294195
	(12,1) 0.339114364324
	(12,2) 0.150017814132
	(12,4) 0.00321288999994
	(12,5) 0.0977084642147
	(12,6) 0.169783752194
	(12,7) 0.196362485837
	(12,9) 0.0438002292981
	(13,0) 0.0325366159866
	(13,2) 0.0584289627164
	(13,3) 0.284813771515
	(13,7) 0.216908320147
	(13,8) 0.407312329635
	(14,0) 0.0939050556023
	(14,2) 0.117986472638
	(14,4) 0.135239598353
	(14,5) 0.00885723970474
	(14,8) 0.359320814039
	(14,9) 0.284690819663
	(15,0) 0.313993533327
	(15,1) 0.163277790632
	(15,5) 0.522728676042
	(16,0) 0.195298815161
	(16,2) 0.0486921470811
	(16,3) 0.0522188416082
	(16,4) 0.0650048587407
	(16,5) 0.0229532118725
	(16,6) 0.11778907432
	(16,8) 0.498043051217
	(17,1) 0.482031084262
	(17,3) 0.517968915738
	(18,0) 0.214755600902
	(18,5) 0.239124299664
	(18,9) 0.546120099433
	(19,0) 0.0116006063585
	(19,1) 0.037489979705
	(19,2) 0.0676796354022
	(19,4) 0.370514408373
	(19,5) 0.0901788139758
	(19,6) 0.104618338371
	(19,7) 0.14291227785
	(19,8) 0.0625134471166
	(19,9) 0.112492492848
	(20,2) 0.0820572943362
	(20,3) 0.450870802825
	(20,4) 0.0747522636981
	(20,6) 0.227544327767
	(20,8) 0.0870417362041
	(20,9) 0.0777335751697
	(21,0) 0.0527299341891
	(21,1) 0.132713917573
	(21,2) 0.101672438571
	(21,3) 0.293772486103
	(21,5) 0.173098068957
	(21,6) 0.165988623789
	(21,7) 0.0133420952915
	(21,8) 0.0504453428492
	(21,9) 0.0162370926764
	(22,0) 0.0781799441032
	(22,1) 0.0371203947258
	(22,2) 0.0714488167762
	(22,3) 0.0820572354678
	(22,4) 0.296618136471
	(22,5) 0.214557726661
	(22,6) 0.0509884204536
	(22,7) 0.0913370125433
	(22,8) 0.0639238646146
	(22,9) 0.0137684481825
	(23,0) 0.0180207853938
	(23,1) 0.0159974996962
	(23,2) 0.0638473294537
	(23,3) 0.102480060712
	(23,4) 0.0266336174982
	(23,6) 0.245138045844
	(23,7) 0.290650129757
	(23,8) 0.237232531645
	(24,0) 0.208128234913
	(24,1) 0.0953582902989
	(24,3) 0.0426390027072
	(24,4) 0.528332851623
	(24,5) 0.0951264183159
	(24,6) 0.0235660211333
	(24,9) 0.00684918100836
	(25,1) 0.175245274529
	(25,2) 0.299365193817
	(25,4) 0.244841243027
	(25,5) 0.056654787949
	(25,9) 0.223893500678
	(26,1) 0.334674875129
	(26,2) 0.0829853670843
	(26,3) 0.0241783966186
	(26,4) 0.384589834938
	(26,5) 0.0334823825501
	(26,6) 0.14008914368
	(27,1) 0.0963083975818
	(27,2) 0.358365431692
	(27,3) 0.0169731190225
	(27,4) 0.13808963271
	(27,6) 0.177446305072
	(27,7) 0.203971257941
	(27,9) 0.00884585598129
	(28,0) 0.00306058129724
	(28,1) 0.0803434611844
	(28,2) 0.0239976919717
	(28,3) 0.100239644674
	(28,4) 0.0667339968783
	(28,5) 0.0287133735064
	(28,6) 0.0842085089893
	(28,7) 0.0880127678652
	(28,8) 0.290818509997
	(28,9) 0.233871463636
	(29,1) 0.180545329764
	(29,2) 0.353311623183
	(29,3) 0.0503549906645
	(29,5) 0.139153921091
	(29,9) 0.276634135298
	(30,2) 0.0488954911846
	(30,3) 0.162249217558
	(30,6) 0.389164343868
	(30,7) 0.157848256216
	(30,8) 0.238235955148
	(30,9) 0.00360673602513
	(31,3) 0.79339866151
	(31,9) 0.20660133849
	(32,0) 0.0485437489871
	(32,1) 0.133578055849
	(32,2) 0.336195883844
	(32,3) 0.0284876951393
	(32,4) 0.0547002374485
	(32,5) 0.0200908666521
	(32,6) 0.0720182951331
	(32,7) 0.0386104249607
	(32,8) 0.196645336806
	(32,9) 0.0711294551795
	(33,0) 0.157350341412
	(33,1) 0.0546780732835
	(33,2) 0.195814878648
	(33,3) 0.103552164575
	(33,4) 0.130943445963
	(33,5) 0.0465188600064
	(33,6) 0.136575003287
	(33,7) 0.136676739633
	(33,8) 0.0149305300085
	(33,9) 0.0229599631838
	(34,0) 0.32275045815
	(34,2) 0.113321333409
	(34,4) 0.268691445655
	(34,6) 0.226033006077
	(34,8) 0.0692037567096
	(35,2) 0.169612628169
	(35,6) 0.0560665598884
	(35,7) 0.165797058473
	(35,8) 0.463210529991
	(35,9) 0.145313223479
	(36,0) 0.155465370998
	(36,1) 0.303723671302
	(36,2) 0.187594229981
	(36,3) 0.0276649926559
	(36,5) 0.0644710862277
	(36,6) 0.056057009059
	(36,8) 0.136336136355
	(36,9) 0.0686875034204
	(37,1) 0.208248623433
	(37,2) 0.18442360829
	(37,3) 0.332411290331
	(37,4) 0.0433606569387
	(37,5) 0.0530680908197
	(37,6) 0.0108446748384
	(37,7) 0.0483528798527
	(37,8) 0.05075545213
	(37,9) 0.0685347233657
	(38,1) 0.0795730862642
	(38,4) 0.202054899518
	(38,6) 0.301477899754
	(38,7) 0.416894114463
	(39,0) 0.0325679860123
	(39,1) 0.0162651362243
	(39,2) 0.0470306662504
	(39,3) 0.170690320718
	(39,4) 0.0174740246434
	(39,5) 0.0239257412573
	(39,6) 0.0114185761055
	(39,7) 0.201913378048
	(39,8) 0.454002326714
	(39,9) 0.0247118440272
	(40,0) 0.038936000843
	(40,2) 0.0132375529385
	(40,4) 0.126775640252
	(40,6) 0.524945975099
	(40,7) 0.167471317678
	(40,9) 0.12863351319
	(41,0) 0.152806935212
	(41,1) 0.186631747731
	(41,2) 0.0597871140416
	(41,3) 0.0858194040544
	(41,4) 0.139772028538
	(41,5) 0.159530045151
	(41,8) 0.0164267822639
	(41,9) 0.199225943008
	(42,1) 0.639680997042
	(42,3) 0.0493203203829
	(42,8) 0.0248770665541
	(42,9) 0.286121616021
	(43,1) 0.0780499060086
	(43,2) 0.0686218402855
	(43,3) 0.00968512044786
	(43,6) 0.350581982644
	(43,7) 0.0956320082999
	(43,8) 0.397429142315
	(44,0) 0.396847002916
	(44,2) 0.503475548185
	(44,4) 0.099677448899
	(45,3) 0.528391541099
	(45,6) 0.1413354194
	(45,8) 0.116675288255
	(45,9) 0.213597751246
	(46,0) 0.0486420525517
	(46,4) 0.217046033753
	(46,6) 0.456871580478
	(46,7) 0.277440333217
	(47,0) 0.0370274994152
	(47,1) 0.135678658045
	(47,3) 0.325926876548
	(47,4) 0.0364126442746
	(47,6) 0.0575119036001
	(47,7) 0.287353323591
	(47,8) 0.0428793161906
	(47,9) 0.0772097783349
	(48,2) 0.144792667232
	(48,5) 0.381253378963
	(48,6) 0.0552859952242
	(48,9) 0.418667958581
T: (state,symbol,state) 
	(0,0,36) 1.0
	(0,1,11) 1.0
	(0,2,11) 1.0
	(0,8,27) 1.0
	(0,9,18) 1.0
	(1,0,26) 1.0
	(1,1,29) 1.0
	(1,2,17) 1.0
	(1,3,10) 1.0
	(1,4,35) 1.0
	(1,6,20) 1.0
	(1,8,6) 1.0
	(1,9,41) 1.0
	(2,5,47) 1.0
	(2,6,14) 1.0
	(2,9,5) 1.0
	(3,1,23) 1.0
	(3,2,28) 1.0
	(3,4,1) 1.0
	(3,5,19) 1.0
	(3,6,43) 1.0
	(3,8,12) 1.0
	(4,6,16) 1.0
	(4,7,0) 1.0
	(4,8,32) 1.0
	(5,0,38) 1.0
	(5,4,47) 1.0
	(5,5,12) 1.0
	(5,7,9) 1.0
	(6,4,36) 1.0
	(6,6,41) 1.0
	(7,0,16) 1.0
	(7,2,13) 1.0
	(7,3,37) 1.0
	(7,4,2) 1.0
	(7,5,11) 1.0
	(7,7,26) 1.0
	(7,9,23) 1.0
	(8,1,25) 1.0
	(8,2,35) 1.0
	(8,3,33) 1.0
	(8,4,26) 1.0
	(8,5,0) 1.0
	(8,7,4) 1.0
	(8,8,23) 1.0
	(8,9,21) 1.0
	(9,2,45) 1.0
	(9,4,45) 1.0
	(9,5,8) 1.0
	(9,6,6) 1.0
	(9,7,35) 1.0
	(9,8,3) 1.0
	(9,9,33) 1.0
	(10,0,14) 1.0
	(10,1,30) 1.0
	(10,2,13) 1.0
	(10,3,6) 1.0
	(10,4,24) 1.0
	(10,5,32) 1.0
	(10,6,5) 1.0
	(10,7,18) 1.0
	(10,8,45) 1.0
	(10,9,32) 1.0
	(11,0,47) 1.0
	(11,1,3) 1.0
	(11,2,11) 1.0
	(11,3,42) 1.0
	(11,4,32) 1.0
	(11,6,13) 1.0
	(11,7,21) 1.0
	(11,8,28) 1.0
	(11,9,20) 1.0
	(12,1,7) 1.0
	(12,2,34) 1.0
	(12,4,28) 1.0
	(12,5,0) 1.0
	(12,6,40) 1.0
	(12,7,4) 1.0
	(12,9,15) 1.0
	(13,0,12) 1.0
	(13,2,23) 1.0
	(13,3,20) 1.0
	(13,7,43) 1.0
	(13,8,31) 1.0
	(14,0,25) 1.0
	(14,2,6) 1.0
	(14,4,37) 1.0
	(14,5,33) 1.0
	(14,8,34) 1.0
	(14,9,35) 1.0
	(15,0,18) 1.0
	(15,1,7) 1.0
	(15,5,31) 1.0
	(16,0,46) 1.0
	(16,2,26) 1.0
	(16,3,48) 1.0
	(16,4,5) 1.0
	(16,5,9) 1.0
	(16,6,32) 1.0
	(16,8,15) 1.0
	(17,1,7) 1.0
	(17,3,22) 1.0
	(18,0,0) 1.0
	(18,5,40) 1.0
	(18,9,35) 1.0
	(19,0,8) 1.0
	(19,1,4) 1.0
	(19,2,33) 1.0
	(19,4,10) 1.0
	(19,5,20) 1.0
	(19,6,17) 1.0
	(19,7,7) 1.0
	(19,8,40) 1.0
	(19,9,21) 1.0
	(20,2,40) 1.0
	(20,3,22) 1.0
	(20,4,3) 1.0
	(20,6,45) 1.0
	(20,8,17) 1.0
	(20,9,8) 1.0
	(21,0,41) 1.0
	(21,1,39) 1.0
	(21,2,7) 1.0
	(21,3,24) 1.0
	(21,5,45) 1.0
	(21,6,7) 1.0
	(21,7,13) 1.0
	(21,8,18) 1.0
	(21,9,38) 1.0
	(22,0,27) 1.0
	(22,1,19) 1.0
	(22,2,31) 1.0
	(22,3,15) 1.0
	(22,4,10) 1.0
	(22,5,5) 1.0
	(22,6,9) 1.0
	(22,7,20) 1.0
	(22,8,6) 1.0
	(22,9,0) 1.0
	(23,0,32) 1.0
	(23,1,47) 1.0
	(23,2,35) 1.0
	(23,3,15) 1.0
	(23,4,32) 1.0
	(23,6,48) 1.0
	(23,7,25) 1.0
	(23,8,4) 1.0
	(24,0,18) 1.0
	(24,1,24) 1.0
	(24,3,37) 1.0
	(24,4,32) 1.0
	(24,5,7) 1.0
	(24,6,3) 1.0
	(24,9,2) 1.0
	(25,1,14) 1.0
	(25,2,44) 1.0
	(25,4,40) 1.0
	(25,5,48) 1.0
	(25,9,3) 1.0
	(26,1,19) 1.0
	(26,2,29) 1.0
	(26,3,46) 1.0
	(26,4,6) 1.0
	(26,5,48) 1.0
	(26,6,45) 1.0
	(27,1,20) 1.0
	(27,2,46) 1.0
	(27,3,22) 1.0
	(27,4,1) 1.0
	(27,6,25) 1.0
	(27,7,31) 1.0
	(27,9,6) 1.0
	(28,0,44) 1.0
	(28,1,11) 1.0
	(28,2,28) 1.0
	(28,3,19) 1.0
	(28,4,1) 1.0
	(28,5,7) 1.0
	(28,6,45) 1.0
	(28,7,32) 1.0
	(28,8,47) 1.0
	(28,9,21) 1.0
	(29,1,34) 1.0
	(29,2,19) 1.0
	(29,3,9) 1.0
	(29,5,0) 1.0
	(29,9,17) 1.0
	(30,2,26) 1.0
	(30,3,20) 1.0
	(30,6,25) 1.0
	(30,7,14) 1.0
	(30,8,18) 1.0
	(30,9,39) 1.0
	(31,3,46) 1.0
	(31,9,3) 1.0
	(32,0,12) 1.0
	(32,1,39) 1.0
	(32,2,10) 1.0
	(32,3,8) 1.0
	(32,4,37) 1.0
	(32,5,25) 1.0
	(32,6,19) 1.0
	(32,7,42) 1.0
	(32,8,42) 1.0
	(32,9,34) 1.0
	(33,0,8) 1.0
	(33,1,8) 1.0
	(33,2,3) 1.0
	(33,3,33) 1.0
	(33,4,24) 1.0
	(33,5,6) 1.0
	(33,6,18) 1.0
	(33,7,42) 1.0
	(33,8,45) 1.0
	(33,9,14) 1.0
	(34,0,38) 1.0
	(34,2,13) 1.0
	(34,4,33) 1.0
	(34,6,35) 1.0
	(34,8,44) 1.0
	(35,2,28) 1.0
	(35,6,5) 1.0
	(35,7,41) 1.0
	(35,8,18) 1.0
	(35,9,19) 1.0
	(36,0,0) 1.0
	(36,1,17) 1.0
	(36,2,26) 1.0
	(36,3,18) 1.0
	(36,5,40) 1.0
	(36,6,45) 1.0
	(36,8,15) 1.0
	(36,9,34) 1.0
	(37,1,47) 1.0
	(37,2,38) 1.0
	(37,3,6) 1.0
	(37,4,44) 1.0
	(37,5,29) 1.0
	(37,6,7) 1.0
	(37,7,43) 1.0
	(37,8,43) 1.0
	(37,9,3) 1.0
	(38,1,33) 1.0
	(38,4,16) 1.0
	(38,6,47) 1.0
	(38,7,0) 1.0
	(39,0,36) 1.0
	(39,1,0) 1.0
	(39,2,13) 1.0
	(39,3,39) 1.0
	(39,4,27) 1.0
	(39,5,0) 1.0
	(39,6,5) 1.0
	(39,7,22) 1.0
	(39,8,15) 1.0
	(39,9,25) 1.0
	(40,0,36) 1.0
	(40,2,45) 1.0
	(40,4,41) 1.0
	(40,6,47) 1.0
	(40,7,17) 1.0
	(40,9,8) 1.0
	(41,0,23) 1.0
	(41,1,39) 1.0
	(41,2,36) 1.0
	(41,3,33) 1.0
	(41,4,23) 1.0
	(41,5,15) 1.0
	(41,8,33) 1.0
	(41,9,31) 1.0
	(42,1,22) 1.0
	(42,3,6) 1.0
	(42,8,31) 1.0
	(42,9,3) 1.0
	(43,1,37) 1.0
	(43,2,21) 1.0
	(43,3,2) 1.0
	(43,6,3) 1.0
	(43,7,3) 1.0
	(43,8,10) 1.0
	(44,0,37) 1.0
	(44,2,18) 1.0
	(44,4,46) 1.0
	(45,3,35) 1.0
	(45,6,32) 1.0
	(45,8,22) 1.0
	(45,9,37) 1.0
	(46,0,2) 1.0
	(46,4,5) 1.0
	(46,6,6) 1.0
	(46,7,3) 1.0
	(47,0,4) 1.0
	(47,1,25) 1.0
	(47,3,46) 1.0
	(47,4,24) 1.0
	(47,6,41) 1.0
	(47,7,14) 1.0
	(47,8,26) 1.0
	(47,9,47) 1.0
	(48,2,46) 1.0
	(48,5,40) 1.0
	(48,6,30) 1.0
	(48,9,9) 1.0
