1000
0.000650526884591
1.56360681718e-06
0.376024460765
3.00796950972e-09
0.00707530196054
1.19313181229e-06
3.41434712806e-26
0.0483096401434
3.40434841392e-16
0.000229869034153
0.026017786681
0.000733716449421
0.00255999830498
0.00671522392993
6.33022936101e-08
6.85007731216e-09
5.85693625775e-07
3.03432841731e-15
0.0190223253072
5.7852993659e-11
0.0256749266693
0.000256278874615
1.42778450402e-11
1.46453364556e-05
0.0167594489533
0.00300556489803
0.00369751644761
0.000403968252197
0.00556662735594
5.46031956229e-06
9.35402628141e-05
0.00396676119054
5.95694928212e-11
2.58050184528e-07
0.000206843224503
0.0387976365496
1.28806671885e-06
5.82490033907e-07
1.94489441416e-15
5.34985991116e-07
0.0164620765884
5.3935815932e-07
1.36223849344e-12
0.000463785657806
3.93399182209e-05
2.87286232229e-06
1.0934859542e-06
0.00837948587738
0.00014924024855
2.85840469857e-09
1.99433623784e-06
6.57582548241e-06
0.0106667702998
2.41769819212e-13
1.82594173562e-06
1.05573669931e-14
0.00641371472823
2.74044855327e-08
8.41208961529e-05
0.000326045248473
8.44348154165e-14
0.000550239145213
3.84197866804e-06
2.72224430351e-09
4.11263567857e-05
2.09865543216e-05
6.04104836227e-07
0.0322262407569
4.71780320242e-07
1.46743605749e-19
0.00428559248043
0.00198142901094
7.07911261224e-07
6.82866532868e-05
4.38430169935e-09
1.29706798519e-11
3.84580549207e-06
1.56453940688e-17
6.26808882923e-05
1.31958389118e-09
6.09119216768e-13
1.5716916905e-09
4.93204782379e-05
1.42705324751e-05
0.00796073189902
0.0226925737421
0.00351883492492
0.00112402956013
2.89139015811e-05
3.72047355507e-11
3.28050340772e-06
7.86754825002e-11
8.42032570826e-07
0.00273106738214
0.00212009336362
9.86902947975e-08
2.08585028856e-06
2.23726971464e-07
1.10487472109e-12
1.38385255894e-06
1.12802137857e-06
0.000226169408901
1.28281534536e-08
6.1799433976e-06
0.00023555060613
2.83382557424e-08
0.00112384416472
0.000617409909249
0.00591354613316
0.000201372310029
7.39855583117e-09
0.00184624536478
2.1841858124e-12
1.87865047423e-09
0.000817316718753
4.93663312423e-18
0.000643872131776
8.13235056597e-05
5.82643483131e-08
6.64774502484e-05
0.000812401591576
1.18017394191e-09
8.13452116539e-06
1.76345974618e-13
3.13018287512e-07
3.31164325571e-07
2.28608513241e-07
1.62792703403e-05
1.67858547904e-12
1.58935837113e-07
0.000169189970589
0.000271710736859
3.1405085028e-14
0.00012738407775
0.000490634694316
0.015552139254
9.36407932545e-08
8.4605564983e-15
3.33504322982e-12
0.000184219024566
4.49333276587e-09
0.00744748015742
3.77358039277e-22
7.7718095809e-05
1.45094575213e-11
4.36972890124e-05
1.60768639929e-14
0.00729674174904
9.67852937073e-09
0.000156700615011
3.64695462621e-05
0.00108166070048
1.50919247322e-10
1.81419376934e-05
0.00123758974822
0.000435655954274
9.14694110717e-09
5.7621776355e-05
3.94306028607e-08
5.80229257441e-15
0.00144283559252
1.89244628729e-10
0.0012852392599
0.00808529350178
2.84440070093e-09
0.000882111102833
2.74477838811e-16
3.40562543007e-17
0.000858597304336
3.3240122314e-07
1.8649989414e-05
2.1290650908e-07
7.05062416935e-08
1.95869898527e-17
1.34651491309e-11
8.21137664602e-16
1.46001800753e-20
0.000175066095611
0.00482190766634
0.025351733577
1.12298066347e-10
1.23057754562e-07
6.69390219751e-07
0.0028489250167
2.07799649239e-15
1.38865991962e-05
4.71121408493e-07
6.45666856267e-05
1.29390652797e-06
7.00982901873e-08
0.00155563759088
3.90201996876e-05
4.41562637432e-05
3.40454866307e-05
2.82094488942e-29
2.01920948035e-13
0.000285386794786
0.000322201926899
2.11261871869e-14
5.74131182436e-10
1.00599341223e-07
3.3954487362e-06
3.92546059946e-06
3.95302346721e-07
1.09413888081e-06
3.89481191707e-07
2.55366030189e-10
0.00763010302709
2.1767354741e-07
0.00449053722915
8.34802227012e-09
0.000390934861401
0.000493620492889
1.81045934535e-08
5.45988955836e-05
2.51367244379e-07
7.68393600467e-05
1.13983613658e-08
4.7188129883e-07
0.000264616461511
0.000179846707769
3.34163738576e-05
8.46957230263e-05
0.00121433828034
1.44887069129e-12
5.71640589766e-14
9.89482502693e-07
0.000219710813067
4.90992503506e-16
1.24097050683e-07
1.82623663195e-06
2.93020016357e-06
3.28022129062e-07
5.89655100783e-05
6.57565904704e-13
0.000140799052802
0.00408769442069
3.27481682458e-11
0.000356213255251
4.59384550177e-06
0.000771895127089
7.85425581611e-10
3.41444227308e-06
0.000113254773892
2.0174266006e-07
1.07209889059e-17
0.000949089712289
1.02627914888e-08
2.86878572855e-06
0.000441898931724
3.1339391803e-11
1.26234146745e-16
0.000244042213355
8.36957684929e-06
2.16426460198e-14
5.93393612978e-06
3.28016803678e-09
0.00120287472632
1.23406782969e-05
8.3056208761e-05
7.16167331182e-07
3.9079737449e-07
2.96044774571e-06
0.000132415979205
0.000187620112521
0.000470794835576
0.00226970154
1.4611745471e-15
7.99450167555e-22
0.000105324612882
2.98090097046e-07
4.51553367505e-09
2.57275971161e-05
6.81387113693e-15
3.77774630079e-10
1.18099965268e-06
2.90596799975e-08
2.46749556113e-19
4.98655851167e-10
2.04872405113e-05
6.80832653303e-05
4.78420401939e-07
6.34623657797e-11
5.01179588212e-07
1.17129806558e-11
1.59315854613e-24
8.68005635147e-08
6.86324554145e-14
2.4318978151e-10
1.46101967959e-10
5.87529534522e-05
7.88548030786e-06
0.000810846467576
0.000599171216701
0.000460720672885
2.49412442005e-06
0.000289716724687
0.00235794404225
2.59258327267e-11
3.62046779045e-17
0.00112362494171
2.06010898181e-05
9.39979368576e-16
7.92941157343e-07
0.0024220301948
1.74549805924e-06
1.36094258422e-06
8.29676054727e-05
5.30946861107e-05
4.16194898417e-15
4.75418492098e-13
5.03645868781e-05
9.46760669762e-05
1.26481164841e-12
2.96552128154e-05
0.000468477239182
1.16071296072e-12
0.00125157707408
3.46839890554e-10
7.57459667589e-08
1.81542135224e-05
5.36269039781e-07
1.23369642487e-07
0.000144397442354
5.45277795602e-07
2.73068543019e-13
2.94612357381e-05
3.61174029579e-05
4.81186097229e-05
0.000128778531639
5.36235842488e-06
4.5537632487e-11
4.92352035327e-06
1.05504754143e-14
7.9848367229e-11
0.000294251661917
2.69147680017e-08
1.68779198333e-08
2.54030324891e-10
2.4016053438e-05
3.21816460683e-08
2.38453700534e-05
0.0024579501581
8.65721814364e-05
1.38853028671e-06
3.62994755695e-14
1.15657067412e-07
0.000372190739763
0.00202265852614
6.01358727945e-05
1.5587463529e-08
1.19290209036e-14
6.14750501032e-06
1.44199197299e-20
1.1969294065e-06
1.47972327026e-11
3.75497308869e-05
0.000469012725008
9.66122149162e-07
2.23465792323e-09
0.000747629459131
0.000293823870684
6.31165570928e-07
2.36115685521e-09
1.72966756655e-16
2.35674925943e-07
1.78709349062e-06
2.39376525302e-16
0.000131071484411
2.93734589651e-10
8.46837404818e-06
3.33837933067e-10
2.3406626077e-05
1.47751942782e-06
3.14372704886e-05
1.38863552108e-10
6.21834663278e-10
9.82834714296e-11
5.02654259688e-20
0.000193410986786
0.00103184697686
0.00169853222588
0.000127962463714
7.46993337902e-15
2.15028454135e-11
0.000611366067893
7.80263752601e-05
0.000502620625416
1.07712780498e-13
0.00028588060048
2.89030235277e-15
7.78674505338e-09
3.73989725956e-07
1.5714378617e-13
8.95672348565e-08
9.02444013037e-06
1.52992129049e-05
9.22400568282e-10
0.0014108413118
0.00040868519112
6.98997665175e-07
0.000375486400788
1.24097190888e-09
5.44115156183e-09
6.6409875427e-05
7.73811348095e-05
5.26984001481e-06
0.000105743220655
0.00637963929176
8.46098517213e-06
8.87425928358e-08
1.2983960291e-14
8.39410255727e-25
8.6739754997e-05
1.32782408512e-15
0.000850181044503
1.59723357963e-07
6.6465030058e-09
1.15782865696e-08
1.38916628455e-08
1.60366821316e-07
1.32639310427e-06
6.57240805514e-09
0.000350205629368
0.00079660123246
2.70342219576e-10
1.10577857971e-10
1.08503287822e-07
7.74435513277e-07
5.96051157313e-13
4.63976550626e-10
0.00215863423476
5.45391518841e-10
1.14291456784e-08
1.777751155e-08
1.70975289388e-07
6.7498355131e-09
1.27928668415e-10
1.24052543876e-05
2.76087123037e-07
9.81849293987e-09
6.23159700161e-07
2.08418760022e-09
0.00198129740343
1.25053493073e-08
4.43003407678e-05
0.000724053137328
1.96435152968e-13
1.08188452974e-07
3.29907748981e-10
1.4160427777e-14
0.000131633514632
0.000459471648816
5.31288538683e-26
0.000607322887527
7.00648128099e-13
7.3746378176e-16
0.00112496958186
1.33028906831e-06
0.000820715035563
2.14517841207e-16
3.54224135679e-05
1.34416892681e-15
2.24332360327e-05
0.00169674912924
2.82516821737e-28
3.69932062123e-06
8.05242874606e-15
1.94569173833e-07
0.000602539568959
8.24487210128e-06
1.69935615454e-08
7.28888878309e-11
0.00427540054041
8.41183136241e-05
1.52544921722e-10
8.00579433148e-12
7.69784660207e-05
2.60932153151e-21
0.000319446030915
1.27540006894e-06
1.76629038136e-06
3.32378172948e-11
2.02186038165e-13
6.1917098532e-09
1.05845876863e-06
6.37331495436e-09
2.24960506264e-12
2.09059638383e-12
9.49605976034e-06
0.00252712702778
2.36503768351e-07
0.00031758310721
0.000156902183216
0.00018528249856
2.10419864424e-08
6.73772997014e-06
2.58419588249e-05
4.85933408073e-06
4.44871151033e-16
0.00388334457685
2.50734013205e-21
2.29271194165e-07
0.0039025434675
0.00628365153124
0.00129952736521
1.82402275918e-10
3.55264869338e-16
0.000364915717762
1.02459268176e-11
0.00281898920391
0.000543354017391
1.08556370599e-21
2.36670052898e-10
5.35003259809e-05
0.000275761273964
5.02175813458e-09
4.34101284039e-09
1.76195443602e-10
0.00104624578629
6.79508608328e-07
1.28668912973e-08
1.00060838257e-06
5.67507746771e-14
0.000347277748712
9.33641755825e-06
2.16889420799e-11
0.000337709458593
3.10112033874e-05
5.64243432723e-06
3.59316164926e-07
1.35030810681e-09
4.29672495152e-10
8.05263078042e-08
0.00162437275401
1.32847852438e-06
0.00480982612997
2.76846719536e-10
1.26577358409e-07
0.00288036613583
1.991823717e-08
4.00134947157e-07
3.26309440319e-06
1.71645043224e-07
0.000874848247441
8.31674907275e-10
5.70674585669e-06
0.000256226312953
7.3044107755e-14
4.83828705321e-06
1.48981013749e-06
7.58142778106e-10
2.89070693434e-12
0.000317015551803
3.50401659107e-18
1.08099024618e-05
4.15414957956e-08
9.36530052276e-05
0.00120770670484
0.00398974254502
1.79178544458e-13
4.19817109453e-14
1.24429102647e-07
1.79611837741e-05
6.73834364036e-08
1.98961977155e-07
3.30156348487e-19
0.000819234696968
3.88880136025e-13
9.83351363766e-06
3.17094909251e-13
1.35368307071e-10
3.07699101172e-05
1.3590598866e-06
6.95826783822e-07
9.77024687423e-08
3.05952417211e-09
1.59133069554e-06
9.2002427915e-46
2.50223773361e-06
1.10925242073e-08
9.70416465994e-16
3.94808267807e-07
0.000459781462755
6.81297858833e-06
0.000222294341686
9.03851332843e-12
9.82397480562e-06
0.000196592444116
0.000218652150598
3.06262180341e-07
3.6090905521e-07
0.00424500708251
2.99919763994e-13
0.00024381837216
1.37611927674e-17
0.00118468682708
6.40760321008e-05
1.99344031074e-10
5.13755573242e-15
8.07814319134e-11
1.41997137875e-09
1.45893969132e-15
0.0008144415703
3.74297756154e-07
0.00041838337717
6.69939307515e-06
1.95585206112e-09
0.00370587920705
5.78171067404e-11
8.3392067873e-08
4.59328109834e-09
1.89495992431e-07
1.58118615648e-06
5.45619780462e-07
2.35304306758e-06
1.65951875372e-12
1.14587228364e-05
2.93778501507e-06
3.72911043109e-09
1.70097675391e-17
4.49510040808e-11
2.36724992723e-05
2.83906729014e-16
0.000938202316632
1.35774067088e-25
1.11960954845e-19
1.20784660464e-11
3.40470777651e-09
4.23598449533e-05
2.37290826253e-06
4.14697737572e-08
4.66725784163e-06
1.72927106156e-05
3.44840631616e-05
0.00472628889282
2.81301176335e-07
0.00106742903028
2.19662601993e-06
7.32667036757e-09
6.41050834927e-06
7.35318153363e-08
2.75752001089e-07
6.59072168935e-22
0.00439092245707
1.77708273728e-06
1.27668626798e-06
0.000173661911232
5.49906309731e-10
0.000155181389195
8.09171633362e-08
1.06729668017e-05
0.00178854848131
1.3714319004e-10
3.23265615189e-09
1.75582194281e-06
2.14624425046e-07
1.70637841227e-08
4.35895323651e-06
8.08201367189e-08
5.57938416386e-08
1.47207072462e-06
1.06876837537e-08
3.36871232429e-10
0.000226994615179
0.000112142348546
1.03811726825e-05
0.00031656268626
0.000121359052686
1.2218442405e-05
2.36374281833e-18
0.000367618118561
4.6475746218e-05
0.000707511741263
0.00205341701597
4.51327097182e-05
1.2907497344e-06
3.39361536281e-07
3.86412662747e-06
9.24855587419e-10
7.42939658672e-08
8.13476529235e-07
6.44803610754e-07
1.28221499501e-26
2.41852333857e-05
6.61100567069e-08
5.1054774437e-15
8.34572986284e-22
3.68905689965e-09
7.94708890857e-07
3.59236906697e-08
5.20389101085e-06
1.06435975456e-05
7.17567769064e-05
6.80410192436e-11
2.03264256649e-07
2.92826356546e-14
0.000286128650652
0.000775568163591
1.67179182049e-27
8.86591120938e-06
0.000370742219608
8.89631369725e-07
1.55822917895e-16
0.00137059986131
4.61517224324e-15
2.46833372953e-10
1.53935725577e-06
0.00230829240425
1.44644188276e-06
3.42838748073e-09
1.14859091523e-08
1.1549221924e-08
1.53882167367e-05
9.30640132689e-06
1.59200165218e-05
5.26564799526e-16
5.1758341334e-36
4.36747442118e-08
5.68183124703e-10
0.000288087165288
0.000604119965766
3.34022067282e-13
8.1970654666e-24
3.46429628086e-05
6.93321087976e-11
0.000415089630221
1.31319259791e-09
0.000593449296331
2.23090012793e-14
0.000412405321834
7.34497280722e-08
4.21871959373e-08
5.88846813711e-05
3.83833196542e-16
0.000169172799753
1.48623852693e-14
4.93942307167e-05
9.97161840401e-17
7.05636336933e-07
0.000627187190821
0.000470368833427
0.00154628721624
3.08122519145e-14
8.96733172941e-12
2.2049474047e-06
2.12809124693e-07
3.00224224179e-07
6.17359225337e-31
1.4749391388e-12
2.10303071806e-05
3.09328090976e-06
2.07643470964e-07
1.69458508835e-11
0.000183229936
3.09471388881e-12
1.99056954323e-12
2.23662171268e-07
9.46564913796e-09
3.57718434674e-05
5.34069417674e-05
6.97719468489e-06
0.000115335683881
0.00191240705496
1.5219632355e-11
6.09987895925e-09
0.0021565338828
1.27025652576e-18
0.00017376925015
1.58075523391e-08
7.44524845941e-11
2.36847374702e-16
5.79245308234e-05
2.03195968226e-06
5.99355012324e-17
2.89545428073e-09
7.65934873112e-05
0.000116812211018
1.40033908089e-06
9.49033743999e-18
2.358853481e-07
7.55872179934e-13
5.52159041931e-14
1.93206015439e-05
2.94129951997e-06
6.32847284032e-05
1.03894608652e-10
9.72649903496e-06
2.41784014269e-06
1.95052644207e-11
4.69909569529e-05
8.4786924145e-05
2.79998256095e-07
3.69298193654e-05
9.17525798689e-05
6.27422995094e-05
0.000838444814868
2.51224888533e-10
3.84241110508e-11
8.15263870992e-07
0.000118407748956
1.80871435192e-07
0.000874345805391
5.28917502656e-10
3.93192898788e-10
1.68710879702e-13
0.000210867526802
5.35713244499e-05
1.30933699752e-06
0.000407315053092
1.27460051363e-09
3.63304737403e-08
1.7193295655e-05
0.000104013338704
0.0021304070943
3.28415369027e-12
1.39761813636e-05
1.81637662728e-06
7.59457809951e-07
1.13006114437e-07
0.000628524283159
0.000531687821098
7.92605553895e-12
3.71396192899e-13
0.000623581778601
4.03822816818e-11
0.000228150679245
0.00247249482481
1.56805349661e-12
1.58814019535e-06
2.05752570974e-05
1.64438705161e-31
1.85249946168e-13
4.69609571777e-06
1.75522778111e-05
0.000122633766015
2.85484815185e-05
0.000234461412552
2.5791223785e-17
3.5860700588e-14
1.15360779843e-05
5.70384829435e-05
5.3657927076e-06
2.71994802524e-07
1.97507677258e-10
1.21948088187e-06
0.000257725153855
0.000330197462555
1.04380768998e-08
1.61573889324e-19
2.55546412322e-05
0.000184132455955
0.00386422153134
8.28623638857e-09
1.31739874238e-05
2.75337397741e-06
2.02715030017e-05
3.83533586753e-10
1.7063641294e-07
5.39908511593e-05
6.03381930863e-11
2.14973701825e-07
5.34723752111e-05
8.56733223151e-13
2.11793247912e-07
1.88824302218e-09
1.85585614544e-09
1.47374270764e-07
0.000308651888731
1.89578251409e-05
5.41693984301e-10
2.16645516353e-08
9.70181456966e-06
9.31541751665e-19
1.82754955571e-09
1.37409163481e-19
1.55997400201e-15
3.18758177719e-05
2.70479431713e-09
0.000206160020378
0.000436974582081
1.26282751796e-08
9.37481675451e-06
0.000610874139198
2.22690979503e-10
5.27167674961e-05
4.69012045804e-06
8.2790436095e-17
1.87162049409e-06
9.32769957109e-10
0.000158120341394
5.84414032014e-12
4.77390913605e-08
3.70978542544e-12
4.7503893492e-06
0.000182258819843
1.43533803138e-06
1.02953933204e-08
6.01108690878e-05
3.8729346997e-13
2.83229457141e-05
2.90232980198e-05
8.9846901175e-10
1.62080759984e-05
7.63214192808e-05
2.0901777985e-07
0.000993464324554
1.39585401745e-16
0.00219749235413
1.20023498606e-07
0.000186368505568
9.33303435971e-06
3.47763135446e-34
0.00112114540027
0.000796744907887
0.000453963863234
8.55034105421e-07
1.85926403725e-07
0.000197351020801
1.84313742821e-06
0.000103614196655
1.5405178778e-05
1.61579880614e-08
1.31936612659e-05
5.07098448815e-05
2.02599334139e-16
1.82878941454e-08
9.19309241091e-05
6.91309016963e-18
1.4952741717e-05
0.000372549609268
1.29314148401e-07
3.4632075109e-05
0.00115887108812
0.000576920547003
9.88017687694e-07
0.000212847642499
1.29780740998e-08
3.58419194608e-10
4.654336657e-05
8.59335395155e-18
4.55281534758e-14
4.79907088053e-19
2.93743446665e-11
3.05690021515e-07
0.000279295954347
0.00211496080436
1.48161463022e-08
2.51974084076e-07
2.61756536952e-09
6.24297012966e-08
0.000750105760358
1.22151554951e-05
4.9602645775e-05
1.23535958584e-07
8.53954096129e-18
9.99735943577e-05
3.39230425006e-12
1.46332061263e-08
3.62078199265e-08
0.00103802114688
0.00100743589891
1.4768931134e-10
3.85949157764e-07
1.36599991768e-09
4.80805867263e-05
2.17286640422e-16
4.71950707358e-11
3.20252211066e-07
2.36222857127e-10
0.000301173109264
0.000355736821176
2.49520322086e-06
1.22916472276e-05
2.28394168117e-06
1.26935435534e-14
1.07080489516e-05
0.00231714592436
1.66421180536e-12
1.0655803782e-08
1.57853625576e-16
1.15304842303e-10
1.79275957812e-05
6.09276095305e-06
1.78178530309e-06
2.56076698119e-06
2.3614404909e-11
3.72854923385e-05
3.10233030272e-07
1.05137878114e-07
2.03127363915e-19
1.08918190428e-20
7.61455840711e-07
3.51107644988e-05
6.24947950007e-05
8.47838350944e-13
2.8432614776e-05
0.000372027879891
4.67543400278e-16
1.76045304802e-23
