1000
1.08045474139e-07
1.86340640191e-13
8.39385428013e-08
2.96801169972e-15
2.55059523096e-05
2.20895075993e-13
1.37930292338e-30
2.3008918895e-06
0.000400396905532
9.03103269475e-19
7.51740280973e-09
3.62432295457e-06
1.08126915483e-14
0.0606588482072
0.0282406493058
0.00738775423053
4.02656134231e-09
2.77322646508e-15
9.34741022179e-12
0.00832407531571
1.74605372877e-13
5.77125875181e-09
1.43271775684e-07
8.37394599599e-14
0.0223854652155
0.0690071380521
0.00149010363543
0.0983851404114
0.000323114309658
5.82769980476e-15
1.6422525518e-06
5.49816364785e-12
2.10721491825e-05
9.35309372857e-16
4.0779445788e-09
1.02802591043e-28
9.649746958e-06
4.28314423237e-09
6.62296957295e-06
0.012983507009
5.71773877238e-07
3.47366318679e-05
2.57635544753e-07
1.73412604366e-09
0.00195972287275
1.63361401914e-06
3.09529900438e-24
4.7192113925e-05
0.000568588998603
5.4065185075e-05
2.80866441667e-11
0.00719928359309
1.29638555205e-05
9.63916873176e-06
0.000270866235734
7.03533545221e-05
1.39412489016e-16
0.118978399859
1.55515205717e-14
0.00554563120299
1.45984710887e-14
2.82842593109e-12
2.44254992171e-05
9.5346976445e-35
1.22735313732e-14
0.00675183616999
1.41018501839e-07
0.00019010453995
1.94268465732e-07
0.00409803770909
5.35059114351e-10
0.00490254149874
0.00615156273534
2.34435804292e-08
1.04676333209e-05
4.22940615419e-13
1.29431726978e-09
1.18544172053e-06
0.00424701458538
1.77322448279e-15
0.00122392417092
0.000144414876934
6.70091314904e-06
6.74853630839e-06
1.63107449672e-06
0.000123597588789
0.000107843550656
0.00413614968388
0.000254770683916
2.18766062673e-07
1.33590026039e-08
7.07081761504e-25
0.0129761158532
0.00012813809015
8.20359207639e-10
1.62537858001e-06
4.13274122276e-10
8.33814332397e-13
0.00163625606399
8.33783832087e-08
2.44250750543e-11
8.01420736634e-35
3.33875335416e-10
2.66891197088e-10
8.26460890477e-10
3.80869065641e-15
8.05473318987e-09
2.71801863189e-10
0.00162003604166
7.09787359725e-08
4.65304035935e-13
1.74482727238e-13
1.32515042796e-11
1.00907825776e-06
3.91344687157e-17
0.000244031772081
8.11906004579e-10
0.00104070829025
1.89408261353e-14
6.45248136366e-05
2.37190288455e-28
1.99259181637e-09
0.00152709810271
0.000186483940664
2.17339817476e-11
0.000350730077135
4.9173907371e-31
3.22453661876e-06
6.24327861831e-23
1.51454162097e-12
6.07734746982e-07
6.26139316658e-07
0.000730057239635
0.00205030323467
8.1331144106e-30
0.000835313942182
1.19687447e-06
0.0103026954119
0.0849233057034
1.25959682494e-08
1.76685755962e-10
2.27353399478e-07
0.00160120900886
9.20453984851e-12
6.60769801576e-05
0.000624493290685
0.000340151919198
7.96441979821e-06
0.000203691160253
5.48737385367e-08
0.00817514207236
6.59482123341e-33
1.43345799563e-05
3.68724753691e-14
0.000961813264948
8.71797323447e-14
2.64009775142e-11
5.3318667331e-08
6.81331578439e-07
8.19488798887e-15
5.52563962058e-07
1.89560187055e-11
6.25212596395e-22
8.45582067003e-05
5.57092092692e-11
1.62861941049e-13
6.55823876681e-35
0.00158184166836
0.0228172687121
5.4313775936e-18
1.15309074702e-17
6.07265046631e-22
8.42534336109e-20
0.000573675576705
8.8595940681e-06
2.87982490747e-09
0.0114212562555
0.00118917012274
6.22057205427e-09
0.00264710855622
4.957205025e-07
1.3474443511e-14
1.18641711464e-05
1.35136450717e-07
5.51439956664e-10
1.336024025e-07
4.67265137309e-05
3.5792957877e-10
6.59171462558e-08
1.00302184278e-10
7.28330309698e-07
0.000193914839657
2.97560320681e-10
0.00674719073797
1.67231617079e-22
2.43895526504e-15
0.0020206418187
0.000429023665309
5.98483743056e-16
2.25863913405e-19
2.5271696532e-07
3.43174335349e-05
7.68084457757e-05
4.6612758459e-20
0.0023529532564
1.42186144911e-08
4.52432389518e-06
3.70189907282e-05
4.45836249776e-12
2.31867645659e-13
5.2360273172e-09
5.86962172604e-06
5.09989460782e-07
6.8689374823e-07
0.00137182627198
1.17382592068e-05
2.64172473136e-22
1.31521321755e-12
5.44158869851e-10
0.0129906649543
3.34703183131e-07
3.5149500228e-24
6.70740173484e-06
4.94495364994e-05
1.40120896707e-08
1.61379350922e-28
1.20621656295e-28
2.3095760988e-05
1.40304144531e-22
0.000348871982853
3.7413743123e-09
0.00440486010346
0.000193384164627
0.000349209020436
1.97500786789e-08
1.41159012222e-23
7.59965532107e-21
1.68853381564e-09
5.08264961308e-13
3.48114661029e-09
0.00759462312895
0.000126852468197
0.00114304652096
1.13240842541e-13
0.000986374250048
2.86202493257e-21
1.97872121044e-07
1.88455473247e-19
1.74135988308e-10
4.10563976051e-11
3.10284086608e-05
4.37237734904e-07
1.28546171136e-22
1.8104464904e-11
8.58987126871e-14
5.97816230247e-19
1.17246732278e-06
0.000662191368396
5.0896858325e-10
6.85468285781e-05
2.47230723856e-19
0.000242724094927
4.64477707511e-05
4.26097464276e-05
2.0938989904e-18
2.78461481678e-16
0.00437038962858
3.04594008736e-28
3.62246970073e-05
4.33835491036e-20
3.83473165498e-11
5.28282054597e-05
1.94577399371e-24
2.61228170925e-05
1.66834109616e-09
0.000325177852716
4.69703372978e-24
9.00777007731e-17
1.15672647745e-14
0.000128869761961
7.2557359e-05
5.10064000846e-10
0.0072830461899
6.853853393e-13
7.69532531527e-09
4.73054874415e-21
3.55015364524e-07
3.42303427288e-05
0.00326990940369
0.00022482306526
1.45901592235e-06
5.40086662751e-21
1.20973130844e-07
9.85374090364e-06
5.34092398783e-36
3.83527108731e-06
1.75577665914e-07
4.09568915839e-16
1.20725667232e-05
0.00031596725759
2.13339786891e-07
5.38267247728e-07
1.45234556799e-20
2.18554503486e-07
2.35693984766e-17
3.34609123246e-06
2.45749752392e-10
1.74346115055e-09
0.000294714042109
2.78103969391e-13
1.47932634402e-17
4.52929834809e-12
2.81180960411e-12
6.32016504026e-11
9.72976966269e-24
0.00101807197288
1.36151241427e-17
5.72121368945e-07
2.07883425088e-07
0.00341098387195
7.59022619993e-08
1.83937159007e-05
2.08483123549e-26
3.10841840242e-36
2.39652787343e-06
4.81114947927e-05
1.33709349532e-18
0.000566380645189
2.13601685409e-13
5.71557340788e-09
9.15469227621e-11
7.65522399148e-08
1.56484678244e-31
9.94204625968e-08
2.6054473012e-08
9.90090456449e-13
5.92526219619e-14
1.53262058841e-11
6.46868654904e-17
1.65041392296e-11
1.27338644465e-27
3.03586723918e-24
2.26995618335e-06
2.40786197625e-11
8.03580689374e-05
2.32045805265e-08
6.49476600351e-25
5.44518350266e-07
7.38710838708e-06
4.72094841583e-05
0.0158009572889
4.29589478707e-07
6.28717803629e-06
2.46342530412e-05
9.25702233814e-24
9.17759287512e-13
1.90830206258e-09
3.96352731965e-10
6.64983781981e-14
1.31210975613e-19
3.94792870075e-24
1.9052117697e-10
9.09080969273e-05
6.3125020685e-13
0.000180068703666
2.45835577261e-17
1.10942885624e-07
4.06466156138e-14
2.63565289766e-10
1.00834705003e-06
0.000796018116003
0.000282500600037
1.78420181639e-14
2.47404583951e-09
5.3620807807e-09
2.47709487278e-05
4.0780680034e-15
3.29185688033e-13
2.27392432078e-07
8.64068445318e-07
3.03683564782e-26
4.22557633998e-07
1.92718529966e-16
1.48675705248e-07
1.50411997045e-06
9.13436674038e-15
3.5233105561e-05
7.11724632985e-06
3.90043088399e-27
5.27367201389e-05
0.00105946943437
3.01365076133e-08
0.000361993927435
2.20720563977e-30
2.88167003404e-08
8.71760129406e-06
1.69625406535e-22
1.88909736536e-16
1.93122043298e-06
3.79290465471e-06
0.00235221656726
1.42224799531e-06
4.97728277492e-05
4.92481938245e-07
4.7326986108e-07
2.07476715055e-05
2.50008611334e-05
1.71521730998e-07
4.53732045966e-05
0.000174295155201
5.53119896938e-11
5.65235573658e-12
2.23509534578e-08
4.72649959835e-05
7.56355560775e-07
5.87836814335e-38
1.44956134929e-06
0.00497764376747
1.22393877572e-11
4.33081329834e-10
5.15130111005e-19
3.74714725361e-06
5.21771296066e-07
1.48930648094e-07
1.39570246256e-29
1.22231612162e-06
4.55181944479e-05
2.94948087932e-11
0.000178667842671
0.000976554338309
4.41514547965e-14
5.94575651601e-08
2.83988614245e-07
2.35698357025e-14
4.21815702633e-14
6.28468999506e-13
1.95610063182e-36
3.49619789575e-10
3.88257701192e-10
3.93989908768e-26
0.000101077567531
0.000595149592941
0.00443375716152
0.00222981025428
1.82485796414e-14
7.08108221715e-23
1.54068409471e-16
1.20403190112e-14
4.94005029967e-07
6.22462907594e-06
8.141597007e-17
3.35222064837e-16
1.12464313762e-05
6.63042534034e-21
9.24140762996e-05
2.47775734924e-11
0.00552959126285
2.00157910115e-32
1.72947545955e-05
2.51247063404e-19
1.51073264317e-07
2.24435373923e-10
4.21976398034e-16
1.30100012437e-09
0.0026235229341
0.00201112182595
1.03816341031e-07
3.32712162321e-10
3.42054697173e-15
4.17510475429e-07
2.43761936331e-05
4.94998787551e-07
1.38717821705e-09
4.23462379901e-12
2.25647210965e-08
2.58814799391e-06
2.9335178911e-14
1.04101637031e-06
8.57031880234e-05
1.99860039672e-31
2.81136589645e-05
0.000722699175679
2.35526030031e-07
1.01272508876e-08
1.32866026187e-09
1.33584633253e-13
4.9559087057e-24
0.000623282114236
8.77971303972e-05
1.01226124817e-07
4.87694926535e-07
4.42792749789e-12
1.80796732807e-12
8.38860861902e-05
2.65450503254e-07
4.3319375745e-23
1.24628933071e-05
2.22685961085e-15
3.34793927481e-10
6.60673059238e-09
7.93584482962e-06
9.41970562655e-16
0.022611160004
0.000975867038584
2.58111598649e-10
8.49921188047e-12
3.41837945425e-19
3.5892699144e-07
0.000987833965707
0.00783231221201
1.35630315355e-09
1.40619419626e-30
7.47613630729e-08
0.00107074465468
1.06243129448e-11
7.15599839746e-13
1.09977306473e-09
1.99286295656e-25
1.37141832147e-24
4.9206847778e-27
4.65811182591e-10
4.462447448e-08
0.000163252119836
2.10137023896e-06
0.00314832876323
5.83403874467e-20
0.00162514457034
0.00163407464854
0.00208402875504
0.000207105137702
4.35467526826e-24
7.46801695138e-07
2.14094072702e-05
9.67180962541e-11
1.10862844594e-08
2.22251619837e-12
1.15729707793e-17
0.000152337683344
1.23589313097e-07
2.92191937457e-05
4.89772355617e-06
1.7635015838e-11
0.00956147936816
1.0108835484e-10
6.99703461303e-19
1.01755598414e-09
5.53190626919e-12
9.97995088239e-20
1.39407169212e-06
0.0024937607274
3.23183069696e-09
0.000505807582064
1.69106126118e-06
5.6911563827e-10
9.71765638011e-42
3.57807379432e-08
0.0050304593971
0.00355048069868
8.21915033374e-07
1.51818349125e-13
0.000210453202944
4.98943861855e-13
4.92958160346e-11
4.29719589975e-10
0.000319000132684
1.49129533403e-26
1.28685740089e-05
1.50245696129e-10
3.53172474677e-06
0.000210837753779
0.000199901453682
4.85714223465e-18
9.18009808562e-25
5.98593422367e-08
4.89419410402e-15
1.57202795642e-09
4.04696612159e-11
3.64606381161e-16
1.72433390811e-16
3.15790880129e-13
2.18254783051e-05
6.13810056819e-15
3.90708584711e-15
0.000133007731055
6.4490882239e-31
1.00636310186e-09
2.81041236715e-06
2.88532451252e-11
1.46798337293e-12
8.81656974513e-14
3.24255569981e-10
0.000204393405653
1.71182144612e-36
9.24142618677e-05
1.41653866217e-10
3.13252395137e-07
1.01916687011e-05
3.25586246031e-09
4.31055665953e-18
7.53840653589e-38
2.64167433391e-07
7.07280973885e-14
0.000304329466846
9.08570646026e-13
0.000262550438644
0.00333393257386
1.81098827875e-15
3.99879896161e-16
2.30495498994e-18
3.34091963961e-07
4.34375330236e-07
9.81687211824e-06
8.04501753014e-14
9.89403603602e-12
1.05031099157e-06
9.90298700616e-05
7.83734880953e-09
2.22762575315e-15
1.29041478404e-09
2.43780577477e-18
0.000449357066389
1.57531402868e-21
0.0194678540494
2.447925643e-14
1.62967886745e-10
4.78821706833e-34
1.75252275879e-14
0.00429812399116
1.27544674136e-11
2.88910450584e-09
0.000566398775903
3.56460879949e-16
0.000150741003939
2.0577683911e-09
4.94222879768e-10
7.1117634623e-05
5.53004046512e-06
5.24016348177e-08
9.88792984155e-15
6.87543584337e-09
2.85253630727e-10
4.38927422465e-06
1.37351188875e-09
1.16161803737e-05
2.20120668766e-06
1.44250536665e-12
0.00109260821277
7.43542508086e-09
0.0123558785198
7.49760827431e-26
4.94685869434e-13
1.21014334822e-31
8.4698379643e-12
7.04639931568e-08
3.33917892065e-06
2.34513351724e-12
2.45972678968e-10
0.000346300816634
3.05883261757e-13
0.000262810264964
2.13725029864e-15
5.25981919492e-11
3.64092576245e-29
1.15746160035e-05
3.54461463646e-07
1.39824027374e-09
2.16660135844e-15
9.09814521503e-27
0.00170913065817
3.54880383813e-16
3.19100418567e-31
1.51161941336e-11
7.56291582449e-22
1.44639553399e-11
5.74609875185e-06
0.00103766477505
1.42399547555e-24
9.15447368595e-24
0.00193882050282
0.000300972302256
6.0063816395e-14
0.000304631896878
4.02153843247e-09
0.000440536164181
7.19585092719e-13
9.73632828864e-13
7.85632009739e-17
3.22654937283e-05
1.1454433885e-15
4.15404957731e-14
1.93369118511e-06
0.000127717743878
0.00021589681038
2.43652750977e-12
0.000314940728465
0.00370169713953
3.34779987205e-10
0.000934658372001
0.0351819617449
2.03272005476e-26
4.15017374238e-17
2.93647053208e-09
4.33773396224e-06
1.75898448805e-14
1.87906412827e-10
1.22387301639e-09
2.94582512958e-10
0.00084395244413
2.93432815601e-06
0.0135963033622
1.47783235834e-20
7.81651690678e-07
7.73740814251e-09
3.49474226497e-15
1.15998299167e-16
0.00211369020886
0.000286149254232
0.000188269322776
2.07785253646e-13
2.7448247382e-11
0.000380275263398
3.51754002855e-06
3.65658306132e-05
8.18978640877e-07
1.46174529992e-18
4.04438811428e-13
0.00180414561314
7.06886622816e-11
4.70216470639e-05
3.24205032132e-40
2.26724776898e-05
1.56077014189e-09
4.60815310021e-06
8.61748675232e-13
1.53049834655e-27
1.3054823655e-08
1.39370542305e-06
1.81279512929e-07
2.2324757603e-09
6.25520192992e-06
0.00384405530201
8.04750612889e-15
2.04633196102e-28
4.47486302358e-07
0.00141660367758
2.62196244578e-24
0.00161148774829
1.78049545647e-08
4.7307764132e-11
1.85869532278e-11
1.53051217988e-11
8.45536871777e-05
6.2871651578e-26
2.17973944899e-10
5.67376470049e-15
1.42148400719e-26
1.21311215298e-11
3.21249863603e-06
5.78362161162e-05
4.49454085539e-06
2.81246485273e-21
1.86729493121e-09
1.51772838426e-06
1.74965590228e-05
5.20241891242e-06
2.49430975013e-19
4.52829780923e-07
4.22286181959e-15
2.49449640607e-09
1.12039962177e-08
0.000322955816076
5.41719439416e-05
1.37897339078e-05
3.92991090972e-18
9.14511883503e-11
0.00414976516901
2.49189890469e-08
2.88665766204e-10
4.6162491605e-23
0.00314466283204
0.00188381637753
4.80237200099e-09
3.43270734392e-15
4.15860020659e-07
5.5024617212e-14
9.52569339662e-12
7.66838335137e-07
2.96997491327e-07
1.05430702941e-24
0.000257915650249
2.43816851197e-11
3.9377051275e-12
0.00104204086417
2.7243500428e-26
6.45129431287e-10
2.45831272338e-12
8.84562516578e-08
6.45196321318e-12
1.13452663868e-06
3.03923325966e-20
1.48693952209e-23
2.17667648973e-05
4.09348878494e-11
6.71909514291e-09
1.84544485601e-09
2.41431780121e-05
0.00660363643972
0.00313625591404
6.22870538573e-07
1.55853276008e-07
0.000468707056908
1.02291199692e-08
1.03216683221e-24
8.70546557958e-48
1.42182885616e-06
1.47043751467e-07
0.014056713716
5.23640744353e-08
4.70422084527e-06
2.97286880823e-14
4.05491790188e-17
1.45708123452e-07
5.06625447614e-06
5.18483137366e-06
0.000257808631319
9.05075251591e-07
6.77549572838e-12
4.06450296157e-10
0.00554169441541
7.71331351315e-17
1.81182335545e-06
2.09244823217e-08
0.000129427934705
1.02165725056e-13
3.48030124273e-20
1.41476575585e-20
2.58977146962e-06
4.00636361649e-12
8.85998941351e-17
1.88305135402e-08
7.65317125224e-06
4.31882426708e-15
1.36041010955e-18
9.51562934761e-05
5.38596950947e-08
0.00184163185127
6.11426941182e-18
1.62728567194e-05
7.98463830898e-21
1.29481716105e-10
5.2671641148e-15
7.4396480388e-06
1.33961029459e-13
3.2069873023e-14
3.11464433915e-12
7.65850044971e-11
7.51796579648e-12
2.79651958337e-08
1.81489555815e-17
1.82912764709e-15
3.27170393678e-07
0.000446568411224
0.00181148568946
4.8118363042e-08
0.000118949920264
4.6471994636e-08
1.96080677866e-16
1.38106861488e-16
2.15478408242e-05
1.31431842182e-05
5.85846133333e-19
0.000213649230189
7.78126015742e-05
1.12042145595e-06
2.96068824038e-07
1.0219633071e-10
2.61536922649e-06
1.26517765665e-08
8.96488224082e-05
3.76068697369e-08
1.63533702099e-06
1.09318657927e-10
5.91942495314e-05
0.00154840623771
1.55059214022e-21
0.000434839451926
1.03638697893e-05
1.23243247571e-14
0.000124985409851
2.60644707494e-07
4.08821013749e-16
0.000225106074237
4.21467980372e-33
1.96895119507e-07
0.000103410057677
2.98956967554e-07
7.92023092256e-12
6.20795022408e-13
0.00253481372079
1.62149790604e-07
7.23099215984e-08
3.19661504821e-05
4.40192308892e-05
7.63314414349e-09
1.00794427568e-10
8.22723005117e-06
1.37678192732e-17
0.000159607235614
2.38608418036e-11
9.61979264573e-10
5.23756162776e-09
5.42819347364e-09
1.78138888581e-20
2.94223626694e-31
5.22068443633e-05
1.8889862533e-23
3.22913383844e-05
2.4000799523e-16
7.50209045022e-26
8.02994118797e-06
7.71430542773e-34
1.68955694994e-12
1.95193163194e-12
3.50976221182e-05
1.15202276228e-10
2.66076065103e-05
8.21628431564e-07
1.07114445392e-18
2.02713263281e-09
1.35560452999e-07
1.29591651574e-18
9.16045658408e-23
7.03711135671e-06
1.42477592004e-06
1.47504457905e-09
4.60409106857e-16
2.05605702964e-05
1.82937631588e-24
4.2382036289e-12
2.04399048725e-05
6.42218401093e-14
1.11962928923e-08
7.1756698243e-13
1.03022816963e-06
4.75858312813e-33
2.40046553702e-27
2.96366287139e-08
2.08891682064e-13
7.29147242518e-09
1.98158942818e-18
6.32073003644e-05
5.04778282413e-07
1.21387799954e-08
1.33568019222e-22
9.11485277727e-06
0.000254525215871
0.000203540110393
4.38495976778e-11
3.19714931207e-06
7.89600248426e-05
2.3999248139e-18
0.000277685816938
8.55567761182e-07
3.43925426578e-09
1.03997432933e-08
2.85030116607e-10
4.43069474106e-13
8.34372165972e-05
0.000543885523813
2.97458432026e-09
4.10164216396e-20
0.00391335169468
0.000443553896457
2.79339755096e-28
1.04549397186e-05
8.07212414541e-11
4.15564823719e-06
7.82300415837e-05
5.48413739619e-18
5.49589082967e-09
3.23964884139e-11
2.49413630239e-20
1.49554258519e-21
5.72595539054e-19
1.27271919074e-08
2.16059976658e-06
2.03215676669e-18
2.08591585069e-11
0.000128920574163
0.000105393274876
1.62328132074e-19
3.47335110279e-05
2.3564989179e-15
4.77515941451e-15
4.39073372878e-13
2.08508166777e-08
0.0024435925073
1.39161734932e-18
1.04489011944e-11
2.92144057842e-06
