I: (state)
	(0) 1.0
F: (state)
	(5) 0.181831890136
	(7) 0.685170054492
	(12) 0.159885453209
	(14) 0.575647179969
	(21) 0.225033434504
S: (state,symbol) 
	(0,0) 0.299197863076
	(0,5) 0.700802136924
	(1,4) 0.210274781673
	(1,5) 0.210577342516
	(1,12) 0.201025702179
	(1,19) 0.378122173631
	(2,14) 0.158474708183
	(2,16) 0.58904295422
	(2,18) 0.149875162531
	(2,19) 0.102607175067
	(3,0) 0.542514591545
	(3,3) 0.374430664962
	(3,5) 0.083054743493
	(4,7) 0.342897522622
	(4,11) 0.101683979882
	(4,15) 0.459618202138
	(4,16) 0.0958002953575
	(5,4) 0.252675632663
	(5,6) 0.0011660798189
	(5,7) 0.456957363436
	(5,12) 0.289200924082
	(6,5) 0.72373801894
	(6,8) 0.27626198106
	(7,2) 0.0156774800899
	(7,10) 0.0504976101185
	(7,11) 0.933824909792
	(8,3) 0.582383573243
	(8,9) 0.0901710776273
	(8,15) 0.229188942796
	(8,19) 0.0982564063334
	(9,3) 0.162582074892
	(9,5) 0.161960054545
	(9,10) 0.129309433444
	(9,11) 0.00897292431939
	(9,13) 0.188111627719
	(9,14) 0.061947778461
	(9,18) 0.00299791565617
	(9,19) 0.284118190963
	(10,3) 0.185751650404
	(10,8) 0.175396734648
	(10,13) 0.0982307168698
	(10,15) 0.112272178722
	(10,16) 0.428348719356
	(11,1) 0.501656222912
	(11,4) 0.0862223651455
	(11,5) 0.120968392832
	(11,9) 0.291153019111
	(12,3) 0.0229612258843
	(12,4) 0.205530052962
	(12,10) 0.650381507367
	(12,17) 0.121127213786
	(13,4) 0.27922771298
	(13,19) 0.72077228702
	(14,1) 0.157504134029
	(14,5) 0.0439501804121
	(14,7) 0.0814389280063
	(14,8) 0.223345132513
	(14,11) 0.378389357451
	(14,14) 0.115372267588
	(15,0) 0.123431123889
	(15,2) 0.249478748479
	(15,3) 0.0151773005945
	(15,5) 0.0395810217255
	(15,7) 0.0823481969332
	(15,9) 0.0157042470999
	(15,15) 0.184387770492
	(15,16) 0.137231252402
	(15,18) 0.152660338386
	(16,7) 0.458052653185
	(16,11) 0.0885967497027
	(16,18) 0.453350597113
	(17,0) 0.528998552664
	(17,13) 0.39704160269
	(17,19) 0.0739598446462
	(18,2) 0.0500061138906
	(18,7) 0.272661354043
	(18,10) 0.389152085557
	(18,11) 0.288180446509
	(19,0) 0.21254879387
	(19,5) 0.0126134279121
	(19,7) 0.241194874399
	(19,8) 0.0492269816832
	(19,9) 0.140142120721
	(19,10) 0.137579858846
	(19,11) 0.0640140406942
	(19,19) 0.142679901874
	(20,7) 0.242797729054
	(20,9) 0.137882611436
	(20,10) 0.16841294672
	(20,11) 0.0963692246244
	(20,14) 0.154243217012
	(20,18) 0.00622089609276
	(20,19) 0.19407337506
	(21,2) 0.398315449549
	(21,4) 0.0066143398268
	(21,10) 0.396281154084
	(21,11) 0.0144670166168
	(21,12) 0.184322039924
	(22,0) 0.505490959684
	(22,1) 0.405085844525
	(22,13) 0.0894231957913
	(23,8) 0.14926128287
	(23,10) 0.244202963177
	(23,11) 0.393527329498
	(23,13) 0.0491862209957
	(23,19) 0.163822203459
	(24,0) 0.567639920489
	(24,1) 0.0819814250068
	(24,2) 0.157477399607
	(24,6) 0.0981762362164
	(24,10) 0.0072453829635
	(24,15) 0.0694633056722
	(24,18) 0.0180163300448
T: (state,symbol,state) 
	(0,0,20) 1.0
	(0,5,17) 1.0
	(1,4,12) 1.0
	(1,5,9) 1.0
	(1,12,4) 1.0
	(1,19,16) 1.0
	(2,14,18) 1.0
	(2,16,14) 1.0
	(2,18,9) 1.0
	(2,19,20) 1.0
	(3,0,18) 1.0
	(3,3,14) 1.0
	(3,5,5) 1.0
	(4,7,8) 1.0
	(4,11,5) 1.0
	(4,15,13) 1.0
	(4,16,9) 1.0
	(5,4,10) 1.0
	(5,6,15) 1.0
	(5,7,10) 1.0
	(5,12,11) 1.0
	(6,5,5) 1.0
	(6,8,23) 1.0
	(7,2,0) 1.0
	(7,10,20) 1.0
	(7,11,18) 1.0
	(8,3,17) 1.0
	(8,9,21) 1.0
	(8,15,8) 1.0
	(8,19,9) 1.0
	(9,3,17) 1.0
	(9,5,22) 1.0
	(9,10,0) 1.0
	(9,11,6) 1.0
	(9,13,1) 1.0
	(9,14,18) 1.0
	(9,18,10) 1.0
	(9,19,3) 1.0
	(10,3,14) 1.0
	(10,8,18) 1.0
	(10,13,4) 1.0
	(10,15,5) 1.0
	(10,16,21) 1.0
	(11,1,24) 1.0
	(11,4,8) 1.0
	(11,5,21) 1.0
	(11,9,11) 1.0
	(12,3,23) 1.0
	(12,4,5) 1.0
	(12,10,15) 1.0
	(12,17,18) 1.0
	(13,4,16) 1.0
	(13,19,0) 1.0
	(14,1,0) 1.0
	(14,5,8) 1.0
	(14,7,21) 1.0
	(14,8,12) 1.0
	(14,11,10) 1.0
	(14,14,2) 1.0
	(15,0,11) 1.0
	(15,2,14) 1.0
	(15,3,4) 1.0
	(15,5,14) 1.0
	(15,7,22) 1.0
	(15,9,23) 1.0
	(15,15,21) 1.0
	(15,16,6) 1.0
	(15,18,13) 1.0
	(16,7,19) 1.0
	(16,11,8) 1.0
	(16,18,14) 1.0
	(17,0,6) 1.0
	(17,13,20) 1.0
	(17,19,15) 1.0
	(18,2,23) 1.0
	(18,7,22) 1.0
	(18,10,16) 1.0
	(18,11,16) 1.0
	(19,0,10) 1.0
	(19,5,23) 1.0
	(19,7,20) 1.0
	(19,8,15) 1.0
	(19,9,12) 1.0
	(19,10,6) 1.0
	(19,11,9) 1.0
	(19,19,21) 1.0
	(20,7,19) 1.0
	(20,9,15) 1.0
	(20,10,3) 1.0
	(20,11,24) 1.0
	(20,14,22) 1.0
	(20,18,19) 1.0
	(20,19,6) 1.0
	(21,2,5) 1.0
	(21,4,17) 1.0
	(21,10,9) 1.0
	(21,11,24) 1.0
	(21,12,5) 1.0
	(22,0,1) 1.0
	(22,1,18) 1.0
	(22,13,4) 1.0
	(23,8,6) 1.0
	(23,10,11) 1.0
	(23,11,16) 1.0
	(23,13,6) 1.0
	(23,19,8) 1.0
	(24,0,3) 1.0
	(24,1,22) 1.0
	(24,2,13) 1.0
	(24,6,4) 1.0
	(24,10,3) 1.0
	(24,15,9) 1.0
	(24,18,2) 1.0
