1000
0.00378555349875
1.38891536193e-06
1.98313465859e-19
0.0412778562717
6.59612117549e-07
0.000251776795739
1.41454616144e-32
3.49112316642e-13
0.185420062656
0.00169865646803
1.07753842475e-20
0.0148093439383
1.31205349775e-15
0.0124688356414
1.42303842426e-14
1.38641304114e-07
0.0056566805783
0.00107312451491
5.99019380028e-12
1.37833204054e-20
0.00060526958771
4.66050642055e-05
2.81067558493e-12
2.16285381526e-10
0.00874895244648
2.1658791623e-19
0.000157621115881
1.72057688693e-21
4.9176530857e-11
3.83824842015e-16
1.89611353518e-07
0.00241729597719
2.46488087412e-05
0.00303615403993
3.49527598339e-10
4.47934421196e-05
0.000135838556857
4.73107168415e-05
0.0270087331208
4.71258427162e-16
0.00781368413109
0.000526825771641
0.00726655886681
5.32868597555e-11
7.82253467548e-10
0.0209404616937
0.000288472860273
1.2937013477e-07
0.0225171441164
0.0367493294717
1.78781627498e-06
1.87600465917e-11
1.0216342721e-05
4.29760134183e-34
0.0407656114364
2.62253791965e-06
0.00627489115557
2.05114019983e-07
1.6973567707e-08
0.000447366106096
2.74245945007e-05
0.00318727450617
6.4936405931e-05
2.14664007386e-05
0.000760660514884
0.00583551436169
1.41808041778e-10
0.000122601702742
4.06864143474e-06
1.5188957332e-09
7.69932420397e-26
2.70193499025e-12
1.28349143397e-10
0.0290423174511
2.86390911924e-18
1.4665692336e-16
0.00671042291959
0.0383875221293
0.028290246238
2.88106213615e-12
7.95907533503e-16
0.00817383658844
5.76615399711e-07
2.01906985191e-08
4.90676949557e-40
6.48427482445e-08
0.00110465820605
0.00102205665861
0.000164230382301
2.46484376726e-10
0.000258559280695
1.35243637444e-08
1.14413071575e-11
1.19826131886e-22
5.4846732739e-10
2.45825003458e-11
7.70644547547e-06
1.82575042055e-06
3.9219919309e-25
1.81246093387e-14
2.81305849236e-07
0.00159464646214
6.05336753869e-05
3.39238486662e-09
0.00131411511943
1.01431341998e-06
5.33880384994e-25
0.0399753133505
8.45364616771e-16
0.0225414392781
3.36615866079e-06
0.0042416287915
9.04126021935e-17
0.00112975432362
0.000117457472061
3.5255493592e-08
7.39558178181e-10
5.3526282297e-12
1.5760218505e-10
4.26114277648e-22
2.19656809489e-17
0.00824406268371
8.46693951336e-18
9.87441893787e-16
4.47932959876e-14
1.00288895859e-06
3.00130114975e-06
7.36170822419e-06
2.47797309809e-13
3.52906312819e-06
1.39258964802e-16
1.42996899538e-11
1.90292397678e-10
3.06149166272e-17
2.39717145293e-09
7.49204330917e-09
0.0015721513167
1.21671577721e-06
2.80972420194e-06
1.62134647035e-10
2.30454836625e-15
1.97412948823e-07
1.40769245103e-10
0.000157510488527
0.00496929798145
8.13924696795e-24
2.27708487226e-35
4.93016491277e-06
1.46617875541e-08
0.000142677615671
9.33849968514e-05
2.67945293496e-11
7.48506620751e-07
5.8118958867e-10
1.68723591997e-06
5.10894788278e-11
1.58887507249e-26
1.03776877356e-14
2.05182265808e-09
6.33647544169e-17
0.000240770770538
3.55350665557e-12
5.10688985306e-06
2.0763103365e-14
0.00502899825967
4.46601115828e-05
7.9764066264e-18
8.59013431171e-05
1.01264076955e-24
3.37614441796e-12
5.73558287206e-13
0.000550217163563
0.000488527918543
1.45817730701e-08
0.0203206268619
6.09391143258e-13
5.59768555854e-18
1.12508733178e-13
3.38385154909e-12
2.51326666427e-19
2.46522344752e-07
1.66694517517e-06
1.17882405609e-14
1.70888502138e-14
0.000148825882242
2.21643153027e-10
3.8709330932e-05
3.34915619318e-18
0.000946176202286
0.000246245832121
7.85498906677e-06
4.75189859238e-24
3.35952712974e-10
1.98721165666e-16
2.38188248037e-19
1.25791762135e-05
0.00328344036185
1.99076300661e-09
4.91552363683e-06
5.71890483212e-13
0.00656822246107
3.095249799e-14
0.0062613275171
0.000252875038153
3.19068096184e-08
0.000672326654366
2.51593875815e-05
8.36912153383e-25
3.24589128052e-18
0.000628065021858
1.10470425921e-06
2.9434104179e-10
0.00431178519867
0.00146290847042
4.26469674048e-08
0.00499878881665
1.02394494941e-10
0.000331264083004
0.000990734953654
0.00020955801833
1.69652981037e-10
2.40835316635e-05
5.44505369903e-13
2.72198507253e-32
8.28448556432e-06
0.000151143687418
5.60000483874e-15
3.81391243044e-15
6.6018792007e-07
1.39123415385e-10
5.43703130161e-08
1.64693604675e-06
2.04189575472e-07
6.73797342166e-06
0.000782147198125
2.81617022118e-19
0.000144084926452
0.00981258989668
0.00535299588324
0.000131832824411
6.41304832372e-07
5.82728737691e-06
1.51119948609e-05
2.70156339876e-14
3.92688241601e-10
4.59131321226e-16
0.000373922156849
0.000815853562651
0.00638511179137
7.46687167798e-05
2.50912966455e-07
4.36005481077e-09
0.000111880492959
4.56956564574e-07
2.79842221278e-08
4.58128361255e-06
5.42883897016e-08
0.0105514149635
2.28091909657e-06
8.29407300812e-05
1.64597702766e-20
7.07063029439e-19
2.76472797389e-15
0.00679104076879
2.14670112238e-05
1.48424783046e-11
2.50333927937e-08
1.63819642074e-21
5.0647683776e-16
1.53091944e-06
1.54563448578e-10
0.000135092208455
0.000168639807305
2.13222128826e-07
8.16159323457e-12
3.12023833789e-05
0.000422561223778
0.00298077695362
3.50662118074e-09
3.85591688309e-09
1.13183062578e-10
1.32922019549e-09
4.37663920511e-13
2.0184767184e-14
6.02527900743e-11
5.67749043475e-05
1.28995589765e-05
6.35102080046e-07
4.72378256965e-06
0.000578945948487
9.19780230645e-20
1.75848728303e-05
0.000458982669201
2.79082574408e-08
8.58322255706e-13
2.23047388112e-09
0.006050280034
2.55423136229e-09
6.57555940227e-05
1.86520909303e-12
2.57937816462e-07
3.0498098232e-10
2.32373957843e-07
4.45289275596e-17
3.24565739453e-11
0.000228128613245
5.07336372874e-20
0.000104359624324
0.000185439011801
4.79430413009e-08
1.15147063873e-06
1.7315678365e-05
1.12954949996e-06
0.000207063546596
4.9885348103e-06
2.20969938491e-05
3.62895336348e-06
4.11149940534e-11
2.27269494537e-25
2.896395551e-14
3.04007758841e-06
5.87380869595e-07
3.74162396297e-15
2.69982335438e-11
7.09758252137e-14
2.89549322711e-09
5.36263465635e-16
4.9163851776e-07
7.89427075938e-14
3.46168251434e-11
0.00110986787251
4.1208460413e-06
3.83983041436e-08
1.43138344343e-06
2.88306919848e-05
0.000133598636009
2.75613423173e-09
3.58441509169e-07
1.08818373349e-26
0.000304288955868
6.03985359625e-07
2.89388702358e-05
0.0134076589717
1.36671136147e-21
2.50851571364e-06
2.14014611179e-08
2.94442093311e-15
1.37326750778e-23
2.33291757426e-12
4.41350899874e-10
1.60109789693e-13
2.49325093888e-08
1.28972701703e-13
8.96012799717e-07
5.33987682684e-21
3.6035392587e-14
5.08567047581e-05
1.23296931649e-06
4.54252625104e-11
2.32159485877e-09
2.78106631301e-26
6.22028583373e-08
7.2839262179e-05
1.12723142386e-16
8.8012582988e-05
5.61633828181e-09
4.90807910022e-12
7.1199862066e-08
4.82649626079e-11
7.63965366947e-05
0.000533567471132
5.37629082469e-05
6.4902536861e-05
0.000313873770097
4.09029246955e-21
1.09524754436e-29
0.000119331513561
0.000649364876273
1.16038689661e-06
8.36528103432e-12
0.00016231361522
9.51221666467e-07
2.5696049827e-24
0.00170076364143
1.4747828739e-12
6.09895570604e-07
4.22380928808e-08
5.3775850828e-10
1.84127198941e-12
3.32782757736e-13
2.09899707088e-05
7.33486434769e-05
8.60505713644e-15
1.79030711279e-16
7.09589413687e-09
8.1381781307e-05
0.000115943433862
4.5444033016e-07
3.17744733229e-05
5.37498557732e-14
8.33100655379e-14
4.77290505789e-11
4.3486750541e-08
1.19661730083e-06
5.09314740891e-30
1.46467186313e-59
1.58963162939e-11
0.00117562671757
1.61581745397e-10
0.00307125295554
9.81859652423e-06
0.000109050291188
6.51324535342e-11
7.78793747149e-09
2.07353889241e-05
0.000471644920187
1.56350638512e-06
1.28461160383e-08
5.11173876613e-08
8.67287142947e-07
8.70070942449e-06
0.000155350363043
0.000533076428725
2.8774723523e-13
3.65299508686e-11
0.00282355822039
0.000273878638025
2.11109974601e-05
3.40225272138e-14
3.27109718137e-10
5.05593361253e-14
0.000193519787696
8.7400820757e-06
3.67782652069e-14
5.85897047484e-19
1.68282735235e-34
0.00171113525347
6.33589088289e-07
1.12840480996e-05
6.42719965919e-17
2.08913385424e-05
2.49136205653e-38
5.50996554753e-07
8.22352519074e-07
5.33519799673e-07
1.11044310847e-10
0.000481430821363
2.5621573316e-11
0.00195187335599
8.65239209539e-10
1.89476522388e-05
0.000409509023818
0.000380991446591
4.61604110213e-08
1.45270827188e-07
0.00650582730518
3.12438829735e-17
1.04758766198e-18
1.96472426361e-14
1.57266881079e-25
3.4232102082e-17
1.66829687656e-40
6.63106315708e-12
5.31456109479e-22
2.76242388933e-06
7.49579454802e-06
0.00162207760398
1.33211531146e-17
6.65687438367e-08
0.00280333200834
0.00123116375419
3.4988158639e-10
0.00526059176738
6.63329375825e-05
3.47768818097e-11
1.65921434021e-08
0.000913816097087
7.55987948189e-17
3.02629429113e-15
1.43725962009e-10
7.70919308674e-06
0.000280985459542
0.000329230555021
2.52108993588e-07
8.259738002e-19
5.23280053931e-17
4.20330197717e-11
0.00277205871634
8.0147054227e-08
8.95272505486e-33
1.14791385584e-23
1.18834783849e-16
6.78978623666e-06
2.03601898473e-13
1.47192052049e-10
3.4874487996e-10
7.46207891244e-09
2.36854232116e-06
1.94148486569e-12
1.06524879231e-05
0.00886478771426
1.33861245962e-07
0.000476476730565
0.000378167821878
0.000117861134622
2.24347896618e-07
0.00295995147396
0.00583423958035
0.000183081475446
0.000573213663873
6.33313583626e-05
0.00108233215843
9.9677410305e-08
6.55016532846e-07
0.000518608807211
7.02615604492e-13
0.00201520753835
6.81477899517e-09
0.000381802116007
7.19880763952e-06
3.61456812321e-08
1.07227409177e-11
5.07547280802e-12
8.37352921849e-12
1.28833942835e-10
0.00916605675373
0.00575319470816
5.43612106104e-06
1.42745412623e-05
1.99964068908e-07
5.55776105178e-10
0.000399900218798
1.76470246902e-07
6.34889603607e-11
1.1196049606e-07
2.46755630031e-07
5.08540802734e-05
1.34138058534e-07
1.17281038783e-08
5.48270224276e-33
9.81457556226e-06
5.19141894184e-27
2.46421440494e-13
0.00289217014293
0.00075810802266
1.40739238257e-08
1.24707297557e-06
2.22145386654e-06
0.0001646754523
1.6172074717e-19
5.23973213418e-10
0.000369593819285
8.91606206553e-16
7.94360766986e-09
0.00813633836595
0.00011568654209
6.76924993479e-11
0.000852957671206
9.54332290137e-16
8.59788669645e-28
2.4401165222e-06
5.13995707705e-25
1.07590155528e-10
0.000314296198257
3.80857623157e-10
3.67503503128e-09
1.39503784518e-09
6.01798963466e-06
3.4081245738e-08
0.00464876652159
1.32126672988e-28
2.45331678754e-08
2.81379925621e-18
1.85799196551e-05
3.22859710575e-07
3.50971073456e-05
3.33088553059e-07
2.87903757425e-08
3.73031016378e-07
0.000241311426997
1.75906728759e-25
2.39813883304e-13
3.14642913598e-11
1.14230231375e-12
7.94538436569e-14
1.2280486568e-10
0.000124059281375
9.08030692319e-15
6.12336135936e-12
6.55714724908e-08
2.40179414206e-18
1.93681206129e-05
2.14690569953e-06
6.73779349363e-05
2.94156328879e-10
0.000137235824736
2.03918620859e-07
3.35455354908e-10
1.01284680411e-16
1.80412682822e-05
8.42541933816e-10
4.99589746235e-12
1.41487467041e-15
7.65634968451e-08
1.19422916406e-06
1.04296779817e-16
1.00559979814e-11
5.95126625376e-18
3.70454017057e-10
1.25528919373e-09
1.47533976676e-14
4.89709858962e-07
1.43768204943e-13
1.8422188008e-08
0.00253800031312
9.67138410495e-05
6.83296505155e-06
2.9677473072e-13
0.00164839074868
6.39668074451e-22
1.62142104308e-12
9.09760941374e-13
5.92031776324e-27
4.50525506146e-07
0.00116947921256
2.32043650225e-05
0.0026333026848
1.17831473626e-11
9.80825764321e-07
8.56853766395e-07
0.000561900837403
7.02528933238e-06
0.00103215334721
0.000457581592727
1.62865393975e-19
1.18379498166e-07
0.00119039918616
0.00105232050339
0.0044883857154
6.36660069871e-08
2.6784056903e-13
0.00181520041044
2.6111877406e-06
1.04652968917e-06
4.17655064273e-05
3.8768181205e-11
1.13122107111e-08
6.29678392304e-11
0.00231958538756
5.17403521405e-07
0.00618637336025
4.93559772364e-15
1.93123890242e-07
2.24824237874e-29
6.8487220726e-06
6.78903942346e-07
0.000147604789448
6.65478636397e-36
2.29817974217e-08
0.00010851870116
8.3357155422e-13
7.32457290346e-07
8.37658829231e-20
7.33412653098e-05
0.000152071279412
8.67591418244e-12
3.04884590521e-06
1.91868343638e-12
7.67451491017e-10
2.38168268934e-11
4.36359086842e-09
7.452575628e-22
0.000206536539419
6.27803792342e-18
2.40163393709e-14
0.0011654170234
8.83007372398e-06
4.95000875498e-10
3.18989654181e-06
8.69343663466e-10
6.39645420132e-05
4.59724185169e-07
3.75564948198e-07
4.7332628671e-23
3.74573238694e-09
2.20461379796e-09
0.00125753349451
1.62428874971e-06
2.66645332682e-07
3.62411194648e-27
0.00035294668774
2.39892998596e-20
1.19011707692e-08
3.4989088581e-16
3.95092432234e-17
1.95422494785e-10
4.23169956917e-07
1.65075676034e-08
2.09933048039e-08
6.81812954375e-17
3.41077443155e-08
2.90646554556e-05
3.45197765625e-10
1.33035665585e-18
1.45587601495e-15
3.78287476874e-14
4.05305412197e-17
7.32321248839e-06
8.64341345906e-05
2.5185114577e-05
2.1470176552e-12
3.84083243735e-10
3.55529137546e-07
1.57881329299e-05
1.66456702585e-08
6.58176244644e-06
2.08955144541e-05
0.000304451105125
1.31776278633e-19
1.53102736636e-17
0.00141089527248
5.88476841193e-34
7.42752334177e-11
6.93635531683e-05
7.55281554618e-17
5.67879293199e-11
0.000173882251044
1.71384087644e-07
0.00020920855807
1.95689359459e-35
3.52794158489e-15
7.48618619195e-11
6.66494396604e-16
3.98474662009e-06
3.84017563295e-14
4.58609775989e-08
0.00163825301617
0.000774094036348
0.00355755199966
3.39708855908e-10
5.05403054452e-10
2.47136941642e-15
1.58203582654e-11
0.00102877972896
1.5099335316e-06
5.36524434748e-17
8.46051651338e-08
1.08972844435e-15
6.35210946521e-15
6.37970601039e-11
4.97977222561e-07
0.00221106475864
0.000362283722747
4.40590012158e-10
1.60636021033e-16
7.07549278769e-12
3.08175431886e-20
1.3705640889e-20
2.08527763372e-12
2.4654089775e-31
1.5781174043e-05
1.14523253228e-41
7.72847273021e-08
0.000614310652153
2.56501927669e-13
0.00582290046846
1.09156524869e-12
1.03759737562e-10
2.28422279701e-05
1.35782673981e-07
1.54141963993e-16
0.000796980327011
1.9966819152e-07
3.25578412083e-08
2.03382103023e-17
2.47879406275e-21
3.26566860606e-11
0.000118889451581
8.4423632274e-07
1.89492619398e-17
4.39083536365e-07
4.27869033714e-21
2.66483002205e-12
1.52880069286e-12
3.09975805168e-17
9.43629725227e-09
4.4322177961e-11
2.77835805282e-13
7.69556139337e-21
9.68156591997e-10
1.55684505807e-24
3.58351612107e-05
0.00721567471493
1.69646357181e-08
0.000260052132478
1.06999222675e-05
6.27903976976e-11
0.00150906726639
4.24275882374e-11
5.71840962271e-06
4.31268233962e-05
1.95762363847e-07
0.000519135866439
0.000148949283165
0.001254291629
5.4067756626e-07
7.30736054389e-10
0.000292736910022
3.09835862417e-10
1.38632453626e-13
5.71216844627e-10
0.00430362858621
8.5576618295e-16
2.32022182962e-18
0.000408232488519
3.25671256844e-05
1.64059405923e-18
6.17201942351e-24
9.24144020166e-08
1.58783626366e-13
1.48612781268e-12
0.00109901096803
0.00121481757629
4.03569006376e-06
6.10904890185e-24
1.92347217296e-09
2.32049507348e-05
4.42113580885e-21
2.68585644608e-24
1.14089288965e-05
7.75661918168e-17
2.78867293243e-05
3.93210682356e-09
1.07310749289e-15
1.31061096859e-17
1.85078525408e-10
0.000505640258024
1.08610474077e-05
4.60650525713e-09
4.37132060319e-30
0.00104531834936
0.000148199440976
2.78154192201e-09
0.00131863926101
1.81561022419e-19
3.48501088122e-05
1.7300327486e-18
0.00020958737959
2.58977533854e-06
3.40456258884e-05
2.81248922949e-06
9.6055203602e-05
8.73696082799e-06
7.7977205789e-06
4.05716492218e-15
1.45372077985e-12
6.04525873438e-27
5.77394177497e-16
8.15194489536e-06
5.06564836463e-11
5.13916708999e-21
1.16015126206e-18
3.5794936292e-06
0.000156796451192
4.426701777e-07
1.45808568634e-09
8.41173905854e-06
0.000105306426107
4.88829875356e-13
1.73168032047e-05
3.67992430048e-06
6.03083239282e-08
9.50533977669e-06
0.000841683884341
3.64125150417e-15
2.30780350729e-26
3.47871299656e-09
1.13426495322e-07
1.49146131779e-07
2.72385473403e-10
4.06940697019e-06
3.7789255812e-14
3.10152651347e-17
0.000585334900335
0.00122630626648
1.19364599904e-11
5.84909500719e-13
5.94855514995e-11
1.80303195923e-05
6.87009355656e-05
6.13942766975e-17
7.04972574348e-06
4.66945311801e-16
2.33436747673e-05
1.97088426593e-07
2.04665530536e-05
7.04104454109e-06
9.70257965361e-09
1.64980835353e-06
5.15633826971e-08
1.42189904762e-23
6.51312536368e-10
6.69171443461e-05
7.3260922653e-06
2.23592685653e-07
8.62617597164e-05
6.45500041097e-15
1.41709267371e-44
3.30624363736e-13
5.08247054345e-05
2.28472392278e-09
6.18431780638e-06
2.5209901323e-06
2.77809536221e-05
2.18553716553e-21
8.49453294174e-09
0.000422146443257
3.08896514768e-28
3.49069343713e-10
4.35370778976e-10
2.96110862343e-05
6.56190216614e-15
2.7164502684e-31
0.000548926278009
5.79384969808e-07
2.12066946251e-31
0.000306177363798
0.000739443123418
2.65620035853e-30
0.000308068501262
7.45362547611e-07
5.9327920038e-07
0.000150266009809
4.51038133567e-21
2.98900767003e-08
5.09894505291e-18
1.05966468745e-07
4.77151833222e-09
0.000381480169227
2.62834621556e-06
2.82278526227e-07
1.83334608464e-06
0.000275381927673
1.08918383836e-11
0.000247430394272
9.30048594868e-08
0.00106327292202
9.04640699221e-23
7.23216365253e-12
1.09563975913e-09
1.59734151865e-09
2.29835526685e-36
8.12510844353e-10
1.11682147574e-11
1.32815943956e-11
2.74279336814e-16
1.34163407987e-16
1.97612880419e-12
0.00764583664982
0.0077830012781
1.64677740492e-06
8.19623126654e-19
0.00575604213126
2.39455064167e-09
3.52169646601e-10
0.000224567051723
6.95859007637e-09
6.16934143928e-06
0.00534345423908
8.21606516962e-20
3.43995449223e-19
1.45858805523e-16
2.05225938221e-06
3.83976400249e-05
1.66232985257e-08
6.06448528743e-07
1.91238233773e-16
3.06383164863e-16
3.81912229491e-11
1.35069763057e-15
8.81907807832e-11
6.22060271095e-07
3.46819616946e-11
2.11543872509e-05
9.3691430786e-44
2.23837360465e-18
0.00119756628265
2.2389212328e-06
3.40413942307e-09
0.00506839231533
0.000635859370155
1.63329982646e-07
0.000149912785777
5.02655181642e-10
1.01159977987e-06
1.42077028523e-07
4.69520291134e-08
6.84076763576e-07
0.00026390788075
7.47977089565e-08
