I: (state)
	(13) 0.174198827392
	(42) 0.825801172608
F: (state)
	(4) 0.520777996583
	(5) 0.389641446868
	(6) 0.987158441359
	(9) 0.84641891361
	(13) 0.401404780941
	(14) 0.185680622003
	(17) 0.698469291511
	(21) 0.311450932927
	(30) 0.00841974319774
	(39) 0.430472941755
	(41) 0.133463029688
	(42) 0.304930077981
	(43) 0.126052199011
	(47) 0.7325353079
	(49) 0.451002389413
	(54) 0.995639415226
	(59) 0.092682810373
	(60) 0.804817403353
	(62) 0.358647250517
	(64) 0.120783052473
	(66) 0.0993337735138
	(67) 0.646441707193
S: (state,symbol) 
	(0,2) 0.665717449015
	(0,4) 0.154308662832
	(0,5) 0.179973888153
	(1,1) 0.0825696671534
	(1,5) 0.917430332847
	(2,0) 0.983656321039
	(2,2) 0.0163436789611
	(3,2) 0.560342665291
	(3,6) 0.439657334709
	(4,1) 0.36312492888
	(4,5) 0.63687507112
	(5,2) 0.430501139822
	(5,4) 9.32386230997e-05
	(5,5) 0.569405621555
	(6,6) 1.0
	(7,1) 0.742498517466
	(7,2) 0.257501482534
	(8,5) 1.0
	(9,3) 0.331143895545
	(9,6) 0.668856104455
	(10,2) 0.971865612315
	(10,3) 0.0281343876845
	(11,4) 0.294313109547
	(11,6) 0.705686890453
	(12,3) 0.733769573105
	(12,4) 0.204913080343
	(12,5) 0.0613173465524
	(13,0) 0.180519322334
	(13,4) 0.819480677666
	(14,5) 0.501061938108
	(14,6) 0.498938061892
	(15,0) 0.383328520033
	(15,2) 0.0403003538441
	(15,3) 0.10030235288
	(15,4) 0.476068773243
	(16,1) 0.942747719705
	(16,2) 0.0572522802952
	(17,1) 1.0
	(18,1) 1.0
	(19,0) 0.061777566313
	(19,5) 0.938222433687
	(20,2) 1.0
	(21,1) 0.116390364911
	(21,2) 0.1591338844
	(21,5) 0.72447575069
	(22,0) 0.290206165969
	(22,5) 0.709793834031
	(23,1) 0.535600776837
	(23,3) 0.464399223163
	(24,2) 0.0703478371712
	(24,4) 0.840615926422
	(24,5) 0.0890362364067
	(25,0) 0.103578042516
	(25,1) 0.438120573112
	(25,3) 0.222799649908
	(25,4) 0.0721164170568
	(25,6) 0.163385317407
	(26,3) 0.461997731026
	(26,5) 0.319616493833
	(26,6) 0.21838577514
	(27,2) 0.21694211631
	(27,3) 0.78305788369
	(28,0) 0.0352604226094
	(28,1) 0.0530622898474
	(28,2) 0.352326995014
	(28,3) 0.0429189799809
	(28,4) 0.301741318616
	(28,5) 0.199155492228
	(28,6) 0.0155345017037
	(29,1) 0.489733172968
	(29,4) 0.510266827032
	(30,0) 1.0
	(31,2) 0.680583637359
	(31,4) 0.16745082098
	(31,5) 0.151965541662
	(32,1) 1.0
	(33,0) 0.979034873094
	(33,5) 0.0209651269064
	(34,0) 1.0
	(35,3) 0.96785679659
	(35,4) 0.0321432034098
	(36,1) 0.475531402623
	(36,6) 0.524468597377
	(37,0) 0.354534171009
	(37,2) 0.380923030226
	(37,5) 0.122005196951
	(37,6) 0.142537601813
	(38,2) 0.279237019718
	(38,3) 0.720762980282
	(39,1) 0.801839304403
	(39,2) 0.00532029851288
	(39,3) 0.0472528627039
	(39,4) 0.0175057865389
	(39,5) 0.128081747841
	(40,2) 0.191059985332
	(40,3) 0.483254057772
	(40,4) 0.325685956897
	(41,0) 0.812256568033
	(41,4) 0.187743431967
	(42,1) 0.240512909784
	(42,6) 0.759487090216
	(43,0) 0.890244827285
	(43,6) 0.109755172715
	(44,1) 0.870702956789
	(44,3) 0.129297043211
	(45,0) 0.515761834859
	(45,6) 0.484238165141
	(46,2) 0.406451312577
	(46,3) 0.277065997708
	(46,5) 0.316482689715
	(47,0) 0.0677004410917
	(47,4) 0.376695943946
	(47,5) 0.403122053591
	(47,6) 0.152481561371
	(48,6) 1.0
	(49,2) 1.0
	(50,1) 0.332787782008
	(50,2) 0.667212217992
	(51,0) 0.591875104606
	(51,4) 0.290415217136
	(51,6) 0.117709678259
	(52,1) 1.0
	(53,2) 0.513594879955
	(53,3) 0.343891355776
	(53,6) 0.142513764269
	(54,1) 1.0
	(55,0) 0.135388198804
	(55,1) 0.153361987846
	(55,2) 0.00898640387913
	(55,5) 0.702263409471
	(56,0) 0.182943190656
	(56,5) 0.817056809344
	(57,0) 0.0482330810421
	(57,1) 0.532843174876
	(57,3) 0.418923744082
	(58,0) 0.0210895934585
	(58,1) 0.978910406542
	(59,2) 0.00315738968228
	(59,6) 0.996842610318
	(60,1) 1.0
	(61,5) 0.627530475924
	(61,6) 0.372469524076
	(62,0) 0.0638649109618
	(62,1) 0.377528456005
	(62,3) 0.439279919737
	(62,6) 0.119326713296
	(63,5) 1.0
	(64,1) 0.0636940627912
	(64,4) 0.0929561813347
	(64,6) 0.843349755874
	(65,4) 0.367166944718
	(65,5) 0.632833055282
	(66,0) 0.947186447115
	(66,6) 0.0528135528851
	(67,4) 1.0
T: (state,symbol,state) 
	(0,0,3) 1.0
	(0,1,3) 1.0
	(0,2,3) 1.0
	(0,3,3) 1.0
	(0,4,3) 1.0
	(0,5,3) 1.0
	(0,6,3) 1.0
	(1,0,43) 0.00187045517203
	(1,0,46) 0.340032728494
	(1,0,54) 0.182817826552
	(1,0,65) 0.475278989781
	(1,1,43) 0.00187045517203
	(1,1,46) 0.340032728494
	(1,1,54) 0.182817826552
	(1,1,65) 0.475278989781
	(1,2,43) 0.00187045517203
	(1,2,46) 0.340032728494
	(1,2,54) 0.182817826552
	(1,2,65) 0.475278989781
	(1,3,43) 0.00187045517203
	(1,3,46) 0.340032728494
	(1,3,54) 0.182817826552
	(1,3,65) 0.475278989781
	(1,4,43) 0.00187045517203
	(1,4,46) 0.340032728494
	(1,4,54) 0.182817826552
	(1,4,65) 0.475278989781
	(1,5,43) 0.00187045517203
	(1,5,46) 0.340032728494
	(1,5,54) 0.182817826552
	(1,5,65) 0.475278989781
	(1,6,43) 0.00187045517203
	(1,6,46) 0.340032728494
	(1,6,54) 0.182817826552
	(1,6,65) 0.475278989781
	(2,0,10) 0.166020866903
	(2,0,25) 0.112439964641
	(2,0,35) 0.721539168456
	(2,1,10) 0.166020866903
	(2,1,25) 0.112439964641
	(2,1,35) 0.721539168456
	(2,2,10) 0.166020866903
	(2,2,25) 0.112439964641
	(2,2,35) 0.721539168456
	(2,3,10) 0.166020866903
	(2,3,25) 0.112439964641
	(2,3,35) 0.721539168456
	(2,4,10) 0.166020866903
	(2,4,25) 0.112439964641
	(2,4,35) 0.721539168456
	(2,5,10) 0.166020866903
	(2,5,25) 0.112439964641
	(2,5,35) 0.721539168456
	(2,6,10) 0.166020866903
	(2,6,25) 0.112439964641
	(2,6,35) 0.721539168456
	(3,0,53) 1.0
	(3,1,53) 1.0
	(3,2,53) 1.0
	(3,3,53) 1.0
	(3,4,53) 1.0
	(3,5,53) 1.0
	(3,6,53) 1.0
	(4,0,13) 0.555666793391
	(4,0,15) 0.444333206609
	(4,1,13) 0.555666793391
	(4,1,15) 0.444333206609
	(4,2,13) 0.555666793391
	(4,2,15) 0.444333206609
	(4,3,13) 0.555666793391
	(4,3,15) 0.444333206609
	(4,4,13) 0.555666793391
	(4,4,15) 0.444333206609
	(4,5,13) 0.555666793391
	(4,5,15) 0.444333206609
	(4,6,13) 0.555666793391
	(4,6,15) 0.444333206609
	(5,0,11) 0.034542698039
	(5,0,26) 0.734915752454
	(5,0,62) 0.230541549507
	(5,1,11) 0.034542698039
	(5,1,26) 0.734915752454
	(5,1,62) 0.230541549507
	(5,2,11) 0.034542698039
	(5,2,26) 0.734915752454
	(5,2,62) 0.230541549507
	(5,3,11) 0.034542698039
	(5,3,26) 0.734915752454
	(5,3,62) 0.230541549507
	(5,4,11) 0.034542698039
	(5,4,26) 0.734915752454
	(5,4,62) 0.230541549507
	(5,5,11) 0.034542698039
	(5,5,26) 0.734915752454
	(5,5,62) 0.230541549507
	(5,6,11) 0.034542698039
	(5,6,26) 0.734915752454
	(5,6,62) 0.230541549507
	(6,0,59) 1.0
	(6,1,59) 1.0
	(6,2,59) 1.0
	(6,3,59) 1.0
	(6,4,59) 1.0
	(6,5,59) 1.0
	(6,6,59) 1.0
	(7,0,2) 0.443475369851
	(7,0,5) 0.099462497351
	(7,0,24) 0.29292909387
	(7,0,37) 0.164133038928
	(7,1,2) 0.443475369851
	(7,1,5) 0.099462497351
	(7,1,24) 0.29292909387
	(7,1,37) 0.164133038928
	(7,2,2) 0.443475369851
	(7,2,5) 0.099462497351
	(7,2,24) 0.29292909387
	(7,2,37) 0.164133038928
	(7,3,2) 0.443475369851
	(7,3,5) 0.099462497351
	(7,3,24) 0.29292909387
	(7,3,37) 0.164133038928
	(7,4,2) 0.443475369851
	(7,4,5) 0.099462497351
	(7,4,24) 0.29292909387
	(7,4,37) 0.164133038928
	(7,5,2) 0.443475369851
	(7,5,5) 0.099462497351
	(7,5,24) 0.29292909387
	(7,5,37) 0.164133038928
	(7,6,2) 0.443475369851
	(7,6,5) 0.099462497351
	(7,6,24) 0.29292909387
	(7,6,37) 0.164133038928
	(8,0,8) 0.0459075680773
	(8,0,36) 0.203039998551
	(8,0,39) 0.751052433372
	(8,1,8) 0.0459075680773
	(8,1,36) 0.203039998551
	(8,1,39) 0.751052433372
	(8,2,8) 0.0459075680773
	(8,2,36) 0.203039998551
	(8,2,39) 0.751052433372
	(8,3,8) 0.0459075680773
	(8,3,36) 0.203039998551
	(8,3,39) 0.751052433372
	(8,4,8) 0.0459075680773
	(8,4,36) 0.203039998551
	(8,4,39) 0.751052433372
	(8,5,8) 0.0459075680773
	(8,5,36) 0.203039998551
	(8,5,39) 0.751052433372
	(8,6,8) 0.0459075680773
	(8,6,36) 0.203039998551
	(8,6,39) 0.751052433372
	(9,0,13) 0.419649646754
	(9,0,25) 0.298376684707
	(9,0,61) 0.281973668538
	(9,1,13) 0.419649646754
	(9,1,25) 0.298376684707
	(9,1,61) 0.281973668538
	(9,2,13) 0.419649646754
	(9,2,25) 0.298376684707
	(9,2,61) 0.281973668538
	(9,3,13) 0.419649646754
	(9,3,25) 0.298376684707
	(9,3,61) 0.281973668538
	(9,4,13) 0.419649646754
	(9,4,25) 0.298376684707
	(9,4,61) 0.281973668538
	(9,5,13) 0.419649646754
	(9,5,25) 0.298376684707
	(9,5,61) 0.281973668538
	(9,6,13) 0.419649646754
	(9,6,25) 0.298376684707
	(9,6,61) 0.281973668538
	(10,0,25) 1.0
	(10,1,25) 1.0
	(10,2,25) 1.0
	(10,3,25) 1.0
	(10,4,25) 1.0
	(10,5,25) 1.0
	(10,6,25) 1.0
	(11,0,43) 1.0
	(11,1,43) 1.0
	(11,2,43) 1.0
	(11,3,43) 1.0
	(11,4,43) 1.0
	(11,5,43) 1.0
	(11,6,43) 1.0
	(12,0,3) 0.994375567045
	(12,0,10) 0.00562443295478
	(12,1,3) 0.994375567045
	(12,1,10) 0.00562443295478
	(12,2,3) 0.994375567045
	(12,2,10) 0.00562443295478
	(12,3,3) 0.994375567045
	(12,3,10) 0.00562443295478
	(12,4,3) 0.994375567045
	(12,4,10) 0.00562443295478
	(12,5,3) 0.994375567045
	(12,5,10) 0.00562443295478
	(12,6,3) 0.994375567045
	(12,6,10) 0.00562443295478
	(13,0,10) 0.244852409321
	(13,0,23) 0.329942929249
	(13,0,39) 0.42520466143
	(13,1,10) 0.244852409321
	(13,1,23) 0.329942929249
	(13,1,39) 0.42520466143
	(13,2,10) 0.244852409321
	(13,2,23) 0.329942929249
	(13,2,39) 0.42520466143
	(13,3,10) 0.244852409321
	(13,3,23) 0.329942929249
	(13,3,39) 0.42520466143
	(13,4,10) 0.244852409321
	(13,4,23) 0.329942929249
	(13,4,39) 0.42520466143
	(13,5,10) 0.244852409321
	(13,5,23) 0.329942929249
	(13,5,39) 0.42520466143
	(13,6,10) 0.244852409321
	(13,6,23) 0.329942929249
	(13,6,39) 0.42520466143
	(14,0,22) 0.993331025225
	(14,0,24) 0.00666897477545
	(14,1,22) 0.993331025225
	(14,1,24) 0.00666897477545
	(14,2,22) 0.993331025225
	(14,2,24) 0.00666897477545
	(14,3,22) 0.993331025225
	(14,3,24) 0.00666897477545
	(14,4,22) 0.993331025225
	(14,4,24) 0.00666897477545
	(14,5,22) 0.993331025225
	(14,5,24) 0.00666897477545
	(14,6,22) 0.993331025225
	(14,6,24) 0.00666897477545
	(15,0,14) 0.181834653041
	(15,0,52) 0.818165346959
	(15,1,14) 0.181834653041
	(15,1,52) 0.818165346959
	(15,2,14) 0.181834653041
	(15,2,52) 0.818165346959
	(15,3,14) 0.181834653041
	(15,3,52) 0.818165346959
	(15,4,14) 0.181834653041
	(15,4,52) 0.818165346959
	(15,5,14) 0.181834653041
	(15,5,52) 0.818165346959
	(15,6,14) 0.181834653041
	(15,6,52) 0.818165346959
	(16,0,34) 1.0
	(16,1,34) 1.0
	(16,2,34) 1.0
	(16,3,34) 1.0
	(16,4,34) 1.0
	(16,5,34) 1.0
	(16,6,34) 1.0
	(17,0,34) 0.207593925946
	(17,0,39) 0.792406074054
	(17,1,34) 0.207593925946
	(17,1,39) 0.792406074054
	(17,2,34) 0.207593925946
	(17,2,39) 0.792406074054
	(17,3,34) 0.207593925946
	(17,3,39) 0.792406074054
	(17,4,34) 0.207593925946
	(17,4,39) 0.792406074054
	(17,5,34) 0.207593925946
	(17,5,39) 0.792406074054
	(17,6,34) 0.207593925946
	(17,6,39) 0.792406074054
	(18,0,2) 1.0
	(18,1,2) 1.0
	(18,2,2) 1.0
	(18,3,2) 1.0
	(18,4,2) 1.0
	(18,5,2) 1.0
	(18,6,2) 1.0
	(19,0,58) 1.0
	(19,1,58) 1.0
	(19,2,58) 1.0
	(19,3,58) 1.0
	(19,4,58) 1.0
	(19,5,58) 1.0
	(19,6,58) 1.0
	(20,0,4) 0.113962801421
	(20,0,50) 0.886037198579
	(20,1,4) 0.113962801421
	(20,1,50) 0.886037198579
	(20,2,4) 0.113962801421
	(20,2,50) 0.886037198579
	(20,3,4) 0.113962801421
	(20,3,50) 0.886037198579
	(20,4,4) 0.113962801421
	(20,4,50) 0.886037198579
	(20,5,4) 0.113962801421
	(20,5,50) 0.886037198579
	(20,6,4) 0.113962801421
	(20,6,50) 0.886037198579
	(21,0,5) 1.0
	(21,1,5) 1.0
	(21,2,5) 1.0
	(21,3,5) 1.0
	(21,4,5) 1.0
	(21,5,5) 1.0
	(21,6,5) 1.0
	(22,0,12) 0.523488224843
	(22,0,29) 0.447700146416
	(22,0,46) 0.028811628741
	(22,1,12) 0.523488224843
	(22,1,29) 0.447700146416
	(22,1,46) 0.028811628741
	(22,2,12) 0.523488224843
	(22,2,29) 0.447700146416
	(22,2,46) 0.028811628741
	(22,3,12) 0.523488224843
	(22,3,29) 0.447700146416
	(22,3,46) 0.028811628741
	(22,4,12) 0.523488224843
	(22,4,29) 0.447700146416
	(22,4,46) 0.028811628741
	(22,5,12) 0.523488224843
	(22,5,29) 0.447700146416
	(22,5,46) 0.028811628741
	(22,6,12) 0.523488224843
	(22,6,29) 0.447700146416
	(22,6,46) 0.028811628741
	(23,0,40) 0.22155402895
	(23,0,45) 0.351636402156
	(23,0,51) 0.108165126075
	(23,0,52) 0.0664989429515
	(23,0,56) 0.0477811821294
	(23,0,59) 0.129277876085
	(23,0,61) 0.0394074455568
	(23,0,66) 0.0356789960959
	(23,1,40) 0.22155402895
	(23,1,45) 0.351636402156
	(23,1,51) 0.108165126075
	(23,1,52) 0.0664989429515
	(23,1,56) 0.0477811821294
	(23,1,59) 0.129277876085
	(23,1,61) 0.0394074455568
	(23,1,66) 0.0356789960959
	(23,2,40) 0.22155402895
	(23,2,45) 0.351636402156
	(23,2,51) 0.108165126075
	(23,2,52) 0.0664989429515
	(23,2,56) 0.0477811821294
	(23,2,59) 0.129277876085
	(23,2,61) 0.0394074455568
	(23,2,66) 0.0356789960959
	(23,3,40) 0.22155402895
	(23,3,45) 0.351636402156
	(23,3,51) 0.108165126075
	(23,3,52) 0.0664989429515
	(23,3,56) 0.0477811821294
	(23,3,59) 0.129277876085
	(23,3,61) 0.0394074455568
	(23,3,66) 0.0356789960959
	(23,4,40) 0.22155402895
	(23,4,45) 0.351636402156
	(23,4,51) 0.108165126075
	(23,4,52) 0.0664989429515
	(23,4,56) 0.0477811821294
	(23,4,59) 0.129277876085
	(23,4,61) 0.0394074455568
	(23,4,66) 0.0356789960959
	(23,5,40) 0.22155402895
	(23,5,45) 0.351636402156
	(23,5,51) 0.108165126075
	(23,5,52) 0.0664989429515
	(23,5,56) 0.0477811821294
	(23,5,59) 0.129277876085
	(23,5,61) 0.0394074455568
	(23,5,66) 0.0356789960959
	(23,6,40) 0.22155402895
	(23,6,45) 0.351636402156
	(23,6,51) 0.108165126075
	(23,6,52) 0.0664989429515
	(23,6,56) 0.0477811821294
	(23,6,59) 0.129277876085
	(23,6,61) 0.0394074455568
	(23,6,66) 0.0356789960959
	(24,0,27) 0.153197354449
	(24,0,42) 0.200728009802
	(24,0,46) 0.204455702659
	(24,0,51) 0.44161893309
	(24,1,27) 0.153197354449
	(24,1,42) 0.200728009802
	(24,1,46) 0.204455702659
	(24,1,51) 0.44161893309
	(24,2,27) 0.153197354449
	(24,2,42) 0.200728009802
	(24,2,46) 0.204455702659
	(24,2,51) 0.44161893309
	(24,3,27) 0.153197354449
	(24,3,42) 0.200728009802
	(24,3,46) 0.204455702659
	(24,3,51) 0.44161893309
	(24,4,27) 0.153197354449
	(24,4,42) 0.200728009802
	(24,4,46) 0.204455702659
	(24,4,51) 0.44161893309
	(24,5,27) 0.153197354449
	(24,5,42) 0.200728009802
	(24,5,46) 0.204455702659
	(24,5,51) 0.44161893309
	(24,6,27) 0.153197354449
	(24,6,42) 0.200728009802
	(24,6,46) 0.204455702659
	(24,6,51) 0.44161893309
	(25,0,19) 0.00335351939794
	(25,0,26) 0.290280513621
	(25,0,41) 0.706365966981
	(25,1,19) 0.00335351939794
	(25,1,26) 0.290280513621
	(25,1,41) 0.706365966981
	(25,2,19) 0.00335351939794
	(25,2,26) 0.290280513621
	(25,2,41) 0.706365966981
	(25,3,19) 0.00335351939794
	(25,3,26) 0.290280513621
	(25,3,41) 0.706365966981
	(25,4,19) 0.00335351939794
	(25,4,26) 0.290280513621
	(25,4,41) 0.706365966981
	(25,5,19) 0.00335351939794
	(25,5,26) 0.290280513621
	(25,5,41) 0.706365966981
	(25,6,19) 0.00335351939794
	(25,6,26) 0.290280513621
	(25,6,41) 0.706365966981
	(26,0,24) 0.165860857056
	(26,0,33) 0.834139142944
	(26,1,24) 0.165860857056
	(26,1,33) 0.834139142944
	(26,2,24) 0.165860857056
	(26,2,33) 0.834139142944
	(26,3,24) 0.165860857056
	(26,3,33) 0.834139142944
	(26,4,24) 0.165860857056
	(26,4,33) 0.834139142944
	(26,5,24) 0.165860857056
	(26,5,33) 0.834139142944
	(26,6,24) 0.165860857056
	(26,6,33) 0.834139142944
	(27,0,12) 0.235559978119
	(27,0,37) 0.488877761598
	(27,0,39) 0.151136140115
	(27,0,60) 0.109365112337
	(27,0,65) 0.0150610078315
	(27,1,12) 0.235559978119
	(27,1,37) 0.488877761598
	(27,1,39) 0.151136140115
	(27,1,60) 0.109365112337
	(27,1,65) 0.0150610078315
	(27,2,12) 0.235559978119
	(27,2,37) 0.488877761598
	(27,2,39) 0.151136140115
	(27,2,60) 0.109365112337
	(27,2,65) 0.0150610078315
	(27,3,12) 0.235559978119
	(27,3,37) 0.488877761598
	(27,3,39) 0.151136140115
	(27,3,60) 0.109365112337
	(27,3,65) 0.0150610078315
	(27,4,12) 0.235559978119
	(27,4,37) 0.488877761598
	(27,4,39) 0.151136140115
	(27,4,60) 0.109365112337
	(27,4,65) 0.0150610078315
	(27,5,12) 0.235559978119
	(27,5,37) 0.488877761598
	(27,5,39) 0.151136140115
	(27,5,60) 0.109365112337
	(27,5,65) 0.0150610078315
	(27,6,12) 0.235559978119
	(27,6,37) 0.488877761598
	(27,6,39) 0.151136140115
	(27,6,60) 0.109365112337
	(27,6,65) 0.0150610078315
	(28,0,1) 0.0242437323322
	(28,0,28) 0.566548986936
	(28,0,35) 0.31006469364
	(28,0,57) 0.0991425870916
	(28,1,1) 0.0242437323322
	(28,1,28) 0.566548986936
	(28,1,35) 0.31006469364
	(28,1,57) 0.0991425870916
	(28,2,1) 0.0242437323322
	(28,2,28) 0.566548986936
	(28,2,35) 0.31006469364
	(28,2,57) 0.0991425870916
	(28,3,1) 0.0242437323322
	(28,3,28) 0.566548986936
	(28,3,35) 0.31006469364
	(28,3,57) 0.0991425870916
	(28,4,1) 0.0242437323322
	(28,4,28) 0.566548986936
	(28,4,35) 0.31006469364
	(28,4,57) 0.0991425870916
	(28,5,1) 0.0242437323322
	(28,5,28) 0.566548986936
	(28,5,35) 0.31006469364
	(28,5,57) 0.0991425870916
	(28,6,1) 0.0242437323322
	(28,6,28) 0.566548986936
	(28,6,35) 0.31006469364
	(28,6,57) 0.0991425870916
	(29,0,8) 0.529121634638
	(29,0,17) 0.113475350087
	(29,0,47) 0.357403015275
	(29,1,8) 0.529121634638
	(29,1,17) 0.113475350087
	(29,1,47) 0.357403015275
	(29,2,8) 0.529121634638
	(29,2,17) 0.113475350087
	(29,2,47) 0.357403015275
	(29,3,8) 0.529121634638
	(29,3,17) 0.113475350087
	(29,3,47) 0.357403015275
	(29,4,8) 0.529121634638
	(29,4,17) 0.113475350087
	(29,4,47) 0.357403015275
	(29,5,8) 0.529121634638
	(29,5,17) 0.113475350087
	(29,5,47) 0.357403015275
	(29,6,8) 0.529121634638
	(29,6,17) 0.113475350087
	(29,6,47) 0.357403015275
	(30,0,13) 0.451223147021
	(30,0,23) 0.281190987726
	(30,0,28) 0.0660371552666
	(30,0,52) 0.201548709987
	(30,1,13) 0.451223147021
	(30,1,23) 0.281190987726
	(30,1,28) 0.0660371552666
	(30,1,52) 0.201548709987
	(30,2,13) 0.451223147021
	(30,2,23) 0.281190987726
	(30,2,28) 0.0660371552666
	(30,2,52) 0.201548709987
	(30,3,13) 0.451223147021
	(30,3,23) 0.281190987726
	(30,3,28) 0.0660371552666
	(30,3,52) 0.201548709987
	(30,4,13) 0.451223147021
	(30,4,23) 0.281190987726
	(30,4,28) 0.0660371552666
	(30,4,52) 0.201548709987
	(30,5,13) 0.451223147021
	(30,5,23) 0.281190987726
	(30,5,28) 0.0660371552666
	(30,5,52) 0.201548709987
	(30,6,13) 0.451223147021
	(30,6,23) 0.281190987726
	(30,6,28) 0.0660371552666
	(30,6,52) 0.201548709987
	(31,0,7) 0.277695237964
	(31,0,22) 0.396215457557
	(31,0,61) 0.326089304479
	(31,1,7) 0.277695237964
	(31,1,22) 0.396215457557
	(31,1,61) 0.326089304479
	(31,2,7) 0.277695237964
	(31,2,22) 0.396215457557
	(31,2,61) 0.326089304479
	(31,3,7) 0.277695237964
	(31,3,22) 0.396215457557
	(31,3,61) 0.326089304479
	(31,4,7) 0.277695237964
	(31,4,22) 0.396215457557
	(31,4,61) 0.326089304479
	(31,5,7) 0.277695237964
	(31,5,22) 0.396215457557
	(31,5,61) 0.326089304479
	(31,6,7) 0.277695237964
	(31,6,22) 0.396215457557
	(31,6,61) 0.326089304479
	(32,0,15) 1.0
	(32,1,15) 1.0
	(32,2,15) 1.0
	(32,3,15) 1.0
	(32,4,15) 1.0
	(32,5,15) 1.0
	(32,6,15) 1.0
	(33,0,13) 0.174579630644
	(33,0,63) 0.825420369356
	(33,1,13) 0.174579630644
	(33,1,63) 0.825420369356
	(33,2,13) 0.174579630644
	(33,2,63) 0.825420369356
	(33,3,13) 0.174579630644
	(33,3,63) 0.825420369356
	(33,4,13) 0.174579630644
	(33,4,63) 0.825420369356
	(33,5,13) 0.174579630644
	(33,5,63) 0.825420369356
	(33,6,13) 0.174579630644
	(33,6,63) 0.825420369356
	(34,0,22) 0.338008015386
	(34,0,56) 0.397370744977
	(34,0,61) 0.264621239637
	(34,1,22) 0.338008015386
	(34,1,56) 0.397370744977
	(34,1,61) 0.264621239637
	(34,2,22) 0.338008015386
	(34,2,56) 0.397370744977
	(34,2,61) 0.264621239637
	(34,3,22) 0.338008015386
	(34,3,56) 0.397370744977
	(34,3,61) 0.264621239637
	(34,4,22) 0.338008015386
	(34,4,56) 0.397370744977
	(34,4,61) 0.264621239637
	(34,5,22) 0.338008015386
	(34,5,56) 0.397370744977
	(34,5,61) 0.264621239637
	(34,6,22) 0.338008015386
	(34,6,56) 0.397370744977
	(34,6,61) 0.264621239637
	(35,0,16) 0.240616482161
	(35,0,18) 0.400895894299
	(35,0,25) 0.179505875915
	(35,0,56) 0.178981747625
	(35,1,16) 0.240616482161
	(35,1,18) 0.400895894299
	(35,1,25) 0.179505875915
	(35,1,56) 0.178981747625
	(35,2,16) 0.240616482161
	(35,2,18) 0.400895894299
	(35,2,25) 0.179505875915
	(35,2,56) 0.178981747625
	(35,3,16) 0.240616482161
	(35,3,18) 0.400895894299
	(35,3,25) 0.179505875915
	(35,3,56) 0.178981747625
	(35,4,16) 0.240616482161
	(35,4,18) 0.400895894299
	(35,4,25) 0.179505875915
	(35,4,56) 0.178981747625
	(35,5,16) 0.240616482161
	(35,5,18) 0.400895894299
	(35,5,25) 0.179505875915
	(35,5,56) 0.178981747625
	(35,6,16) 0.240616482161
	(35,6,18) 0.400895894299
	(35,6,25) 0.179505875915
	(35,6,56) 0.178981747625
	(36,0,2) 0.317836542019
	(36,0,19) 0.408089748229
	(36,0,62) 0.274073709752
	(36,1,2) 0.317836542019
	(36,1,19) 0.408089748229
	(36,1,62) 0.274073709752
	(36,2,2) 0.317836542019
	(36,2,19) 0.408089748229
	(36,2,62) 0.274073709752
	(36,3,2) 0.317836542019
	(36,3,19) 0.408089748229
	(36,3,62) 0.274073709752
	(36,4,2) 0.317836542019
	(36,4,19) 0.408089748229
	(36,4,62) 0.274073709752
	(36,5,2) 0.317836542019
	(36,5,19) 0.408089748229
	(36,5,62) 0.274073709752
	(36,6,2) 0.317836542019
	(36,6,19) 0.408089748229
	(36,6,62) 0.274073709752
	(37,0,8) 0.640427500558
	(37,0,19) 0.359572499442
	(37,1,8) 0.640427500558
	(37,1,19) 0.359572499442
	(37,2,8) 0.640427500558
	(37,2,19) 0.359572499442
	(37,3,8) 0.640427500558
	(37,3,19) 0.359572499442
	(37,4,8) 0.640427500558
	(37,4,19) 0.359572499442
	(37,5,8) 0.640427500558
	(37,5,19) 0.359572499442
	(37,6,8) 0.640427500558
	(37,6,19) 0.359572499442
	(38,0,18) 1.0
	(38,1,18) 1.0
	(38,2,18) 1.0
	(38,3,18) 1.0
	(38,4,18) 1.0
	(38,5,18) 1.0
	(38,6,18) 1.0
	(39,0,47) 1.0
	(39,1,47) 1.0
	(39,2,47) 1.0
	(39,3,47) 1.0
	(39,4,47) 1.0
	(39,5,47) 1.0
	(39,6,47) 1.0
	(40,0,50) 1.0
	(40,1,50) 1.0
	(40,2,50) 1.0
	(40,3,50) 1.0
	(40,4,50) 1.0
	(40,5,50) 1.0
	(40,6,50) 1.0
	(41,0,30) 1.0
	(41,1,30) 1.0
	(41,2,30) 1.0
	(41,3,30) 1.0
	(41,4,30) 1.0
	(41,5,30) 1.0
	(41,6,30) 1.0
	(42,0,0) 0.00122754434191
	(42,0,41) 0.544962788952
	(42,0,55) 0.453809666706
	(42,1,0) 0.00122754434191
	(42,1,41) 0.544962788952
	(42,1,55) 0.453809666706
	(42,2,0) 0.00122754434191
	(42,2,41) 0.544962788952
	(42,2,55) 0.453809666706
	(42,3,0) 0.00122754434191
	(42,3,41) 0.544962788952
	(42,3,55) 0.453809666706
	(42,4,0) 0.00122754434191
	(42,4,41) 0.544962788952
	(42,4,55) 0.453809666706
	(42,5,0) 0.00122754434191
	(42,5,41) 0.544962788952
	(42,5,55) 0.453809666706
	(42,6,0) 0.00122754434191
	(42,6,41) 0.544962788952
	(42,6,55) 0.453809666706
	(43,0,33) 1.0
	(43,1,33) 1.0
	(43,2,33) 1.0
	(43,3,33) 1.0
	(43,4,33) 1.0
	(43,5,33) 1.0
	(43,6,33) 1.0
	(44,0,52) 0.457144353668
	(44,0,57) 0.542855646332
	(44,1,52) 0.457144353668
	(44,1,57) 0.542855646332
	(44,2,52) 0.457144353668
	(44,2,57) 0.542855646332
	(44,3,52) 0.457144353668
	(44,3,57) 0.542855646332
	(44,4,52) 0.457144353668
	(44,4,57) 0.542855646332
	(44,5,52) 0.457144353668
	(44,5,57) 0.542855646332
	(44,6,52) 0.457144353668
	(44,6,57) 0.542855646332
	(45,0,25) 0.730530863468
	(45,0,37) 0.269469136532
	(45,1,25) 0.730530863468
	(45,1,37) 0.269469136532
	(45,2,25) 0.730530863468
	(45,2,37) 0.269469136532
	(45,3,25) 0.730530863468
	(45,3,37) 0.269469136532
	(45,4,25) 0.730530863468
	(45,4,37) 0.269469136532
	(45,5,25) 0.730530863468
	(45,5,37) 0.269469136532
	(45,6,25) 0.730530863468
	(45,6,37) 0.269469136532
	(46,0,24) 0.0962989162459
	(46,0,51) 0.903701083754
	(46,1,24) 0.0962989162459
	(46,1,51) 0.903701083754
	(46,2,24) 0.0962989162459
	(46,2,51) 0.903701083754
	(46,3,24) 0.0962989162459
	(46,3,51) 0.903701083754
	(46,4,24) 0.0962989162459
	(46,4,51) 0.903701083754
	(46,5,24) 0.0962989162459
	(46,5,51) 0.903701083754
	(46,6,24) 0.0962989162459
	(46,6,51) 0.903701083754
	(47,0,6) 1.0
	(47,1,6) 1.0
	(47,2,6) 1.0
	(47,3,6) 1.0
	(47,4,6) 1.0
	(47,5,6) 1.0
	(47,6,6) 1.0
	(48,0,52) 1.0
	(48,1,52) 1.0
	(48,2,52) 1.0
	(48,3,52) 1.0
	(48,4,52) 1.0
	(48,5,52) 1.0
	(48,6,52) 1.0
	(49,0,27) 0.0745502895064
	(49,0,51) 0.242032338477
	(49,0,59) 0.299294772543
	(49,0,60) 0.384122599473
	(49,1,27) 0.0745502895064
	(49,1,51) 0.242032338477
	(49,1,59) 0.299294772543
	(49,1,60) 0.384122599473
	(49,2,27) 0.0745502895064
	(49,2,51) 0.242032338477
	(49,2,59) 0.299294772543
	(49,2,60) 0.384122599473
	(49,3,27) 0.0745502895064
	(49,3,51) 0.242032338477
	(49,3,59) 0.299294772543
	(49,3,60) 0.384122599473
	(49,4,27) 0.0745502895064
	(49,4,51) 0.242032338477
	(49,4,59) 0.299294772543
	(49,4,60) 0.384122599473
	(49,5,27) 0.0745502895064
	(49,5,51) 0.242032338477
	(49,5,59) 0.299294772543
	(49,5,60) 0.384122599473
	(49,6,27) 0.0745502895064
	(49,6,51) 0.242032338477
	(49,6,59) 0.299294772543
	(49,6,60) 0.384122599473
	(50,0,31) 0.021029103947
	(50,0,52) 0.978970896053
	(50,1,31) 0.021029103947
	(50,1,52) 0.978970896053
	(50,2,31) 0.021029103947
	(50,2,52) 0.978970896053
	(50,3,31) 0.021029103947
	(50,3,52) 0.978970896053
	(50,4,31) 0.021029103947
	(50,4,52) 0.978970896053
	(50,5,31) 0.021029103947
	(50,5,52) 0.978970896053
	(50,6,31) 0.021029103947
	(50,6,52) 0.978970896053
	(51,0,17) 0.446556179326
	(51,0,35) 0.0194167195847
	(51,0,36) 0.224249906375
	(51,0,57) 0.309777194714
	(51,1,17) 0.446556179326
	(51,1,35) 0.0194167195847
	(51,1,36) 0.224249906375
	(51,1,57) 0.309777194714
	(51,2,17) 0.446556179326
	(51,2,35) 0.0194167195847
	(51,2,36) 0.224249906375
	(51,2,57) 0.309777194714
	(51,3,17) 0.446556179326
	(51,3,35) 0.0194167195847
	(51,3,36) 0.224249906375
	(51,3,57) 0.309777194714
	(51,4,17) 0.446556179326
	(51,4,35) 0.0194167195847
	(51,4,36) 0.224249906375
	(51,4,57) 0.309777194714
	(51,5,17) 0.446556179326
	(51,5,35) 0.0194167195847
	(51,5,36) 0.224249906375
	(51,5,57) 0.309777194714
	(51,6,17) 0.446556179326
	(51,6,35) 0.0194167195847
	(51,6,36) 0.224249906375
	(51,6,57) 0.309777194714
	(52,0,6) 0.59534565262
	(52,0,27) 0.344476818021
	(52,0,36) 0.0601775293582
	(52,1,6) 0.59534565262
	(52,1,27) 0.344476818021
	(52,1,36) 0.0601775293582
	(52,2,6) 0.59534565262
	(52,2,27) 0.344476818021
	(52,2,36) 0.0601775293582
	(52,3,6) 0.59534565262
	(52,3,27) 0.344476818021
	(52,3,36) 0.0601775293582
	(52,4,6) 0.59534565262
	(52,4,27) 0.344476818021
	(52,4,36) 0.0601775293582
	(52,5,6) 0.59534565262
	(52,5,27) 0.344476818021
	(52,5,36) 0.0601775293582
	(52,6,6) 0.59534565262
	(52,6,27) 0.344476818021
	(52,6,36) 0.0601775293582
	(53,0,3) 0.199935746746
	(53,0,6) 0.158912457617
	(53,0,9) 0.0403332618114
	(53,0,29) 0.00067765028973
	(53,0,31) 0.471803332274
	(53,0,60) 0.128337551262
	(53,1,3) 0.199935746746
	(53,1,6) 0.158912457617
	(53,1,9) 0.0403332618114
	(53,1,29) 0.00067765028973
	(53,1,31) 0.471803332274
	(53,1,60) 0.128337551262
	(53,2,3) 0.199935746746
	(53,2,6) 0.158912457617
	(53,2,9) 0.0403332618114
	(53,2,29) 0.00067765028973
	(53,2,31) 0.471803332274
	(53,2,60) 0.128337551262
	(53,3,3) 0.199935746746
	(53,3,6) 0.158912457617
	(53,3,9) 0.0403332618114
	(53,3,29) 0.00067765028973
	(53,3,31) 0.471803332274
	(53,3,60) 0.128337551262
	(53,4,3) 0.199935746746
	(53,4,6) 0.158912457617
	(53,4,9) 0.0403332618114
	(53,4,29) 0.00067765028973
	(53,4,31) 0.471803332274
	(53,4,60) 0.128337551262
	(53,5,3) 0.199935746746
	(53,5,6) 0.158912457617
	(53,5,9) 0.0403332618114
	(53,5,29) 0.00067765028973
	(53,5,31) 0.471803332274
	(53,5,60) 0.128337551262
	(53,6,3) 0.199935746746
	(53,6,6) 0.158912457617
	(53,6,9) 0.0403332618114
	(53,6,29) 0.00067765028973
	(53,6,31) 0.471803332274
	(53,6,60) 0.128337551262
	(54,0,19) 0.732429776776
	(54,0,37) 0.267570223224
	(54,1,19) 0.732429776776
	(54,1,37) 0.267570223224
	(54,2,19) 0.732429776776
	(54,2,37) 0.267570223224
	(54,3,19) 0.732429776776
	(54,3,37) 0.267570223224
	(54,4,19) 0.732429776776
	(54,4,37) 0.267570223224
	(54,5,19) 0.732429776776
	(54,5,37) 0.267570223224
	(54,6,19) 0.732429776776
	(54,6,37) 0.267570223224
	(55,0,8) 0.157045122998
	(55,0,11) 0.0514390103223
	(55,0,17) 0.334019085261
	(55,0,65) 0.45749678142
	(55,1,8) 0.157045122998
	(55,1,11) 0.0514390103223
	(55,1,17) 0.334019085261
	(55,1,65) 0.45749678142
	(55,2,8) 0.157045122998
	(55,2,11) 0.0514390103223
	(55,2,17) 0.334019085261
	(55,2,65) 0.45749678142
	(55,3,8) 0.157045122998
	(55,3,11) 0.0514390103223
	(55,3,17) 0.334019085261
	(55,3,65) 0.45749678142
	(55,4,8) 0.157045122998
	(55,4,11) 0.0514390103223
	(55,4,17) 0.334019085261
	(55,4,65) 0.45749678142
	(55,5,8) 0.157045122998
	(55,5,11) 0.0514390103223
	(55,5,17) 0.334019085261
	(55,5,65) 0.45749678142
	(55,6,8) 0.157045122998
	(55,6,11) 0.0514390103223
	(55,6,17) 0.334019085261
	(55,6,65) 0.45749678142
	(56,0,35) 0.675614951688
	(56,0,65) 0.324385048312
	(56,1,35) 0.675614951688
	(56,1,65) 0.324385048312
	(56,2,35) 0.675614951688
	(56,2,65) 0.324385048312
	(56,3,35) 0.675614951688
	(56,3,65) 0.324385048312
	(56,4,35) 0.675614951688
	(56,4,65) 0.324385048312
	(56,5,35) 0.675614951688
	(56,5,65) 0.324385048312
	(56,6,35) 0.675614951688
	(56,6,65) 0.324385048312
	(57,0,61) 1.0
	(57,1,61) 1.0
	(57,2,61) 1.0
	(57,3,61) 1.0
	(57,4,61) 1.0
	(57,5,61) 1.0
	(57,6,61) 1.0
	(58,0,1) 0.266731480461
	(58,0,52) 0.733268519539
	(58,1,1) 0.266731480461
	(58,1,52) 0.733268519539
	(58,2,1) 0.266731480461
	(58,2,52) 0.733268519539
	(58,3,1) 0.266731480461
	(58,3,52) 0.733268519539
	(58,4,1) 0.266731480461
	(58,4,52) 0.733268519539
	(58,5,1) 0.266731480461
	(58,5,52) 0.733268519539
	(58,6,1) 0.266731480461
	(58,6,52) 0.733268519539
	(59,0,28) 1.0
	(59,1,28) 1.0
	(59,2,28) 1.0
	(59,3,28) 1.0
	(59,4,28) 1.0
	(59,5,28) 1.0
	(59,6,28) 1.0
	(60,0,56) 1.0
	(60,1,56) 1.0
	(60,2,56) 1.0
	(60,3,56) 1.0
	(60,4,56) 1.0
	(60,5,56) 1.0
	(60,6,56) 1.0
	(61,0,5) 0.340242247326
	(61,0,11) 0.659757752674
	(61,1,5) 0.340242247326
	(61,1,11) 0.659757752674
	(61,2,5) 0.340242247326
	(61,2,11) 0.659757752674
	(61,3,5) 0.340242247326
	(61,3,11) 0.659757752674
	(61,4,5) 0.340242247326
	(61,4,11) 0.659757752674
	(61,5,5) 0.340242247326
	(61,5,11) 0.659757752674
	(61,6,5) 0.340242247326
	(61,6,11) 0.659757752674
	(62,0,56) 0.185381264784
	(62,0,61) 0.814618735216
	(62,1,56) 0.185381264784
	(62,1,61) 0.814618735216
	(62,2,56) 0.185381264784
	(62,2,61) 0.814618735216
	(62,3,56) 0.185381264784
	(62,3,61) 0.814618735216
	(62,4,56) 0.185381264784
	(62,4,61) 0.814618735216
	(62,5,56) 0.185381264784
	(62,5,61) 0.814618735216
	(62,6,56) 0.185381264784
	(62,6,61) 0.814618735216
	(63,0,1) 0.176336079175
	(63,0,28) 0.259873662323
	(63,0,45) 0.563790258502
	(63,1,1) 0.176336079175
	(63,1,28) 0.259873662323
	(63,1,45) 0.563790258502
	(63,2,1) 0.176336079175
	(63,2,28) 0.259873662323
	(63,2,45) 0.563790258502
	(63,3,1) 0.176336079175
	(63,3,28) 0.259873662323
	(63,3,45) 0.563790258502
	(63,4,1) 0.176336079175
	(63,4,28) 0.259873662323
	(63,4,45) 0.563790258502
	(63,5,1) 0.176336079175
	(63,5,28) 0.259873662323
	(63,5,45) 0.563790258502
	(63,6,1) 0.176336079175
	(63,6,28) 0.259873662323
	(63,6,45) 0.563790258502
	(64,0,18) 0.95932171305
	(64,0,23) 0.0379783775505
	(64,0,44) 0.00269990939934
	(64,1,18) 0.95932171305
	(64,1,23) 0.0379783775505
	(64,1,44) 0.00269990939934
	(64,2,18) 0.95932171305
	(64,2,23) 0.0379783775505
	(64,2,44) 0.00269990939934
	(64,3,18) 0.95932171305
	(64,3,23) 0.0379783775505
	(64,3,44) 0.00269990939934
	(64,4,18) 0.95932171305
	(64,4,23) 0.0379783775505
	(64,4,44) 0.00269990939934
	(64,5,18) 0.95932171305
	(64,5,23) 0.0379783775505
	(64,5,44) 0.00269990939934
	(64,6,18) 0.95932171305
	(64,6,23) 0.0379783775505
	(64,6,44) 0.00269990939934
	(65,0,32) 0.198597869999
	(65,0,43) 0.766065171583
	(65,0,46) 0.0353369584176
	(65,1,32) 0.198597869999
	(65,1,43) 0.766065171583
	(65,1,46) 0.0353369584176
	(65,2,32) 0.198597869999
	(65,2,43) 0.766065171583
	(65,2,46) 0.0353369584176
	(65,3,32) 0.198597869999
	(65,3,43) 0.766065171583
	(65,3,46) 0.0353369584176
	(65,4,32) 0.198597869999
	(65,4,43) 0.766065171583
	(65,4,46) 0.0353369584176
	(65,5,32) 0.198597869999
	(65,5,43) 0.766065171583
	(65,5,46) 0.0353369584176
	(65,6,32) 0.198597869999
	(65,6,43) 0.766065171583
	(65,6,46) 0.0353369584176
	(66,0,17) 1.0
	(66,1,17) 1.0
	(66,2,17) 1.0
	(66,3,17) 1.0
	(66,4,17) 1.0
	(66,5,17) 1.0
	(66,6,17) 1.0
	(67,0,53) 0.836079478441
	(67,0,55) 0.163920521559
	(67,1,53) 0.836079478441
	(67,1,55) 0.163920521559
	(67,2,53) 0.836079478441
	(67,2,55) 0.163920521559
	(67,3,53) 0.836079478441
	(67,3,55) 0.163920521559
	(67,4,53) 0.836079478441
	(67,4,55) 0.163920521559
	(67,5,53) 0.836079478441
	(67,5,55) 0.163920521559
	(67,6,53) 0.836079478441
	(67,6,55) 0.163920521559
