1000
3.03882824218e-21
0.471467169636
0.0464626744576
0.0160286295592
8.77456481691e-21
0.000131418100292
0.000279271437652
0.00678342179064
7.87472606343e-10
3.61681076955e-05
7.87532469524e-15
1.54369409946e-05
1.12474425372e-09
1.61689149709e-10
0.0103725717495
0.0229199176981
0.0474972821106
1.02905444249e-08
4.84584558569e-06
0.00266051363782
0.000347517226031
0.00124023243615
1.08032425552e-07
0.0139361666834
1.7113073369e-06
2.80971632434e-05
5.79010687328e-10
0.0077989971348
0.00156815165175
4.62937519285e-06
0.000395341114875
1.68025332901e-16
1.39954936151e-16
0.0150413478707
0.00052635650068
1.37025781588e-09
4.85618226049e-17
2.23422185554e-13
1.03656987799e-08
1.29424502274e-07
7.05991642899e-14
0.0440073619859
8.38663989457e-11
2.28651567588e-06
4.31542201694e-05
3.40722595084e-07
0.000427048652179
1.25011665198e-05
0.000310866809799
2.17108428497e-10
2.20585094245e-08
0.00216842101868
0.00263512661704
3.14803372907e-08
0.000369619139111
9.37881798564e-09
4.24974543309e-05
1.5308821963e-08
1.11111821783e-09
0.00216207856471
7.09088945409e-11
0.0147137103107
1.36113463755e-08
3.83141547266e-12
1.07349456793e-08
7.12157183724e-05
0.00241025117081
4.09665119961e-08
5.07184463672e-15
0.000737983676553
2.62923089368e-05
0.00214816095518
1.70458498864e-13
1.38010277126e-05
0.000286968662916
0.0181549397007
0.0101717776085
5.50691006e-16
6.21116929868e-11
0.00833638958106
0.00172127019168
2.4583126959e-07
0.00155468780532
2.74443592998e-05
0.00543539426025
2.75228808405e-17
0.0017576853417
6.58839386376e-08
8.25931898708e-05
1.44772077378e-06
5.69262313895e-12
0.000371473346253
1.19638846204e-05
0.000183193426516
0.000362459578084
0.00507591555512
5.44876638311e-08
0.00104788065099
0.000416823543134
0.00130808969963
0.00134693398729
0.00171781959481
0.00267959261586
1.3424082539e-12
6.8020216798e-06
0.00125182790601
0.000720523498133
4.03881249039e-05
1.19114218074e-08
0.000295000829135
3.89849274189e-05
0.000500646339813
2.63492988783e-05
0.0293479183024
1.14957705416e-08
2.37348137236e-05
7.52149583534e-11
7.73355812217e-14
0.01122003237
0.00221495364101
9.58139837646e-24
0.00263995180572
0.0069943384631
9.9648705746e-08
0.00929384227585
2.59997987872e-21
0.0001410625636
6.99502906997e-05
1.54354884276e-15
0.000185088493845
2.96805338668e-12
3.29884543237e-07
0.000234281819838
4.65284758115e-08
2.06938991078e-09
0.000785471222062
1.95479606608e-05
0.00984370594168
7.23614751113e-08
0.000483706952109
2.78161291464e-09
0.000368864531105
2.0478103177e-15
1.13891638528e-10
6.41962945693e-06
1.49790735476e-16
0.000441486296007
3.81993014777e-12
0.000327555289554
6.79263126021e-06
1.57447450938e-08
1.49505094416e-17
3.02593745488e-08
0.00027831399538
1.71467231604e-10
4.72557639597e-10
2.22152848595e-06
0.00369082116721
4.07246781933e-07
3.26452920072e-05
5.32995811933e-05
3.76616871481e-05
5.57406076272e-07
2.65416330039e-07
9.57915885311e-05
2.60059365113e-10
5.64708180712e-12
4.75091791428e-11
0.000543995802634
3.92550487434e-05
1.20201054533e-06
1.09517498294e-05
1.00458448832e-05
8.96197263112e-15
0.00227525539282
0.000212098155633
0.000626732682008
1.47649312875e-11
6.11877251668e-13
5.15982196817e-06
7.92090245993e-05
2.69405644805e-27
1.66942382696e-11
2.76210999723e-05
4.24844483754e-19
1.56145230905e-06
6.29227636069e-08
8.12406901871e-06
3.13827777114e-12
0.000528931390271
2.99019718343e-06
0.000931548005187
1.92622591644e-09
0.00350037102674
6.43442000963e-06
4.92572194808e-16
0.000225331427963
9.34234960755e-09
0.000173090615944
9.18747862991e-06
3.43602055393e-05
3.62974732512e-11
1.67063468315e-07
9.54183825347e-18
2.84925821957e-30
2.59673300741e-08
0.0020220916256
2.67330390046e-07
3.28621407404e-10
1.55371436586e-12
7.4104510941e-05
4.1848428484e-08
9.46272703775e-08
0.000612939640245
2.61554523837e-05
9.94834435719e-06
0.0013475263664
9.88615067236e-06
2.41631321977e-06
4.33062086977e-05
0.00246977140027
1.64502714372e-17
1.12516112691e-17
0.000777411795285
3.8426480406e-07
4.39653005702e-06
3.29324279514e-10
1.09937339957e-09
0.00012341793223
7.98233421972e-07
0.000100194509364
6.3148841394e-05
1.33715965603e-09
6.16859815865e-06
0.00399926136285
0.000271112252811
3.09009630426e-05
6.14088760886e-05
4.20015489234e-05
1.23328771124e-05
8.29436412191e-06
1.836708274e-06
4.5929110723e-21
1.40120078979e-09
7.58426749023e-05
6.7776462694e-06
3.19366328867e-10
1.59329469365e-07
1.06639722496e-13
0.00110849075884
1.18331181131e-11
1.87227014957e-23
2.39035402302e-05
4.6258910559e-07
2.63486949761e-05
0.00309013292741
8.2003134569e-06
5.72685860024e-10
1.15515350817e-12
0.000107517430528
4.23826323864e-27
1.02754948114e-08
2.41533816834e-08
0.00152744060975
0.00311728584935
0.000359575165232
6.62081370098e-15
6.16440737367e-05
5.60319912031e-06
0.000397053540622
2.22867507881e-07
5.15087176576e-09
2.20738446904e-12
3.72252802831e-11
1.72401846431e-15
0.000150336458586
0.00322117895329
0.00116880214273
0.000274946979335
1.67397218431e-06
2.276789458e-16
0.000117880874997
2.53524905775e-05
9.56845831601e-12
1.50149649638e-05
1.80659710383e-05
7.014681622e-14
2.67957879928e-13
3.13401654072e-07
1.70656156694e-09
1.52240868538e-05
2.53995435576e-12
0.000515576631754
4.41371205829e-10
5.81479339604e-07
8.91881758261e-11
4.62441765658e-07
7.23824517109e-10
1.53774648471e-10
1.00338083432e-16
8.49557261334e-19
5.1018041338e-06
7.82819865089e-05
0.000241337827263
1.07777955428e-07
1.06608997809e-08
7.53365791687e-05
1.34964747033e-11
5.8476346076e-08
0.000580478935182
0.000254890789932
0.000142535919659
1.43201916664e-05
7.57812761923e-08
1.50987035451e-06
5.16852649983e-24
3.11828740938e-08
4.44895097017e-15
8.55896834679e-19
5.22858369848e-06
0.00113190435577
1.6315786601e-05
2.74901274138e-18
8.0168689405e-12
2.59105076311e-11
0.000261626211193
1.02866646376e-13
4.16196866496e-12
6.52448305843e-14
5.5970334047e-15
1.28165594016e-06
3.9611420302e-15
9.5747411781e-05
0.000625871284413
0.00124154639569
6.713953827e-22
3.38081926947e-12
0.0050489146646
8.92426081871e-06
2.38971398376e-38
2.5927118655e-06
1.34051815402e-06
2.1904219907e-05
4.21219010883e-05
0.000154433416292
0.00328476605535
4.33972186037e-22
0.000348161292773
3.62534704556e-11
0.000113021726581
1.02142743793e-20
1.51725041792e-09
1.27212151968e-17
5.44682362649e-08
0.00116479339784
1.75534932893e-05
6.13820857291e-06
5.50015468345e-06
0.000276921614436
9.42872271571e-15
3.29046340599e-11
1.32660705541e-17
7.66861494375e-08
1.94960174831e-12
1.00789393591e-19
5.55465444284e-06
0.00180264530398
1.28910897761e-05
1.48052510107e-12
4.85184539877e-19
9.08167075768e-09
9.05557267634e-05
5.89517980508e-26
1.96291741876e-05
2.67469482267e-05
0.000789754973446
2.5961474652e-05
0.000158720537474
1.76358965707e-08
0.000338680597421
0.00355313825335
0.00160715873088
2.72760549849e-18
2.20398709719e-05
9.52441359725e-17
0.00134842692012
4.55841441935e-08
9.78599984772e-07
0.000131564162504
1.58127387261e-07
0.000190719960013
5.89208882504e-12
0.000650418364154
2.93648862997e-05
0.000594625521854
1.57523919031e-21
6.58243167365e-06
1.58928388791e-05
6.36645903233e-16
2.63203480719e-06
2.75675440382e-11
7.4220337942e-11
0.000492609681091
0.000494948255964
1.34358878794e-08
0.000110582392172
2.63303369805e-07
1.90390624972e-06
0.000382311249357
0.000788577664429
0.000271464199582
6.56726171367e-14
0.000141956686551
0.000151676417171
7.70263923853e-05
1.19062344713e-09
9.49595086598e-05
5.91875038427e-08
0.000154806936461
1.49447151283e-05
1.19932603316e-08
8.63629008253e-06
5.25328350339e-08
6.12531606534e-09
4.08261910291e-06
8.02042896648e-12
5.51499608025e-05
3.5167486712e-11
0.00101360108814
3.64770896795e-09
0.00021862959354
2.74965887217e-05
1.16249368976e-05
3.85388391044e-19
3.68794217233e-07
1.82496610721e-05
4.48895517426e-07
1.3144247889e-12
0.000413388778805
2.04569380752e-10
5.59164959149e-23
1.54881161043e-06
3.58548370458e-14
6.95941396819e-14
7.60199168516e-19
1.05639358629e-06
4.74379853288e-07
9.3936515444e-14
0.000101959828482
0.00012901609157
1.17615351367e-30
8.45820444124e-10
0.000301412470282
3.70857043238e-16
0.000191878270173
0.00130403634422
1.26081152485e-11
6.59365315902e-09
3.01507638978e-08
1.20203761538e-07
0.00118699459097
0.000206584971783
4.48389253029e-05
3.02535140821e-06
8.3828780356e-09
2.32277861778e-26
1.10783390076e-06
3.27166020039e-07
2.96260569343e-09
3.32377126524e-11
4.822905986e-24
0.000585175939176
6.05245799805e-28
6.57548179834e-09
0.00123073391693
7.53954273807e-08
7.75294328857e-07
0.000684682878063
2.46878814338e-05
0.000269436743458
0.000427017241461
7.46906669521e-18
3.57063924932e-07
0.00182052099023
0.000358528818561
3.58672401954e-09
0.000763273701254
2.20917941943e-09
0.000578484716585
0.00116717628465
2.75920272888e-05
0.000289914878972
3.63241824556e-10
1.81817761829e-07
8.75768761442e-11
1.93688401141e-09
0.000237552996893
2.72215427288e-32
0.000592797218224
8.6571309914e-06
4.61641932765e-12
4.34805494918e-18
0.00026324872492
1.86763627469e-06
5.83077162001e-12
8.59552284108e-08
2.92663434528e-19
7.89163206078e-10
2.63460227457e-06
7.96719795216e-07
5.51767419259e-09
1.06472710261e-12
0.00156293818517
3.40214050395e-13
8.609798748e-09
0.000531456833309
1.44019572938e-11
0.000412959719332
1.14096378652e-05
7.66652559987e-17
5.22041766329e-06
1.37837278942e-05
5.64825426299e-05
8.07240900496e-11
0.000878854639059
2.04088802445e-07
1.23671613492e-07
1.09514166559e-12
1.18633945523e-10
2.3752827227e-14
4.66769468847e-15
6.05288111902e-17
9.40724234215e-05
0.000330528902122
7.18839526669e-10
1.23954488213e-06
2.29161198709e-05
0.000396426451619
3.56954449199e-05
3.87984993233e-11
1.63953276315e-07
0.000112767875177
1.10141234957e-14
3.14798396811e-05
2.66144561754e-11
2.06368471844e-06
2.71086497358e-21
1.08631775671e-13
4.6702984429e-06
4.82408210335e-05
2.90201555754e-07
1.00271739589e-14
5.50965245447e-09
5.54031459994e-07
6.53431244249e-20
1.32535270929e-06
3.8194279786e-41
5.92788957653e-10
2.20462030731e-23
1.83937329167e-13
0.000909482162326
8.47309460254e-06
6.00435886799e-05
1.37239888632e-08
0.00284509888651
1.63657492382e-39
0.000868222339859
0.000163271815304
2.16763406945e-05
1.85887690186e-05
1.37144128504e-05
2.13188748663e-06
8.4050039345e-11
0.000188270425992
2.62567605128e-08
0.000510001942323
0.000123290009442
4.26472484797e-17
0.000392754420544
1.5036682794e-09
1.6152844236e-05
3.62529899465e-05
6.08760078332e-06
1.7180370469e-10
7.70177878915e-06
9.86448602802e-06
0.000555041865808
2.5743307786e-05
4.6821911938e-06
2.30741882285e-11
2.11498708548e-05
2.18840529159e-23
5.67346434273e-06
1.15986600079e-17
2.87598772995e-05
0.000286664956819
2.50742584449e-08
8.2488748044e-14
6.13193808056e-14
5.82504948907e-06
2.13829478091e-10
0.000473920754338
5.96219288954e-25
1.29632041971e-09
1.18680344535e-06
3.19918376723e-05
1.19047254803e-13
7.83456802275e-18
2.48720850848e-14
1.56256508703e-09
7.70839954831e-21
0.00113607009237
2.06235293905e-16
1.57635198566e-08
3.01004525804e-08
4.05011672994e-17
0.000570858244932
9.15898371069e-09
4.25689565477e-15
2.72067375669e-10
2.61763683824e-18
1.5165527346e-09
5.51562674956e-18
6.42985373804e-08
3.65018851504e-05
1.78344887208e-06
1.87350438369e-08
1.16709407426e-07
8.48066576623e-12
0.000349602957451
2.2931471058e-05
1.32828759753e-10
9.09864004285e-11
0.000556620410621
1.74472098917e-07
8.23492595484e-07
1.60211410853e-08
4.11251294294e-22
2.19163336607e-05
1.50368489199e-05
9.69414122497e-13
1.25088121883e-07
6.4376243028e-21
4.01150866293e-17
0.000356897857705
1.50900744853e-06
1.73875074e-06
2.80644223523e-16
1.28295483593e-11
1.14946729811e-18
1.51023520068e-12
0.000299725685301
0.0001100510862
1.55946696846e-07
3.38743296684e-07
6.92453643833e-10
1.25235930536e-06
4.72857099504e-05
0.000183791396539
0.000848568231612
2.01020237738e-06
0.00010320809713
0.000250259229764
1.81746631194e-07
0.000221504265454
0.000249324689055
0.000156364966601
2.61588967877e-05
6.36586893634e-08
2.61366297786e-30
5.21218662515e-05
0.000158543719192
3.73648550642e-05
1.816438391e-07
3.23621431589e-07
2.64453775051e-08
8.67117568873e-25
5.09796441575e-13
0.000113538216126
5.38040161442e-09
1.06670012752e-25
2.55141385716e-05
4.51492116068e-06
1.31596623549e-05
1.7308420169e-08
9.64694196234e-09
1.14972294271e-07
1.37677568021e-05
0.000383847591055
2.85773034355e-28
3.36672995195e-07
6.10016850184e-05
0.00010598113979
6.27590190916e-16
2.84718724475e-07
1.81039674662e-06
6.71560330656e-05
0.000474231899042
1.3818291947e-06
0.00150864563149
4.49494058613e-10
2.52907305033e-07
4.17694692583e-13
3.75190735324e-10
1.78882555661e-07
1.25587260439e-11
1.19042134189e-10
1.13680982681e-09
4.89032603776e-15
5.51261717212e-06
4.63906549566e-07
1.98669247801e-08
1.06514684442e-12
1.88722467963e-18
1.79232150085e-12
2.37493930712e-10
1.97169412923e-18
1.55797252447e-11
9.20137989291e-20
4.58130513652e-06
0.000410834529857
1.42766036577e-05
0.000149692573887
5.0280551111e-05
0.000182799980801
3.64545726734e-06
9.16964309111e-10
0.000113173503204
2.47731789805e-05
3.82452463673e-05
1.2370840451e-07
8.04790611968e-06
2.44838276603e-14
8.02468325727e-07
1.34161111478e-09
1.258389313e-27
1.55381832571e-12
2.53397855604e-07
0.000121069590531
0.000164523428711
5.4702975791e-15
1.15425435215e-06
2.75554953635e-13
1.17690769729e-11
3.04375278606e-07
8.8441616822e-06
5.17679517663e-14
1.75062244633e-12
3.19848404525e-10
2.27261446625e-05
5.28323708691e-05
0.000390607040405
3.02402270245e-07
8.4842691282e-05
2.85501050249e-11
0.000711547295783
0.000978577347219
7.76672283606e-16
3.60572382736e-05
2.47697085548e-17
4.36562965594e-06
4.60283488149e-08
1.360164956e-10
1.02931472179e-12
6.08380229011e-15
0.000750140333608
3.87255293681e-09
5.54546719192e-10
3.29189629496e-19
8.50516221133e-15
0.000492335541553
6.4323227248e-05
0.000338861243898
2.86371246204e-07
8.27567749275e-31
0.000576519082844
6.62528210425e-07
7.54677606824e-13
3.62306291136e-15
2.08065867414e-13
3.37771398535e-09
0.000116479197921
1.10349775004e-07
5.83977080277e-17
9.84447029362e-05
0.000173711851262
4.03890269773e-07
1.14207343547e-14
9.83830932447e-06
9.38976071948e-05
1.45628448997e-11
1.93296500843e-06
2.68365317629e-05
8.1412037329e-13
5.91246051411e-05
1.63425959377e-24
8.769500381e-05
7.11360945103e-12
2.55157620164e-06
0.000118927359078
8.45303765643e-06
3.55468654408e-09
1.18924550792e-08
0.000118537467673
0.000125623879083
4.01051406351e-16
0.000123085270408
1.02346479904e-05
3.04773966372e-09
8.21464691461e-11
4.44727779461e-06
4.80943181166e-17
3.60830613889e-07
5.35131249288e-17
9.75094411344e-15
5.07565036954e-05
2.06378148387e-21
1.42964435766e-15
7.20026858391e-07
3.1000725916e-05
2.59931306367e-09
1.44071901963e-07
2.55261035855e-06
1.6682002637e-14
1.78888944136e-09
2.81566839688e-10
2.27000713783e-08
0.000246541254793
8.44683012353e-09
3.80723929174e-12
1.0492740283e-09
5.46490181615e-05
5.47538597798e-09
3.17597187103e-15
0.000179683743306
2.09266568216e-13
0.000147150271841
1.94685031826e-09
0.000233703250138
4.24798367067e-05
1.62029960474e-08
4.85696068659e-05
5.2814360277e-06
3.66454924829e-05
4.08219534522e-06
1.20040446247e-08
7.12019912263e-15
1.67536352801e-07
0.000508951933257
0.000159368854353
1.412080066e-06
1.16729494889e-05
7.43975291547e-10
0.000382703372211
1.60725781995e-10
5.68583564881e-09
2.68982412176e-09
0.000108840610006
0.00026507968982
2.47844461269e-25
1.96303371387e-41
1.76431984654e-05
3.66262562236e-10
3.48527196082e-05
5.97540577884e-15
0.000477754994573
2.79723657848e-13
3.4504545696e-05
1.18385325034e-05
2.08884972782e-11
1.25786701965e-06
2.94259589386e-05
5.89855281918e-18
3.88168005625e-06
1.1047895831e-06
1.69513302315e-06
0.00010681009522
1.94914225085e-24
2.68330550887e-06
7.72715851496e-08
2.84588424525e-07
3.59960452207e-06
3.53317613546e-06
2.97202871307e-10
2.62430064512e-05
2.21470441997e-07
3.60291373565e-05
2.62998088634e-09
0.000146236108818
1.16824452551e-10
6.69343476583e-30
1.71009498609e-08
2.89639270279e-06
1.35265576971e-07
1.38712827305e-05
1.13780390042e-33
1.71860490495e-05
1.24849328159e-12
2.17212194126e-12
8.77397553165e-07
2.74175945181e-13
1.29649654159e-05
0.000275587396561
7.76931081272e-15
1.11376960844e-10
4.51334168696e-07
2.3000152741e-05
2.04081048113e-05
4.68137587099e-06
1.15743489846e-05
7.54879349948e-06
2.83060514467e-06
1.76895445472e-16
1.90879523773e-05
5.85468850272e-21
2.89112591374e-07
1.00592012267e-18
5.47751876254e-16
7.76484891558e-07
2.89886839108e-08
1.03974460156e-07
0.000353348827604
0.000133903245471
0.000121718181357
1.42971612198e-08
8.26824417029e-08
1.19969285912e-09
4.28750608292e-12
1.48675479079e-05
9.59436886275e-11
0.000104401013417
1.01728427201e-12
5.28306758042e-10
0.000334665226698
0.00127881826995
1.41032011795e-05
8.84391413029e-05
2.18646940494e-12
2.19807499148e-07
3.0819497972e-14
1.36726166582e-13
8.53156896394e-06
1.09569523532e-05
2.43881058295e-05
0.000207247811174
8.68067149674e-08
2.05717292037e-05
5.47048644161e-07
9.48671860321e-06
0.000864808590205
1.59518263939e-05
7.24420707532e-10
0.00014991114347
1.2198227864e-06
2.26981630538e-10
3.06238682187e-11
2.27252336187e-18
0.000473386556451
9.59249153921e-12
1.074083579e-09
1.54194670498e-06
4.03205705965e-05
2.25066563033e-06
6.64890979414e-06
0.000239494555728
1.06205476914e-12
1.56395870236e-14
9.63603776704e-10
5.42613262201e-18
1.76790861406e-05
6.69863953592e-15
4.16527865858e-07
3.33749182231e-14
0.000267475827217
1.73582733063e-09
1.82812048429e-10
5.89124749589e-07
3.82444388387e-14
2.41749266295e-12
9.65941896945e-14
2.32288512631e-05
1.23774019109e-05
1.15401550639e-05
6.86241368698e-08
2.84923863898e-09
3.02626204577e-05
5.14049507536e-06
8.37674521887e-16
0.000249181935042
1.59602752363e-15
5.04509458712e-14
1.17617329481e-05
3.64441156075e-06
1.10225679393e-13
5.74862371602e-06
0.00026922812157
1.44219467743e-14
9.49341802572e-06
1.68702948631e-17
7.84431769835e-17
