I: (state)
	(53) 1.0
F: (state)
	(8) 0.244944118451
	(9) 0.0910786090309
	(10) 0.04111168149
	(12) 0.0101645295018
	(16) 0.0097008981238
	(17) 0.000370545609869
	(20) 0.215994869072
	(21) 0.400468036077
	(28) 0.0221030129295
	(29) 0.22906504266
	(30) 0.0551495434184
	(36) 0.19633675828
	(37) 0.343230490031
	(42) 0.136583732064
	(44) 0.289041790844
	(46) 0.140113697281
	(47) 0.0118138921447
	(52) 0.383585677272
	(61) 0.159989775474
	(62) 0.133965399398
S: (state,symbol) 
	(0,2) 0.176226014398
	(0,5) 0.137131747614
	(0,7) 0.231848672008
	(0,12) 0.252042044569
	(0,16) 0.202751521411
	(1,2) 0.113207382089
	(1,3) 0.139290554461
	(1,5) 0.0606136328984
	(1,7) 0.339433740188
	(1,9) 0.106749567798
	(1,12) 0.164810005598
	(1,14) 0.000675637503113
	(1,16) 0.0752194794639
	(2,6) 0.125858847421
	(2,10) 0.623131637866
	(2,17) 0.251009514713
	(3,2) 0.576658569605
	(3,3) 0.00534964293329
	(3,6) 0.0571145387338
	(3,7) 0.104528596577
	(3,12) 0.104290871774
	(3,15) 0.119477950798
	(3,17) 0.0325798295799
	(4,0) 0.192785417942
	(4,7) 0.252064148974
	(4,8) 0.229965445318
	(4,10) 0.122648421521
	(4,16) 0.130705001483
	(4,17) 0.0718315647627
	(5,0) 0.285465259805
	(5,5) 0.310662528485
	(5,8) 0.0395438971515
	(5,10) 0.225320020894
	(5,12) 0.0190965365845
	(5,14) 0.0822457453592
	(5,15) 0.0376660117216
	(6,6) 0.645293825515
	(6,7) 0.0386038872647
	(6,13) 0.058999046563
	(6,15) 0.257103240657
	(7,1) 0.458813251705
	(7,9) 0.177691993267
	(7,14) 0.363494755028
	(8,1) 0.458185004376
	(8,3) 0.0978928084934
	(8,5) 0.134929425612
	(8,7) 0.0294771470089
	(8,8) 0.098664028698
	(8,13) 0.180851585812
	(9,3) 0.317625897677
	(9,6) 0.402700488703
	(9,10) 0.27967361362
	(10,1) 0.431239800254
	(10,3) 0.127441732866
	(10,6) 0.0296400236564
	(10,10) 0.225142667545
	(10,11) 0.0695921792651
	(10,12) 0.0373672693169
	(10,13) 0.00845467445277
	(10,15) 0.0551200245605
	(10,16) 0.016001628083
	(11,2) 0.0177133989971
	(11,4) 0.235732884153
	(11,7) 0.0539314223139
	(11,8) 0.063915626944
	(11,9) 0.0652140268793
	(11,11) 0.150246700724
	(11,13) 0.329658264573
	(11,14) 0.083587675416
	(12,2) 0.0578029992444
	(12,4) 0.069091812602
	(12,5) 0.0613087294621
	(12,7) 0.145840246464
	(12,8) 0.479088524262
	(12,9) 0.114857302351
	(12,13) 0.0140876399668
	(12,16) 0.0579227456484
	(13,0) 0.173085868424
	(13,1) 0.353739087425
	(13,5) 0.0800106206933
	(13,8) 0.266541918378
	(13,9) 0.126622505079
	(14,0) 0.00267147474884
	(14,1) 0.170467687763
	(14,2) 0.0142964386096
	(14,3) 0.180336156416
	(14,5) 0.354707841
	(14,9) 0.205276652619
	(14,12) 0.0722437488432
	(15,5) 0.123423644703
	(15,12) 0.482096481398
	(15,13) 0.195477927472
	(15,14) 0.199001946426
	(16,1) 0.0816850332505
	(16,2) 0.0164591555308
	(16,4) 0.0843645898642
	(16,7) 0.631452595783
	(16,12) 0.054332973652
	(16,15) 0.13170565192
	(17,0) 0.0640457006141
	(17,6) 0.301577435973
	(17,7) 0.010674613723
	(17,10) 0.0541743300495
	(17,12) 0.202777391856
	(17,13) 0.330205712091
	(17,14) 0.019091152668
	(17,16) 0.0174536630252
	(18,16) 1.0
	(19,1) 0.167625218138
	(19,2) 0.233475845352
	(19,5) 0.0535342422549
	(19,7) 0.0939077108425
	(19,16) 0.306777005789
	(19,17) 0.144679977624
	(20,0) 0.009725210454
	(20,3) 0.0152326043604
	(20,7) 0.115590096741
	(20,12) 0.391279835632
	(20,14) 0.198297939709
	(20,15) 0.0363766249023
	(20,17) 0.233497688201
	(21,6) 0.261958624843
	(21,14) 0.631221889336
	(21,16) 0.106819485821
	(22,3) 0.695381822577
	(22,4) 0.010823985534
	(22,5) 0.113934250295
	(22,7) 0.0204565963473
	(22,14) 0.0770647176843
	(22,15) 0.0257977849918
	(22,16) 0.056540842571
	(23,0) 0.14056039093
	(23,2) 0.124986015794
	(23,3) 0.0276896060911
	(23,6) 0.0378562376906
	(23,7) 0.0213977443719
	(23,10) 0.239999538492
	(23,13) 0.131855622492
	(23,14) 0.218347869039
	(23,16) 0.0573069750992
	(24,1) 0.078694759159
	(24,6) 0.397334342966
	(24,7) 0.30451059716
	(24,8) 0.0910395420208
	(24,9) 0.0273128786385
	(24,16) 0.0965915947951
	(24,17) 0.00451628526031
	(25,3) 0.127243205614
	(25,6) 0.0997084902475
	(25,10) 0.312966009923
	(25,12) 0.130326865972
	(25,13) 0.0721865053092
	(25,14) 0.257568922934
	(26,2) 0.068048549209
	(26,3) 0.0171390832088
	(26,4) 0.219296944706
	(26,7) 0.230778891804
	(26,8) 0.292552546161
	(26,11) 0.172183984911
	(27,3) 0.554392846026
	(27,4) 0.164755554998
	(27,14) 0.132502791229
	(27,15) 0.148348807747
	(28,0) 0.126893365063
	(28,2) 0.0212077232507
	(28,3) 0.0201762460181
	(28,4) 0.053220723609
	(28,5) 0.0297282212206
	(28,7) 0.0913152504936
	(28,8) 0.109001465018
	(28,9) 0.0278532767717
	(28,11) 0.0395985896145
	(28,12) 0.0766740091041
	(28,13) 0.159387192237
	(28,14) 0.00227528384222
	(28,17) 0.242668653758
	(29,2) 0.120518361614
	(29,3) 0.0268582649338
	(29,4) 0.46264475011
	(29,10) 0.112082144292
	(29,12) 0.0366568904079
	(29,17) 0.241239588642
	(30,1) 0.348201432412
	(30,5) 0.113261873029
	(30,9) 0.503913085251
	(30,14) 0.0346236093078
	(31,1) 0.410965238607
	(31,9) 0.0727396937309
	(31,17) 0.516295067662
	(32,3) 0.367362622563
	(32,9) 0.0871179586484
	(32,15) 0.522671989033
	(32,17) 0.0228474297563
	(33,5) 0.490691259146
	(33,10) 0.0297913863344
	(33,13) 0.318074774896
	(33,17) 0.161442579623
	(34,0) 0.0285567725913
	(34,5) 0.235295703337
	(34,7) 0.172761195534
	(34,8) 0.125589036295
	(34,9) 0.0405429732169
	(34,12) 0.12214349993
	(34,13) 0.0297988783778
	(34,14) 0.0579063550065
	(34,16) 0.187405585711
	(35,3) 0.113382559176
	(35,5) 0.105725834827
	(35,12) 0.102596251894
	(35,13) 0.38021854631
	(35,17) 0.298076807793
	(36,0) 0.364430604671
	(36,2) 0.148070877523
	(36,7) 0.025174652865
	(36,9) 0.042956538458
	(36,13) 0.314540629353
	(36,15) 0.104826697131
	(37,1) 0.157604198183
	(37,2) 0.173713163785
	(37,3) 0.24292834101
	(37,4) 0.141669248214
	(37,6) 0.0297656352268
	(37,9) 0.0355358950895
	(37,10) 0.151424114418
	(37,11) 0.0673594040738
	(38,1) 0.326479004016
	(38,3) 0.120857407257
	(38,4) 0.088795430918
	(38,5) 0.0596538423944
	(38,13) 0.404214315415
	(39,2) 0.683767335244
	(39,5) 0.0561154051136
	(39,14) 0.0715095766637
	(39,15) 0.188607682979
	(40,3) 0.72444596903
	(40,8) 0.0281683136963
	(40,11) 0.0637641557223
	(40,12) 0.00212743876765
	(40,15) 0.0393226608142
	(40,16) 0.14217146197
	(41,3) 0.15997917238
	(41,4) 0.041151424015
	(41,5) 0.429394720162
	(41,9) 0.00153302834713
	(41,13) 0.0055400061392
	(41,16) 0.362401648957
	(42,0) 0.310007088003
	(42,2) 0.13311307437
	(42,5) 0.0121391658341
	(42,9) 0.483445112426
	(42,10) 0.0612955593667
	(43,1) 0.320834415995
	(43,3) 0.249242406092
	(43,8) 0.0939451534534
	(43,9) 8.49630605294e-05
	(43,11) 0.0429475611824
	(43,12) 0.074755898173
	(43,13) 0.213492221847
	(43,16) 0.00469738019633
	(44,1) 0.0396224559822
	(44,2) 0.264852357874
	(44,7) 0.0940162521426
	(44,12) 0.279762599728
	(44,13) 0.321746334273
	(45,2) 0.297097288695
	(45,14) 0.702902711305
	(46,1) 0.453866180153
	(46,9) 0.407898792666
	(46,15) 0.138235027181
	(47,3) 0.0233125291562
	(47,4) 0.0310177476983
	(47,7) 0.523939342521
	(47,9) 0.0802220209354
	(47,10) 0.0881339208852
	(47,12) 0.0464584201075
	(47,17) 0.206916018697
	(48,1) 0.14031196185
	(48,2) 0.217843764444
	(48,3) 0.0111097448177
	(48,8) 0.171321752376
	(48,9) 0.100720205989
	(48,13) 0.0685079968034
	(48,15) 0.109089716244
	(48,16) 0.181094857476
	(49,5) 0.0694345319266
	(49,7) 0.00278541223463
	(49,9) 0.210839760172
	(49,10) 0.237407740916
	(49,11) 0.207092772357
	(49,15) 0.0715301622699
	(49,16) 0.200909620124
	(50,0) 0.0473132601086
	(50,1) 0.58970286042
	(50,7) 0.281807148651
	(50,9) 0.081176730821
	(51,4) 0.0181458456288
	(51,9) 0.476250857649
	(51,10) 0.141446242059
	(51,11) 0.102616566349
	(51,12) 0.0455309249358
	(51,16) 0.00908662111256
	(51,17) 0.206922942266
	(52,6) 0.0214565912088
	(52,10) 0.264096376342
	(52,13) 0.326474370526
	(52,14) 0.179794457479
	(52,15) 0.208178204445
	(53,0) 0.0898687310354
	(53,1) 0.123124157688
	(53,3) 0.125458513632
	(53,5) 0.033465194602
	(53,8) 0.0664663487783
	(53,9) 1.79982250519e-05
	(53,10) 0.0589413360899
	(53,11) 0.0913813902749
	(53,12) 0.0423732763477
	(53,13) 0.339983557775
	(53,16) 0.00389933044468
	(53,17) 0.0250201651078
	(54,1) 0.0149080407745
	(54,6) 0.0547226823597
	(54,10) 0.594095670081
	(54,11) 0.0708270530941
	(54,15) 0.265446553691
	(55,0) 0.0439355101789
	(55,4) 0.238086166743
	(55,5) 0.0176666248811
	(55,6) 0.37162037009
	(55,7) 0.163352724682
	(55,9) 0.0488369392902
	(55,11) 0.116501664135
	(56,1) 0.0801067091243
	(56,4) 0.192229501962
	(56,5) 0.229005825908
	(56,7) 0.0511117825887
	(56,10) 0.162273174163
	(56,11) 0.0443561916883
	(56,14) 0.0863268633008
	(56,15) 0.154589951265
	(57,0) 0.0543219989821
	(57,3) 0.0228213082106
	(57,4) 0.0923523108957
	(57,8) 0.106439091963
	(57,9) 0.704707043897
	(57,10) 0.0193582460511
	(58,1) 0.298386187208
	(58,3) 0.114850166114
	(58,7) 0.286771753309
	(58,9) 0.0367824198174
	(58,14) 0.263209473552
	(59,0) 0.0708313972715
	(59,3) 0.469633947905
	(59,12) 0.459534654824
	(60,0) 0.350195268974
	(60,4) 0.360197602556
	(60,8) 0.212969372833
	(60,11) 0.0766377556375
	(61,0) 0.154952711153
	(61,1) 0.00669137419439
	(61,3) 0.225840565385
	(61,4) 0.0223413605413
	(61,9) 0.0259888982485
	(61,12) 0.0210098054136
	(61,13) 0.296049571209
	(61,14) 0.110269662208
	(61,15) 0.0870064613127
	(61,16) 0.0498495903345
	(62,1) 0.0545559986719
	(62,4) 0.164324494814
	(62,9) 0.178239422441
	(62,14) 0.534429968648
	(62,17) 0.0684501154245
T: (state,symbol,state) 
	(0,0,15) 1.0
	(0,1,15) 1.0
	(0,2,15) 1.0
	(0,3,15) 1.0
	(0,4,15) 1.0
	(0,5,15) 1.0
	(0,6,15) 1.0
	(0,7,15) 1.0
	(0,8,15) 1.0
	(0,9,15) 1.0
	(0,10,15) 1.0
	(0,11,15) 1.0
	(0,12,15) 1.0
	(0,13,15) 1.0
	(0,14,15) 1.0
	(0,15,15) 1.0
	(0,16,15) 1.0
	(0,17,15) 1.0
	(1,0,20) 1.0
	(1,1,20) 1.0
	(1,2,20) 1.0
	(1,3,20) 1.0
	(1,4,20) 1.0
	(1,5,20) 1.0
	(1,6,20) 1.0
	(1,7,20) 1.0
	(1,8,20) 1.0
	(1,9,20) 1.0
	(1,10,20) 1.0
	(1,11,20) 1.0
	(1,12,20) 1.0
	(1,13,20) 1.0
	(1,14,20) 1.0
	(1,15,20) 1.0
	(1,16,20) 1.0
	(1,17,20) 1.0
	(2,0,36) 1.0
	(2,1,36) 1.0
	(2,2,36) 1.0
	(2,3,36) 1.0
	(2,4,36) 1.0
	(2,5,36) 1.0
	(2,6,36) 1.0
	(2,7,36) 1.0
	(2,8,36) 1.0
	(2,9,36) 1.0
	(2,10,36) 1.0
	(2,11,36) 1.0
	(2,12,36) 1.0
	(2,13,36) 1.0
	(2,14,36) 1.0
	(2,15,36) 1.0
	(2,16,36) 1.0
	(2,17,36) 1.0
	(3,0,4) 1.0
	(3,1,4) 1.0
	(3,2,4) 1.0
	(3,3,4) 1.0
	(3,4,4) 1.0
	(3,5,4) 1.0
	(3,6,4) 1.0
	(3,7,4) 1.0
	(3,8,4) 1.0
	(3,9,4) 1.0
	(3,10,4) 1.0
	(3,11,4) 1.0
	(3,12,4) 1.0
	(3,13,4) 1.0
	(3,14,4) 1.0
	(3,15,4) 1.0
	(3,16,4) 1.0
	(3,17,4) 1.0
	(4,0,31) 1.0
	(4,1,31) 1.0
	(4,2,31) 1.0
	(4,3,31) 1.0
	(4,4,31) 1.0
	(4,5,31) 1.0
	(4,6,31) 1.0
	(4,7,31) 1.0
	(4,8,31) 1.0
	(4,9,31) 1.0
	(4,10,31) 1.0
	(4,11,31) 1.0
	(4,12,31) 1.0
	(4,13,31) 1.0
	(4,14,31) 1.0
	(4,15,31) 1.0
	(4,16,31) 1.0
	(4,17,31) 1.0
	(5,0,34) 1.0
	(5,1,34) 1.0
	(5,2,34) 1.0
	(5,3,34) 1.0
	(5,4,34) 1.0
	(5,5,34) 1.0
	(5,6,34) 1.0
	(5,7,34) 1.0
	(5,8,34) 1.0
	(5,9,34) 1.0
	(5,10,34) 1.0
	(5,11,34) 1.0
	(5,12,34) 1.0
	(5,13,34) 1.0
	(5,14,34) 1.0
	(5,15,34) 1.0
	(5,16,34) 1.0
	(5,17,34) 1.0
	(6,0,11) 1.0
	(6,1,11) 1.0
	(6,2,11) 1.0
	(6,3,11) 1.0
	(6,4,11) 1.0
	(6,5,11) 1.0
	(6,6,11) 1.0
	(6,7,11) 1.0
	(6,8,11) 1.0
	(6,9,11) 1.0
	(6,10,11) 1.0
	(6,11,11) 1.0
	(6,12,11) 1.0
	(6,13,11) 1.0
	(6,14,11) 1.0
	(6,15,11) 1.0
	(6,16,11) 1.0
	(6,17,11) 1.0
	(7,0,62) 1.0
	(7,1,62) 1.0
	(7,2,62) 1.0
	(7,3,62) 1.0
	(7,4,62) 1.0
	(7,5,62) 1.0
	(7,6,62) 1.0
	(7,7,62) 1.0
	(7,8,62) 1.0
	(7,9,62) 1.0
	(7,10,62) 1.0
	(7,11,62) 1.0
	(7,12,62) 1.0
	(7,13,62) 1.0
	(7,14,62) 1.0
	(7,15,62) 1.0
	(7,16,62) 1.0
	(7,17,62) 1.0
	(8,0,55) 1.0
	(8,1,55) 1.0
	(8,2,55) 1.0
	(8,3,55) 1.0
	(8,4,55) 1.0
	(8,5,55) 1.0
	(8,6,55) 1.0
	(8,7,55) 1.0
	(8,8,55) 1.0
	(8,9,55) 1.0
	(8,10,55) 1.0
	(8,11,55) 1.0
	(8,12,55) 1.0
	(8,13,55) 1.0
	(8,14,55) 1.0
	(8,15,55) 1.0
	(8,16,55) 1.0
	(8,17,55) 1.0
	(9,0,56) 1.0
	(9,1,56) 1.0
	(9,2,56) 1.0
	(9,3,56) 1.0
	(9,4,56) 1.0
	(9,5,56) 1.0
	(9,6,56) 1.0
	(9,7,56) 1.0
	(9,8,56) 1.0
	(9,9,56) 1.0
	(9,10,56) 1.0
	(9,11,56) 1.0
	(9,12,56) 1.0
	(9,13,56) 1.0
	(9,14,56) 1.0
	(9,15,56) 1.0
	(9,16,56) 1.0
	(9,17,56) 1.0
	(10,0,21) 1.0
	(10,1,21) 1.0
	(10,2,21) 1.0
	(10,3,21) 1.0
	(10,4,21) 1.0
	(10,5,21) 1.0
	(10,6,21) 1.0
	(10,7,21) 1.0
	(10,8,21) 1.0
	(10,9,21) 1.0
	(10,10,21) 1.0
	(10,11,21) 1.0
	(10,12,21) 1.0
	(10,13,21) 1.0
	(10,14,21) 1.0
	(10,15,21) 1.0
	(10,16,21) 1.0
	(10,17,21) 1.0
	(11,0,2) 1.0
	(11,1,2) 1.0
	(11,2,2) 1.0
	(11,3,2) 1.0
	(11,4,2) 1.0
	(11,5,2) 1.0
	(11,6,2) 1.0
	(11,7,2) 1.0
	(11,8,2) 1.0
	(11,9,2) 1.0
	(11,10,2) 1.0
	(11,11,2) 1.0
	(11,12,2) 1.0
	(11,13,2) 1.0
	(11,14,2) 1.0
	(11,15,2) 1.0
	(11,16,2) 1.0
	(11,17,2) 1.0
	(12,0,44) 1.0
	(12,1,44) 1.0
	(12,2,44) 1.0
	(12,3,44) 1.0
	(12,4,44) 1.0
	(12,5,44) 1.0
	(12,6,44) 1.0
	(12,7,44) 1.0
	(12,8,44) 1.0
	(12,9,44) 1.0
	(12,10,44) 1.0
	(12,11,44) 1.0
	(12,12,44) 1.0
	(12,13,44) 1.0
	(12,14,44) 1.0
	(12,15,44) 1.0
	(12,16,44) 1.0
	(12,17,44) 1.0
	(13,0,11) 1.0
	(13,1,11) 1.0
	(13,2,11) 1.0
	(13,3,11) 1.0
	(13,4,11) 1.0
	(13,5,11) 1.0
	(13,6,11) 1.0
	(13,7,11) 1.0
	(13,8,11) 1.0
	(13,9,11) 1.0
	(13,10,11) 1.0
	(13,11,11) 1.0
	(13,12,11) 1.0
	(13,13,11) 1.0
	(13,14,11) 1.0
	(13,15,11) 1.0
	(13,16,11) 1.0
	(13,17,11) 1.0
	(14,0,14) 1.0
	(14,1,14) 1.0
	(14,2,14) 1.0
	(14,3,14) 1.0
	(14,4,14) 1.0
	(14,5,14) 1.0
	(14,6,14) 1.0
	(14,7,14) 1.0
	(14,8,14) 1.0
	(14,9,14) 1.0
	(14,10,14) 1.0
	(14,11,14) 1.0
	(14,12,14) 1.0
	(14,13,14) 1.0
	(14,14,14) 1.0
	(14,15,14) 1.0
	(14,16,14) 1.0
	(14,17,14) 1.0
	(15,0,58) 1.0
	(15,1,58) 1.0
	(15,2,58) 1.0
	(15,3,58) 1.0
	(15,4,58) 1.0
	(15,5,58) 1.0
	(15,6,58) 1.0
	(15,7,58) 1.0
	(15,8,58) 1.0
	(15,9,58) 1.0
	(15,10,58) 1.0
	(15,11,58) 1.0
	(15,12,58) 1.0
	(15,13,58) 1.0
	(15,14,58) 1.0
	(15,15,58) 1.0
	(15,16,58) 1.0
	(15,17,58) 1.0
	(16,0,22) 1.0
	(16,1,22) 1.0
	(16,2,22) 1.0
	(16,3,22) 1.0
	(16,4,22) 1.0
	(16,5,22) 1.0
	(16,6,22) 1.0
	(16,7,22) 1.0
	(16,8,22) 1.0
	(16,9,22) 1.0
	(16,10,22) 1.0
	(16,11,22) 1.0
	(16,12,22) 1.0
	(16,13,22) 1.0
	(16,14,22) 1.0
	(16,15,22) 1.0
	(16,16,22) 1.0
	(16,17,22) 1.0
	(17,0,1) 1.0
	(17,1,1) 1.0
	(17,2,1) 1.0
	(17,3,1) 1.0
	(17,4,1) 1.0
	(17,5,1) 1.0
	(17,6,1) 1.0
	(17,7,1) 1.0
	(17,8,1) 1.0
	(17,9,1) 1.0
	(17,10,1) 1.0
	(17,11,1) 1.0
	(17,12,1) 1.0
	(17,13,1) 1.0
	(17,14,1) 1.0
	(17,15,1) 1.0
	(17,16,1) 1.0
	(17,17,1) 1.0
	(18,0,20) 1.0
	(18,1,20) 1.0
	(18,2,20) 1.0
	(18,3,20) 1.0
	(18,4,20) 1.0
	(18,5,20) 1.0
	(18,6,20) 1.0
	(18,7,20) 1.0
	(18,8,20) 1.0
	(18,9,20) 1.0
	(18,10,20) 1.0
	(18,11,20) 1.0
	(18,12,20) 1.0
	(18,13,20) 1.0
	(18,14,20) 1.0
	(18,15,20) 1.0
	(18,16,20) 1.0
	(18,17,20) 1.0
	(19,0,53) 1.0
	(19,1,53) 1.0
	(19,2,53) 1.0
	(19,3,53) 1.0
	(19,4,53) 1.0
	(19,5,53) 1.0
	(19,6,53) 1.0
	(19,7,53) 1.0
	(19,8,53) 1.0
	(19,9,53) 1.0
	(19,10,53) 1.0
	(19,11,53) 1.0
	(19,12,53) 1.0
	(19,13,53) 1.0
	(19,14,53) 1.0
	(19,15,53) 1.0
	(19,16,53) 1.0
	(19,17,53) 1.0
	(20,0,20) 1.0
	(20,1,20) 1.0
	(20,2,20) 1.0
	(20,3,20) 1.0
	(20,4,20) 1.0
	(20,5,20) 1.0
	(20,6,20) 1.0
	(20,7,20) 1.0
	(20,8,20) 1.0
	(20,9,20) 1.0
	(20,10,20) 1.0
	(20,11,20) 1.0
	(20,12,20) 1.0
	(20,13,20) 1.0
	(20,14,20) 1.0
	(20,15,20) 1.0
	(20,16,20) 1.0
	(20,17,20) 1.0
	(21,0,4) 1.0
	(21,1,4) 1.0
	(21,2,4) 1.0
	(21,3,4) 1.0
	(21,4,4) 1.0
	(21,5,4) 1.0
	(21,6,4) 1.0
	(21,7,4) 1.0
	(21,8,4) 1.0
	(21,9,4) 1.0
	(21,10,4) 1.0
	(21,11,4) 1.0
	(21,12,4) 1.0
	(21,13,4) 1.0
	(21,14,4) 1.0
	(21,15,4) 1.0
	(21,16,4) 1.0
	(21,17,4) 1.0
	(22,0,21) 1.0
	(22,1,21) 1.0
	(22,2,21) 1.0
	(22,3,21) 1.0
	(22,4,21) 1.0
	(22,5,21) 1.0
	(22,6,21) 1.0
	(22,7,21) 1.0
	(22,8,21) 1.0
	(22,9,21) 1.0
	(22,10,21) 1.0
	(22,11,21) 1.0
	(22,12,21) 1.0
	(22,13,21) 1.0
	(22,14,21) 1.0
	(22,15,21) 1.0
	(22,16,21) 1.0
	(22,17,21) 1.0
	(23,0,16) 0.0693951790526
	(23,0,18) 0.930604820947
	(23,1,16) 0.0693951790526
	(23,1,18) 0.930604820947
	(23,2,16) 0.0693951790526
	(23,2,18) 0.930604820947
	(23,3,16) 0.0693951790526
	(23,3,18) 0.930604820947
	(23,4,16) 0.0693951790526
	(23,4,18) 0.930604820947
	(23,5,16) 0.0693951790526
	(23,5,18) 0.930604820947
	(23,6,16) 0.0693951790526
	(23,6,18) 0.930604820947
	(23,7,16) 0.0693951790526
	(23,7,18) 0.930604820947
	(23,8,16) 0.0693951790526
	(23,8,18) 0.930604820947
	(23,9,16) 0.0693951790526
	(23,9,18) 0.930604820947
	(23,10,16) 0.0693951790526
	(23,10,18) 0.930604820947
	(23,11,16) 0.0693951790526
	(23,11,18) 0.930604820947
	(23,12,16) 0.0693951790526
	(23,12,18) 0.930604820947
	(23,13,16) 0.0693951790526
	(23,13,18) 0.930604820947
	(23,14,16) 0.0693951790526
	(23,14,18) 0.930604820947
	(23,15,16) 0.0693951790526
	(23,15,18) 0.930604820947
	(23,16,16) 0.0693951790526
	(23,16,18) 0.930604820947
	(23,17,16) 0.0693951790526
	(23,17,18) 0.930604820947
	(24,0,21) 1.0
	(24,1,21) 1.0
	(24,2,21) 1.0
	(24,3,21) 1.0
	(24,4,21) 1.0
	(24,5,21) 1.0
	(24,6,21) 1.0
	(24,7,21) 1.0
	(24,8,21) 1.0
	(24,9,21) 1.0
	(24,10,21) 1.0
	(24,11,21) 1.0
	(24,12,21) 1.0
	(24,13,21) 1.0
	(24,14,21) 1.0
	(24,15,21) 1.0
	(24,16,21) 1.0
	(24,17,21) 1.0
	(25,0,1) 1.0
	(25,1,1) 1.0
	(25,2,1) 1.0
	(25,3,1) 1.0
	(25,4,1) 1.0
	(25,5,1) 1.0
	(25,6,1) 1.0
	(25,7,1) 1.0
	(25,8,1) 1.0
	(25,9,1) 1.0
	(25,10,1) 1.0
	(25,11,1) 1.0
	(25,12,1) 1.0
	(25,13,1) 1.0
	(25,14,1) 1.0
	(25,15,1) 1.0
	(25,16,1) 1.0
	(25,17,1) 1.0
	(26,0,51) 1.0
	(26,1,51) 1.0
	(26,2,51) 1.0
	(26,3,51) 1.0
	(26,4,51) 1.0
	(26,5,51) 1.0
	(26,6,51) 1.0
	(26,7,51) 1.0
	(26,8,51) 1.0
	(26,9,51) 1.0
	(26,10,51) 1.0
	(26,11,51) 1.0
	(26,12,51) 1.0
	(26,13,51) 1.0
	(26,14,51) 1.0
	(26,15,51) 1.0
	(26,16,51) 1.0
	(26,17,51) 1.0
	(27,0,48) 1.0
	(27,1,48) 1.0
	(27,2,48) 1.0
	(27,3,48) 1.0
	(27,4,48) 1.0
	(27,5,48) 1.0
	(27,6,48) 1.0
	(27,7,48) 1.0
	(27,8,48) 1.0
	(27,9,48) 1.0
	(27,10,48) 1.0
	(27,11,48) 1.0
	(27,12,48) 1.0
	(27,13,48) 1.0
	(27,14,48) 1.0
	(27,15,48) 1.0
	(27,16,48) 1.0
	(27,17,48) 1.0
	(28,0,52) 1.0
	(28,1,52) 1.0
	(28,2,52) 1.0
	(28,3,52) 1.0
	(28,4,52) 1.0
	(28,5,52) 1.0
	(28,6,52) 1.0
	(28,7,52) 1.0
	(28,8,52) 1.0
	(28,9,52) 1.0
	(28,10,52) 1.0
	(28,11,52) 1.0
	(28,12,52) 1.0
	(28,13,52) 1.0
	(28,14,52) 1.0
	(28,15,52) 1.0
	(28,16,52) 1.0
	(28,17,52) 1.0
	(29,0,39) 1.0
	(29,1,39) 1.0
	(29,2,39) 1.0
	(29,3,39) 1.0
	(29,4,39) 1.0
	(29,5,39) 1.0
	(29,6,39) 1.0
	(29,7,39) 1.0
	(29,8,39) 1.0
	(29,9,39) 1.0
	(29,10,39) 1.0
	(29,11,39) 1.0
	(29,12,39) 1.0
	(29,13,39) 1.0
	(29,14,39) 1.0
	(29,15,39) 1.0
	(29,16,39) 1.0
	(29,17,39) 1.0
	(30,0,9) 1.0
	(30,1,9) 1.0
	(30,2,9) 1.0
	(30,3,9) 1.0
	(30,4,9) 1.0
	(30,5,9) 1.0
	(30,6,9) 1.0
	(30,7,9) 1.0
	(30,8,9) 1.0
	(30,9,9) 1.0
	(30,10,9) 1.0
	(30,11,9) 1.0
	(30,12,9) 1.0
	(30,13,9) 1.0
	(30,14,9) 1.0
	(30,15,9) 1.0
	(30,16,9) 1.0
	(30,17,9) 1.0
	(31,0,59) 1.0
	(31,1,59) 1.0
	(31,2,59) 1.0
	(31,3,59) 1.0
	(31,4,59) 1.0
	(31,5,59) 1.0
	(31,6,59) 1.0
	(31,7,59) 1.0
	(31,8,59) 1.0
	(31,9,59) 1.0
	(31,10,59) 1.0
	(31,11,59) 1.0
	(31,12,59) 1.0
	(31,13,59) 1.0
	(31,14,59) 1.0
	(31,15,59) 1.0
	(31,16,59) 1.0
	(31,17,59) 1.0
	(32,0,11) 1.0
	(32,1,11) 1.0
	(32,2,11) 1.0
	(32,3,11) 1.0
	(32,4,11) 1.0
	(32,5,11) 1.0
	(32,6,11) 1.0
	(32,7,11) 1.0
	(32,8,11) 1.0
	(32,9,11) 1.0
	(32,10,11) 1.0
	(32,11,11) 1.0
	(32,12,11) 1.0
	(32,13,11) 1.0
	(32,14,11) 1.0
	(32,15,11) 1.0
	(32,16,11) 1.0
	(32,17,11) 1.0
	(33,0,49) 1.0
	(33,1,49) 1.0
	(33,2,49) 1.0
	(33,3,49) 1.0
	(33,4,49) 1.0
	(33,5,49) 1.0
	(33,6,49) 1.0
	(33,7,49) 1.0
	(33,8,49) 1.0
	(33,9,49) 1.0
	(33,10,49) 1.0
	(33,11,49) 1.0
	(33,12,49) 1.0
	(33,13,49) 1.0
	(33,14,49) 1.0
	(33,15,49) 1.0
	(33,16,49) 1.0
	(33,17,49) 1.0
	(34,0,41) 1.0
	(34,1,41) 1.0
	(34,2,41) 1.0
	(34,3,41) 1.0
	(34,4,41) 1.0
	(34,5,41) 1.0
	(34,6,41) 1.0
	(34,7,41) 1.0
	(34,8,41) 1.0
	(34,9,41) 1.0
	(34,10,41) 1.0
	(34,11,41) 1.0
	(34,12,41) 1.0
	(34,13,41) 1.0
	(34,14,41) 1.0
	(34,15,41) 1.0
	(34,16,41) 1.0
	(34,17,41) 1.0
	(35,0,29) 1.0
	(35,1,29) 1.0
	(35,2,29) 1.0
	(35,3,29) 1.0
	(35,4,29) 1.0
	(35,5,29) 1.0
	(35,6,29) 1.0
	(35,7,29) 1.0
	(35,8,29) 1.0
	(35,9,29) 1.0
	(35,10,29) 1.0
	(35,11,29) 1.0
	(35,12,29) 1.0
	(35,13,29) 1.0
	(35,14,29) 1.0
	(35,15,29) 1.0
	(35,16,29) 1.0
	(35,17,29) 1.0
	(36,0,5) 1.0
	(36,1,5) 1.0
	(36,2,5) 1.0
	(36,3,5) 1.0
	(36,4,5) 1.0
	(36,5,5) 1.0
	(36,6,5) 1.0
	(36,7,5) 1.0
	(36,8,5) 1.0
	(36,9,5) 1.0
	(36,10,5) 1.0
	(36,11,5) 1.0
	(36,12,5) 1.0
	(36,13,5) 1.0
	(36,14,5) 1.0
	(36,15,5) 1.0
	(36,16,5) 1.0
	(36,17,5) 1.0
	(37,0,15) 1.0
	(37,1,15) 1.0
	(37,2,15) 1.0
	(37,3,15) 1.0
	(37,4,15) 1.0
	(37,5,15) 1.0
	(37,6,15) 1.0
	(37,7,15) 1.0
	(37,8,15) 1.0
	(37,9,15) 1.0
	(37,10,15) 1.0
	(37,11,15) 1.0
	(37,12,15) 1.0
	(37,13,15) 1.0
	(37,14,15) 1.0
	(37,15,15) 1.0
	(37,16,15) 1.0
	(37,17,15) 1.0
	(38,0,16) 1.0
	(38,1,16) 1.0
	(38,2,16) 1.0
	(38,3,16) 1.0
	(38,4,16) 1.0
	(38,5,16) 1.0
	(38,6,16) 1.0
	(38,7,16) 1.0
	(38,8,16) 1.0
	(38,9,16) 1.0
	(38,10,16) 1.0
	(38,11,16) 1.0
	(38,12,16) 1.0
	(38,13,16) 1.0
	(38,14,16) 1.0
	(38,15,16) 1.0
	(38,16,16) 1.0
	(38,17,16) 1.0
	(39,0,5) 0.390001670464
	(39,0,55) 0.609998329536
	(39,1,5) 0.390001670464
	(39,1,55) 0.609998329536
	(39,2,5) 0.390001670464
	(39,2,55) 0.609998329536
	(39,3,5) 0.390001670464
	(39,3,55) 0.609998329536
	(39,4,5) 0.390001670464
	(39,4,55) 0.609998329536
	(39,5,5) 0.390001670464
	(39,5,55) 0.609998329536
	(39,6,5) 0.390001670464
	(39,6,55) 0.609998329536
	(39,7,5) 0.390001670464
	(39,7,55) 0.609998329536
	(39,8,5) 0.390001670464
	(39,8,55) 0.609998329536
	(39,9,5) 0.390001670464
	(39,9,55) 0.609998329536
	(39,10,5) 0.390001670464
	(39,10,55) 0.609998329536
	(39,11,5) 0.390001670464
	(39,11,55) 0.609998329536
	(39,12,5) 0.390001670464
	(39,12,55) 0.609998329536
	(39,13,5) 0.390001670464
	(39,13,55) 0.609998329536
	(39,14,5) 0.390001670464
	(39,14,55) 0.609998329536
	(39,15,5) 0.390001670464
	(39,15,55) 0.609998329536
	(39,16,5) 0.390001670464
	(39,16,55) 0.609998329536
	(39,17,5) 0.390001670464
	(39,17,55) 0.609998329536
	(40,0,11) 1.0
	(40,1,11) 1.0
	(40,2,11) 1.0
	(40,3,11) 1.0
	(40,4,11) 1.0
	(40,5,11) 1.0
	(40,6,11) 1.0
	(40,7,11) 1.0
	(40,8,11) 1.0
	(40,9,11) 1.0
	(40,10,11) 1.0
	(40,11,11) 1.0
	(40,12,11) 1.0
	(40,13,11) 1.0
	(40,14,11) 1.0
	(40,15,11) 1.0
	(40,16,11) 1.0
	(40,17,11) 1.0
	(41,0,8) 1.0
	(41,1,8) 1.0
	(41,2,8) 1.0
	(41,3,8) 1.0
	(41,4,8) 1.0
	(41,5,8) 1.0
	(41,6,8) 1.0
	(41,7,8) 1.0
	(41,8,8) 1.0
	(41,9,8) 1.0
	(41,10,8) 1.0
	(41,11,8) 1.0
	(41,12,8) 1.0
	(41,13,8) 1.0
	(41,14,8) 1.0
	(41,15,8) 1.0
	(41,16,8) 1.0
	(41,17,8) 1.0
	(42,0,14) 1.0
	(42,1,14) 1.0
	(42,2,14) 1.0
	(42,3,14) 1.0
	(42,4,14) 1.0
	(42,5,14) 1.0
	(42,6,14) 1.0
	(42,7,14) 1.0
	(42,8,14) 1.0
	(42,9,14) 1.0
	(42,10,14) 1.0
	(42,11,14) 1.0
	(42,12,14) 1.0
	(42,13,14) 1.0
	(42,14,14) 1.0
	(42,15,14) 1.0
	(42,16,14) 1.0
	(42,17,14) 1.0
	(43,0,38) 1.0
	(43,1,38) 1.0
	(43,2,38) 1.0
	(43,3,38) 1.0
	(43,4,38) 1.0
	(43,5,38) 1.0
	(43,6,38) 1.0
	(43,7,38) 1.0
	(43,8,38) 1.0
	(43,9,38) 1.0
	(43,10,38) 1.0
	(43,11,38) 1.0
	(43,12,38) 1.0
	(43,13,38) 1.0
	(43,14,38) 1.0
	(43,15,38) 1.0
	(43,16,38) 1.0
	(43,17,38) 1.0
	(44,0,60) 1.0
	(44,1,60) 1.0
	(44,2,60) 1.0
	(44,3,60) 1.0
	(44,4,60) 1.0
	(44,5,60) 1.0
	(44,6,60) 1.0
	(44,7,60) 1.0
	(44,8,60) 1.0
	(44,9,60) 1.0
	(44,10,60) 1.0
	(44,11,60) 1.0
	(44,12,60) 1.0
	(44,13,60) 1.0
	(44,14,60) 1.0
	(44,15,60) 1.0
	(44,16,60) 1.0
	(44,17,60) 1.0
	(45,0,10) 1.0
	(45,1,10) 1.0
	(45,2,10) 1.0
	(45,3,10) 1.0
	(45,4,10) 1.0
	(45,5,10) 1.0
	(45,6,10) 1.0
	(45,7,10) 1.0
	(45,8,10) 1.0
	(45,9,10) 1.0
	(45,10,10) 1.0
	(45,11,10) 1.0
	(45,12,10) 1.0
	(45,13,10) 1.0
	(45,14,10) 1.0
	(45,15,10) 1.0
	(45,16,10) 1.0
	(45,17,10) 1.0
	(46,0,40) 1.0
	(46,1,40) 1.0
	(46,2,40) 1.0
	(46,3,40) 1.0
	(46,4,40) 1.0
	(46,5,40) 1.0
	(46,6,40) 1.0
	(46,7,40) 1.0
	(46,8,40) 1.0
	(46,9,40) 1.0
	(46,10,40) 1.0
	(46,11,40) 1.0
	(46,12,40) 1.0
	(46,13,40) 1.0
	(46,14,40) 1.0
	(46,15,40) 1.0
	(46,16,40) 1.0
	(46,17,40) 1.0
	(47,0,2) 1.0
	(47,1,2) 1.0
	(47,2,2) 1.0
	(47,3,2) 1.0
	(47,4,2) 1.0
	(47,5,2) 1.0
	(47,6,2) 1.0
	(47,7,2) 1.0
	(47,8,2) 1.0
	(47,9,2) 1.0
	(47,10,2) 1.0
	(47,11,2) 1.0
	(47,12,2) 1.0
	(47,13,2) 1.0
	(47,14,2) 1.0
	(47,15,2) 1.0
	(47,16,2) 1.0
	(47,17,2) 1.0
	(48,0,7) 1.0
	(48,1,7) 1.0
	(48,2,7) 1.0
	(48,3,7) 1.0
	(48,4,7) 1.0
	(48,5,7) 1.0
	(48,6,7) 1.0
	(48,7,7) 1.0
	(48,8,7) 1.0
	(48,9,7) 1.0
	(48,10,7) 1.0
	(48,11,7) 1.0
	(48,12,7) 1.0
	(48,13,7) 1.0
	(48,14,7) 1.0
	(48,15,7) 1.0
	(48,16,7) 1.0
	(48,17,7) 1.0
	(49,0,3) 1.0
	(49,1,3) 1.0
	(49,2,3) 1.0
	(49,3,3) 1.0
	(49,4,3) 1.0
	(49,5,3) 1.0
	(49,6,3) 1.0
	(49,7,3) 1.0
	(49,8,3) 1.0
	(49,9,3) 1.0
	(49,10,3) 1.0
	(49,11,3) 1.0
	(49,12,3) 1.0
	(49,13,3) 1.0
	(49,14,3) 1.0
	(49,15,3) 1.0
	(49,16,3) 1.0
	(49,17,3) 1.0
	(50,0,23) 1.0
	(50,1,23) 1.0
	(50,2,23) 1.0
	(50,3,23) 1.0
	(50,4,23) 1.0
	(50,5,23) 1.0
	(50,6,23) 1.0
	(50,7,23) 1.0
	(50,8,23) 1.0
	(50,9,23) 1.0
	(50,10,23) 1.0
	(50,11,23) 1.0
	(50,12,23) 1.0
	(50,13,23) 1.0
	(50,14,23) 1.0
	(50,15,23) 1.0
	(50,16,23) 1.0
	(50,17,23) 1.0
	(51,0,2) 1.0
	(51,1,2) 1.0
	(51,2,2) 1.0
	(51,3,2) 1.0
	(51,4,2) 1.0
	(51,5,2) 1.0
	(51,6,2) 1.0
	(51,7,2) 1.0
	(51,8,2) 1.0
	(51,9,2) 1.0
	(51,10,2) 1.0
	(51,11,2) 1.0
	(51,12,2) 1.0
	(51,13,2) 1.0
	(51,14,2) 1.0
	(51,15,2) 1.0
	(51,16,2) 1.0
	(51,17,2) 1.0
	(52,0,18) 1.0
	(52,1,18) 1.0
	(52,2,18) 1.0
	(52,3,18) 1.0
	(52,4,18) 1.0
	(52,5,18) 1.0
	(52,6,18) 1.0
	(52,7,18) 1.0
	(52,8,18) 1.0
	(52,9,18) 1.0
	(52,10,18) 1.0
	(52,11,18) 1.0
	(52,12,18) 1.0
	(52,13,18) 1.0
	(52,14,18) 1.0
	(52,15,18) 1.0
	(52,16,18) 1.0
	(52,17,18) 1.0
	(53,0,50) 1.0
	(53,1,50) 1.0
	(53,2,50) 1.0
	(53,3,50) 1.0
	(53,4,50) 1.0
	(53,5,50) 1.0
	(53,6,50) 1.0
	(53,7,50) 1.0
	(53,8,50) 1.0
	(53,9,50) 1.0
	(53,10,50) 1.0
	(53,11,50) 1.0
	(53,12,50) 1.0
	(53,13,50) 1.0
	(53,14,50) 1.0
	(53,15,50) 1.0
	(53,16,50) 1.0
	(53,17,50) 1.0
	(54,0,57) 1.0
	(54,1,57) 1.0
	(54,2,57) 1.0
	(54,3,57) 1.0
	(54,4,57) 1.0
	(54,5,57) 1.0
	(54,6,57) 1.0
	(54,7,57) 1.0
	(54,8,57) 1.0
	(54,9,57) 1.0
	(54,10,57) 1.0
	(54,11,57) 1.0
	(54,12,57) 1.0
	(54,13,57) 1.0
	(54,14,57) 1.0
	(54,15,57) 1.0
	(54,16,57) 1.0
	(54,17,57) 1.0
	(55,0,31) 1.0
	(55,1,31) 1.0
	(55,2,31) 1.0
	(55,3,31) 1.0
	(55,4,31) 1.0
	(55,5,31) 1.0
	(55,6,31) 1.0
	(55,7,31) 1.0
	(55,8,31) 1.0
	(55,9,31) 1.0
	(55,10,31) 1.0
	(55,11,31) 1.0
	(55,12,31) 1.0
	(55,13,31) 1.0
	(55,14,31) 1.0
	(55,15,31) 1.0
	(55,16,31) 1.0
	(55,17,31) 1.0
	(56,0,50) 1.0
	(56,1,50) 1.0
	(56,2,50) 1.0
	(56,3,50) 1.0
	(56,4,50) 1.0
	(56,5,50) 1.0
	(56,6,50) 1.0
	(56,7,50) 1.0
	(56,8,50) 1.0
	(56,9,50) 1.0
	(56,10,50) 1.0
	(56,11,50) 1.0
	(56,12,50) 1.0
	(56,13,50) 1.0
	(56,14,50) 1.0
	(56,15,50) 1.0
	(56,16,50) 1.0
	(56,17,50) 1.0
	(57,0,38) 1.0
	(57,1,38) 1.0
	(57,2,38) 1.0
	(57,3,38) 1.0
	(57,4,38) 1.0
	(57,5,38) 1.0
	(57,6,38) 1.0
	(57,7,38) 1.0
	(57,8,38) 1.0
	(57,9,38) 1.0
	(57,10,38) 1.0
	(57,11,38) 1.0
	(57,12,38) 1.0
	(57,13,38) 1.0
	(57,14,38) 1.0
	(57,15,38) 1.0
	(57,16,38) 1.0
	(57,17,38) 1.0
	(58,0,7) 0.630763330566
	(58,0,30) 0.369236669434
	(58,1,7) 0.630763330566
	(58,1,30) 0.369236669434
	(58,2,7) 0.630763330566
	(58,2,30) 0.369236669434
	(58,3,7) 0.630763330566
	(58,3,30) 0.369236669434
	(58,4,7) 0.630763330566
	(58,4,30) 0.369236669434
	(58,5,7) 0.630763330566
	(58,5,30) 0.369236669434
	(58,6,7) 0.630763330566
	(58,6,30) 0.369236669434
	(58,7,7) 0.630763330566
	(58,7,30) 0.369236669434
	(58,8,7) 0.630763330566
	(58,8,30) 0.369236669434
	(58,9,7) 0.630763330566
	(58,9,30) 0.369236669434
	(58,10,7) 0.630763330566
	(58,10,30) 0.369236669434
	(58,11,7) 0.630763330566
	(58,11,30) 0.369236669434
	(58,12,7) 0.630763330566
	(58,12,30) 0.369236669434
	(58,13,7) 0.630763330566
	(58,13,30) 0.369236669434
	(58,14,7) 0.630763330566
	(58,14,30) 0.369236669434
	(58,15,7) 0.630763330566
	(58,15,30) 0.369236669434
	(58,16,7) 0.630763330566
	(58,16,30) 0.369236669434
	(58,17,7) 0.630763330566
	(58,17,30) 0.369236669434
	(59,0,48) 1.0
	(59,1,48) 1.0
	(59,2,48) 1.0
	(59,3,48) 1.0
	(59,4,48) 1.0
	(59,5,48) 1.0
	(59,6,48) 1.0
	(59,7,48) 1.0
	(59,8,48) 1.0
	(59,9,48) 1.0
	(59,10,48) 1.0
	(59,11,48) 1.0
	(59,12,48) 1.0
	(59,13,48) 1.0
	(59,14,48) 1.0
	(59,15,48) 1.0
	(59,16,48) 1.0
	(59,17,48) 1.0
	(60,0,19) 1.0
	(60,1,19) 1.0
	(60,2,19) 1.0
	(60,3,19) 1.0
	(60,4,19) 1.0
	(60,5,19) 1.0
	(60,6,19) 1.0
	(60,7,19) 1.0
	(60,8,19) 1.0
	(60,9,19) 1.0
	(60,10,19) 1.0
	(60,11,19) 1.0
	(60,12,19) 1.0
	(60,13,19) 1.0
	(60,14,19) 1.0
	(60,15,19) 1.0
	(60,16,19) 1.0
	(60,17,19) 1.0
	(61,0,22) 1.0
	(61,1,22) 1.0
	(61,2,22) 1.0
	(61,3,22) 1.0
	(61,4,22) 1.0
	(61,5,22) 1.0
	(61,6,22) 1.0
	(61,7,22) 1.0
	(61,8,22) 1.0
	(61,9,22) 1.0
	(61,10,22) 1.0
	(61,11,22) 1.0
	(61,12,22) 1.0
	(61,13,22) 1.0
	(61,14,22) 1.0
	(61,15,22) 1.0
	(61,16,22) 1.0
	(61,17,22) 1.0
	(62,0,36) 1.0
	(62,1,36) 1.0
	(62,2,36) 1.0
	(62,3,36) 1.0
	(62,4,36) 1.0
	(62,5,36) 1.0
	(62,6,36) 1.0
	(62,7,36) 1.0
	(62,8,36) 1.0
	(62,9,36) 1.0
	(62,10,36) 1.0
	(62,11,36) 1.0
	(62,12,36) 1.0
	(62,13,36) 1.0
	(62,14,36) 1.0
	(62,15,36) 1.0
	(62,16,36) 1.0
	(62,17,36) 1.0
