1000
3.67718462396e-06
9.13285457757e-08
3.56330387126e-16
1.18834138708e-08
9.73526432164e-06
6.78449629904e-06
1.93955402188e-05
0.00740581565076
0.0118107676243
3.41208790661e-05
7.94819407141e-05
0.0060489027313
3.35006667424e-15
3.64042070145e-08
0.00731843667435
0.00013611685141
2.77237881205e-05
5.6212694301e-07
0.00233222453581
1.90689481501e-15
0.00162583492226
0.039977610214
0.00932000587211
2.449351875e-05
2.18258352485e-05
6.63937772103e-05
0.0162151324961
0.00028059841941
0.00212610771576
5.97672211623e-05
0.000114755021015
2.90184392988e-06
5.46740535098e-08
0.011615261004
7.69100196143e-11
0.00760470562876
2.46666254157e-18
0.00013990982236
2.90266475562e-08
1.31572379715e-05
0.000672435797766
1.26119110494e-06
0.000222433058777
1.68454665856e-10
0.00693115037589
7.27085630341e-11
0.00050274486327
0.00233286055469
6.83203785812e-05
3.18564650371e-13
0.00168003674881
6.12497510613e-07
8.4892485355e-05
0.000651280226201
1.11287021806e-12
1.48376433011e-08
4.8758465169e-18
0.022883860711
5.56656178126e-07
1.16261016412e-05
2.34516690111e-07
0.00109137191816
1.80734074471e-05
1.06684633408e-05
5.91696777391e-07
2.79588929954e-06
1.03166670019e-10
0.0191044966888
1.09411898544e-05
0.000647877889169
1.15342647067e-07
0.00701997665626
1.79681712728e-07
3.27852299391e-06
1.65182522608e-06
0.0064417434082
0.0019905484098
0.000260712231996
1.16866640687e-09
0.000690649117989
0.000211435641581
0.000418014039376
0.0439418440108
9.58567445115e-18
0.0209989243707
7.44353520687e-08
3.43531468375e-06
1.76484003215e-07
4.76304708753e-07
9.95349694676e-05
5.07512722659e-05
6.93760112308e-05
1.7805837943e-11
0.000107637470886
1.68607749957e-14
0.000415892184874
3.58717937137e-08
0.000296413114988
0.0109357372499
5.24543390718e-05
2.29558116229e-06
3.83407096476e-07
4.09537379399e-10
0.00949670727265
2.28661889003e-07
7.40343296592e-07
0.000498749898251
8.54416839996e-06
3.03695762515e-09
0.00413514766474
2.33925274407e-05
0.00145467457176
0.00122736661771
2.00092492198e-06
3.45760223946e-17
0.000111731897216
1.72937615244e-07
3.57241183056e-31
4.45751020375e-06
1.32470994768e-07
1.970663239e-05
2.22470500373e-07
0.000172782534639
6.02979338172e-06
0.000227973571468
0.000182561063337
0.00550319817154
0.000172782534639
7.23497108136e-07
0.00503123653834
2.36037305147e-05
8.72589947986e-07
0.000413428438537
0.000733749029187
4.95600347625e-06
2.2506371126e-08
8.55690149079e-06
0.00564412854501
0.00384413418946
6.16773212607e-05
8.19362673026e-11
0.000363090649502
0.00326463142144
0.00446162320039
9.33744196848e-06
5.69240977101e-11
0.00354265736487
0.00246766465368
7.19755328995e-05
4.66097985743e-12
6.64092187522e-05
1.29531958227e-09
0.000503977332587
3.58691129883e-05
0.000310647040124
8.14532370634e-20
1.56275925733e-06
9.4267866318e-06
6.52984074209e-05
1.12770223846e-10
1.82223588687e-06
1.2535969673e-06
0.000924459278691
8.4497321626e-07
2.60717352669e-12
0.0134798373004
3.47597486398e-10
0.000284703306741
4.31744149541e-06
8.48810758551e-07
0.00844445293101
2.15178388525e-12
1.57659930447e-12
1.84771279138e-05
1.47169039798e-07
2.57583652907e-05
0.000521544711783
6.00114082136e-07
2.62944022516e-14
0.000654060667866
3.85958421472e-11
9.90300480873e-08
2.14124454006e-06
0.00128391111661
1.07605863317e-07
1.47002992369e-06
0.00638141839651
0.00315012377548
1.56182501588e-09
0.000113333005777
6.8841810223e-09
0.0012531976876
1.02424612087e-07
0.000321343557134
9.19044051554e-07
0.01447778715
4.37490311065e-08
6.55888880495e-07
3.85938142248e-05
0.000626859492589
1.75032328184e-05
8.24800710778e-10
4.94800795957e-07
3.73856415107e-08
3.17811595057e-10
1.81703595364e-17
0.0241416264044
5.91429333032e-07
1.11241910875e-07
2.20633487148e-08
1.18363924541e-05
9.62874095928e-10
0.000197315983071
0.0020019330851
0.000756994131501
0.000818982635197
0.000153452491873
0.000828451169288
0.0257353943725
0.000105266785015
0.000642877356968
1.65378451241e-10
0.00107032989824
1.36989654375e-06
1.19900006352e-08
7.91723966816e-12
7.90787139297e-08
0.000165065296444
0.0107452537562
2.12655475405e-11
1.48720206698e-05
1.45153389398e-12
7.03579775729e-10
6.43952873101e-36
0.00804414273453
1.52650906534e-06
6.37026209001e-08
3.46446432899e-10
3.37787635535e-05
0.000841831158816
0.00055021037508
0.00190660315993
9.55610468446e-11
3.45371754384e-10
5.94811339087e-10
0.000689242145406
1.21102310209e-07
1.78765393959e-05
2.60954735502e-07
0.00180578516177
0.000119404186993
1.1822252944e-07
2.3479910265e-05
9.78279028859e-05
2.0454019385e-05
0.000118602719853
2.66298808037e-07
0.000512460216008
0.000651183319438
1.25248793976e-07
0.00331205593452
0.00189392634317
1.72784366499e-09
0.00293932706664
0.000531106363601
7.29633113718e-06
0.000451534036158
0.00268199679996
4.24389163915e-12
1.42464303691e-05
1.10918418108e-06
0.000106972208845
3.35126440161e-06
3.84273084442e-06
3.93787649592e-06
7.96467776046e-09
0.00349733384422
0.000333381806319
6.0148721597e-09
5.55890308465e-11
1.94312646285e-07
0.000192457025748
0.00041696092956
0.000710063228634
0.000500283996872
6.76525611189e-05
0.000112595963771
1.17353482041e-09
8.19392494454e-09
8.36956297593e-07
3.64755829651e-06
3.79242511954e-06
0.000246714948852
2.46382850758e-08
0.00125935256079
0.000237626263781
1.37431749669e-07
0.00167052809108
9.4580900518e-05
7.35070535981e-08
0.00207380934799
4.68921679801e-19
4.29724995414e-08
1.36263875587e-08
0.0043252749357
3.0491884187e-07
1.7158063274e-07
0.000782189249402
0.000416675331103
2.28246739067e-07
9.67981834067e-06
7.84806330482e-06
4.11125606088e-06
5.0243416538e-06
9.29182123662e-05
2.62105005668e-09
6.41900628678e-05
6.09135015023e-07
0.000120244786661
1.78637475939e-16
6.42037513971e-06
1.90762201426e-05
0.0040354343893
9.34738277641e-12
0.000240831242395
4.81551884913e-07
2.16894100539e-11
0.00332326403643
0.00126883985398
2.65438175685e-07
5.42770888487e-08
4.42914641832e-12
1.19936838126e-10
0.00259046597073
4.2798804464e-07
0.00586059854494
4.68625310753e-06
3.76362528907e-09
7.77900190374e-13
0.000395900168515
2.07126354536e-21
3.21799888538e-07
0.00186296702611
3.52419589291e-25
0.000330558858768
2.51827723235e-16
0.00270060173874
5.46237099452e-08
0.00396034868982
3.64767069082e-05
1.67898199166e-06
0.002397546889
0.00452548807907
7.17020580029e-06
1.95200068739e-07
0.00116158722503
5.14608333936e-06
3.36490191228e-05
0.0159134240682
0.000185110438991
1.01793592142e-08
0.000544849940012
9.20809936362e-05
5.94841208098e-06
0.00219059432933
1.60626681225e-05
0.00109601104606
0.00177663732494
4.55603628372e-05
5.7930768812e-08
0.00111138040075
7.77547215693e-06
0.000421003734414
0.00141853731035
0.00621518322343
0.000120439272071
0.00209566450309
9.88928727288e-09
0.00874282696408
1.52285302001e-06
4.46186690235e-08
0.00117924735753
1.46409175035e-06
1.59542341704e-08
0.00077332843785
0.000108913514109
0.000284703306741
4.2363114097e-11
0.000940402354579
0.00761798897924
6.07904112865e-22
1.24026637974e-07
0.00285209131922
1.82882109173e-17
1.39732793773e-05
0.00353909050143
0.00110733261321
1.62924267473e-14
3.77390089653e-05
1.64732953147e-05
1.87002223751e-05
6.40250414399e-06
2.10170930325e-12
0.00362290012247
0.000227473186605
0.000157062762568
8.11627569599e-09
7.39802100675e-40
1.15618322511e-05
4.65256214203e-07
2.14124454006e-06
7.3348738744e-06
0.0147522768125
4.91548902527e-07
4.86646544407e-06
6.58717252921e-07
5.02443741764e-06
1.12952449948e-09
0.00331225750357
0.0122984278936
9.33016691213e-07
3.04724075231e-06
6.65301907853e-06
0.00187221033254
1.58562610113e-06
3.73506322174e-08
5.88559275148e-09
7.06134455564e-21
0.00418531921065
4.27830554811e-12
0.000236047130824
2.52744495956e-08
0.000369195652432
6.90692721189e-05
1.03880216296e-05
0.00352555843778
0.00213792258355
0.00188684191302
0.00229348635052
5.94016109446e-06
1.5479615855e-05
0.0122637475389
6.44373900422e-05
0.00145139433223
0.00101404170856
0.000113333005777
0.000753894772768
4.26275269883e-10
1.3071818439e-05
0.000285434926996
0.000113367644873
4.07665256957e-10
8.94273491639e-07
1.10161192528e-07
9.92682436927e-10
0.000645400663783
2.63103352946e-05
7.21847162258e-07
4.44679276192e-07
0.00282016944865
0.000181994610335
9.76298009457e-05
0.00113777248306
4.91743284339e-06
0.000439402019738
2.46525902102e-06
0.00128167238387
6.89669373257e-15
3.06731637264e-05
0.000115193275326
1.836825943e-05
0.000156190176615
9.18985005742e-07
0.000677518500954
4.5908740372e-11
2.09473194488e-22
0.00691720544495
6.1380554933e-05
2.66877496657e-09
0.000200077387595
8.70349872331e-06
2.55006284083e-24
1.55127822141e-05
1.3413690693e-06
5.51650161195e-06
0.000274143448071
0.0078155714388
0.000269161066014
0.000586533846285
4.96974739576e-06
2.87105872386e-05
6.18282838337e-06
6.5857904335e-09
4.96676745432e-06
1.25179630318e-09
2.62182334133e-05
2.71164824049e-07
0.00335470579825
3.06676872093e-05
1.86147252467e-05
3.51682301564e-15
8.7985072431e-06
0.00065221628124
0.00497424158619
0.00251009801011
0.00154914713461
5.65833658456e-07
4.17266268726e-05
0.000395237490388
3.85525550879e-13
2.11923489351e-07
0.0013686716202
0.000381789846763
0.00890858541856
1.27296842632e-07
0.000384437688368
0.000816759848376
1.29031201088e-06
0.00170615182885
2.34584632096e-10
0.000591986802791
0.000378385059467
0.00126245511815
5.69360280485e-10
6.26864030635e-08
1.74484113814e-19
0.00122226764695
5.20132251494e-08
4.20238471721e-09
0.000671138927127
1.70266095191e-05
0.000764842732518
4.57758148643e-14
0.00147915947219
0.000715445789735
0.00504994090224
3.46766237458e-08
4.87759297461e-07
0.00120469298095
2.04140856195e-05
2.21955543012e-05
0.000490975414394
6.75022198684e-09
0.000477430210363
5.25916625439e-06
8.38934278886e-11
2.50897613942e-09
2.01752192411e-09
0.00109137191816
0.00285905531784
2.27677753733e-05
4.03138971654e-06
0.000168785505116
3.0019939463e-05
1.11937731519e-09
7.12505536907e-05
5.22581256443e-05
1.20452423856e-26
1.59474588169e-08
1.18233617084e-06
1.61910862289e-05
3.02121357549e-05
5.44974650284e-06
1.14293646494e-14
7.51859002963e-06
0.00859057405335
2.90141476629e-05
5.37804318261e-05
2.46178674919e-12
0.00154721164616
5.39605221721e-06
0.000126076038431
0.000105343895571
0.00329627205334
4.70646557873e-06
0.00170014191263
0.000126494778382
0.00212195928665
1.56033914242e-07
0.000362583024113
5.86823547725e-05
1.68044036788e-07
1.00214877141e-26
0.00447376537078
6.20965313719e-05
5.4455001362e-07
0.000402730942544
2.93921875825e-05
0.00425723397972
4.53914947857e-11
0.00547661749199
1.89393588176e-06
0.000220983644681
0.000576869281781
0.000493548195663
8.60036460599e-07
1.1163685925e-12
0.000687076542901
4.17605196048e-06
2.1182079593e-05
8.95022721277e-07
3.17196019167e-05
4.91212144435e-15
1.26471733515e-06
5.64345125549e-09
2.22758950244e-08
0.0104924125119
5.47576337687e-07
3.08964540042e-05
8.12077721179e-05
1.15672614348e-13
0.0013626505501
0.000877059244668
0.000798311810383
1.5708850984e-06
6.39290146093e-06
1.7635037418e-13
1.12583573561e-15
6.9172963872e-06
0.000424866244345
0.000375509349456
0.00118255271312
1.30408754577e-05
7.26843635542e-06
9.05436088026e-08
0.000335039638371
5.58099771235e-05
0.000651280226201
2.62644754393e-09
5.77947012566e-08
0.000583771587585
3.61635704797e-07
0.000157957823812
7.7581325692e-05
3.24761556705e-05
1.03628103447e-10
0.000862449764377
0.00111452324647
4.00807388965e-10
1.8814992675e-05
0.00130770410732
0.00192077655765
2.46022441341e-23
1.53113033917e-05
1.01346494823e-10
2.87239585094e-05
2.15866347172e-05
0.0014478274457
1.81589752813e-06
2.27911835565e-26
2.74592511029e-08
4.01608035708e-10
2.72004899527e-05
1.91175348709e-06
0.00077850555907
2.03934115679e-06
0.000587173502687
6.05102080548e-07
0.00131202381929
0.00410526273779
0.00126628704771
0.000624925518422
0.00021726093631
0.00206481177161
0.00196706253184
0.000416700689627
8.41979122258e-06
2.75597515212e-05
0.0020669619881
0.000219972744468
5.13287844731e-08
2.82850963696e-08
0.000216482103326
0.00225542922785
0.000147321072359
0.00294204347621
0.00118434286208
0.000395900168515
0.00130097856561
2.73015688316e-09
0.0050141131253
1.24037290015e-12
0.00330559350125
7.20973222104e-08
1.26416144748e-08
3.10319575834e-05
2.70918031042e-05
0.000107070090759
0.000511996343787
0.00193693998483
0.000139392700684
0.00224504314474
3.88229177854e-10
1.05936862342e-06
0.000194425839066
2.6699322565e-06
0.00139214315896
0.000444487615723
0.00225139184788
0.00122632920587
5.8870426112e-05
2.1524021931e-08
2.97655612076e-06
2.91211907431e-05
2.80067391604e-05
3.69773062699e-06
7.93002734973e-05
8.21504438725e-08
8.95143362618e-07
0.0037532166283
5.87144608901e-35
8.04286142799e-09
8.03790423426e-08
0.00300885082153
4.50863849979e-05
1.04820157149e-06
0.000119473639159
0.00179782884964
1.00186373963e-06
6.49768137656e-05
1.49338386909e-07
0.0011457394866
1.12485548393e-05
0.000112185362376
5.03544121997e-07
2.04801493962e-16
1.06253366548e-05
7.52323380754e-10
2.66227528833e-05
7.33875532416e-07
0.00062202099213
2.04363418652e-09
5.41595663674e-05
1.81484356717e-06
5.2925032769e-06
0.00398215178936
3.04779498911e-06
0.000225413103582
4.13196873328e-06
0.000292102564508
1.05802902458e-06
0.000373339638198
8.4513838868e-19
0.000553952405233
0.000274253397478
1.62498592732e-09
9.81107610595e-13
7.54563917952e-11
1.38019993377e-09
0.00018333357981
0.00133554735889
9.70366597877e-06
1.11979857892e-06
2.80728151565e-11
1.84822144348e-10
0.000207839233115
7.85046193065e-09
3.92253433423e-10
1.07166191296e-07
0.000311233734542
6.06354451654e-05
4.24673742142e-12
0.00691864359047
1.36542778699e-08
6.03851912233e-07
1.3325626361e-05
3.64198793773e-05
2.81444466485e-06
7.1452041406e-05
8.48265128497e-09
8.2418742564e-09
0.00265035273182
9.48655154014e-10
3.99220746611e-11
0.00115135699563
0.000728986188571
0.0055506998593
2.53924089655e-08
8.3462798131e-08
5.0238210386e-07
1.85768151433e-12
0.000316823341043
1.44457922095e-09
2.04992304678e-14
0.00105301780182
9.16365969857e-05
0.000117898878383
1.62893330532e-07
0.00055740219505
6.17883696325e-07
0.00112597988593
6.67419816282e-19
2.11460035621e-05
2.47694428678e-11
2.86400283699e-05
4.41463259563e-08
0.000650677356737
0.000832680345368
2.40136000845e-10
3.37039119908e-10
5.12731089874e-05
4.99797695935e-05
0.00488168787998
5.63774632189e-10
4.49880701014e-09
0.00141880014617
3.42168231186e-06
5.60516797319e-07
0.000870404415214
4.23979309374e-06
1.57024287193e-06
0.000120226744605
0.00185027530154
7.8954287722e-05
9.92236436772e-05
1.30743874275e-05
1.04010850166e-11
0.00828733040246
3.81412750487e-09
0.00324170802929
9.88574351722e-12
2.96789920837e-08
1.26866245919e-15
7.20291010907e-06
0.00100879629515
9.07569851737e-05
0.0115367982037
0.00364048387211
0.000148105434622
0.00291316528656
4.43352933988e-09
2.78464504705e-07
2.31399951892e-06
1.93369571972e-08
1.41622289938e-07
7.4356893403e-08
4.51947706001e-05
1.10777556283e-05
2.04615020897e-06
1.7891021575e-09
0.000348367852686
0.000252736711352
4.53986347671e-05
0.00498254190999
0.00028254172872
0.000244737249617
6.73270331109e-05
0.000248185198585
1.97060919885e-07
6.02492056393e-05
1.43759289989e-16
6.60240833652e-08
0.000309045920029
3.6626843957e-05
4.61663181404e-07
0.000702229072148
0.000274143448071
1.73298718811e-06
1.92082897362e-06
2.83995698919e-07
0.000154616987774
9.93240599357e-05
2.69454551633e-08
0.000104619594029
5.12731089874e-05
1.04826774828e-07
2.78961994379e-07
3.58055151592e-06
1.78157826256e-07
0.000813036512641
1.61149070661e-06
0.000126978878428
1.63564269072e-09
4.65740718846e-06
1.67033779689e-07
1.6936192606e-11
1.12814397593e-24
0.000388533813815
1.13180130108e-11
7.64950225478e-08
0.000525618667558
8.26391064404e-13
1.88804344396e-05
0.000344248876184
0.000341897168136
3.39622519627e-12
2.26850499818e-08
6.08569081237e-06
6.38944724233e-05
2.63521668916e-08
1.62208970929e-07
1.32833282963e-06
0.000893232866574
0.00693072857734
0.002336935427
1.366837733e-12
0.00010606640976
1.64572751249e-05
8.92890324599e-05
2.77553792251e-05
5.32065500191e-17
2.39838389575e-14
3.55687502205e-24
8.25693017476e-05
1.04457545631e-05
9.72562488477e-07
6.23468984402e-05
0.00789472851705
0.000125808889726
2.95255771899e-05
7.73729131589e-11
0.00212623710895
0.00506972788039
7.22427761787e-07
3.15283447314e-09
0.00680270319569
6.66519736435e-05
8.12480708865e-14
4.12374583401e-05
8.24403959445e-05
2.86642684698e-06
1.01645339367e-06
5.65072746093e-08
5.7107614273e-10
0.0020868339585
2.0375820903e-09
3.59192528399e-08
2.16247269106e-07
1.93230312027e-14
0.000500401768476
0.00683148918208
0.000966348976144
0.000846695916784
0.00121506033572
2.08883173668e-07
0.00170276265576
0.00107642433528
0.00391774230601
4.74699929021e-06
8.2425380502e-09
8.62621486252e-10
6.63593778788e-10
2.26024727443e-05
3.79373969101e-07
0.000172153238864
0.00032989380027
1.21588957389e-07
0.000485182544145
9.95412534736e-06
0.000531140772487
0.00127677178235
0.000239239987334
0.000983946151198
1.39763428736e-05
3.41208790661e-05
4.03364136088e-05
5.42994206398e-09
3.08790671249e-09
1.39079306131e-05
0.00118786712121
6.240962235e-15
2.57451264412e-06
3.7821324969e-06
1.29472936091e-11
0.000490493965183
8.80546138234e-07
2.99334014311e-06
1.52052600253e-11
1.09230707396e-32
0.00513494087583
1.56575260728e-07
0.000107648354063
9.94763072683e-15
0.000103830611788
7.07810798491e-06
3.19625922813e-09
4.32343611182e-09
1.19219864819e-08
1.75061597382e-06
0.000219112789032
0.00321870910823
0.00029377404886
0.00400099431897
4.41331970048e-09
3.6190108951e-12
1.6154046211e-05
1.17964646019e-09
3.42503028114e-07
4.66660166501e-05
9.38938701812e-06
4.82872827049e-06
0.0044412841483
6.12350205917e-11
7.6894170635e-08
1.6154046211e-05
0.0044194478637
1.10294235646e-05
0.000292691436722
2.21408627462e-06
1.57248423421e-07
