1000
2.68267393306e-11
9.48843277998e-49
4.84889066437e-11
1.16718830327e-06
0.00364141050746
3.2259638242e-26
7.55508861775e-15
1.08307971599e-10
3.0563933673e-07
5.09656134115e-23
3.25290487824e-06
0.000310538755608
3.13594351114e-10
1.57747861163e-15
1.94618865489e-15
4.64386487912e-30
0.000266755634608
1.53432412898e-06
0.00546321751894
7.03093348191e-07
4.46152632155e-16
0.00291254519583
1.41569736955e-08
0.0035254190108
0.00126243032409
1.20775293938e-05
2.37668484667e-19
9.56698515016e-26
1.39900656664e-42
3.5915729703e-12
6.85272928168e-15
1.54193841199e-06
0.0104429223818
0.000650401914739
2.58727035263e-09
0.000241094088868
1.26518383795e-06
0.000166280887211
6.86569676296e-14
0.000364606638072
6.27376751863e-06
0.000562322208973
6.06199938071e-08
1.24186042718e-08
8.50839399808e-05
4.97660821803e-34
3.13998202553e-18
8.59382075639e-10
1.37393900388e-06
1.58664270513e-41
1.5336549776e-55
3.47462677472e-08
7.32028430929e-05
4.84714278431e-11
2.6122036071e-23
1.83624631015e-25
8.99331859496e-35
3.57392979138e-06
1.28988644312e-09
6.10926259632e-05
0.0100099033343
2.44094652589e-49
6.00937665114e-05
9.05309519143e-32
1.02558899885e-17
5.51774828383e-09
4.66558559597e-15
1.37893066473e-41
1.46356341963e-17
3.1021603883e-33
5.06984674423e-07
2.50224988357e-05
1.04688533289e-51
4.7320583094e-25
3.43364788265e-05
7.76387312167e-15
5.3317991917e-10
2.95041607099e-13
0.00647499831902
2.22984889323e-10
7.78137130222e-09
0.00113115383803
1.58861896582e-07
1.274596492e-08
0.00010148638222
3.09169194449e-16
9.9941388146e-15
0.00228593680974
1.37426398873e-17
0.000217223822472
1.51334866257e-14
1.11238303529e-11
3.95821924012e-17
7.19641288241e-07
5.66984643388e-05
2.5876243791e-11
3.17364238274e-06
4.18749127017e-12
7.35957856096e-27
1.25165489965e-17
4.96866666957e-09
0.00160116439097
2.48769655844e-22
1.34890840891e-11
3.50534791728e-16
1.46765242032e-05
5.15378817267e-06
4.41639485391e-44
8.7273354369e-07
0.00862301235628
4.87011030811e-16
1.93442789508e-22
2.29704788939e-12
2.81017632507e-28
0.000110985581215
1.44878355514e-38
1.44384691449e-27
2.31748755503e-08
3.36908081918e-11
4.36596658285e-07
7.0175890097e-31
1.77879522256e-14
1.39656607228e-34
1.21579168838e-05
5.37440028013e-14
2.39095506324e-42
6.79468197029e-07
0.00390957785992
7.8615232112e-14
2.95072223833e-22
7.97789972376e-11
9.66296016716e-05
0.0146276667577
8.35018914813e-19
7.60408469082e-12
2.50138863242e-11
1.24459872194e-23
5.95633104624e-19
1.97672146999e-41
3.64412044433e-16
2.80804254262e-15
3.68991462807e-15
6.92258466588e-16
1.11534714674e-19
5.4282974978e-19
1.33227562039e-36
1.13285041399e-10
0.00110551099089
5.94685268323e-09
4.93413364069e-06
0.000689123292755
2.00699580901e-19
1.57711550389e-10
1.22766317314e-16
7.60765597439e-05
1.49860681756e-35
1.08626189746e-19
7.40756488115e-07
4.87451371785e-34
5.45811257554e-12
0.00798030232497
0.00365722187072
1.24094118743e-11
6.2112213765e-05
7.99177833262e-11
2.58447534371e-48
2.45802289026e-05
0.000324048588018
8.41293919109e-08
0.00242233554639
4.03466740613e-05
0.00010701794415
3.61388124109e-69
4.51457591199e-08
0.00177858595021
4.42285508467e-10
1.38233200647e-66
0.0028021195991
7.4762462414e-13
1.30671831619e-17
7.56008321991e-16
4.54322652799e-07
0.000124818540747
5.31499675657e-05
3.25046079911e-25
3.70233160164e-08
4.90532663301e-17
6.88672955771e-41
0.00622376161558
1.42659126491e-08
4.88536421581e-05
9.02219743577e-10
0.0342401305341
0.00343364065758
8.60797656697e-09
1.07116082846e-52
9.5784425539e-11
6.2645325808e-08
7.73413134895e-39
1.39590518749e-11
1.14933824557e-09
2.20843023298e-17
9.7905159125e-10
8.86041971875e-13
1.27918531355e-17
2.24399644849e-09
0.000551090070611
6.43588876729e-16
2.61789582492e-23
1.75852872954e-09
2.12445549626e-19
5.69410596872e-17
4.8670937167e-06
6.64564677752e-12
0.00508015144234
0.00307437737847
8.66696827434e-13
3.73613368171e-37
0.0239030586115
0.000153480045025
3.09984255903e-21
7.96728530433e-05
5.76240178841e-26
4.67220830941e-12
1.77419699893e-08
9.42977676369e-35
1.19488685709e-08
1.84870821789e-06
1.87250552878e-13
5.07078521721e-23
5.44115413955e-14
2.89451751723e-10
2.48023038046e-07
0.00106755716191
1.15352014687e-09
0.0131129584474
1.60849609473e-11
6.91911667837e-17
1.7662494727e-23
9.89281218394e-14
0.000642250370405
1.7347611147e-09
1.68724551284e-10
5.96544718709e-30
2.38173080616e-09
0.0129583649264
7.38867860809e-17
3.0761485235e-11
9.28952027006e-14
0.0108752358051
6.01134154481e-34
2.29177811083e-25
0.00220456385351
1.98680394202e-26
2.40646460057e-60
3.6646518733e-14
6.83939946e-25
3.82802633132e-14
3.54492091724e-17
4.58832289945e-26
9.07731540448e-25
1.33662228238e-14
2.25588541534e-15
9.96844580516e-07
5.46144959024e-10
7.46461270202e-05
0.000124456849765
5.82772660937e-08
9.53947056443e-21
1.39022733558e-09
1.31960179154e-06
6.70798691272e-15
0.0002781481291
0.0222217081484
3.95045194922e-29
0.0293315359316
2.54758269765e-07
3.5765393671e-06
1.94817054304e-05
1.32740983463e-08
5.8462556658e-06
0.000486268239485
1.12315631781e-18
6.46794839334e-18
3.55157302353e-11
1.83593029209e-44
0.0318393049363
0.00103307415115
2.06204007354e-14
1.3418609609e-17
2.49597303318e-05
4.95243098028e-27
1.18766668705e-35
1.34187995441e-24
1.23659975859e-09
3.18686077073e-22
6.70176224396e-43
1.02983903505e-05
5.53660708739e-08
2.48731059916e-41
0.0346918513195
1.72911716946e-08
8.09424280268e-19
9.58832850161e-12
3.41215339337e-11
9.76997637204e-17
0.0005227598953
3.95704924575e-09
1.03655456938e-29
5.11915813025e-19
1.02998495068e-28
0.00287261057571
1.55557132464e-36
2.1283724661e-07
4.75164929477e-05
2.80128313055e-26
1.19982558132e-79
1.92103317544e-33
1.47240720734e-05
1.09662046614e-10
2.35807379418e-07
1.97426767703e-18
1.8124893512e-09
0.00754461752689
4.10369787746e-28
2.56832385075e-07
1.15798883462e-17
5.5655424004e-09
4.79460769987e-12
1.32219763183e-13
0.00188628078167
7.93648543651e-08
5.67628218476e-05
0.000319677859977
0.000593103568784
1.93588579108e-05
5.0777912456e-09
6.52510467161e-14
1.48417311376e-12
4.60471420696e-23
1.36622692801e-47
0.0107470236247
8.34813470578e-31
0.00492729077313
1.98618609908e-06
6.7072359229e-06
3.92111836595e-05
0.000125207027179
7.68734220586e-39
0.000123656340875
0.000624906139172
0.0046738358184
2.59123406931e-06
1.1424593211e-43
6.24127367479e-38
9.62702054878e-06
7.51979803552e-20
1.70580441502e-32
1.1252444995e-11
6.06587335004e-28
5.57065124969e-07
0.00343328866099
4.56909428773e-19
7.17576623943e-14
6.83079849835e-09
5.32932652274e-21
3.38726709021e-52
2.86136124828e-45
4.84775438126e-26
1.10743070528e-05
2.40169362101e-18
6.60533459377e-05
4.54012099549e-13
0.00912197423378
2.48332974802e-11
5.81241877102e-05
1.29597805632e-05
2.64783505847e-05
2.16444408332e-26
0.00631921201111
0.000647225274945
2.81387312224e-29
7.06032017584e-38
1.10971499102e-16
3.83740226446e-08
0.00818060509697
1.05159060678e-61
1.0361146771e-11
9.77328243206e-05
2.76517477567e-12
3.69067916529e-08
1.236116997e-05
3.48955004613e-14
1.32480923294e-06
1.00280613721e-21
2.96833473712e-21
1.49084324999e-41
2.44347799831e-05
2.27869082012e-09
1.76052715436e-07
1.14619243884e-11
3.49198496415e-26
4.03789312153e-05
2.93437580458e-22
9.38577555305e-06
0.000257420211548
0.0093314903023
2.25721912742e-14
1.70013023801e-07
6.51303073989e-53
0.00020068798785
2.06158481372e-24
9.30068831422e-06
6.1118625795e-05
5.99155239311e-14
5.05008326851e-08
1.1522681615e-05
0.00174364241174
1.29548407126e-11
2.08628895542e-07
8.80835421118e-25
0.00326205372837
0.00324240972309
1.34128668217e-06
7.99015713515e-12
6.44093058609e-05
1.33317340387e-05
3.87677530285e-07
0.0139354834371
8.10795545849e-10
5.82652238138e-21
2.30513649636e-33
4.92277631793e-31
0.0173367086881
7.5675547186e-43
1.53011380528e-07
3.71842625578e-05
7.04797088128e-05
3.13604920065e-05
0.00232393868375
3.41786073994e-32
6.87578770365e-09
3.96456526939e-18
2.73150759014e-15
1.64935986553e-16
6.03178197223e-33
1.16453019866e-56
0.00888002526882
0.00353810095918
0.00277201611216
1.41279367528e-09
1.73974165768e-20
4.3128969617e-17
1.63763010311e-07
4.8089677935e-08
0.00303332731962
0.000853374781543
7.07821455324e-06
1.09375103105e-11
4.17973083644e-12
8.11121700714e-18
1.41955514695e-05
2.80086856936e-19
0.00381387589723
1.92492254212e-08
7.81291357557e-08
0.00128254749975
5.94969776763e-11
4.56315905777e-44
4.48384060034e-31
1.99896556814e-30
0.000300472850917
1.79701678247e-31
0.0111606329602
5.31891662846e-10
3.180786242e-65
4.6878364362e-15
7.33172447079e-13
3.74280689422e-14
1.19404271416e-26
8.31608582215e-10
0.00604280781341
5.67529907538e-08
0.00394685249453
0.00436488783389
0.00022975670437
1.07131782994e-09
0.00117490904989
5.18049130909e-18
2.54378543355e-28
1.16803785928e-16
6.21812175893e-20
9.94385805024e-20
1.64078826202e-15
7.75872269352e-05
1.61019920237e-43
3.79438974961e-08
4.12032544729e-13
5.16949112152e-14
1.61988313279e-14
0.000915698506789
2.60259514024e-36
2.41751424424e-05
1.64830541773e-10
6.5185029522e-35
7.13071477374e-14
1.1595008979e-07
0.023772034933
3.86998400227e-08
7.50197472487e-18
6.72053503629e-10
3.46193269426e-15
2.36272587211e-49
3.45005297223e-42
7.24377548249e-07
3.15662543391e-18
1.03071265922e-20
7.12482122027e-08
2.94671040096e-32
3.09249114054e-18
9.49130969971e-22
9.61044848884e-11
6.09670109676e-22
3.87863820874e-08
8.13472853737e-14
2.36642878994e-30
0.0306918461283
1.86249928384e-10
8.287500973e-24
5.07388305719e-12
0.0222270406149
4.44142604831e-09
1.47996592682e-48
2.86313271069e-14
3.75771949817e-44
1.53707545049e-11
7.59213660761e-40
2.48012370909e-05
0.000203934764925
4.22065985698e-16
1.66436532093e-12
3.53779065604e-09
5.03137451846e-19
5.38756130679e-29
1.81641229952e-20
0.00140691029832
0.000461268340228
1.77048351673e-19
0.00018699200671
1.36090212897e-08
4.4976660187e-10
2.98197646319e-08
3.52472724083e-07
6.79288841804e-27
3.4273406448e-12
0.00789203049982
0.00328111654846
0.000521738261426
2.39944181968e-13
0.0330061482142
4.31314849334e-11
1.62217678283e-06
1.62601152727e-19
2.45167978114e-12
1.81682437522e-24
0.00499631903356
5.36036239863e-08
3.7748899565e-08
5.67242885899e-20
3.88055336815e-17
2.34534391002e-08
3.0562226409e-09
1.81150924654e-09
3.79648007943e-10
1.46551728985e-17
5.48482484884e-06
2.08387298638e-08
1.38991247778e-22
0.000450555779296
1.77847077696e-06
3.09507439749e-10
3.72189829418e-08
4.63792922839e-05
4.82957076034e-13
3.4235932101e-07
6.69336436666e-13
3.36249644984e-13
0.00110078250621
0.000251550339753
2.36459363776e-17
1.6755989437e-19
3.31802143481e-31
2.52472743022e-05
8.03422487624e-05
4.96257517598e-13
3.23498421762e-11
1.99421755724e-08
7.60997970032e-12
7.04249371968e-09
1.14816911644e-05
1.37378397236e-22
2.6324715556e-10
1.70188371523e-15
3.53213043636e-09
0.00110941229138
2.09834374487e-10
9.64285336082e-07
2.3348389572e-05
3.28323364039e-05
9.28080230191e-27
8.31597187065e-07
0.00162138290892
3.66681974468e-21
2.42502586463e-20
1.52982674391e-05
6.77299801688e-18
3.06932749495e-11
1.92664147987e-29
1.26232154159e-43
0.00513998517494
2.00802261218e-29
0.0221052039633
6.5266173431e-49
5.34441400836e-14
2.37810521811e-20
0.00755576222548
0.0136467363286
4.87621205459e-15
7.40045767105e-23
7.43681528164e-05
0.000120580022241
3.89579092448e-18
1.24214127123e-15
3.26739531847e-14
4.45874335453e-32
2.02651600311e-08
1.24612379839e-05
8.1245301235e-11
0.000322371035939
5.60320321313e-35
2.32968750063e-25
2.76344629554e-28
0.00746483253456
0.000923419735936
3.69191818575e-15
3.48398552281e-11
0.00018469030835
3.58887585625e-15
0.00602437731477
6.22619182987e-07
3.8711934712e-07
0.00263294342062
6.85139184257e-20
1.85810783533e-13
0.000146901579674
2.86450198452e-05
7.46228211448e-26
1.51477513818e-15
1.82511801643e-15
2.02292593935e-05
9.36634374404e-08
3.30866412517e-16
0.0141017339991
2.59357680502e-05
1.24811961629e-10
3.99677960786e-10
0.000308182874094
2.10472204551e-17
1.56140754262e-14
1.27557263417e-07
4.20748276754e-09
2.2130716949e-24
0.00424446277586
0.00250486332018
4.03726258485e-09
1.99558794408e-17
3.86452305398e-08
0.00202851476556
2.23256576438e-35
8.65556550463e-15
3.70695499584e-45
8.62075791559e-08
7.68121805521e-43
1.98537445539e-12
0.00654108241734
0.00533347018519
8.92178900164e-11
3.97048169592e-12
5.33992224985e-05
8.56742780342e-22
5.04949692197e-17
3.14462252951e-05
2.52657972774e-16
9.6011253468e-05
8.47514220822e-11
1.40787870727e-07
0.00173581554384
1.28580398671e-14
1.38689947495e-21
3.8155517115e-12
5.09975676207e-08
0.00329001886317
9.55676014406e-15
4.46073552198e-07
1.31167481129e-12
7.67097022601e-38
1.22165291463e-05
1.64620298393e-05
1.51396490808e-12
3.77537156467e-15
5.27229209511e-05
6.79915326759e-21
0.000507993471243
4.32095893893e-16
0.000438256568418
5.66044610484e-06
1.60249763164e-20
3.52981013061e-13
3.08218046795e-10
7.37096822551e-31
3.68848229822e-08
5.76648640476e-07
6.37558294213e-21
0.00381484837387
6.27448193015e-18
1.27808451374e-07
2.38926089083e-08
0.0315432645616
3.25783079402e-13
5.59309843325e-05
4.22588973797e-10
0.0206635819112
7.99018558762e-05
1.55338710154e-17
2.97329950538e-07
3.54499429464e-06
0.00266000094777
3.57738934367e-18
4.18425934917e-06
0.00202215941625
7.78890694431e-27
1.64350896117e-23
2.53575903261e-09
5.03751942259e-17
1.31876808124e-13
0.00164474290762
0.00166450069631
3.08920793216e-06
0.000155927454844
7.75313615803e-24
7.7181762755e-18
3.65880451938e-11
2.7000035252e-26
0.00650221542587
0.0146757611132
1.70314165149e-48
7.07255839688e-32
3.62658258692e-30
2.09063511794e-19
0.00822145285343
6.87951427802e-09
1.95385358369e-16
1.93391519492e-07
3.94749662288e-06
1.04510995479e-09
3.1796942235e-18
1.63488256371e-09
4.26071852335e-46
0.00202129983361
0.00267897554971
4.95201999724e-13
2.0001958717e-15
2.20191921775e-13
1.00885488937e-05
5.11516035409e-07
1.53971274803e-44
0.00801838998855
3.1814500058e-22
0.0158825629637
2.93565429902e-21
1.91151885138e-12
4.58677748527e-12
1.20460492171e-20
0.00549142114999
1.33793812671e-07
3.33643675134e-06
1.01415647665e-09
3.41037396023e-13
7.19498978168e-05
8.29188358331e-29
0.000711710580609
1.22615122534e-23
2.64634549578e-05
3.12152216005e-42
0.00230627891897
6.35903541246e-21
1.04949665593e-22
1.37161119296e-05
1.11566362563e-54
1.47746987389e-10
1.53332989637e-21
0.00427419270809
3.24646232615e-05
3.01432190961e-45
1.89537434985e-24
2.57637507763e-13
3.69333385526e-05
3.63683359684e-10
4.18685701081e-24
1.24432666622e-14
1.43545256075e-09
0.00141449426171
1.51336352414e-07
1.87683725726e-08
3.71142839088e-07
1.956233388e-05
1.72748311308e-15
5.7736642117e-09
2.93372702434e-17
0.00267384304158
0.000100522881054
0.0136020142196
2.7070801144e-06
6.11747451568e-19
2.61978048732e-21
2.54067288264e-25
2.84159490242e-16
4.83195117507e-07
1.17186661609e-54
1.4795435183e-48
9.29028094288e-15
2.49901706611e-30
0.0217253760838
4.83578022777e-17
4.37802601866e-31
5.38605352373e-35
6.19485183537e-06
2.57996037043e-15
1.97349988421e-06
4.98717155694e-37
0.0106885048916
3.21969173589e-08
1.38635197941e-24
4.5451207e-09
1.12990767463e-08
1.48512825175e-05
6.9908308737e-08
7.03412560489e-27
4.00545981708e-15
3.06545261098e-15
4.22712567743e-27
2.4253312943e-21
1.63701464173e-09
1.13877696704e-18
1.607787512e-06
4.61831529972e-13
5.69810560861e-09
4.00262291571e-05
2.29254556674e-05
3.05796141355e-06
1.48358938895e-15
3.05653412078e-11
6.37574863625e-05
0.00366763001675
4.10080698091e-21
8.33815632407e-07
0.00148032920968
1.17458120853e-07
4.94991185751e-17
2.02021459658e-07
6.20586894508e-12
0.000453151834938
1.57695827848e-06
2.36322867519e-13
1.82220096518e-08
4.84224170431e-08
0.00186612089699
1.02903464084e-11
4.05217794857e-05
0.000878934666117
1.76069385281e-10
5.1586633711e-07
9.90460011016e-23
2.94703873606e-10
3.28807216593e-24
3.90693043164e-13
2.02398709124e-10
4.81477924834e-23
0.000674349884883
2.3515287299e-19
2.14874895646e-34
0.000168247705411
1.92835261129e-17
9.3757646086e-71
6.83108612315e-18
4.242692763e-06
1.58195040911e-05
0.000827760192009
3.54251007146e-05
0.00210581518851
0.000557058636038
4.41055186389e-11
5.07603270023e-05
7.81907417722e-10
3.64914111517e-10
5.44409299986e-07
1.49352622977e-06
1.68513575957e-33
2.38587557659e-23
6.75741082705e-06
6.95210512046e-10
4.22401561431e-09
1.00316536113e-41
1.64244492043e-09
1.51787455113e-21
3.78388787448e-15
1.18169969592e-09
0.000129379468265
1.05822879135e-15
2.03332458203e-24
2.50266121294e-35
7.25683548287e-37
0.00115834185496
2.86607588292e-19
3.14728205313e-08
6.12890756821e-19
1.30312312618e-22
0.00202929552939
8.65980490551e-07
2.80348481705e-05
1.32517493587e-34
4.96597307987e-18
1.01753872594e-26
1.23993395069e-16
9.73884810791e-08
0.0112737902277
7.16698127134e-09
3.47106075993e-06
0.000127031189924
9.89825525931e-12
3.01520092866e-14
1.08286121009e-13
2.25225464385e-06
8.3205662712e-10
0.00701560929586
3.02072401547e-08
0.00177275729545
1.58126101507e-31
3.44235510845e-08
5.17245334071e-06
0.0202020513123
1.62647108913e-06
2.12700251679e-15
0.00130700991376
1.75264879335e-14
1.12265543552e-30
1.42530111413e-05
4.43470775607e-07
8.86145717892e-06
1.47906965579e-14
1.27551379865e-13
0.000154364613585
1.73302544666e-42
9.19264505638e-29
8.89507595138e-21
2.41808732502e-10
1.29203707104e-11
2.49674861625e-08
9.93972977838e-17
1.91323319798e-05
0.000110725507025
1.14365880857e-08
5.97520004292e-34
3.06520590055e-06
2.69803505857e-05
0.000536678670393
1.49396050213e-08
1.28459074053e-07
1.80199869312e-07
4.31097198865e-05
5.84754290656e-09
4.48030137381e-07
5.41696053487e-12
1.72930495102e-19
7.33617348767e-10
1.20088336004e-23
0.00759200957495
6.16800932918e-10
1.46185221944e-05
6.93399900286e-32
0.000462115869128
4.73674998285e-17
5.56641835593e-11
8.611142951e-05
6.37215401543e-82
6.76871095412e-08
4.48496367274e-05
6.28019634684e-14
9.92216530828e-24
4.0506852545e-08
