1000
5.95788015035e-11
3.93704820679e-14
3.97828950586e-12
3.64285756918e-32
8.00195743265e-20
0.000133318012904
9.37654151847e-32
0.00197574158105
3.46467131386e-07
2.36605576702e-22
1.95359363205e-06
1.74160168918e-30
7.50035172587e-08
3.54936285867e-26
6.38956501555e-19
1.2097084851e-13
2.79853552277e-11
1.76284877693e-19
2.01365328792e-07
1.16687553374e-30
1.07192198581e-37
2.86931699868e-06
9.43617818799e-07
3.69552581805e-51
0.00165855437864
6.96801315048e-19
4.37058749089e-38
1.19189942341e-10
1.1250312627e-26
2.89499263982e-14
0.00164767059777
1.19826851249e-20
4.7227550457e-54
1.27595333883e-11
8.91533892777e-20
4.1448402347e-08
2.69628944609e-12
2.47805976373e-23
2.09349228253e-33
2.31809935881e-29
3.35950705081e-10
5.86494855324e-90
0.00021267541568
2.85279379933e-35
1.12374302272e-16
2.18044430529e-29
8.04457864187e-20
1.8650461953e-28
1.11739510424e-09
6.78042790445e-16
6.17955902824e-08
1.20911163398e-33
0.0172863930973
8.91193138352e-12
2.55757374321e-15
1.58734418869e-08
0.000235623534352
0.136031100712
0.00607315868871
2.70767114093e-34
0.189460272219
2.64288682599e-46
1.18807450329e-20
5.51140811037e-34
1.45481715302e-20
1.37616380839e-09
1.0942763773e-10
6.43484928882e-09
5.66091369511e-40
7.50142540351e-71
0.0043127043067
0.00040653303753
1.12071736765e-32
1.52355249158e-12
3.54432531879e-45
6.59734884507e-17
4.40153092475e-14
2.28223877706e-15
5.32516690073e-13
3.32073085522e-29
1.14592130343e-14
2.65127210959e-16
7.40106438492e-30
3.86355024854e-36
5.91616014751e-08
0.016669683911
5.63155614982e-53
5.68241133904e-33
1.52317989526e-16
1.8694875868e-14
2.95386144507e-16
0.000738491604869
4.33259211851e-13
4.36917787232e-14
5.00469900795e-06
2.08414867937e-07
1.43842420044e-40
0.00760258929702
3.95895175803e-14
2.7890028762e-73
1.72245395318e-06
1.64485180259e-16
2.57699478486e-38
1.27093775757e-22
1.40679642467e-37
7.00023262537e-31
1.68734289367e-08
2.25808812085e-10
3.42384291769e-38
6.12440975025e-06
5.28234462337e-10
0.00381663940236
0.000561430231891
1.02290228937e-23
4.22592470687e-16
2.10015113738e-09
7.03616814209e-20
1.43285499012e-11
9.29094988774e-10
1.30643268318e-06
5.26011395263e-05
1.56046084707e-30
7.18352808513e-09
2.46822369777e-19
4.06456912156e-32
0.000250455621378
1.44931194988e-06
1.95439453242e-11
6.4323542878e-13
7.90324811435e-20
2.01502871304e-11
1.11597816108e-20
1.63764476799e-21
1.89213964928e-12
9.72260671008e-41
9.4720151121e-64
1.24029406442e-14
2.03922827736e-11
1.19803415538e-46
5.57924922186e-18
1.99234264381e-05
6.00268892024e-07
2.90961101336e-18
2.73611339881e-06
1.76266808932e-35
3.97725116005e-35
1.12966596662e-05
1.14032062534e-13
1.3911354365e-06
1.19530440967e-16
9.10959523267e-09
6.75367982783e-43
4.03780297045e-30
2.64958290518e-53
3.47680058879e-07
2.4647232481e-07
9.94921925137e-11
1.02008668167e-14
3.50495786941e-07
1.27571919339e-11
1.40626505545e-05
1.21725782358e-11
0.0456547768405
1.91731367194e-33
9.36836709573e-28
0.00449521851487
1.09413505386e-14
5.21201839005e-34
2.95546452138e-22
1.37543387332e-23
5.06946098321e-41
1.1850549049e-10
7.33048150002e-07
1.85584475662e-28
3.42462437338e-23
4.39378979288e-13
0.00162082764798
1.51449687849e-13
3.154928419e-26
1.48824841192e-06
3.15896570898e-34
6.03841571828e-09
2.828034609e-39
5.10570540411e-24
8.9945861241e-56
2.32056297168e-05
1.57548010427e-09
1.7697508699e-06
5.73953101646e-35
2.46502954859e-26
1.71080901339e-06
4.70200748391e-18
2.4958906246e-67
3.72344014718e-09
4.40595076117e-05
3.87290176837e-36
1.46020341032e-20
1.47485772977e-23
3.12195658156e-15
1.3768593149e-10
3.10523939477e-34
1.23494766372e-14
0.00100450827972
3.70114736135e-05
0.0061491020352
5.77894403339e-30
7.06251899071e-16
1.5066617054e-05
1.42042607033e-52
0.000218762909493
7.79416672798e-18
4.44259004208e-20
1.08485560407e-16
1.14229288342e-63
1.30415514171e-15
3.04660808163e-06
0.000402486280609
6.4943673437e-22
1.12186120653e-31
1.2919496316e-16
7.70600204e-53
4.55687010623e-15
5.88030849545e-10
0.0193602634701
3.66842831651e-41
1.92273463131e-19
4.84818557872e-10
2.26121120983e-29
0.000490300884503
2.34256111674e-39
1.3812749534e-13
0.0103338217868
3.74473430174e-10
7.68908594441e-45
2.12509732412e-14
1.13779691828e-12
2.90086224071e-23
1.61512323586e-17
1.01577911035e-23
6.67937925468e-23
5.97038595845e-06
1.62178295669e-14
1.14890916626e-18
1.89942677468e-56
3.25617821969e-07
5.27810472105e-10
1.76345273962e-08
6.98597548269e-35
7.70016864726e-08
8.64237229675e-10
4.03462066758e-20
2.22244071415e-54
0.00845889562167
8.8803623796e-07
1.42590415227e-39
6.53235168512e-42
2.12135802507e-16
3.4912865517e-13
9.53916807068e-06
3.26470461224e-09
2.92733739719e-08
8.6026038881e-20
0.0148287746078
2.19271920562e-05
2.33451891399e-13
1.2164172523e-37
8.98010691191e-55
5.94705050512e-22
1.18693134237e-08
1.65402359218e-06
1.69944073101e-13
6.14991769506e-23
0.00752812662958
4.71558926863e-12
4.78219997219e-25
3.67694831589e-15
4.97640122162e-22
1.16418970269e-08
7.13273673612e-13
0.00965319319087
1.21275980212e-61
1.69346749008e-27
1.25988667226e-45
0.0035462742202
2.56251460994e-08
5.18738639723e-25
6.84384880146e-23
0.00310693108597
1.22502090233e-28
3.29337664173e-14
8.67674079044e-27
2.58660014398e-41
2.49253897599e-27
5.83249076841e-25
1.88051758178e-05
7.85299128339e-51
0.000212055674993
2.80565822719e-18
1.46684871704e-20
2.67024335566e-31
7.24167310428e-11
1.35921433758e-05
6.73248975334e-65
4.2363428632e-06
9.05887767301e-36
2.73356226464e-17
5.80092288339e-32
0.00237877783056
2.34815926232e-15
2.32333556904e-29
1.75159113704e-30
3.29020785071e-38
2.0372861775e-09
8.83985549086e-24
1.51885895325e-15
0.00351984652377
0.0260409578334
5.07210337164e-61
1.99987665942e-21
1.11694719954e-17
3.25362544072e-18
0.0027076946444
1.97103812396e-05
1.2725369112e-10
5.28327496098e-41
2.47706852191e-08
9.94736129092e-06
8.68083543286e-19
1.86721689838e-52
4.40777971469e-22
4.4466633698e-05
9.4999062054e-07
1.905462312e-14
1.24380932511e-26
6.33794530652e-21
1.9203779735e-18
0.00201563181371
2.13292543254e-26
3.2975472427e-18
9.10377808826e-32
2.88596867076e-11
2.28431338158e-09
3.40625595658e-07
5.55864141007e-32
2.81722561292e-19
0.0344294521494
5.46612460353e-18
6.01864559539e-10
1.05737822321e-10
5.43144746339e-16
5.69028614417e-17
3.91486211371e-15
5.21448003198e-41
5.74232532816e-31
4.02798889377e-26
1.12145322593e-14
1.34892038075e-24
1.33115568777e-15
0.000645856679257
2.7160626827e-15
2.65218437417e-17
4.27614001908e-13
5.67789538519e-30
4.0749918613e-12
4.13520322759e-18
5.40816586908e-43
1.72519808417e-23
4.91927988473e-28
0.000146496530878
6.82786554018e-39
7.52395951007e-05
0.00108988562125
1.22951129137e-42
1.38330800679e-17
1.05235015597e-22
2.46025329853e-05
5.58970815134e-07
2.58670209167e-07
2.43226529414e-08
8.56204227045e-23
2.4596782437e-33
0.000760509754567
1.00721449713e-08
1.90726956228e-06
1.39502776172e-30
2.83852337915e-20
0.0411268924849
0.000770288951254
5.24440309602e-14
3.99278959755e-19
0.0139086013597
4.45611946761e-15
1.66157317756e-36
4.11120363415e-06
1.43195738454e-30
2.75175083429e-19
0.000855140024877
5.96122233764e-34
2.5562870604e-05
2.90852225947e-12
7.40640753837e-13
2.48934315506e-08
1.95617191694e-33
6.69978027529e-34
3.49851027248e-46
0.00201101848255
3.20573078389e-06
2.9313578369e-15
3.05517737805e-21
2.25629411167e-14
1.86055806145e-28
5.0130871149e-29
5.37352416249e-13
7.35103372367e-28
7.92726826581e-16
2.69532710013e-13
6.310719064e-22
4.20241188234e-39
2.18393415969e-40
4.33796282215e-06
1.53819353464e-51
7.84880072277e-13
0.000474887861386
7.80617246768e-27
2.25690650498e-14
1.21451525794e-45
1.60493233885e-24
3.6302804717e-54
1.54953294997e-24
3.4723592099e-19
3.02297191283e-13
1.12742991649e-07
3.32589847494e-37
1.47120179788e-12
4.64125193675e-09
2.50877099156e-16
2.46737749825e-21
1.21181209741e-33
0.0100541927007
1.35454075551e-18
8.20414238759e-06
1.68559619417e-54
4.7914049212e-09
1.7019468145e-56
8.87174773129e-29
0.00897703262805
0.000438735566756
0.00573682106498
1.02437880023e-37
2.10139944753e-77
2.96093469559e-12
5.07604666992e-34
2.61720092891e-10
1.57536697963e-18
2.35527906336e-49
7.49841398255e-29
7.61235741439e-16
2.99891589161e-08
8.04548455673e-31
1.73447151325e-16
2.48030990348e-10
8.68824532391e-40
1.21587891864e-23
2.18196061565e-13
1.44482551886e-14
2.45147204968e-31
0.000521629700728
1.71823517009e-53
6.45860113151e-09
2.44264544697e-16
4.0621417812e-09
2.78196385046e-39
6.53076274956e-21
0.00945617536154
1.78947360065e-32
2.87668520692e-26
1.56807301269e-06
2.14037718167e-05
1.3835701584e-27
1.53606834006e-27
9.20186146113e-09
6.08726467816e-11
4.9620870292e-26
0.0106469525694
2.94549887569e-11
4.52311451753e-35
2.96540877632e-15
0.00819314661443
1.10260082625e-27
1.11248485345e-23
1.32055929543e-17
7.4931363858e-16
1.31051017648e-41
8.5257244114e-12
5.8144136889e-10
1.20218821319e-13
5.88230739577e-06
7.52057067562e-12
4.48531802658e-23
0.000612489815037
5.22040950269e-05
5.40436543063e-102
9.20525286713e-47
3.63784945376e-11
1.13430849592e-29
4.27522404849e-98
3.15899919501e-46
4.51832623701e-22
4.16608889911e-10
6.87550474671e-23
7.56749524097e-18
5.82114246491e-45
2.63519516452e-116
3.25536276314e-09
1.39412873588e-27
3.64104342229e-08
6.80357712688e-19
4.57918259595e-07
6.7608295883e-27
1.07398328481e-19
3.94878445066e-28
1.40531760358e-27
2.0580050846e-10
5.28565551984e-12
0.00316335477653
4.63338332786e-28
1.99341990041e-25
0.0181064721761
3.51046602509e-10
5.35414114624e-53
2.23692961371e-47
0.000149307795443
1.92043438225e-10
1.93510490595e-20
4.23779987284e-17
2.32221680988e-29
2.31631259647e-14
1.62592019859e-14
2.2746834765e-39
8.66832067936e-61
9.12163393701e-39
6.55924063416e-18
3.07248865668e-40
5.06558097124e-23
3.48736242175e-13
1.18708453136e-37
3.24834878074e-08
1.45002519687e-40
2.26030188428e-08
4.41187015355e-26
4.94481727713e-30
9.4978871609e-12
8.6626390319e-32
5.70138446166e-13
7.46564941681e-12
2.35250025083e-120
6.03761630441e-67
8.42472545945e-12
3.38700144673e-20
2.48382939221e-24
0.000570426106708
3.64950133149e-16
4.17629373882e-12
9.42795503918e-12
2.30733131207e-16
2.51568293762e-13
4.61060842052e-06
4.61472303032e-07
2.14227096851e-78
2.22275680689e-09
1.16005291744e-06
1.26053262938e-23
3.45914309774e-06
5.55269436526e-10
8.3584909081e-06
4.20293958613e-15
6.77211185718e-17
1.39469947116e-23
0.00173487883109
2.78010671116e-16
3.33049218982e-08
1.96499295527e-26
7.29614399361e-28
0.00133347294271
8.25209028103e-06
2.29293407568e-10
0.00237557684009
2.72482673998e-20
0.00202356150757
2.43536234216e-05
6.01420210961e-26
2.89871028315e-06
1.13230063155e-36
2.32761635783e-07
1.3458137561e-82
4.53856247581e-10
3.26478018717e-83
0.00129176371855
1.67301892666e-16
2.39628401071e-08
1.395003278e-21
6.09446990597e-33
1.56722458438e-56
1.01616337676e-11
1.99358466702e-05
0.000498932599323
8.28531645306e-10
1.72346058022e-36
3.65413632437e-14
3.26783887451e-20
5.05410601414e-06
2.16646681298e-06
1.82561835108e-26
6.01246569671e-43
2.65254816614e-05
4.62954726688e-06
4.10763776443e-19
0.00178809298751
4.48193461214e-24
6.20818290401e-21
7.58995649265e-42
6.59269891414e-80
1.40536704891e-49
4.17698936459e-47
5.26950488054e-25
2.2287722847e-17
9.79852717056e-14
1.1440223953e-41
6.74818621721e-22
0.0198430915853
1.44101493754e-07
2.17691380155e-24
7.51260831912e-09
2.06517945268e-14
7.80438173425e-22
2.99469709263e-14
6.17194730132e-14
2.33867438108e-07
4.96521983906e-17
8.37810699474e-19
0.00120811215071
7.98735976439e-20
1.35518663246e-42
7.84845923496e-10
1.67265491573e-17
9.61666606725e-13
2.75399042901e-07
7.396145799e-05
4.47476804716e-18
8.37915241688e-21
1.11721970663e-10
2.97835691448e-18
5.49341735693e-20
1.71144886761e-08
9.9145301895e-06
0.00115554173731
1.52751640049e-05
2.33259734825e-13
1.5657237752e-14
3.15891330924e-33
1.53414649154e-08
1.14732791734e-28
7.28951371052e-21
4.69642158923e-15
4.9067989434e-18
5.4220919416e-13
5.43461106035e-34
0.000262676661723
1.25333945319e-30
2.00986942464e-17
5.17375039642e-15
2.62484070311e-31
6.76019368116e-18
1.3712259511e-05
5.96689291597e-10
4.02780284324e-05
1.60934162999e-09
1.04745435655e-22
4.76008024277e-19
4.8781308979e-26
1.07967233973e-14
7.31385179345e-08
5.35625993008e-52
3.19177096394e-22
7.28514819793e-14
1.95565007111e-05
3.05510014635e-20
8.87862565857e-29
1.37899357556e-10
7.19962204868e-28
1.19153262522e-10
5.00781958195e-13
1.06426377197e-30
1.81029412391e-06
3.87502824105e-45
0.00110161119082
3.85668726651e-31
2.43271901424e-36
3.40153728928e-06
8.37125515264e-28
1.4851341875e-09
1.13123418516e-35
2.30672236093e-15
9.87693242252e-71
0.00076318588948
9.12543164879e-32
7.40856367126e-07
1.42088121348e-10
2.11243791159e-22
1.97116260774e-12
1.18058353967e-17
2.19728925145e-20
5.74678651026e-10
4.56908222773e-70
8.54373538734e-09
6.31746468957e-25
1.75253059706e-05
8.39112985536e-22
6.27342137724e-49
3.29411396629e-28
2.49665954442e-13
3.28141964394e-46
8.46118894243e-19
2.04089001769e-05
0.00615440120583
5.37555348235e-30
1.49484986721e-103
1.32678351022e-13
6.46593193781e-27
9.32083495398e-33
9.03842796344e-36
3.30783117569e-13
3.9412037038e-16
2.36077108169e-05
1.61653640412e-12
5.01768852026e-36
0.00239206218776
6.79915796008e-19
4.5633559275e-59
5.28387230447e-10
8.9772059535e-33
2.31830063308e-48
6.26314609859e-33
2.02820205327e-47
1.17854937494e-08
8.96646540889e-17
1.16675741495e-29
3.8342568289e-66
1.62271166274e-10
7.7959779816e-39
2.36716435964e-11
1.87386794289e-15
4.02822277025e-23
2.60863045954e-11
3.08745411024e-09
3.2675907571e-16
4.37040551693e-08
0.02472009682
3.58255000769e-15
8.0458010589e-12
7.46528568276e-08
1.95371002212e-08
2.11183525756e-24
6.33317408146e-59
4.37080120333e-32
8.68115421919e-12
1.77104503587e-05
7.09534491381e-23
0.000311922150213
1.1930739837e-34
4.55714675209e-16
2.96346044828e-07
2.62959309055e-40
2.15907228236e-13
1.02769718298e-19
1.19251872273e-31
0.000126135791497
9.26333856707e-14
2.76584911929e-10
1.55839344967e-30
2.60279570711e-06
1.35374245623e-06
7.60449346598e-27
1.50935875802e-08
6.24531010579e-19
1.9910406436e-07
2.40450162213e-10
2.34881014287e-24
3.10548314235e-16
2.33128186269e-44
5.21679908375e-19
0.000984002362651
5.1960454947e-17
1.51495562197e-45
2.9160147436e-20
4.12254499156e-101
1.60599061171e-21
2.98235304632e-15
3.32624349284e-07
1.54017520464e-14
3.15684627351e-13
1.45601130119e-16
1.69825125803e-11
5.44445511968e-06
4.22970269113e-20
1.19746648192e-63
1.49194854467e-05
9.76286181511e-22
2.6867446098e-05
4.9480346004e-21
0.000197098894938
7.5148741482e-15
0.000141275949952
2.87883763257e-31
1.01344245647e-16
0.00180892703373
4.59509635761e-17
2.94691398897e-51
2.92519943021e-15
5.29427052942e-07
1.3927189399e-05
0.00139503074483
0.0081937771121
2.46280090172e-26
1.56839216943e-12
1.26140596868e-06
3.00700391797e-10
4.03139945958e-06
1.43423920303e-08
2.14331563613e-13
2.48226764846e-16
6.71360647511e-13
1.72069460077e-23
7.62659086793e-84
1.80251203317e-09
3.57348690557e-23
0.00304165074532
1.01412180675e-20
3.48070361121e-11
3.63066194313e-19
9.99271022813e-15
9.23823069309e-13
2.18093075061e-15
5.05993226499e-50
9.70829579566e-10
2.97764142637e-35
5.43218316487e-28
1.67302958342e-39
3.66976341385e-06
1.89985219266e-13
0.00827793114391
8.90577270071e-06
2.03079509616e-21
4.32283944753e-30
2.07201518987e-09
1.81114844914e-26
2.18042716601e-16
0.000132193019619
3.41373325087e-40
6.29372589627e-05
6.88415847421e-36
1.28443324841e-19
1.95117372381e-11
2.57477131403e-46
1.27323672263e-28
3.80428343991e-09
5.60532332393e-05
3.13703988271e-26
1.25720465256e-17
3.02228221669e-22
0.000391779073727
4.07373862659e-11
0.0491023473242
4.02776277981e-42
9.21162827459e-08
3.73796672757e-52
9.97408351923e-10
5.31362039003e-25
3.63995356229e-05
2.00942714339e-20
1.61762457686e-15
1.59500911531e-14
5.53374136555e-30
1.45599258095e-34
0.000104259060779
9.5796160726e-49
0.000133209689278
1.45432766715e-16
2.45216289216e-19
8.76825021145e-06
2.1085199856e-11
2.25373303604e-07
0.00230077737795
1.05995870885e-51
0.0025394184451
7.36223640424e-72
1.89250110185e-37
2.17312867539e-29
5.40368571296e-29
1.52240315084e-21
1.17819895857e-09
5.5350219715e-08
1.59543052224e-12
7.89454458063e-20
0.0199426805103
1.37634712363e-08
3.09098246803e-22
2.41397913408e-61
3.32972025171e-66
4.6800159205e-35
6.98257900871e-40
2.20386072566e-17
6.64145226027e-20
6.94318655918e-36
0.00656924059499
3.32509807448e-71
9.591135491e-11
2.15794547687e-43
3.84002029451e-32
5.71478163686e-25
7.00640527687e-06
2.44853985126e-31
2.8890851793e-24
1.87788622943e-09
4.94485332205e-11
8.21901729151e-10
0.000323239373408
2.33839240935e-27
0.000164163150536
0.000358258684752
1.02547034312e-08
1.97919251784e-16
7.44870905222e-08
1.83638457612e-31
0.0472480006347
8.82632736863e-60
0.0013725805286
2.08464465645e-08
3.20311915048e-33
5.10464645061e-08
3.05302153089e-08
1.06180931932e-46
1.3626495509e-49
5.1685888568e-17
1.04626988085e-07
4.91141429499e-92
1.17649483346e-13
7.98506917512e-25
3.87183250345e-20
7.60134106358e-12
4.63644493277e-41
3.180622464e-40
1.17014161276e-06
1.69464307988e-58
1.01329541531e-14
3.74345870081e-12
4.57477860396e-09
2.75478950377e-62
5.55053749037e-20
2.41987666684e-10
6.59208068536e-19
2.71039125097e-18
2.25498260114e-06
8.37099528137e-29
0.00976950452643
3.4659335945e-27
1.15894616565e-58
1.27187546218e-34
3.07625210825e-22
7.43435007698e-59
3.11276662711e-24
2.97583107818e-07
1.73161455417e-09
5.30280228598e-48
2.58303376395e-36
4.84751421329e-12
0.0221478378173
7.08080944788e-11
1.4985187584e-42
1.7466394106e-54
5.53843532736e-09
1.63579655255e-06
2.30355080563e-28
2.12602263586e-09
3.67586562436e-30
1.57994786628e-10
1.82295065772e-26
1.93326292651e-18
0.00331309452741
7.84835446531e-24
4.3064504414e-23
6.90936034663e-38
1.6326932982e-11
0.00362573447295
4.37839093965e-10
0.00042175582343
4.0118429295e-15
7.06167774422e-20
1.0193981149e-52
1.02071736105e-11
