I: (state)
	(6) 0.0630491805409
	(29) 0.935824336027
	(48) 0.00112648343166
F: (state)
	(1) 0.361878832688
	(5) 0.00746165723023
	(11) 0.0531119949957
	(13) 0.0305328061103
	(15) 0.473129632601
	(17) 0.189772435225
	(18) 0.0564732496005
	(31) 0.209904505072
	(34) 0.0238344285705
	(37) 0.144395182982
	(41) 0.15311233654
	(42) 0.42085486468
	(46) 0.111010247668
S: (state,symbol) 
	(0,0) 0.0248454454058
	(0,3) 0.830498016222
	(0,6) 0.14305888664
	(0,7) 0.00159765173209
	(1,1) 0.00572900131306
	(1,4) 0.183629859119
	(1,8) 0.212276645361
	(1,10) 0.598364494208
	(2,6) 0.0204099121082
	(2,10) 0.977403488965
	(2,11) 0.0021865989271
	(3,2) 0.200944987927
	(3,4) 0.0248315970555
	(3,6) 0.00896405093156
	(3,7) 0.124355375357
	(3,10) 0.23251112635
	(3,12) 0.198427771458
	(3,15) 0.135128854833
	(3,19) 0.0748362360884
	(4,1) 0.0141562365218
	(4,2) 0.131991490707
	(4,5) 0.111936984473
	(4,8) 0.0371096980942
	(4,10) 0.12130949482
	(4,12) 0.396496244688
	(4,17) 0.186999850695
	(5,4) 0.58897287879
	(5,15) 0.179001130825
	(5,16) 0.159319533367
	(5,17) 0.0727064570182
	(6,0) 0.968228122564
	(6,19) 0.0317718774356
	(7,0) 0.0709480994891
	(7,2) 0.274561352548
	(7,15) 0.0481432920787
	(7,19) 0.118668535248
	(7,20) 0.487678720636
	(8,1) 0.0548099091149
	(8,6) 0.200030528571
	(8,7) 0.0887928323214
	(8,15) 0.00958469162713
	(8,16) 0.110346065491
	(8,18) 0.341974562443
	(8,19) 0.194461410432
	(9,1) 0.332360838558
	(9,17) 0.0679484737125
	(9,19) 0.599690687729
	(10,5) 0.185760726579
	(10,8) 0.293867612303
	(10,10) 0.027430406022
	(10,12) 0.0762595812949
	(10,14) 0.347929868006
	(10,15) 0.0687518057951
	(11,3) 0.190251947095
	(11,7) 0.11469869652
	(11,11) 0.0826645723432
	(11,12) 0.10321483856
	(11,16) 0.208928524657
	(11,19) 0.300241420824
	(12,0) 0.0419893376044
	(12,2) 0.164541919214
	(12,3) 0.319389525262
	(12,7) 0.234093586485
	(12,9) 0.0166744583187
	(12,10) 0.106380595451
	(12,11) 0.0340879367549
	(12,12) 0.00733556278293
	(12,13) 0.0755070781273
	(13,0) 0.155308738125
	(13,2) 0.110197964975
	(13,4) 0.0481410693632
	(13,6) 0.375966763689
	(13,8) 0.0206815803427
	(13,9) 0.25565610429
	(13,17) 0.0340477792152
	(14,2) 0.0563440264995
	(14,4) 0.108007396886
	(14,8) 0.0688940482349
	(14,9) 0.256818839275
	(14,12) 0.0482677998088
	(14,13) 0.021106803313
	(14,14) 0.014477481469
	(14,16) 0.423574547476
	(14,17) 0.000847437413468
	(14,20) 0.00166161962485
	(15,0) 0.000754229976443
	(15,4) 0.304767412915
	(15,13) 0.694478357108
	(16,1) 0.225043440118
	(16,3) 0.395044318872
	(16,9) 0.0963593558599
	(16,15) 0.222523026513
	(16,17) 0.0610298586362
	(17,0) 0.519277994137
	(17,2) 0.173930688491
	(17,8) 0.00675044992307
	(17,12) 0.30004086745
	(18,2) 0.155830959358
	(18,6) 0.255764111422
	(18,7) 0.0565879133874
	(18,10) 0.0275269483204
	(18,13) 0.216101260045
	(18,16) 0.0130253659356
	(18,18) 0.168682693272
	(18,19) 0.106480748259
	(19,1) 0.0171294396006
	(19,5) 0.0409352848926
	(19,9) 0.0941959169687
	(19,10) 0.225762845419
	(19,12) 0.14230076944
	(19,13) 0.479675743679
	(20,5) 0.0259469186267
	(20,10) 0.206891626998
	(20,13) 0.19553050012
	(20,15) 0.022944900161
	(20,17) 0.548686054094
	(21,2) 0.292172206621
	(21,8) 0.0970712241204
	(21,10) 0.244602276322
	(21,11) 0.170846713044
	(21,18) 0.195307579892
	(22,5) 0.283844189317
	(22,8) 0.716155810683
	(23,2) 0.0643522811928
	(23,4) 0.114055754898
	(23,6) 0.0200382629512
	(23,16) 0.0786410482382
	(23,18) 0.269045034873
	(23,20) 0.453867617846
	(24,2) 0.107468214105
	(24,9) 0.0252521527021
	(24,11) 0.454215146166
	(24,17) 0.334224334257
	(24,19) 0.0737890352317
	(24,20) 0.00505111753769
	(25,0) 0.31852658056
	(25,1) 0.0382470349474
	(25,3) 0.0901917070735
	(25,5) 0.185073657755
	(25,7) 0.0592506078111
	(25,12) 0.0617764749487
	(25,13) 0.124124701527
	(25,14) 0.089079808356
	(25,15) 0.00629696605332
	(25,17) 0.0274324609689
	(26,2) 0.634341370527
	(26,10) 0.00703372179315
	(26,13) 0.244666697401
	(26,14) 0.0991735562332
	(26,16) 0.0147846540455
	(27,1) 0.160508577544
	(27,2) 0.222747801029
	(27,7) 0.270963251531
	(27,8) 0.0996747777966
	(27,12) 0.0129745789108
	(27,17) 0.233131013188
	(28,0) 0.0853192506877
	(28,2) 0.0773138415899
	(28,5) 0.0805566602555
	(28,7) 0.363468076488
	(28,11) 0.362434802673
	(28,12) 0.0113947358906
	(28,19) 0.0195126324149
	(29,2) 0.324779698646
	(29,6) 0.134685256217
	(29,10) 0.0628615374849
	(29,13) 0.2837707598
	(29,15) 0.152282543468
	(29,17) 0.0416202043838
	(30,0) 0.537192234931
	(30,13) 0.164077380151
	(30,15) 0.113523599162
	(30,16) 0.185206785757
	(31,9) 0.281282924163
	(31,16) 0.382254864506
	(31,17) 0.336462211331
	(32,3) 0.0425559155963
	(32,5) 0.180258165792
	(32,7) 0.0983802831508
	(32,8) 0.00402553444116
	(32,12) 0.0629251521965
	(32,15) 0.176467969678
	(32,16) 0.0164055379599
	(32,17) 0.0938087351137
	(32,18) 0.051077754905
	(32,20) 0.274094951166
	(33,0) 0.0711172190615
	(33,4) 0.179818730387
	(33,5) 0.0416031433314
	(33,6) 0.0308839943385
	(33,10) 0.0885856110506
	(33,14) 0.194790682457
	(33,16) 0.243488902404
	(33,17) 0.149711716971
	(34,14) 0.341181404238
	(34,18) 0.658818595762
	(35,15) 1.0
	(36,8) 0.194388977025
	(36,11) 0.147163267626
	(36,14) 0.461514064484
	(36,20) 0.196933690864
	(37,1) 0.202383359783
	(37,2) 0.04234913333
	(37,3) 0.119194289184
	(37,7) 0.124137912637
	(37,15) 0.244191494149
	(37,16) 0.267743810917
	(38,3) 0.0215148025127
	(38,6) 0.158569279557
	(38,8) 0.0504398854746
	(38,10) 0.0600268312862
	(38,11) 0.175363486424
	(38,12) 0.00256373303309
	(38,15) 0.177335075587
	(38,18) 0.151015617135
	(38,20) 0.20317128899
	(39,10) 0.233321469054
	(39,18) 0.766678530946
	(40,0) 0.0822253521726
	(40,9) 0.680611947088
	(40,11) 0.127332226732
	(40,14) 0.0298392489339
	(40,19) 0.0799912250738
	(41,2) 0.22656150982
	(41,3) 0.435593415655
	(41,4) 0.297854063951
	(41,9) 0.0399910105742
	(42,0) 0.387966210996
	(42,13) 0.442477536407
	(42,16) 0.0102798935629
	(42,20) 0.159276359035
	(43,7) 0.784659921052
	(43,9) 0.0247399852663
	(43,11) 0.00513677567436
	(43,16) 0.185463318008
	(44,0) 0.127213419471
	(44,1) 0.227187458808
	(44,2) 0.0893104248986
	(44,3) 0.0303177101216
	(44,5) 0.14239883097
	(44,9) 0.131720668946
	(44,12) 0.231157841504
	(44,20) 0.02069364528
	(45,0) 0.0561532774796
	(45,13) 0.445005368623
	(45,14) 0.498841353897
	(46,4) 0.082800198081
	(46,6) 0.459829695038
	(46,12) 0.0709334993025
	(46,13) 0.208734092069
	(46,14) 0.0839639896589
	(46,20) 0.0937385258508
	(47,2) 0.00517986561809
	(47,3) 0.0380084675559
	(47,6) 0.0842110461034
	(47,11) 0.00810467759677
	(47,12) 0.0143292701597
	(47,17) 0.850166672966
	(48,2) 0.151461363711
	(48,12) 0.0343504504066
	(48,13) 0.24685346865
	(48,15) 0.567334717232
	(49,10) 1.0
	(50,2) 0.42036075758
	(50,3) 0.324401633307
	(50,5) 0.0135101334956
	(50,11) 0.21235481939
	(50,13) 0.0293726562276
	(51,0) 0.177517767622
	(51,2) 0.0793270365065
	(51,7) 0.23671052055
	(51,13) 0.393490558299
	(51,15) 0.112954117022
	(52,3) 0.148459545981
	(52,11) 0.422138353598
	(52,16) 0.171285115076
	(52,18) 0.258116985345
	(53,0) 0.140643345568
	(53,3) 0.0384803366145
	(53,7) 0.064705373751
	(53,8) 0.111409905154
	(53,15) 0.131708290521
	(53,16) 0.312380962047
	(53,19) 0.200671786344
	(54,0) 0.0175216983561
	(54,4) 0.0298280065277
	(54,7) 0.167124298225
	(54,9) 0.0234706048875
	(54,11) 0.474814644917
	(54,12) 0.236940624489
	(54,20) 0.0503001225977
T: (state,symbol,state) 
	(0,0,52) 1.0
	(0,3,42) 1.0
	(0,6,22) 0.673595233904
	(0,6,30) 0.326404766096
	(0,7,11) 0.21277871709
	(0,7,13) 0.12518113508
	(0,7,27) 0.384487024629
	(0,7,45) 0.277553123202
	(1,1,10) 0.0427874353085
	(1,1,14) 0.035416837217
	(1,1,27) 0.158788566536
	(1,1,28) 0.0517808986077
	(1,1,31) 0.316727066546
	(1,1,48) 0.14879995727
	(1,1,49) 0.0881233543307
	(1,1,50) 0.0131786872212
	(1,1,53) 0.144397196964
	(1,4,4) 0.22904378321
	(1,4,8) 0.0944250214228
	(1,4,32) 0.171124919552
	(1,4,35) 0.193091791167
	(1,4,53) 0.312314484647
	(1,8,9) 0.846680074077
	(1,8,48) 0.153319925923
	(1,10,23) 0.271293539704
	(1,10,32) 0.350735495491
	(1,10,50) 0.377970964806
	(2,6,14) 0.312612029306
	(2,6,21) 0.11209482951
	(2,6,40) 0.307024772223
	(2,6,49) 0.268268368962
	(2,10,2) 0.248947709879
	(2,10,6) 0.0520364052313
	(2,10,24) 0.304080884893
	(2,10,34) 0.296672919887
	(2,10,46) 0.0982620801104
	(2,11,1) 0.451275794184
	(2,11,40) 0.375204967281
	(2,11,54) 0.173519238535
	(3,2,4) 0.361149185926
	(3,2,6) 0.0353604498561
	(3,2,15) 0.470411254968
	(3,2,17) 0.133079109251
	(3,4,4) 0.047750919324
	(3,4,29) 0.952249080676
	(3,6,0) 0.0768098770303
	(3,6,10) 0.153083812819
	(3,6,24) 0.0541115325469
	(3,6,45) 0.558716531294
	(3,6,50) 0.15727824631
	(3,7,53) 1.0
	(3,10,2) 0.187493275373
	(3,10,13) 0.104920198612
	(3,10,16) 0.222005767374
	(3,10,50) 0.485580758642
	(3,12,20) 0.871669755322
	(3,12,48) 0.128330244678
	(3,15,54) 1.0
	(3,19,4) 0.002216800484
	(3,19,22) 0.184991886103
	(3,19,34) 0.178464042897
	(3,19,35) 0.198441491848
	(3,19,52) 0.435885778668
	(4,1,21) 0.496851002172
	(4,1,27) 0.439452619711
	(4,1,38) 0.0636963781166
	(4,2,0) 0.00855657754296
	(4,2,22) 0.159843214193
	(4,2,23) 0.315011775442
	(4,2,30) 0.456654321194
	(4,2,41) 0.0599341116294
	(4,5,8) 0.19496169757
	(4,5,19) 0.126772271501
	(4,5,22) 0.29023416864
	(4,5,32) 0.0132351287925
	(4,5,37) 0.374796733497
	(4,8,8) 0.532916884125
	(4,8,13) 0.0870739984513
	(4,8,34) 0.0224901345693
	(4,8,43) 0.294668671227
	(4,8,52) 0.0628503116275
	(4,10,5) 0.318297606637
	(4,10,44) 0.176519923245
	(4,10,50) 0.505182470118
	(4,12,16) 0.439360038554
	(4,12,31) 0.560639961446
	(4,17,28) 0.064922315532
	(4,17,40) 0.178728237842
	(4,17,43) 0.756349446626
	(5,4,9) 0.195761815677
	(5,4,21) 0.18725887501
	(5,4,43) 0.113649608486
	(5,4,53) 0.503329700827
	(5,15,13) 0.0881721328148
	(5,15,18) 0.156494406406
	(5,15,19) 0.56849348295
	(5,15,23) 0.186839977829
	(5,16,37) 0.72434147609
	(5,16,53) 0.27565852391
	(5,17,14) 0.127089282694
	(5,17,17) 0.00566517309851
	(5,17,18) 0.175659360828
	(5,17,20) 0.00985557390666
	(5,17,41) 0.615299720502
	(5,17,48) 0.0664308889708
	(6,0,2) 0.140980910605
	(6,0,31) 0.859019089395
	(6,19,32) 0.884230726523
	(6,19,39) 0.115769273477
	(7,0,8) 0.0853420457049
	(7,0,43) 0.914657954295
	(7,2,15) 0.339145727318
	(7,2,45) 0.108458898802
	(7,2,51) 0.55239537388
	(7,15,10) 0.278605878233
	(7,15,28) 0.63350232533
	(7,15,44) 0.0878917964371
	(7,19,0) 0.0786046498323
	(7,19,4) 0.431212811314
	(7,19,6) 0.157119238044
	(7,19,29) 0.147561993724
	(7,19,52) 0.185501307086
	(7,20,18) 0.0942459794124
	(7,20,24) 0.630586222513
	(7,20,30) 0.275167798075
	(8,1,0) 0.00311488414731
	(8,1,4) 0.651551108986
	(8,1,6) 0.00909607757793
	(8,1,12) 0.038596529202
	(8,1,17) 0.297641400086
	(8,6,10) 0.32083686787
	(8,6,18) 0.443399217718
	(8,6,24) 0.168073391286
	(8,6,52) 0.0676905231255
	(8,7,21) 0.513732388533
	(8,7,33) 0.0907047083137
	(8,7,41) 0.395562903153
	(8,15,4) 0.147038004486
	(8,15,19) 0.325691205079
	(8,15,21) 0.294186136295
	(8,15,36) 0.03962192376
	(8,15,47) 0.193462730379
	(8,16,29) 1.0
	(8,18,4) 0.0430038390065
	(8,18,24) 0.605431502891
	(8,18,39) 0.351564658103
	(8,19,2) 0.202206776776
	(8,19,18) 0.425625298964
	(8,19,21) 0.330305546601
	(8,19,31) 0.0418623776588
	(9,1,7) 0.902469954486
	(9,1,47) 0.097530045514
	(9,17,5) 0.3732377879
	(9,17,34) 0.352328692166
	(9,17,50) 0.274433519935
	(9,19,7) 0.199235041875
	(9,19,17) 0.172081570748
	(9,19,27) 0.01772832433
	(9,19,30) 0.0624307859108
	(9,19,49) 0.167958435045
	(9,19,50) 0.305031834483
	(9,19,52) 0.0755340076089
	(10,5,33) 0.127035210822
	(10,5,40) 0.318230989159
	(10,5,45) 0.164749818613
	(10,5,46) 0.389983981406
	(10,8,32) 0.598477313822
	(10,8,38) 0.401522686178
	(10,10,12) 0.367072674627
	(10,10,23) 0.354790664678
	(10,10,38) 0.278136660695
	(10,12,28) 0.0618635064205
	(10,12,30) 0.455145018015
	(10,12,31) 0.471730475799
	(10,12,52) 0.0112609997657
	(10,14,4) 0.0241761530089
	(10,14,5) 0.154506118719
	(10,14,9) 0.0675665738415
	(10,14,29) 0.158954614821
	(10,14,47) 0.353547823559
	(10,14,53) 0.241248716051
	(10,15,38) 0.30267433307
	(10,15,47) 0.69732566693
	(11,3,2) 0.00100266496242
	(11,3,8) 0.0669270486609
	(11,3,12) 0.0722188527801
	(11,3,27) 0.0288054607655
	(11,3,29) 0.340437096195
	(11,3,38) 0.0994781882665
	(11,3,42) 0.239284214929
	(11,3,50) 0.15184647344
	(11,7,6) 0.856056723502
	(11,7,12) 0.100453387871
	(11,7,26) 0.0434898886269
	(11,11,1) 0.289639812557
	(11,11,5) 0.277412836591
	(11,11,25) 0.167902429834
	(11,11,29) 0.149011512151
	(11,11,51) 0.116033408867
	(11,12,42) 1.0
	(11,16,31) 0.141765419187
	(11,16,54) 0.858234580813
	(11,19,0) 1.0
	(12,0,13) 0.676618500584
	(12,0,27) 0.323381499416
	(12,2,19) 0.434119817237
	(12,2,23) 0.26610564468
	(12,2,28) 0.163315602756
	(12,2,38) 0.0411664514004
	(12,2,43) 0.0952924839268
	(12,3,29) 0.305405314174
	(12,3,49) 0.694594685826
	(12,7,21) 0.994878130634
	(12,7,51) 0.00512186936616
	(12,9,16) 0.122844421512
	(12,9,24) 0.446252399921
	(12,9,26) 0.00879977955045
	(12,9,27) 0.0918386936588
	(12,9,53) 0.330264705358
	(12,10,13) 0.207296195881
	(12,10,19) 0.123184430996
	(12,10,21) 0.669519373123
	(12,11,0) 0.598714218026
	(12,11,7) 0.158075871591
	(12,11,9) 0.0403246181324
	(12,11,13) 0.116529978663
	(12,11,41) 0.0863553135883
	(12,12,2) 0.243217169389
	(12,12,42) 0.756782830611
	(12,13,49) 1.0
	(13,0,12) 0.305455384187
	(13,0,22) 0.694544615813
	(13,2,10) 0.682061332574
	(13,2,49) 0.317938667426
	(13,4,0) 0.232586532924
	(13,4,17) 0.767413467076
	(13,6,15) 0.111556419807
	(13,6,20) 0.303939032427
	(13,6,28) 0.167328920382
	(13,6,35) 0.311750332347
	(13,6,47) 0.105425295037
	(13,8,8) 0.139598296101
	(13,8,37) 0.0931250027698
	(13,8,44) 0.132478689896
	(13,8,46) 0.079605342044
	(13,8,48) 0.555192669189
	(13,9,18) 0.26623170473
	(13,9,29) 0.73376829527
	(13,17,0) 0.149698392771
	(13,17,18) 0.699700908177
	(13,17,52) 0.150600699052
	(14,2,41) 0.700345360243
	(14,2,53) 0.299654639757
	(14,4,14) 0.581440637193
	(14,4,16) 0.418559362807
	(14,8,20) 1.0
	(14,9,2) 0.0490243228081
	(14,9,6) 0.0735861707626
	(14,9,13) 0.0913671288655
	(14,9,14) 0.309479365447
	(14,9,38) 0.348613786906
	(14,9,41) 0.0444501650067
	(14,9,52) 0.0834790602044
	(14,12,9) 0.145930178314
	(14,12,19) 0.638973861772
	(14,12,42) 0.15242424267
	(14,12,53) 0.0626717172445
	(14,13,37) 1.0
	(14,14,0) 0.200551694984
	(14,14,4) 0.0575892107064
	(14,14,11) 0.236125579074
	(14,14,21) 0.505733515236
	(14,16,2) 0.360252382747
	(14,16,28) 0.639747617253
	(14,17,25) 0.146687113624
	(14,17,31) 0.452948379
	(14,17,54) 0.400364507377
	(14,20,11) 0.338724104469
	(14,20,18) 0.635586666288
	(14,20,48) 0.0256892292432
	(15,0,0) 0.0480244651705
	(15,0,20) 0.476171847651
	(15,0,43) 0.475803687178
	(15,4,12) 0.545384379782
	(15,4,26) 0.329547087179
	(15,4,32) 0.0649612070213
	(15,4,35) 0.0109444303382
	(15,4,39) 0.00710488022514
	(15,4,51) 0.0420580154545
	(15,13,3) 0.269332300396
	(15,13,6) 0.218654896898
	(15,13,17) 0.151106126249
	(15,13,39) 0.068160435568
	(15,13,40) 0.292746240889
	(16,1,6) 0.108362978589
	(16,1,29) 0.891637021411
	(16,3,19) 0.627680613253
	(16,3,22) 0.240879244833
	(16,3,25) 0.067336015296
	(16,3,35) 0.0641041266178
	(16,9,2) 0.348314512767
	(16,9,7) 0.339569714292
	(16,9,29) 0.0877395135471
	(16,9,32) 0.202165827861
	(16,9,42) 0.022210431533
	(16,15,5) 0.405291527561
	(16,15,26) 0.342249828603
	(16,15,40) 0.252458643836
	(16,17,13) 0.633287277505
	(16,17,53) 0.366712722495
	(17,0,8) 0.483555822467
	(17,0,34) 0.516444177533
	(17,2,10) 0.0423926721441
	(17,2,37) 0.734031572339
	(17,2,46) 0.223575755517
	(17,8,9) 0.263511469619
	(17,8,36) 0.660236386398
	(17,8,46) 0.0762521439833
	(17,12,3) 0.566529730993
	(17,12,16) 0.402192248228
	(17,12,52) 0.031278020779
	(18,2,30) 1.0
	(18,6,9) 0.00730253058897
	(18,6,21) 0.0909555776366
	(18,6,37) 0.524713375156
	(18,6,46) 0.377028516618
	(18,7,7) 0.0118048520084
	(18,7,15) 0.700710292311
	(18,7,48) 0.28748485568
	(18,10,24) 0.552098966766
	(18,10,32) 0.447901033234
	(18,13,14) 0.06154070509
	(18,13,46) 0.0751301103408
	(18,13,48) 0.863329184569
	(18,16,53) 1.0
	(18,18,34) 0.018386238504
	(18,18,48) 0.338143577339
	(18,18,53) 0.643470184157
	(18,19,17) 0.881292813148
	(18,19,23) 0.0148169251691
	(18,19,26) 0.0366333675881
	(18,19,42) 0.0672568940944
	(19,1,3) 0.414804865192
	(19,1,8) 0.011861572648
	(19,1,24) 0.0875539469126
	(19,1,30) 0.0552814723139
	(19,1,38) 0.190850148343
	(19,1,46) 0.0942720329245
	(19,1,48) 0.145375961665
	(19,5,7) 0.415874848353
	(19,5,16) 0.398796474765
	(19,5,23) 0.0666953716725
	(19,5,35) 0.100130033605
	(19,5,46) 0.0185032716045
	(19,9,23) 0.714111540342
	(19,9,25) 0.273407110707
	(19,9,33) 0.0124813489511
	(19,10,3) 0.291705154751
	(19,10,11) 0.0467639078046
	(19,10,31) 0.207529597899
	(19,10,47) 0.454001339546
	(19,12,5) 1.0
	(19,13,48) 0.665534543185
	(19,13,49) 0.273490616993
	(19,13,53) 0.060974839822
	(20,5,6) 0.258494662189
	(20,5,7) 0.275754013541
	(20,5,17) 0.321416988011
	(20,5,23) 0.144334336259
	(20,10,40) 0.420571091845
	(20,10,44) 0.579428908155
	(20,13,0) 0.0612762267288
	(20,13,12) 0.310088690926
	(20,13,14) 0.430439234275
	(20,13,20) 0.0700900903836
	(20,13,54) 0.128105757687
	(20,15,3) 0.968993091475
	(20,15,51) 0.0310069085252
	(20,17,50) 1.0
	(21,2,24) 0.304601845326
	(21,2,27) 0.0535455127176
	(21,2,53) 0.641852641956
	(21,8,1) 0.583945431494
	(21,8,11) 0.312324488661
	(21,8,20) 0.0245501524421
	(21,8,40) 0.0791799274031
	(21,10,28) 0.108688246554
	(21,10,30) 0.189323264161
	(21,10,47) 0.701988489284
	(21,11,22) 0.323082898684
	(21,11,48) 0.676917101316
	(21,18,11) 0.350787075335
	(21,18,22) 0.607995116421
	(21,18,44) 0.0412178082434
	(22,5,0) 0.44209926696
	(22,5,3) 0.200477689571
	(22,5,9) 0.16876215235
	(22,5,45) 0.0210924538019
	(22,5,47) 0.167568437316
	(22,8,45) 1.0
	(23,2,27) 0.00414623048439
	(23,2,37) 0.824918808192
	(23,2,43) 0.170934961323
	(23,4,18) 1.0
	(23,6,49) 1.0
	(23,16,31) 1.0
	(23,18,5) 0.103503012802
	(23,18,19) 0.367181897828
	(23,18,21) 0.186724209167
	(23,18,36) 0.105051261902
	(23,18,44) 0.2375396183
	(23,20,5) 0.0768268258746
	(23,20,6) 0.218313004439
	(23,20,38) 0.583847583947
	(23,20,43) 0.12101258574
	(24,2,9) 0.902897440993
	(24,2,26) 0.0971025590074
	(24,9,12) 0.882366146988
	(24,9,32) 0.117633853012
	(24,11,0) 0.355419975224
	(24,11,22) 0.253885206096
	(24,11,51) 0.39069481868
	(24,17,39) 0.781767996667
	(24,17,42) 0.0804094965319
	(24,17,51) 0.137822506801
	(24,19,21) 0.155698059257
	(24,19,24) 0.844301940743
	(24,20,17) 0.0551456117865
	(24,20,26) 0.432934911761
	(24,20,36) 0.41132037164
	(24,20,39) 0.0205951787635
	(24,20,50) 0.0283201536919
	(24,20,51) 0.0516837723571
	(25,0,0) 0.699689906301
	(25,0,8) 0.300310093699
	(25,1,1) 0.0907721469061
	(25,1,9) 0.102347555661
	(25,1,12) 0.276938566653
	(25,1,31) 0.160553320066
	(25,1,48) 0.369388410714
	(25,3,29) 1.0
	(25,5,19) 0.331856144528
	(25,5,21) 0.150106756405
	(25,5,31) 0.122320603286
	(25,5,37) 0.395716495781
	(25,7,1) 0.565185414829
	(25,7,20) 0.434814585171
	(25,12,5) 0.275294638178
	(25,12,7) 0.260122959842
	(25,12,10) 0.294925435707
	(25,12,51) 0.169656966273
	(25,13,39) 0.143597488308
	(25,13,48) 0.775117539664
	(25,13,53) 0.0812849720277
	(25,14,11) 0.0833779683979
	(25,14,20) 0.047489739391
	(25,14,29) 0.67020363458
	(25,14,35) 0.198928657631
	(25,15,2) 0.0118456032623
	(25,15,35) 0.225328386102
	(25,15,46) 0.762826010636
	(25,17,9) 0.3617419134
	(25,17,20) 0.6382580866
	(26,2,18) 0.887138369331
	(26,2,29) 0.112861630669
	(26,10,38) 1.0
	(26,13,14) 0.586228382611
	(26,13,42) 0.407065541153
	(26,13,49) 0.0067060762361
	(26,14,10) 0.0694555364849
	(26,14,21) 0.103090056504
	(26,14,26) 0.382254859629
	(26,14,49) 0.445199547383
	(26,16,53) 1.0
	(27,1,14) 0.461830855984
	(27,1,15) 0.178867045247
	(27,1,47) 0.0793616579782
	(27,1,48) 0.27994044079
	(27,2,31) 0.0725602743812
	(27,2,46) 0.927439725619
	(27,7,7) 0.451598096143
	(27,7,24) 0.532489246685
	(27,7,37) 0.0159126571726
	(27,8,10) 0.460288849433
	(27,8,18) 0.112856709606
	(27,8,45) 0.0568430216522
	(27,8,50) 0.370011419309
	(27,12,17) 0.93881995891
	(27,12,38) 0.06118004109
	(27,17,42) 1.0
	(28,0,11) 0.239392819719
	(28,0,12) 0.760607180281
	(28,2,13) 0.402565097018
	(28,2,37) 0.597434902982
	(28,5,13) 0.368433639722
	(28,5,23) 0.475527957713
	(28,5,25) 0.156038402565
	(28,7,15) 0.346019313254
	(28,7,42) 0.652804418002
	(28,7,47) 0.00117626874429
	(28,11,6) 0.367969341125
	(28,11,29) 0.591685524608
	(28,11,53) 0.0403451342666
	(28,12,1) 0.698004051517
	(28,12,22) 0.236312073406
	(28,12,47) 0.0656838750777
	(28,19,35) 0.0892398060554
	(28,19,44) 0.403516414607
	(28,19,45) 0.438754825972
	(28,19,46) 0.068488953366
	(29,2,22) 0.576014142788
	(29,2,52) 0.393599713216
	(29,2,54) 0.030386143996
	(29,6,9) 0.563520965383
	(29,6,14) 0.307926659544
	(29,6,27) 0.128552375073
	(29,10,1) 0.06558552763
	(29,10,17) 0.0199235163688
	(29,10,25) 0.580595391311
	(29,10,41) 0.137697074336
	(29,10,43) 0.088991181226
	(29,10,53) 0.107207309128
	(29,13,52) 1.0
	(29,15,1) 0.0868485519022
	(29,15,7) 0.103796578631
	(29,15,36) 0.403302242358
	(29,15,54) 0.406052627108
	(29,17,7) 0.639260944488
	(29,17,23) 0.360739055512
	(30,0,20) 0.81311713745
	(30,0,36) 0.00414363102516
	(30,0,38) 0.182739231525
	(30,13,3) 1.0
	(30,15,15) 1.0
	(30,16,1) 0.839825469467
	(30,16,27) 0.160174530533
	(31,9,25) 0.152625371982
	(31,9,38) 0.513571023019
	(31,9,42) 0.26763993409
	(31,9,51) 0.0661636709091
	(31,16,45) 1.0
	(31,17,39) 0.117407736138
	(31,17,40) 0.882592263862
	(32,3,6) 0.193925321206
	(32,3,22) 0.243277044256
	(32,3,47) 0.562797634537
	(32,5,0) 0.0514965419232
	(32,5,16) 0.49426565507
	(32,5,22) 0.226436902097
	(32,5,26) 0.22780090091
	(32,7,6) 0.200346308763
	(32,7,19) 0.40812865269
	(32,7,39) 0.391525038547
	(32,8,12) 0.315488264173
	(32,8,25) 0.105175815715
	(32,8,26) 0.0854181314202
	(32,8,27) 0.32081615549
	(32,8,49) 0.173101633201
	(32,12,21) 0.512326690759
	(32,12,47) 0.388048923736
	(32,12,48) 0.0996243855053
	(32,15,7) 0.773479707449
	(32,15,23) 0.226520292551
	(32,16,18) 0.0978151934411
	(32,16,21) 0.313195966343
	(32,16,38) 0.118443068891
	(32,16,39) 0.470545771325
	(32,17,0) 0.626088489811
	(32,17,4) 0.0585642985479
	(32,17,30) 0.315347211641
	(32,18,8) 0.539176091521
	(32,18,30) 0.224021567133
	(32,18,37) 0.200612215771
	(32,18,42) 0.0261864764845
	(32,18,53) 0.0100036490897
	(32,20,8) 0.0805087891524
	(32,20,17) 0.080053474079
	(32,20,18) 0.145076247267
	(32,20,27) 0.0474733841047
	(32,20,29) 0.459091240727
	(32,20,36) 0.160661630698
	(32,20,44) 0.0012121800492
	(32,20,50) 0.0259230539236
	(33,0,2) 0.032455944446
	(33,0,42) 0.967544055554
	(33,4,32) 0.497203765738
	(33,4,34) 0.412512489536
	(33,4,48) 0.090283744725
	(33,5,6) 0.0507483452362
	(33,5,12) 0.949251654764
	(33,6,14) 0.199831012657
	(33,6,16) 0.162348322934
	(33,6,22) 0.63782066441
	(33,10,15) 0.0280199010048
	(33,10,26) 0.0569740995518
	(33,10,36) 0.361300267811
	(33,10,45) 0.553705731632
	(33,14,2) 0.359469824283
	(33,14,16) 0.191671532583
	(33,14,20) 0.448556439853
	(33,14,49) 0.000302203281538
	(33,16,1) 0.0156887715426
	(33,16,4) 0.04746610479
	(33,16,27) 0.139942221241
	(33,16,30) 0.130546460829
	(33,16,34) 0.298109021486
	(33,16,50) 0.368247420112
	(33,17,12) 0.598659201575
	(33,17,49) 0.401340798425
	(34,14,5) 0.0934177324649
	(34,14,15) 0.776596366405
	(34,14,41) 0.129985901131
	(34,18,0) 0.025747160963
	(34,18,10) 0.11073492592
	(34,18,26) 0.342885490729
	(34,18,31) 0.328675579788
	(34,18,32) 0.191956842601
	(35,15,17) 0.0830029080085
	(35,15,23) 0.726686197591
	(35,15,42) 0.190310894401
	(36,8,5) 0.240975151983
	(36,8,7) 0.184195335418
	(36,8,25) 0.574829512599
	(36,11,4) 1.0
	(36,14,8) 0.227549036162
	(36,14,19) 0.177065295464
	(36,14,27) 0.397698416785
	(36,14,50) 0.197687251589
	(36,20,52) 1.0
	(37,1,6) 0.025235679932
	(37,1,21) 0.670089113697
	(37,1,50) 0.304675206371
	(37,2,9) 0.519850610102
	(37,2,21) 0.480149389898
	(37,3,2) 0.122097333915
	(37,3,11) 0.011400484601
	(37,3,23) 0.0886934809952
	(37,3,24) 0.0835611433011
	(37,3,30) 0.116911653484
	(37,3,38) 0.372926371269
	(37,3,41) 0.204409532434
	(37,7,0) 0.0508196393844
	(37,7,5) 0.0226340648388
	(37,7,11) 0.0278246143094
	(37,7,17) 0.107031470131
	(37,7,26) 0.333083489498
	(37,7,39) 0.0203054744972
	(37,7,50) 0.438301247341
	(37,15,7) 0.085965133283
	(37,15,31) 0.0613691754967
	(37,15,49) 0.85266569122
	(37,16,7) 0.747557222957
	(37,16,39) 0.247931233033
	(37,16,42) 0.00451154401036
	(38,3,15) 0.535389430022
	(38,3,21) 0.0779670764027
	(38,3,24) 0.29573979489
	(38,3,34) 0.0909036986853
	(38,6,30) 0.46060891869
	(38,6,50) 0.101249176139
	(38,6,51) 0.438141905172
	(38,8,16) 0.693659359185
	(38,8,21) 0.306340640815
	(38,10,3) 0.272277582973
	(38,10,18) 0.20295803892
	(38,10,26) 0.524764378107
	(38,11,3) 0.539516225878
	(38,11,5) 0.460483774122
	(38,12,23) 1.0
	(38,15,26) 0.124136548329
	(38,15,39) 0.531994083968
	(38,15,42) 0.0908012518719
	(38,15,47) 0.253068115831
	(38,18,3) 0.745876796128
	(38,18,17) 0.254123203872
	(38,20,22) 0.396329621053
	(38,20,23) 0.0959330992541
	(38,20,38) 0.427897269479
	(38,20,39) 0.00033605178049
	(38,20,41) 0.0795039584331
	(39,10,33) 0.0427806896778
	(39,10,51) 0.957219310322
	(39,18,2) 0.128826605573
	(39,18,16) 0.0659736839989
	(39,18,18) 0.0431174008378
	(39,18,26) 0.0399137717358
	(39,18,29) 0.109713115112
	(39,18,42) 0.0313272044026
	(39,18,46) 0.0140776228092
	(39,18,53) 0.567050595531
	(40,0,28) 0.675348770398
	(40,0,35) 0.0787383904266
	(40,0,42) 0.245912839175
	(40,9,28) 0.171989499672
	(40,9,40) 0.0544912348318
	(40,9,45) 0.773519265497
	(40,11,18) 0.940362196431
	(40,11,38) 0.0596378035694
	(40,14,9) 0.124601579809
	(40,14,16) 0.21544123662
	(40,14,20) 0.424645755982
	(40,14,48) 0.235311427589
	(40,19,0) 1.0
	(41,2,0) 0.156164426916
	(41,2,35) 0.591857916608
	(41,2,47) 0.251977656476
	(41,3,9) 0.16867341018
	(41,3,26) 0.141363189723
	(41,3,34) 0.689963400096
	(41,4,19) 0.243712288985
	(41,4,21) 0.187925689205
	(41,4,23) 0.12710181024
	(41,4,31) 0.201018541131
	(41,4,37) 0.166724398063
	(41,4,48) 0.0735172723758
	(41,9,9) 0.0181651934336
	(41,9,28) 0.0347034900726
	(41,9,32) 0.191709255383
	(41,9,34) 0.723873196447
	(41,9,44) 0.031548864664
	(42,0,1) 0.529935770077
	(42,0,13) 0.157435783842
	(42,0,14) 0.312628446081
	(42,13,21) 0.236483016484
	(42,13,38) 0.0619991022426
	(42,13,50) 0.701517881274
	(42,16,8) 0.239270264096
	(42,16,10) 0.117211636277
	(42,16,25) 0.515511678084
	(42,16,27) 0.0649888668778
	(42,16,36) 0.0630175546646
	(42,20,35) 0.129706631151
	(42,20,39) 0.323613855026
	(42,20,48) 0.477036453006
	(42,20,52) 0.0696430608178
	(43,7,9) 0.171387772061
	(43,7,12) 0.828612227939
	(43,9,3) 0.620016122914
	(43,9,4) 0.00544289297697
	(43,9,29) 0.374540984109
	(43,11,7) 0.705514625831
	(43,11,38) 0.294485374169
	(43,16,8) 1.0
	(44,0,19) 0.770703818997
	(44,0,49) 0.229296181003
	(44,1,10) 0.206116572671
	(44,1,11) 0.195916022306
	(44,1,24) 0.482632753755
	(44,1,36) 0.0117648340703
	(44,1,54) 0.103569817197
	(44,2,11) 1.0
	(44,3,27) 0.326040247518
	(44,3,37) 0.673959752482
	(44,5,18) 0.501118902542
	(44,5,38) 0.216062500431
	(44,5,44) 0.17297016267
	(44,5,45) 0.109848434357
	(44,9,4) 0.323135437899
	(44,9,6) 0.113679867203
	(44,9,14) 0.0586844978714
	(44,9,29) 0.0486572177979
	(44,9,52) 0.455842979229
	(44,12,37) 1.0
	(44,20,2) 0.10516646467
	(44,20,23) 0.118271461689
	(44,20,27) 0.776562073641
	(45,0,4) 0.75573201928
	(45,0,20) 0.227698725777
	(45,0,36) 0.0165692549434
	(45,13,19) 0.233836682363
	(45,13,30) 0.766163317637
	(45,14,41) 0.59308303352
	(45,14,42) 0.117027653377
	(45,14,47) 0.283515434528
	(45,14,51) 0.00637387857513
	(46,4,6) 0.428457604233
	(46,4,9) 0.0260080915024
	(46,4,25) 0.51678790989
	(46,4,38) 0.0287463943737
	(46,6,44) 1.0
	(46,12,0) 0.412747167257
	(46,12,1) 0.0183636510063
	(46,12,14) 0.212671855143
	(46,12,34) 0.077385567412
	(46,12,41) 0.278831759182
	(46,13,19) 0.0504130554005
	(46,13,50) 0.949586944599
	(46,14,8) 0.477189909786
	(46,14,35) 0.39073148647
	(46,14,38) 0.0821086180408
	(46,14,42) 0.0499699857029
	(46,20,3) 0.333290731948
	(46,20,8) 0.128006110148
	(46,20,9) 0.150063333249
	(46,20,11) 0.308033663326
	(46,20,17) 0.0444901440386
	(46,20,29) 0.0361160172909
	(47,2,38) 1.0
	(47,3,15) 0.0610458819786
	(47,3,23) 0.092640734745
	(47,3,27) 0.0504000579235
	(47,3,33) 0.436575488967
	(47,3,35) 0.34714626426
	(47,3,41) 0.0121915721263
	(47,6,14) 0.21764806435
	(47,6,29) 0.58836549103
	(47,6,51) 0.19398644462
	(47,11,21) 0.215509237139
	(47,11,43) 0.271558642056
	(47,11,48) 0.432459729391
	(47,11,49) 0.0804723914146
	(47,12,48) 1.0
	(47,17,3) 0.186571051036
	(47,17,31) 0.730198245047
	(47,17,42) 0.0832307039163
	(48,2,0) 0.750051811535
	(48,2,33) 0.249948188465
	(48,12,0) 1.0
	(48,13,10) 1.0
	(48,15,3) 0.536771208078
	(48,15,23) 0.125633904511
	(48,15,29) 0.337594887412
	(49,10,19) 0.91804271717
	(49,10,48) 0.0819572828298
	(50,2,15) 1.0
	(50,3,3) 0.309054122905
	(50,3,19) 0.310593104072
	(50,3,28) 0.237887542252
	(50,3,45) 0.108760351378
	(50,3,47) 0.0337048793924
	(50,5,18) 0.0992925117681
	(50,5,42) 0.900707488232
	(50,11,19) 0.0621589395372
	(50,11,32) 0.290415473877
	(50,11,50) 0.528903913049
	(50,11,52) 0.118521673536
	(50,13,4) 0.531559613828
	(50,13,21) 0.273547681587
	(50,13,30) 0.121450360334
	(50,13,33) 0.0374922418425
	(50,13,42) 0.0359501024092
	(51,0,5) 0.265985234431
	(51,0,9) 0.0669005650523
	(51,0,23) 0.462993041517
	(51,0,50) 0.204121158999
	(51,2,4) 1.0
	(51,7,3) 0.34739197953
	(51,7,10) 0.217879060126
	(51,7,14) 0.434728960344
	(51,13,23) 0.0232688208583
	(51,13,28) 0.21726381641
	(51,13,52) 0.759467362732
	(51,15,19) 0.55117862899
	(51,15,38) 0.44882137101
	(52,3,26) 0.0979724187681
	(52,3,32) 0.210924301555
	(52,3,40) 0.187419142624
	(52,3,49) 0.503684137053
	(52,11,15) 0.528388475258
	(52,11,33) 0.0510717037897
	(52,11,34) 0.0815921673568
	(52,11,39) 0.277638779774
	(52,11,50) 0.0613088738216
	(52,16,15) 0.217294815865
	(52,16,23) 0.0483627302517
	(52,16,40) 0.241760072331
	(52,16,43) 0.0960259206319
	(52,16,45) 0.0865753055175
	(52,16,46) 0.309981155403
	(52,18,2) 0.434804047305
	(52,18,25) 0.0158227950736
	(52,18,36) 0.112308386391
	(52,18,50) 0.43706477123
	(53,0,15) 0.168977337228
	(53,0,37) 0.676473275337
	(53,0,41) 0.154549387435
	(53,3,17) 0.212777875635
	(53,3,27) 0.00218137964603
	(53,3,34) 0.0771760197986
	(53,3,44) 0.51766600133
	(53,3,48) 0.19019872359
	(53,7,12) 0.152724709111
	(53,7,26) 0.270768347676
	(53,7,47) 0.576506943213
	(53,8,22) 0.262704815741
	(53,8,24) 0.091591498959
	(53,8,32) 0.465101796372
	(53,8,44) 0.0238603469364
	(53,8,53) 0.156741541992
	(53,15,24) 0.748834956153
	(53,15,42) 0.251165043847
	(53,16,2) 0.524734292494
	(53,16,4) 0.137914595812
	(53,16,8) 0.0752552831286
	(53,16,54) 0.262095828565
	(53,19,7) 0.27373421493
	(53,19,10) 0.360284007078
	(53,19,19) 0.278922528551
	(53,19,22) 0.0137468402778
	(53,19,26) 0.0733124091635
	(54,0,6) 0.563317998861
	(54,0,13) 0.233052560748
	(54,0,52) 0.203629440391
	(54,4,6) 0.0743261019236
	(54,4,35) 0.464609078606
	(54,4,39) 0.106852733921
	(54,4,45) 0.0859078329525
	(54,4,49) 0.100924316535
	(54,4,53) 0.167379936062
	(54,7,19) 0.061478438309
	(54,7,23) 0.938521561691
	(54,9,5) 0.0527229973568
	(54,9,9) 0.947277002643
	(54,11,12) 0.30606636695
	(54,11,35) 0.69393363305
	(54,12,44) 0.520483310318
	(54,12,53) 0.479516689682
	(54,20,1) 0.208843018495
	(54,20,13) 0.258038013226
	(54,20,21) 0.364053074287
	(54,20,48) 0.169065893992
