1000
4.23700054565e-09
1.29264439783e-09
1.15663714856e-28
0.020197881563
2.50017991624e-21
0.000157552464733
6.32893384062e-09
1.79300774928e-18
2.45836624087e-15
0.0448363051682
1.23924545867e-07
2.07718764483e-11
2.24684010743e-11
1.63259803234e-24
8.09580738498e-19
0.00843811055864
7.2977619005e-06
5.90845356416e-11
2.30452234522e-41
3.63068049823e-38
1.23039739316e-05
1.35136698289e-09
4.44768824016e-33
5.79485446063e-13
7.5765795776e-08
0.0659179270475
1.9870028451e-09
0.0828294639157
5.46327341845e-12
7.17754104013e-10
5.69642618634e-19
0.0172774609078
0.00140060897621
0.00141046459797
7.93425687283e-10
0.000201359617391
0.0578549239585
6.13887050724e-28
1.09359913187e-24
2.83067290533e-10
4.04968563733e-06
2.08609387981e-46
1.70716835619e-07
3.16959347842e-07
2.29331055235e-26
3.5997498108e-32
3.68966568131e-19
9.03379029083e-47
0.212529238191
1.53024161248e-13
2.07256296025e-05
3.11573977444e-10
0.000464266006675
4.3058041719e-07
1.18951306662e-32
2.61114928937e-09
0.0213609441728
1.08936161939e-62
7.47930792311e-26
2.39033712381e-11
2.92620551574e-17
1.13823976292e-09
3.53969159894e-24
0.0181060091294
2.83384624433e-20
1.13878915099e-26
2.43598738319e-54
6.96966506218e-07
1.59604475991e-17
6.64149984362e-30
3.27758999361e-12
7.55304563777e-23
0.00304279391902
1.38134873446e-47
8.55979122378e-22
1.3162209221e-11
2.48211243869e-10
3.2449455384e-06
9.31440155048e-10
2.27167184874e-07
5.47300954396e-05
6.28680241302e-36
3.15804595836e-22
7.80183043659e-12
3.25715710486e-15
0.00340554261631
1.53695919377e-06
4.40117302783e-21
0.00102544104613
1.15267304976e-17
0.000135609032494
6.46567950542e-26
3.18341885884e-07
6.77845296313e-05
7.28210027152e-25
7.64417608085e-11
3.68698984876e-37
3.03201115515e-17
3.16975206158e-45
9.0846537688e-09
3.35295821244e-12
8.12127631097e-07
1.02726000242e-05
2.22653124428e-15
0.095740279346
1.66315645902e-18
5.35235283764e-20
3.23552117683e-07
1.27791062911e-07
3.45800721489e-27
3.84650274164e-09
0.000253013632038
4.30515868397e-13
1.37340937009e-05
5.24273772749e-15
6.45849216636e-17
6.06441335108e-60
1.21493513429e-11
5.25226098192e-11
7.31800030477e-17
1.4284850143e-13
2.26743901655e-10
6.75917192324e-50
8.01487875342e-20
6.5917956329e-14
2.5454816512e-08
2.89669185867e-32
4.74028770641e-15
0.000161415981308
8.49446547737e-10
3.33683269156e-23
1.73873810943e-61
2.25455158309e-05
1.06289770565e-13
2.31208328803e-18
2.98097043753e-07
8.40728430439e-15
1.63032800045e-09
8.91699910974e-28
9.65956849818e-23
2.88473710435e-19
3.31922407327e-32
4.82002337915e-10
0.00173890895073
2.07693383769e-10
1.8567474276e-10
2.70700703645e-22
0.0200416040573
4.24718623428e-51
5.50821350119e-18
0.00133104422811
9.91172908789e-08
1.20417382117e-09
1.17763856508e-18
2.3423404491e-18
1.56355974267e-19
6.66243533407e-09
2.01057653757e-07
2.19156275982e-18
6.20148233941e-16
3.48754780235e-16
0.000408470906897
1.82922147027e-09
5.49767631668e-15
5.2211544897e-20
4.70787221834e-07
1.38232932512e-10
0.000285163577672
7.28036157303e-07
3.75747664787e-41
1.89096495908e-09
1.32573351218e-48
1.11234919715e-30
8.49270717438e-05
2.23012448302e-10
1.84742728556e-40
0.0017753900253
6.2154996843e-10
4.89850486746e-17
2.14595604953e-19
0.0469679070348
1.7473737292e-26
5.43179881202e-48
9.5739584407e-46
0.00053060505605
5.17744902149e-17
7.88366912147e-17
1.2707450902e-45
3.52334949706e-13
4.52012509323e-16
4.30861352799e-22
1.28826759117e-70
0.00211717139367
2.77545983403e-10
7.48616687437e-75
5.71102401553e-08
7.23246448482e-27
1.3011330579e-05
2.37419805611e-10
1.02163569319e-59
3.17404922838e-30
4.59896838106e-13
0.00169535054598
6.76931809355e-53
5.22184006599e-05
1.03499386377e-20
7.97645757478e-08
1.18083487586e-11
5.93073219227e-69
4.42676095864e-21
1.58281735115e-29
2.47674116927e-06
1.88255510174e-20
0.000203487374723
0.00905850329367
3.99873187738e-18
1.72501980737e-25
1.75614838555e-09
5.45009323958e-31
7.14102777685e-42
0.0337033721387
5.31740363691e-56
5.73462395776e-07
3.5019319157e-30
2.1273976438e-10
7.67459294246e-16
5.18505389201e-10
0.000108048459984
7.37560582555e-50
0.000125078038187
5.30859586485e-08
1.94184502523e-21
5.43199998307e-11
0.000394550753603
3.58050597488e-11
1.48234362568e-10
1.53315747351e-50
2.42439659743e-05
1.42531391585e-06
1.93499653067e-46
2.83595714694e-20
0.00376453345504
4.8668984858e-12
2.06235153115e-22
7.48488086554e-14
2.03091472726e-20
2.16900797402e-28
1.07413510472e-06
0.00034244367788
4.05514559938e-09
2.6374146387e-36
1.27049292711e-16
5.63167389942e-18
0.0020531809768
1.46636192561e-09
1.67480152213e-86
2.04649282173e-06
0.000819326903933
4.60279549197e-13
1.72507637023e-11
9.2361734881e-16
0.000324978329545
0.0137512160023
2.10964930211e-05
5.56275056196e-13
0.0153328432627
2.95489316596e-05
1.2622603551e-07
0.00126769549716
2.00383709688e-17
0.00179241096034
0.000253850239652
1.62901659155e-08
0.000217701466185
6.02295179605e-19
7.74054624907e-16
5.58241246264e-05
1.84133844896e-47
4.50916159945e-21
2.6568455827e-11
1.88598932575e-07
7.44288026864e-25
3.71051635629e-07
0.00466599257475
1.09477001648e-27
2.97592432556e-26
1.85614593295e-20
5.74823278304e-55
5.71066219255e-10
2.9998918237e-21
3.45356617488e-05
7.50499270908e-17
0.000126888833948
1.18464792736e-11
7.46111222536e-20
1.11558560066e-18
1.38902901427e-06
4.10006454822e-22
8.29447407032e-05
1.64361713231e-28
6.34540776751e-45
9.29036010243e-33
0.000238812462754
2.07490772493e-14
2.18665599889e-27
2.44865303591e-08
6.10068224713e-05
1.51532668757e-31
4.76980959592e-10
4.49825791601e-10
6.14744850646e-28
6.0759249401e-14
1.27824799769e-05
3.38388794266e-71
0.0104670043306
1.71179115761e-15
1.26676783298e-44
0.00103875237079
5.38018485129e-06
7.65338889372e-05
9.83088266753e-06
1.86417872627e-05
8.3820602468e-20
4.84115295303e-23
1.48442393887e-20
4.40029962983e-15
6.61448889918e-25
4.91578601192e-27
3.64714488388e-31
2.44593686114e-09
2.98543353894e-12
4.13440545549e-12
8.13058790741e-40
9.14522999676e-06
1.81213161304e-26
7.76534488353e-10
0.00294284824075
1.59033812878e-09
2.77346690842e-41
5.57696064267e-18
0.0001546437906
1.42747687152e-31
2.38226469224e-12
2.07426725023e-14
8.96278901108e-23
8.35951094694e-10
3.45066437292e-07
0.000251722483184
4.90545158072e-24
7.58600902654e-13
4.4730694657e-24
3.66584224459e-24
1.47902772475e-14
1.56215574836e-13
2.64902463038e-23
2.24290991821e-17
4.07324248389e-08
1.1315988706e-25
5.10727549232e-07
4.24741348411e-12
1.69559593277e-20
2.32306065194e-14
1.56566523464e-22
8.40340068306e-25
3.3280228709e-07
9.31967633852e-10
6.18562886455e-06
5.97587817581e-15
1.19783009152e-17
2.01625687763e-49
1.15714805077e-23
8.9510249229e-12
0.000749583849057
2.79848333629e-05
2.95945195527e-15
3.32323351984e-18
2.85836707703e-06
1.59502324116e-09
5.88443444323e-07
0.00043990803919
6.60555216758e-06
4.8159577474e-23
7.59041326016e-14
0.00120237263147
1.79488686149e-08
2.68276328774e-05
6.64377254853e-53
9.58450449125e-39
4.18640946213e-31
2.66089507554e-52
5.02986106316e-07
1.64476427968e-23
1.4118650444e-15
1.16781025937e-11
6.10334158555e-23
1.27472818019e-10
0.00380120433741
9.17799902766e-14
2.35074872728e-23
2.88562128018e-09
0.00497434939249
2.90363874277e-27
9.4614866546e-15
0.00676382067175
0.00288539716356
2.73860758252e-21
4.72135169458e-18
4.29182583538e-51
3.36059254446e-30
1.20368665811e-42
2.68848373185e-05
3.63033798255e-86
2.39433703293e-19
9.66944553174e-14
1.04758562579e-14
3.80661872735e-20
7.84577949759e-11
3.50064830992e-14
3.57443545023e-25
1.81589503792e-10
4.02028694943e-79
1.57034751744e-28
4.47814997853e-14
0.000588401722639
3.90195951345e-31
4.32390211169e-23
1.0319313309e-17
1.62028940859e-14
2.31559633859e-19
7.18084632979e-16
5.80771466661e-15
7.1274368524e-20
0.000455275000807
1.18942593445e-84
4.94567286854e-12
8.01931841512e-10
2.25360074795e-35
5.25935537523e-42
6.332046771e-15
0.00503702358502
9.3431369067e-08
0.000202736960665
2.10776730543e-05
1.65440625471e-14
1.99528778312e-10
5.1998754692e-06
0.000561763625128
3.33957068741e-10
1.43536466204e-18
1.84432590814e-14
6.35622927445e-16
1.51221880372e-33
4.89986800087e-05
5.7231493592e-28
1.8532724176e-19
5.93228325822e-26
0.0123923671386
1.07155389027e-19
3.67234296041e-12
2.53554953372e-35
8.42319923161e-18
3.45502507809e-11
6.79565642373e-05
9.06136487869e-16
5.63208712298e-06
3.70100482904e-12
9.71059698653e-17
5.2402134337e-36
0.000108079255779
0.000244465442749
5.41518136934e-13
1.70417227693e-28
7.69458115517e-24
1.39742669292e-09
0.00711739411387
1.15734172425e-11
7.99559971327e-05
3.26552651202e-32
1.40648643212e-21
2.06997733401e-08
1.15053892658e-30
1.60775542678e-24
7.97030947938e-21
9.1551011917e-13
0.000298545602105
0.0211591254627
0.000298566720555
3.01597975566e-15
1.35614803546e-20
9.33554862157e-30
3.15341949603e-30
2.62475650819e-36
1.95019995035e-10
4.1193512699e-08
3.53702796495e-11
5.80006899961e-11
1.16800904702e-05
3.01323669061e-21
2.10235332619e-08
0.00325116477587
4.20733426854e-11
1.45669997306e-24
7.397481253e-57
2.43497174686e-13
6.01305867375e-30
2.839120945e-11
0.0100789914058
3.23103664243e-15
9.91162799686e-31
1.65450087229e-52
2.01719136818e-25
7.33632829577e-11
4.03579809838e-10
0.0018757433096
8.11386369092e-07
0.00223695756664
1.84991645356e-65
8.3889837648e-28
1.03379034961e-07
1.96401483764e-12
1.62631351031e-127
2.04269270064e-13
3.77200183077e-20
6.86821569984e-56
7.97433697775e-06
1.54949534439e-45
0.00129981518221
1.65775932876e-12
1.4979246951e-07
1.43537634804e-07
3.69482807616e-28
1.01341630913e-14
1.22275728735e-22
6.73578446669e-17
0.00193682945244
8.9283929081e-18
0.000817403726269
6.07477429059e-10
0.00021805194617
0.000189426775573
1.84107521504e-15
7.198311916e-17
3.23902766145e-25
4.60497149063e-53
4.25129084058e-09
1.03955521166e-12
1.01484641793e-26
1.61652211825e-08
2.44356200092e-104
1.18856981735e-08
8.46736409105e-06
1.42356461782e-19
7.26343187108e-35
0.000211112876456
1.66602680404e-29
0.0001357561912
1.36654814299e-16
4.9581474032e-09
1.01491173513e-16
7.68334084855e-13
0.000992643414086
4.62724023009e-20
1.22896047972e-12
3.81091807949e-38
1.88749055221e-27
2.50993279876e-08
2.16467231411e-10
5.04381942546e-104
2.49206257498e-45
0.00124894268867
0.000127493414733
4.57137966151e-44
1.36796119611e-08
1.66075008245e-59
2.15328444409e-23
5.70004598495e-23
6.5510538442e-38
4.35411562581e-14
2.95408814872e-51
2.72306701534e-13
3.57799585342e-21
0.000288549390625
5.8147385409e-45
2.47831813798e-14
1.02824678948e-20
1.09136158243e-21
6.21934634142e-06
5.14390994045e-08
6.46024539328e-09
1.14998650787e-18
3.25466331371e-19
1.73274017654e-11
1.18496446416e-08
2.13499791729e-20
9.9955701105e-28
5.46505291346e-39
1.36006069691e-25
2.9069124909e-75
3.92111712653e-64
8.57102746097e-38
1.1867169146e-09
6.61364361389e-50
8.99024077574e-21
3.34008967289e-09
6.02304855793e-19
9.04794965823e-44
6.47163475796e-09
1.85838985517e-11
1.57035862134e-08
2.75041219589e-13
6.10336372505e-25
5.75394067746e-09
2.98279410715e-11
5.33360130021e-13
2.68065152748e-52
2.1637202832e-15
8.9808984066e-11
1.55655726927e-27
5.82250414437e-08
5.51409378634e-25
3.28354971469e-18
2.61271038521e-08
1.17297036045e-22
4.78575502354e-15
3.28011343656e-39
6.17765876328e-14
2.45665206689e-05
5.89849644471e-05
1.6598883946e-16
9.84953619819e-11
8.11814283231e-19
4.54033082884e-05
1.87266640827e-19
8.28099996709e-06
3.48120683692e-08
1.30441772978e-15
5.56035633069e-05
0.00168334476995
3.99012728102e-100
7.43873042441e-08
1.76378005478e-15
4.34691085464e-08
1.2774065335e-16
2.34951212544e-30
3.15010653607e-10
6.82537202628e-31
1.33793731288e-14
1.10862217227e-53
9.20242160724e-12
1.36670713182e-08
1.44654355647e-08
2.03428069706e-06
2.29931433555e-15
7.07224731979e-26
6.83479033743e-10
2.77942434328e-21
1.27368401435e-10
2.13950970111e-08
3.46996701293e-09
0.000337565553958
2.02449720286e-20
2.71583773689e-19
1.18305461374e-09
8.6140467843e-30
4.15475912872e-10
0.00103722496961
3.62421926843e-07
2.13425079138e-27
7.69485744873e-18
2.58950215294e-54
1.70785564949e-46
2.00571262788e-07
5.59929602217e-32
2.36580361549e-28
3.15991015609e-23
4.27057606286e-12
4.21109575822e-30
2.74009643651e-09
8.18856180674e-07
6.57909961291e-28
5.4981408041e-26
1.93310634586e-05
1.7981063247e-05
2.29007030111e-16
8.39988903558e-14
5.60184692189e-06
4.55085531151e-25
7.46089252183e-16
1.12167394888e-07
2.84732163208e-33
2.9147148797e-09
4.38647984296e-23
5.93562550662e-10
1.36612008921e-38
2.25900106359e-39
7.61584303112e-06
0.000455745815138
8.1582338442e-16
3.24274923511e-16
0.00121329798833
1.30454119433e-27
1.1755129055e-26
1.68466801626e-28
6.08200961285e-05
3.90492732461e-09
1.03149127227e-09
1.02321831361e-09
0.000126663514276
1.07281728853e-20
6.84423648562e-22
4.24295624693e-09
1.96902742313e-34
1.31458584409e-10
2.21826885581e-19
2.05670047771e-07
0.00490968720292
8.97299913178e-05
3.52357563157e-36
0.00166258341048
7.370653154e-05
5.021511464e-20
2.02109944353e-45
1.30335363136e-09
2.82722091948e-16
1.40251400877e-48
7.55744802299e-12
4.23321690197e-12
0.000976530577749
3.82224384848e-19
1.28658261206e-11
3.47378391999e-09
4.11517794366e-10
1.45182984739e-05
2.26578197485e-10
2.5083559994e-07
0.00469980687846
8.35750268677e-08
2.3336657721e-19
2.0582622464e-10
1.07850341177e-63
3.33363650217e-05
3.54015568611e-21
3.22602981421e-06
1.06082677924e-28
4.38171671057e-11
1.58332575891e-23
6.0652625508e-13
2.66578071172e-12
2.12695196865e-07
3.22939994573e-24
2.82533868004e-67
7.68370995252e-14
1.88172624209e-16
2.51192223502e-08
4.97039071978e-09
1.90226862346e-18
2.11787786213e-10
1.99418393794e-15
7.34805683598e-06
7.3479486637e-19
1.19378803233e-08
3.24962672588e-37
4.96286181666e-09
3.2184432264e-41
2.10649460914e-06
4.09727181308e-16
2.08792651105e-08
0.000139512744024
0.000231667563175
0.000107468558219
7.37809580522e-58
3.94758887412e-51
9.83746334617e-09
2.57300570418e-05
1.40597051575e-29
1.23763283414e-22
8.50703882356e-39
1.1672223709e-21
6.547493718e-05
4.79544451767e-19
3.54822487411e-12
0.0215130251743
2.71043107802e-15
7.86551984951e-17
7.98883574833e-05
0.00187369308419
1.24692996185e-08
2.63224006971e-27
1.3446481477e-30
1.13334415726e-46
7.98573027746e-16
0.00504612863354
1.89559054782e-07
2.24081607917e-07
0.000210132790239
3.01623481117e-06
6.35364774215e-18
3.18424064645e-25
6.78065521334e-51
3.33167824578e-09
8.54661046905e-24
0.000102908227329
0.000671550774531
1.8474420235e-63
0.000747375638034
4.68677027777e-15
3.511079611e-06
2.14413656539e-18
7.18425864422e-24
3.14257526467e-06
2.4650921407e-05
3.40582619912e-05
1.72015513707e-06
1.4950023102e-05
6.98270738186e-21
9.0183599493e-26
7.4345863811e-13
2.02756946645e-07
8.36869174792e-13
2.4239099196e-10
1.47907220637e-13
9.94687688538e-30
4.02746063744e-20
6.53102977515e-12
2.02259416536e-05
6.39234518748e-05
1.63064303353e-15
8.60641703893e-18
2.14603750416e-19
0.00778842129394
5.99206870683e-08
1.9447968158e-58
1.45234634568e-11
3.97928771727e-10
2.00744889971e-20
8.33091472218e-05
1.36043737699e-09
1.39587627633e-28
3.07931881425e-16
6.1527012682e-08
0.000110106018347
2.86886615732e-31
8.83292509194e-09
3.63801314822e-14
1.64697318597e-05
4.56694660163e-28
3.5308336662e-14
1.16512610616e-14
1.81211299608e-08
0.000202833178604
2.33487022716e-11
3.03115802941e-13
3.67104657996e-06
7.18226312001e-05
1.56040792517e-07
8.75482656271e-22
1.75829511209e-68
2.0072415272e-23
7.89792501407e-28
4.1737380921e-34
5.95747405494e-08
9.00083134287e-17
7.95389681392e-13
0.000910642934669
1.02975144158e-14
1.45963199354e-38
4.95102828389e-07
4.30969166882e-06
1.13723858568e-12
3.66203176979e-07
1.46839860516e-14
4.42706415683e-14
9.27478266514e-16
1.69210156545e-07
1.50381042038e-36
5.07158877814e-07
3.13890404404e-36
4.84428174528e-19
3.72359585577e-36
1.07909337253e-30
1.12114436423e-28
3.59418350652e-28
7.26466893357e-57
2.10640730365e-34
2.10381807875e-32
2.72084734829e-11
3.8493323593e-12
8.3562895435e-09
4.29002238401e-24
2.86778235808e-66
7.59051983095e-13
1.04656274185e-51
2.25380884951e-15
7.78981220758e-09
1.72667004859e-06
1.37465587101e-22
1.03497180711e-27
1.23285001913e-51
2.28746761865e-08
6.70696088093e-23
1.76358642371e-12
1.32183591482e-41
2.74383708948e-21
2.57427173165e-11
8.49914117046e-33
0.000797108041945
1.40628451102e-14
6.32867018758e-19
3.05344605965e-49
8.55313326189e-09
1.63761821918e-13
1.38890556148e-44
5.03193814941e-22
1.7974454471e-11
2.06559221156e-06
5.59322570716e-11
3.68826328611e-35
1.20602847325e-11
1.60613997007e-05
7.77355026017e-16
5.02363554186e-06
5.74159370874e-09
4.96786766829e-09
2.65058526856e-55
1.02494613375e-12
4.25010168246e-09
1.85557653955e-07
1.26356678079e-67
1.65093881337e-14
0.000100884907749
6.93274656396e-33
2.80781147095e-09
6.04939193022e-35
1.32656452919e-09
3.80467763193e-22
1.16261766648e-41
8.9298466578e-54
0.00304696937735
1.73668387243e-06
2.85105091054e-13
0.000193612024244
2.32825621293e-09
2.38591180036e-18
2.76815561005e-06
1.65651621253e-13
4.16557750691e-13
0.000522825383804
1.81791323518e-40
2.57375440432e-09
5.4463090283e-08
1.54887028956e-13
0.00207356307052
4.42472001905e-05
1.04109129646e-06
1.42578473975e-09
1.34933917062e-10
3.48051632951e-37
1.7059537825e-10
2.91216885688e-33
2.16989773743e-54
3.5995920507e-10
1.48288565417e-11
4.27947668892e-13
5.61804623138e-59
1.00545754342e-69
3.28027929288e-87
8.45578378321e-06
9.44068309169e-05
0.00204519358156
2.32204457145e-25
5.78775896469e-06
7.7335853298e-50
9.22853415409e-11
4.43181896965e-08
5.71769390775e-26
3.31868666012e-33
0.000373379710945
1.0754005048e-48
2.52360037355e-11
2.26717249779e-56
5.34083231662e-23
3.70266175977e-10
1.69840193769e-14
2.03495222309e-15
3.7125248846e-05
2.09525650828e-18
1.20584393514e-16
0.000100447528168
1.75876194595e-09
8.61078927967e-33
1.96975047948e-09
0.000271668674903
1.37586268108e-31
5.06115995478e-13
1.63626835258e-16
2.79406799248e-34
2.49555602136e-22
1.07599126099e-17
5.17426376019e-06
1.80916543352e-05
