1000
0.00831716161131
5.97613625261e-05
0.033370713286
0.468667327123
0.000106823464963
5.39537472726e-07
6.49680320222e-05
0.000469217132303
3.18340282584e-12
0.001972308143
3.74635595772e-11
1.69733289264e-08
7.65814299947e-10
0.0146153165669
5.78023420849e-07
0.00017117521907
4.49824874191e-06
1.88349055432e-10
8.52195448041e-05
2.26344921206e-16
4.62418441365e-09
0.0026079504949
0.00134193928241
0.00818272196567
0.00321490411644
0.0159422556532
0.00323704018331
0.00181992887947
9.8502731752e-07
1.64090670368e-07
0.00109915936304
2.32391442091e-05
3.24143256522e-16
2.55572509818e-06
4.51030066482e-15
6.18818128538e-06
0.000375488269732
0.0108957181297
0.00188247893879
0.0324713453992
8.85146467084e-30
0.00527087534261
0.0617807373229
1.20082195132e-29
1.13160841834e-05
0.0227768255638
1.39335911155e-20
2.45803703136e-07
3.49515779039e-15
2.78846618049e-26
0.00567933398881
2.1498074084e-12
4.582829911e-08
0.000354077166622
0.0166601454282
0.00130206932835
5.06458884993e-08
0.000355822829771
4.33386901247e-07
0.0016798644914
2.29404846867e-06
1.9838442655e-06
0.0188394212807
0.00334524716701
6.72317849013e-13
0.000191405805866
2.33682489959e-14
0.0113085107011
0.00169530331235
3.76003106933e-15
9.9661800165e-13
0.00620034129236
1.18826973538e-07
3.88404281045e-06
0.00128857730211
1.27184512919e-10
0.000672798229271
1.31060214911e-10
6.81547109819e-05
0.00243269729513
2.04953158594e-10
1.16897927254e-07
4.24918578643e-14
8.08560764395e-19
3.97850675312e-20
3.56831887889e-06
0.000908280360907
2.29808779576e-08
7.40633127763e-23
7.77743355955e-07
3.54599283253e-09
8.96594702611e-12
1.14220874313e-14
8.65597833486e-05
2.37109674878e-10
3.38618749272e-10
0.00232410743617
3.59456126297e-06
0.000515697580415
3.92901106462e-05
6.38483063016e-16
0.000127756730969
0.00154331891546
1.22212514087e-18
1.1581303422e-05
0.000286613154021
6.52919174228e-13
5.12688039428e-06
0.000302678998145
5.59248039003e-27
0.000321805414657
2.60844967317e-11
8.33597702788e-06
0.00144892771247
0.00508403575229
0.00248867727985
0.000401644202326
0.000140855692274
1.00550105394e-05
0.000399471107357
0.000239022863171
0.00353770164065
8.31964869857e-12
0.00291883334
1.95715497509e-06
2.47344387262e-19
7.24248567266e-15
0.00343271623594
6.47696971789e-19
6.18605626891e-08
0.00339584374748
2.20361013719e-11
5.35943942048e-12
1.11299431566e-10
2.29640047505e-18
0.00465500032468
5.44923812327e-17
0.00520609427457
0.00042761993893
0.00336463075402
0.00244871334739
0.00121470962613
0.0307851523766
8.71014278176e-05
9.34361912782e-06
2.39004738437e-05
0.000146525314666
0.00395088251021
0.000126737089635
9.40089721978e-05
2.0838899624e-05
9.36031684869e-09
2.544836858e-20
3.409190079e-08
0.00426323989589
3.44559952577e-07
1.24025251506e-06
2.88634722906e-16
8.2444604709e-09
1.21410315691e-06
4.86969195999e-05
4.39285040054e-21
1.43211468462e-14
4.81272036041e-05
0.00364518821278
7.73339972721e-05
0.000194094230772
2.35959709089e-08
4.13738212488e-16
0.00564601190256
8.99665731124e-10
4.10484526476e-07
2.0292347998e-08
0.00220534340887
6.67849555362e-06
4.2815124331e-10
0.00158453245761
1.43082559306e-09
1.83157542246e-08
1.70600617276e-09
5.83587598909e-06
2.34343842255e-08
2.15581831971e-05
5.41436387444e-09
7.50101775787e-14
1.21095654401e-06
2.48036149625e-06
2.02549669175e-15
3.81125074041e-06
4.14524724341e-13
2.78064924309e-13
1.03542627617e-11
0.000173972724579
0.00133062101313
6.64782600393e-08
6.96612681057e-06
1.67766749518e-05
1.60848175411e-17
0.00128592790115
0.000976120067067
4.15865242431e-10
5.0527982057e-06
0.00554694065716
1.98997771211e-09
0.000804682614985
5.84005092565e-08
3.70639077658e-05
9.85243264936e-08
3.95215908127e-09
6.76554849747e-09
0.00109846770087
0.000420795802024
3.09796298232e-10
4.43047631616e-06
0.000245011527534
3.35469302285e-10
2.01546579723e-17
2.94317275262e-11
9.42573340609e-11
5.92693700848e-22
7.9795166304e-06
4.99344970363e-13
3.23221086459e-08
0.000881287312399
1.22392948695e-09
3.5580849329e-09
5.85783910459e-05
1.40324118954e-12
0.000855934049837
1.8292507314e-06
6.19732306125e-10
1.37667626817e-06
0.00377223806993
1.98039613816e-06
4.74448214239e-17
4.82752106175e-06
8.29164337361e-06
1.15162976075e-19
1.9159394958e-08
7.54989078418e-08
1.45717868268e-11
4.1458496055e-11
0.00179449213359
1.12597686439e-05
4.90016446957e-06
1.3651547507e-07
4.32343197222e-34
1.28597049266e-05
3.46991526041e-18
5.09311399236e-11
0.00729653298122
7.1368535346e-06
3.29689728739e-17
4.65205713754e-07
4.07657901714e-08
8.11641569538e-07
3.26359946577e-05
0.000921884895659
4.65429024e-06
6.22239231211e-05
6.10142819265e-07
5.63407308314e-12
1.88089637379e-07
0.000144068787709
1.5620614074e-06
0.000123152335292
3.0254958557e-10
1.44481031746e-06
1.82521988332e-09
8.61846292268e-10
2.18113740295e-12
4.60650613511e-06
3.99288410625e-05
2.98219942467e-12
1.77803391146e-05
1.31928255227e-15
1.27639937044e-12
2.67438618594e-18
8.36700271518e-06
8.0843843207e-11
0.000657421597105
9.6212739011e-06
3.16035497474e-14
1.9626286652e-05
7.60033923919e-12
8.15056177252e-05
4.17114011109e-07
1.79399342864e-08
4.14725098012e-09
5.33422688983e-05
1.1174559196e-08
8.28156545462e-09
3.53636390418e-09
2.12377928888e-15
4.54544338699e-06
1.36408748165e-30
1.98550463928e-06
1.70453808902e-08
5.1341242721e-14
2.42804743526e-11
8.92049106626e-15
6.1399861014e-13
0.000320836470765
7.14748569248e-11
4.08590053753e-13
2.10212974035e-13
4.18728370711e-07
0.00171720007496
1.78516989781e-07
1.49513232192e-18
0.000906418927255
1.94269685863e-05
2.61085358991e-05
7.92705680903e-06
2.82798833571e-07
4.61191451299e-14
0.000711144728818
6.85886580964e-06
4.98395134435e-08
3.57963509542e-09
1.83799908767e-06
2.2843388405e-19
1.93653947735e-05
7.5363816454e-07
1.00901460914e-06
0.000446074503183
0.0021623115611
0.000231750788381
0.00253355801531
4.78919575472e-06
1.08040321913e-11
1.72960442554e-05
6.29458933619e-13
5.72397179247e-07
2.55265005016e-06
0.00264868530403
0.00309698227789
0.00226601816476
0.000758678578957
1.42403772022e-07
1.27025144909e-08
0.000540757659997
4.40198632475e-06
1.45810903156e-05
0.00319455229741
2.72759633569e-08
3.80806798764e-07
6.75085217996e-16
9.27085277553e-12
0.000754433257494
3.71184052357e-05
4.36018295228e-07
5.12742676498e-11
1.35740880304e-09
2.26441480746e-05
5.45058547601e-16
6.48794267071e-07
0.00241911616467
1.99233421246e-12
2.82986798973e-06
2.73159773547e-05
0.00677704511759
5.82238571344e-05
0.00453865426095
2.91455837851e-10
7.51040544436e-09
1.95322779299e-06
9.37155563114e-05
6.37683330397e-07
6.48721580778e-09
5.79216262623e-43
0.000487240897392
1.42350295516e-13
1.3224246459e-09
0.00212845722064
6.7673881455e-05
0.000246952845948
9.28908367671e-06
8.05447474989e-11
3.45059275963e-17
1.01316970344e-11
1.67788101221e-05
0.000353568074566
8.46978616466e-09
2.34239700985e-16
2.58940949152e-06
6.74311428476e-06
6.14069479806e-08
1.26213512977e-16
0.000952283989634
0.000725467362068
0.000642001526596
0.00408532993087
4.97310767871e-08
5.38625404103e-12
3.02563690521e-12
1.47151628505e-08
0.000416442122959
1.45227054445e-16
2.80010354525e-05
3.75304691047e-15
1.07977515807e-32
2.56390457343e-08
0.000339854288825
1.38880673657e-05
6.39613747759e-10
4.59217836533e-11
6.98770402441e-13
1.77260790315e-07
0.000520955258242
4.83972528734e-21
1.14327127994e-05
7.65034424787e-08
2.68198162854e-08
1.9078965871e-07
8.22091519021e-05
0.000189486765944
2.04136169797e-08
1.37287156975e-07
1.25753896872e-05
0.000172370627471
0.000138694156332
1.04779809853e-12
3.80096086212e-16
9.15634036285e-05
1.61973302327e-10
8.25884275147e-07
5.28170396456e-11
2.31406668754e-05
2.23771248345e-10
9.9867151965e-07
3.91017771821e-10
0.000130923595794
1.560603492e-06
7.43592059993e-10
2.0090581704e-12
2.17815998134e-08
0.000264835433681
2.04615586831e-07
0.0013637399137
3.2994011787e-11
1.29355225886e-10
7.27792363545e-05
6.16076917685e-15
8.62963442494e-15
1.12722032957e-19
9.93622894424e-05
1.84414010966e-17
2.28467403623e-08
6.69390723817e-15
6.65653230744e-10
8.1126863068e-05
2.80008773886e-10
8.35254646455e-08
2.56202279927e-06
4.64640206094e-16
1.67575561423e-06
1.77749490637e-13
5.54059066929e-09
2.22455068526e-14
4.11075765771e-09
2.21290720876e-16
0.00257721817839
4.28443663201e-21
5.98342062644e-22
1.43230924682e-12
0.000501411602933
0.00037206606269
6.88462206712e-09
2.09634558188e-06
2.32112083032e-10
2.25844556235e-19
6.89011987998e-08
5.516885384e-13
5.24851321145e-05
5.28314852467e-10
9.42428258704e-06
0.000557049995793
0.000818404321372
8.66116295387e-15
0.00036330959665
1.22807273053e-18
3.42888195585e-07
2.11885709643e-38
5.22834249485e-06
2.26812693152e-07
4.43590990486e-11
0.000663922294705
8.1045739863e-16
7.25823483003e-21
3.19308951873e-11
6.45248154278e-09
8.98224961465e-05
2.89801519614e-06
1.1283644148e-10
0.000105102677673
2.00402863139e-08
0.000921886276152
3.22688688419e-05
1.16305642021e-06
0.000371593509599
5.30079884316e-09
0.00487249548217
0.000944945132168
2.93797455337e-13
0.00188335940005
6.77304404906e-08
0.000200091140017
1.08891982517e-10
4.69882215343e-07
7.05298577136e-08
2.15456902026e-12
9.93227352849e-14
1.15516501735e-08
4.56374890462e-09
5.8237047668e-15
6.81087844914e-11
2.32665027415e-09
1.35200154273e-10
0.00254132234536
0.000111484849393
1.64108081868e-21
7.30904366713e-08
3.83668795193e-13
1.36632794007e-07
2.02661962934e-18
1.87330415296e-05
3.58161903792e-15
5.3356610536e-05
8.71498681557e-10
3.18811798454e-16
1.09099838703e-10
7.22533901012e-13
7.57261981955e-05
0.000317795823684
1.32499258436e-07
0.000116289750967
4.08246808644e-05
3.66952354976e-11
2.28377742862e-20
5.22932853542e-05
0.000482103231584
5.89921483995e-06
1.26345062403e-16
1.09066781741e-09
4.8951397252e-05
5.56498067541e-13
4.51030279321e-05
4.24229129939e-17
2.56698105298e-07
1.24528047231e-16
1.28558379106e-06
2.02980799722e-24
9.67629501693e-12
4.261098133e-10
2.7396201619e-06
0.00015577745413
0.000115516442029
2.75276236145e-05
2.31199398322e-05
7.26860262148e-11
6.54317154439e-07
0.000178071654688
5.96222199838e-08
4.85535258391e-17
1.88802910055e-06
3.69649231674e-05
2.49316473614e-11
1.07603340327e-14
0.00099166048767
1.05016024498e-05
3.11445328862e-05
7.5186062866e-15
1.48329181634e-10
7.37983273712e-16
9.14178636936e-06
3.11617299347e-08
8.2172791485e-24
3.73676009013e-07
2.53116824197e-08
1.78948402931e-08
1.47644882293e-16
0.000445328835319
3.31086036542e-06
5.60516734427e-07
9.8718644539e-14
6.33834076727e-09
7.20407297277e-05
3.07374761307e-18
2.76529451167e-11
2.57918017471e-06
6.5229407279e-12
0.00162985575472
0.000112253401101
0.000122269557366
0.000184590648759
8.90062929183e-13
1.29000073929e-33
0.000164453433842
2.57208340266e-08
2.44075767493e-07
3.36794117196e-06
1.76423492591e-08
4.66011291866e-08
1.42326445228e-05
2.25288950236e-06
8.79839085483e-09
1.12709201506e-09
2.13073786926e-05
6.17628218852e-12
5.60272065117e-09
1.06073093811e-05
0.000784131509477
4.97613284817e-06
6.65807108781e-19
2.61619009572e-13
3.84321679758e-13
2.67162528996e-19
4.22113347341e-18
6.77023906538e-07
0.000539115856514
1.05442868797e-06
8.28089472081e-07
1.33498181604e-06
4.91302798328e-15
2.94730844517e-05
4.46298930351e-14
6.06768931208e-10
6.89725422981e-07
1.80888140594e-15
3.62466777902e-11
0.000880446666726
6.97548386773e-08
2.3524604423e-06
1.94277306338e-10
0.000374563249552
5.69732597771e-14
4.21279629013e-10
1.25696022281e-05
4.43183411433e-06
3.24074817425e-15
1.3927701756e-14
0.000376913530185
5.89883848125e-05
0.000225881438342
4.43739113557e-06
5.12341424722e-05
8.06781242995e-08
4.96432893401e-05
9.18042772573e-13
4.36912556061e-07
2.9280067667e-05
7.87249235901e-08
9.80718208847e-06
6.44515080464e-10
5.76369676318e-13
4.32893062473e-09
2.35245367062e-06
3.82133733339e-05
1.67227634073e-07
3.41735654317e-09
1.15980285282e-22
5.55253204087e-06
3.76162978393e-06
1.05899890782e-13
5.30272554875e-11
7.53245350436e-12
2.44583416565e-09
0.00108979962112
7.85708658687e-12
9.19005468241e-21
8.74675273865e-12
3.80608298535e-08
5.22807553482e-10
3.21400179752e-08
1.64112699707e-09
1.29229734129e-05
1.05181736728e-05
7.56646587932e-09
2.29347113851e-06
1.82632422995e-06
2.54209460575e-15
1.16233749049e-08
1.83899343214e-23
1.57446960316e-09
8.98009721518e-06
3.52022540056e-12
1.7500419843e-07
1.35657828861e-17
2.29283822076e-07
1.83621861359e-14
2.44377607929e-07
5.35151914679e-12
1.05637589373e-07
1.43080263006e-11
0.00049668902294
3.86027035562e-11
2.17292305047e-07
3.0600150362e-15
2.13854094832e-06
6.77574701401e-06
4.03927068448e-08
8.47972147887e-09
3.30050379206e-12
2.51837782307e-07
1.70984826447e-05
1.67391212664e-06
3.05917351284e-08
9.13961945481e-09
1.25647412993e-07
0.00107956048786
3.46186408721e-11
6.08702727356e-08
3.27262095949e-09
2.23672928052e-06
2.26392184769e-05
6.47482270274e-05
2.02805469742e-08
2.07563043152e-08
1.28942651346e-15
1.46356507285e-10
3.37683829832e-07
3.52891099487e-06
9.15320435867e-09
4.45055637818e-07
0.00132097646666
1.15243415366e-15
1.78212612139e-06
0.000528211272551
2.60516648805e-07
5.0101622931e-14
2.39223298573e-08
6.52562840798e-06
1.1071630829e-11
5.57732751309e-11
0.000119531278642
4.74441254825e-10
0.000169679519704
1.24248376921e-12
4.09876025721e-06
0.000919922563868
6.80331811623e-16
5.87043130686e-07
0.000288880470979
5.71951886962e-06
0.00039197488055
0.0005542352814
3.79299577012e-13
9.71190382002e-06
2.13651174044e-10
2.12959401088e-05
4.08449406068e-08
1.07149377902e-09
6.0711994235e-14
3.89576010734e-11
3.69462178302e-09
1.65702215317e-15
3.65281050958e-06
5.13436722718e-07
5.96863513445e-10
1.23242315902e-05
5.04450925159e-06
4.06562491239e-11
2.64597211981e-08
1.46133685714e-13
8.16336466843e-12
2.62861925965e-07
1.27973864308e-07
3.45828847299e-05
0.00018302747043
8.47380836693e-13
2.59437535751e-05
5.4073395253e-05
4.22294152646e-05
1.35182491906e-11
1.98733889971e-25
5.82494898168e-05
7.7728113649e-13
1.58394601784e-18
1.94244996929e-09
9.35520766231e-07
6.79274632124e-09
0.000460953091249
2.59224366717e-09
4.214191877e-05
1.55188827544e-15
1.88173615838e-10
1.58139337607e-13
2.56181246759e-06
1.84798125658e-12
0.000640556200826
0.000165046334108
0.000767156685226
1.11065630139e-06
6.0425995005e-05
1.03599606429e-05
7.35344828666e-14
8.72279541105e-07
1.58348627661e-31
6.28200227201e-07
4.44590994337e-24
1.07742121852e-12
7.15720674592e-07
9.26610129736e-08
9.57944576494e-08
1.57238425795e-07
0.000772639763828
3.85079517339e-05
3.93930691597e-07
2.87281925966e-14
1.67965598433e-05
1.67095440931e-16
1.38572404194e-06
1.14133152891e-16
2.01879284707e-06
1.40868778644e-07
1.75840141286e-11
1.87682680791e-06
3.67672393227e-14
6.33371252957e-05
3.79017669196e-10
8.54812377846e-11
0.000797070864087
0.000127237579675
3.74181978648e-09
9.12858827364e-06
2.00622971467e-06
1.87993536621e-09
5.29390875817e-15
2.2137959553e-12
4.20837555751e-12
2.38312265759e-07
3.12039869917e-09
1.9000551311e-06
5.47756717144e-09
1.09982699716e-07
2.53564554982e-09
8.04899774293e-08
6.77411213361e-06
4.91778358931e-16
4.04765859359e-05
5.40226542399e-18
6.55206882338e-07
3.62684921026e-06
2.28765573182e-06
2.58841991887e-09
2.71173365209e-05
3.62449768613e-07
2.48115729871e-08
1.31011991738e-06
0.000263306537009
2.63516110545e-07
2.27744093941e-12
6.95298427649e-06
1.13043133049e-05
7.91124077221e-07
1.36192015279e-12
3.40208295169e-05
1.86067749739e-05
9.3124697328e-07
9.69921776562e-09
4.80220871351e-07
0.000103402823065
0.000643345046293
4.83600528181e-13
4.87516492055e-19
4.58388232256e-05
5.29992080323e-10
1.5837285797e-05
2.46971927191e-11
5.01434633172e-22
0.000119262315279
1.70405912292e-09
2.49456343409e-08
1.27991200336e-10
1.25697161969e-21
1.92881677069e-07
3.54792124066e-11
1.35475152904e-13
0.000287729876956
2.63270331126e-08
2.00111272077e-06
4.07415891234e-09
1.08755600404e-08
1.50130036253e-10
2.55677441928e-08
4.23216511356e-09
3.63404600197e-09
0.000748944137513
1.30496125687e-08
5.43482685212e-16
8.85621008989e-05
5.87455094222e-17
0.000481144074187
3.53051531469e-07
0.000103524505349
2.51827919304e-05
6.72750092969e-10
7.49385532358e-09
4.94002504727e-09
1.22193189978e-07
1.33926450894e-28
2.39038325693e-07
1.41840549765e-15
1.10437801488e-07
4.61824393913e-12
3.18074902272e-12
7.47409100981e-06
3.896941455e-07
2.23777850594e-11
4.22029469257e-30
3.37187563135e-05
6.03140600768e-12
1.27011870153e-06
6.6182422372e-12
0.000400229395792
1.60555377344e-21
1.68823811477e-21
2.84531862919e-07
1.60255089596e-18
3.74912547443e-05
2.21725463191e-07
1.17868307318e-05
2.96205421286e-06
1.19055723374e-05
2.82694313359e-26
7.1100525672e-05
5.07497787905e-08
1.56445027657e-07
1.24614579344e-05
2.93204082565e-06
1.95771396268e-07
5.9833375726e-09
0.000420389355034
1.05266762631e-12
0.000457785628057
0.000637250276587
3.04531748547e-07
6.26139981158e-23
6.35515443273e-14
1.46598611529e-06
0.0019924147356
2.2616778416e-10
3.71276761881e-05
3.65991067435e-09
4.50865970642e-05
4.21640248746e-18
1.44428902041e-07
3.38348110323e-10
4.91808067106e-19
4.41783272508e-06
3.5780011563e-18
5.71869959805e-08
1.37308133474e-09
8.70759128771e-17
8.34511871386e-09
8.79176231947e-05
1.4085728529e-13
1.0309283363e-05
8.80027663004e-07
9.22402800356e-26
1.30751292527e-06
7.05779768408e-12
8.26961642843e-06
9.03615526472e-07
7.50785224109e-25
2.17619680683e-07
1.73548872415e-08
6.16063313175e-07
1.54227173434e-05
2.74409962965e-14
1.27035581885e-09
5.08521177094e-05
0.000951231955385
2.0717169377e-06
1.6256992215e-08
2.8270307463e-08
1.03206869241e-07
5.80863830595e-07
3.22359690434e-05
1.3808499058e-09
4.08941904887e-16
8.66151171442e-19
2.59903875285e-08
2.2631826347e-12
1.45774385491e-20
4.53381103503e-11
5.1410835137e-05
0.000485048099666
1.63732887506e-06
1.61908167889e-19
4.64868877173e-07
3.36779127383e-06
2.08455610849e-14
1.3227086396e-05
4.84080913741e-06
9.43538181834e-16
5.42904967965e-19
1.59085173772e-10
3.08109029388e-09
