1000
0.23376959884
6.97450404143e-05
0.000118553319978
2.05959847436e-07
0.0206732651739
0.000524225206849
0.0113644834397
0.00109982161339
6.25866432827e-05
1.07108027909e-08
0.0749981683747
6.42814283541e-05
0.0668068406939
0.120637480258
4.11422710298e-05
0.00644270893879
6.23971758283e-11
1.2182444828e-05
0.021550407932
0.00745753192594
0.000344003864074
1.42365005736e-07
0.00447186862396
1.1750680606e-07
0.00020076845025
9.376302995e-07
3.20476399294e-10
4.1893800615e-06
0.000478971565244
2.79471827278e-08
0.0189520321817
3.24063981451e-05
0.00354271236465
0.00279500709057
3.01416368004e-07
0.00194749574685
0.000604592666273
7.94448521699e-06
0.0400603601475
0.00010048304928
5.07277395347e-19
0.00686501779149
0.00117157109676
0.00447186862396
0.0144510996329
0.0344758641213
0.00866552361715
2.12684160882e-06
0.000386182903598
0.00586467467712
3.09549959128e-09
7.44120521519e-05
1.01107260096e-06
0.000103607141705
0.0128521999884
6.2358417575e-08
0.00386333551673
3.84057695187e-06
0.00110406674646
4.33300176237e-09
4.28137930386e-05
2.41816593736e-05
4.79304124772e-06
0.000540644002931
0.00127797376668
0.00305908174204
0.00278008091094
3.2061056804e-05
0.00127797376668
0.00110406674646
2.50325379984e-06
1.47568680389e-08
4.40261652894e-06
0.000702526262089
3.49036406933e-07
0.000333736214597
0.000410000668211
4.23451834755e-05
7.17444554759e-09
0.000145530081247
3.08332654814e-08
1.00434629663e-07
0.00308169131202
0.00364596357581
4.44472752654e-07
2.78888800549e-05
0.00332477865499
0.00076633004675
0.000270527940141
0.00324775008595
2.52731431932e-13
0.00120373369656
3.27496097222e-07
1.09736583782e-07
0.0114484779535
9.692109704e-05
6.21274613117e-05
2.46873878091e-09
0.0111211505874
2.93916889865e-05
0.000659502073036
4.77922956901e-06
2.31958611379e-07
0.00412984543677
2.29406072034e-10
0.00010048304928
0.000106064445887
1.63557128752e-05
0.0023325780906
0.00123943869951
8.26947506741e-10
0.00556481149165
2.70942231806e-06
4.61909941074e-05
1.26368377552e-07
5.87365595215e-05
4.20495390829e-09
7.76590454572e-06
0.00345954398527
1.78984736675e-07
4.49566780013e-06
2.96614688601e-08
0.000217395577413
0.000205530179454
9.13738072106e-10
0.000556556706935
7.90014027577e-05
0.000336202847702
3.85460103174e-05
5.9888233026e-10
7.71361289281e-12
4.27427296904e-12
3.21568525479e-08
0.00110406674646
4.24604819288e-09
1.82447216987e-06
0.00076633004675
2.54182236217e-11
0.00020076845025
2.60446281343e-06
2.75835437338e-06
5.55338242106e-06
0.00745753192594
8.91548809026e-10
0.000748339755273
0.00324775008595
2.30243761037e-09
0.00092814430825
4.24996793421e-05
3.30122172247e-05
4.85522379832e-11
0.000159053167913
0.00220244104784
1.00008926843e-12
0.00191778914799
4.23451834755e-05
0.0001870901899
4.59998213998e-06
0.000476413712836
1.33081861164e-06
2.60891363824e-05
0.00194749574685
0.00020076845025
9.93279139321e-09
0.000461007493754
4.7373580585e-10
8.84645059434e-05
1.94345055947e-06
0.000748339755273
0.000524225206849
4.93227981183e-09
8.61127336071e-08
0.00031552097284
0.0006666058105
0.00590802028984
4.88368525271e-06
4.36664800976e-16
3.87083455589e-14
7.17711363835e-07
2.84001162183e-08
1.27487493941e-08
8.83446746414e-08
1.78164103429e-06
4.8857631818e-05
1.62242639883e-05
7.39032319292e-05
4.03266535682e-05
1.17740980859e-08
0.00196188962223
3.3179501883e-06
0.000168182392084
6.06689629239e-05
0.000891908003815
1.35086238435e-06
2.73472634255e-05
3.01475951616e-07
0.0107834128104
0.000874226535976
2.76375400255e-07
1.17033165284e-06
2.44824043365e-06
8.14776505635e-05
5.75978943968e-05
0.00213121872912
1.31036462394e-05
6.11015636407e-12
0.00978025123671
9.14305597104e-07
4.92187369268e-05
1.54536578832e-10
0.00095362422494
5.85262974424e-06
2.31687169566e-09
0.000248004085686
1.42345678357e-06
1.17129457958e-06
0.00167601086206
0.00167601086206
0.000798844545316
1.61026699851e-09
7.91162921075e-06
1.13984047166e-06
3.5468370234e-06
4.77922956901e-06
4.59443202877e-05
7.97010379539e-06
0.00174712206669
9.96977668312e-08
1.47892460085e-06
1.13937381467e-10
0.00039827346773
0.000522319530644
8.41662396261e-07
0.000157886236068
0.00384848100417
0.00117643648494
1.38813543735e-07
2.33315705515e-05
1.92252390464e-05
4.79702529068e-05
0.000607103463972
0.000497421360245
7.2191039692e-05
0.00127797376668
9.17982689424e-05
0.000135876572284
0.00120373369656
0.000399726563443
2.00009180026e-06
6.619609513e-13
2.19761926252e-05
0.00324775008595
2.38729400405e-05
0.000662047644085
1.25259895883e-05
1.31875965403e-12
5.72501369578e-07
1.53484258717e-06
2.54678513854e-09
3.7094115088e-11
6.63976125232e-08
9.83096666944e-05
6.23429435575e-06
8.06922720678e-07
0.000249837075518
3.72543956479e-05
1.15847087432e-07
0.00100501083494
1.47659869576e-06
5.88297851984e-08
1.22729521812e-12
5.40426763607e-05
0.00541612511237
2.32693439424e-09
2.60417006574e-05
3.60537192429e-06
0.000424379630964
6.54431419109e-10
1.48228296328e-14
0.0024764394459
0.000168354158577
4.61792515159e-07
2.1112375235e-06
9.46353604159e-06
5.89508591164e-05
9.83096666944e-05
2.86583912326e-06
2.20458116085e-07
5.85262974424e-06
0.00127797376668
4.8738016769e-10
4.62606447389e-05
1.05819701436e-09
0.000225385093499
2.38282581786e-06
8.86879314202e-05
0.000356147492133
6.54632874186e-07
6.76215401798e-07
1.56967881752e-06
1.07508077811e-13
2.3951819465e-08
7.72572251261e-10
3.63980978101e-05
6.34703460865e-08
3.37713488721e-05
5.72171412776e-07
9.57897173875e-10
2.48178293302e-15
0.00143466882637
2.40043720311e-06
4.73727632344e-05
1.06322204085e-08
0.000159583158434
3.75020369676e-08
9.51665661096e-07
9.51665661096e-07
1.26158689687e-05
2.63108142353e-09
3.3179501883e-06
3.05314214686e-07
0.00213121872912
5.14563077313e-09
2.98654766906e-06
7.66192534202e-05
8.24799261965e-16
6.98643859776e-06
0.000172780918224
0.0024764394459
1.44440159822e-07
1.24129758979e-13
8.77344726865e-09
6.82242562803e-06
0.000792898807641
3.53495633483e-05
1.93249314055e-07
1.9620914177e-07
2.10965500957e-14
0.000344003864074
0.000362540717415
3.00744079422e-05
7.66192534202e-05
2.44468520193e-05
0.00153646806769
0.000212398707657
0.000225385093499
6.26662225085e-08
0.000249837075518
1.10746406382e-05
6.24496228808e-07
6.837067828e-19
0.00013132356738
1.99317867989e-05
3.41526362328e-05
0.000141641658272
0.000707718609996
0.000524225206849
0.000206280053716
1.77402247178e-14
0.000399726563443
0.00020076845025
2.70951779279e-06
4.63595213655e-05
6.82508702314e-05
8.53530857761e-09
0.000569756850295
2.78888800549e-05
2.11201177003e-05
6.77699082593e-05
0.000280470126432
2.78888800549e-05
1.83602436156e-20
4.73727632344e-05
6.84998826686e-05
1.73380189778e-05
5.53480982706e-06
0.00278008091094
4.74654980029e-06
0.00142071482237
2.52944275105e-05
1.93214636822e-08
1.21806394203e-09
1.55758673806e-10
0.000794493481851
0.00095362422494
1.40836500134e-08
1.35086238435e-06
0.000297191724025
2.18552551395e-07
2.09928506087e-07
0.000476413712836
4.17215608044e-05
0.000333631028298
0.000135150950467
0.00159031574961
3.43922671411e-07
4.60961265394e-08
1.91359054864e-05
1.09915894011e-07
3.72543956479e-05
1.74924784107e-09
3.84057695187e-06
3.09195314457e-11
2.61326375347e-08
1.38542339547e-06
8.11812128595e-06
3.48690080428e-12
5.63189426109e-05
1.08098616849e-21
0.00076633004675
1.1856454381e-09
0.000536658527294
0.000476413712836
1.46827344641e-07
5.48119021492e-09
3.53495633483e-05
0.00148498349953
1.73070152343e-06
4.93827348501e-05
0.000414840183498
1.35382216607e-05
1.31053853604e-07
0.000115179361081
8.91851008625e-11
3.24226841089e-05
1.72202990261e-13
1.14800961461e-08
4.07689032826e-05
9.51365717056e-07
6.43353363672e-07
5.71913243524e-05
1.67234158584e-05
2.85542115527e-06
0.000269544510403
3.44050572152e-05
1.60348748592e-10
0.000178209407505
0.00101243883612
0.000368941404943
0.00030731720337
0.00127797376668
0.00127797376668
2.62253455361e-07
0.00230772078797
0.0024764394459
0.00184791950256
2.57884143724e-06
4.87506682233e-07
0.000201602216504
1.48789759778e-14
0.000153366652113
5.09288100608e-05
7.90014027577e-05
7.33051633934e-13
0.00034165160906
1.31651135212e-18
0.000149813449035
4.7832521727e-07
0.000707718609996
4.44541192809e-09
7.27246012314e-05
8.1456506017e-08
2.26397040467e-16
0.00104765228361
3.67077277931e-10
0.000410000668211
1.024486319e-08
1.20915689482e-08
1.98932075243e-05
0.000604592666273
0.000901607415484
1.6231587837e-07
0.000424379630964
1.05614880495e-09
3.4767851757e-08
1.93616802653e-05
6.85168848876e-07
0.000159053167913
0.000451147142306
0.00463621449856
2.38761814551e-06
2.50959654155e-05
9.83230149619e-06
0.000451147142306
1.47634600813e-05
3.11987215968e-07
9.48077415131e-06
1.65938613886e-11
7.86897510713e-09
1.11068519409e-14
6.21274613117e-05
4.90151830043e-05
0.000461007493754
5.21176020971e-06
1.41918495703e-06
0.000123245058808
5.20257448173e-09
0.000528099737671
6.23429435575e-06
1.79664214098e-06
4.60898685598e-07
5.39533622376e-07
0.00148498349953
4.91109827677e-07
0.000399726563443
0.00199368551104
2.78888800549e-05
0.000269544510403
4.60818001619e-12
0.000702526262089
6.4410710849e-05
1.83717097316e-05
2.86545005884e-05
0.00024585467983
6.43667463806e-11
2.56730590849e-05
0.000659502073036
3.53495633483e-05
1.83035554457e-06
1.77548296749e-05
1.52752644374e-06
1.40980337972e-08
4.67243364656e-07
7.25656077162e-06
1.16799879706e-12
1.52463182848e-07
0.00103992928542
2.37911971037e-10
0.000120389713684
3.5221059757e-05
2.19761926252e-05
1.06783985501e-08
1.24533859956e-08
2.55797317569e-05
6.9619495832e-06
1.63321116147e-08
0.000354778106178
3.77708109834e-10
3.64420670079e-06
3.82480947141e-12
0.000161630905613
1.40349712639e-07
4.24996793421e-05
0.000123245058808
0.000569756850295
0.00055247339471
2.85135464351e-10
0.000110476337892
4.30203911219e-08
0.000163419581015
0.000476413712836
5.69547982014e-05
4.36089131989e-05
1.77548296749e-05
1.10104730371e-12
3.99023265132e-06
0.000524225206849
2.96448921682e-10
1.14583417199e-09
1.61277048456e-06
1.24336515136e-05
8.16415180165e-05
0.00098141729592
1.22497047982e-08
3.53432201173e-06
4.7448097533e-07
4.34597392014e-10
1.93541303131e-06
1.27720375174e-07
2.86344280254e-15
2.46145399856e-08
5.89369453854e-08
1.65022061239e-10
7.67444497352e-05
2.2604504162e-10
4.06851716639e-08
7.70306201308e-05
0.000362540717415
1.54636906213e-11
0.000136149846583
0.000219002340793
5.03607741677e-05
5.53319463039e-06
0.000215032278086
4.30497361629e-07
2.80046990845e-05
0.000128240627771
0.000569756850295
2.79028957221e-05
0.000172225542583
0.000399726563443
0.00184791950256
6.60598228851e-06
2.85542115527e-06
0.000131747046437
4.23544742033e-06
3.71728349187e-07
4.21313424278e-05
1.06465874414e-05
0.000362540717415
7.73221625802e-06
2.60891363824e-05
1.78984736675e-07
0.000921334754159
2.71437161615e-05
2.46243848142e-11
4.30203911219e-08
0.000344003864074
4.27372336658e-06
6.03572211974e-06
0.000421266067667
2.86622824051e-07
1.52818373748e-15
0.00114999187444
2.59348382161e-08
1.2753490502e-06
6.61562423094e-08
7.29345636663e-07
1.21654912587e-07
2.41816593736e-05
5.42845478267e-12
0.00104194604
3.02969292468e-11
4.24996793421e-05
7.10898561534e-05
0.000107598047771
5.82908022655e-07
0.000120389713684
0.00059393097523
0.000103053848366
0.000113396032735
1.83257913969e-11
7.90014027577e-05
0.000263299695308
1.25633348661e-09
5.82028609464e-08
2.96541084731e-06
9.53049639674e-08
7.81514415756e-10
9.26112329869e-06
4.76876644266e-08
5.89588633327e-06
7.4394489231e-08
3.2061056804e-05
0.000133089392654
1.3074958539e-07
0.00011345302036
5.89508591164e-05
5.53319463039e-06
2.05477929941e-06
3.72543956479e-05
1.57598351373e-05
7.02605236555e-05
4.73727632344e-05
5.89508591164e-05
0.000439092927133
3.45479371132e-05
1.34388952393e-05
1.74278026444e-05
1.03380315478e-06
3.33005568762e-06
2.03954107565e-13
3.24535257895e-06
3.3179501883e-06
1.44271133553e-09
0.0006666058105
2.28215362836e-08
4.83265022993e-05
1.1037860726e-05
6.61390736549e-09
8.0409181974e-08
9.16311670393e-05
0.00024008301869
7.40207561724e-07
2.60417006574e-05
5.28544231061e-05
2.72564406186e-05
4.34285598235e-05
1.8339329591e-08
1.24726054919e-10
0.000121279509997
1.77548296749e-05
0.000113396032735
0.000410000668211
9.89824012469e-11
2.24114343967e-05
2.96089219685e-05
0.00020076845025
2.01693222429e-06
7.09342197404e-07
1.06465874414e-05
6.23429435575e-06
2.10673299823e-11
1.88060344931e-06
0.000103607141705
1.94886374283e-14
7.7667766978e-06
3.04902208549e-10
3.84616218673e-07
3.85389756934e-07
1.94437327877e-08
2.13507623177e-06
8.55440959352e-05
3.53495633483e-05
4.34285598235e-05
6.63885984273e-07
0.000556556706935
1.32882019366e-09
2.51964512158e-09
7.05762212465e-06
7.39718117965e-11
1.28946653964e-05
7.89827566466e-08
8.35472131688e-06
0.000113016793864
2.62819603094e-05
5.85262974424e-06
1.23197000257e-05
0.00143466882637
2.78888800549e-05
2.09615460802e-12
6.21274613117e-05
2.33893643871e-06
0.000172780918224
1.44476888477e-05
1.27517590966e-05
8.95642277343e-15
3.31749974557e-05
0.000114234138988
6.05856588249e-07
3.62297983442e-10
5.40426763607e-05
0.0001891054066
1.43417220692e-07
4.71776576754e-10
1.29526042586e-06
1.35565503429e-10
5.35616536699e-08
0.00013132356738
8.05953259405e-06
6.61789483222e-05
8.95082534833e-05
1.30034376714e-07
6.28370436522e-11
1.02472817794e-05
3.95395882002e-05
5.79621513837e-08
1.05197920031e-14
2.47101779824e-05
1.22966418211e-06
5.34667663121e-05
0.000254476946958
4.32643208094e-07
4.77922956901e-06
1.84900469768e-06
1.98959085797e-06
8.06790141315e-10
6.62841890621e-07
1.499395447e-05
6.90666799768e-05
0.000687483984092
4.35135735987e-06
6.72282156264e-09
5.55262849753e-05
9.92535168281e-12
0.000189200442272
4.36653882746e-10
5.6730117901e-09
0.000190503078282
9.54184243032e-07
1.06809194878e-05
2.47775351757e-08
5.41938781071e-08
0.000344003864074
1.5636575896e-12
0.000256695737274
3.90053792524e-06
0.000702526262089
2.77871816884e-08
2.18522880845e-06
6.05554116721e-06
3.9316659024e-06
0.000893333785211
9.04544285999e-10
0.000120389713684
9.26112329869e-06
7.09342197404e-07
8.05856073537e-06
0.000424379630964
1.98570373458e-05
2.96768482208e-08
1.99317867989e-05
0.000421266067667
9.68787743868e-09
0.000149813449035
4.52090281083e-07
0.00039827346773
0.000592851160646
9.72465433497e-07
3.82217229055e-14
2.270688851e-07
0.000238822527585
4.4708131622e-06
0.000794493481851
1.43956315086e-06
0.000225385093499
4.45422760305e-07
0.000248004085686
3.45596474903e-06
5.45363787487e-09
5.49420236271e-06
2.26212724114e-06
2.70564671822e-05
2.11201177003e-05
2.63125594962e-08
5.45093493887e-22
2.23648831004e-08
0.000276440646476
1.35990521775e-06
3.58308705981e-09
3.53495633483e-05
2.05828446562e-06
8.95082534833e-05
5.32305881881e-11
2.77399450362e-05
1.70215118842e-09
0.000127774444326
7.49501539403e-09
4.34334418436e-06
1.59418054066e-07
3.363168071e-05
1.10136956321e-07
2.32805621121e-06
0.000328645488278
1.38476949037e-12
4.2695435104e-06
1.05846609571e-07
4.88186974356e-08
3.66861266854e-05
6.17660933821e-07
3.29840443974e-09
2.71437161615e-05
1.54155874773e-12
2.95910817649e-09
0.00167601086206
5.77461966589e-08
9.21581598605e-13
0.000276440646476
7.02605236555e-05
3.23517014044e-07
0.000110363622333
0.000141110484036
8.08802594901e-15
1.38542339547e-06
0.000592851160646
1.50486597234e-05
0.000131747046437
0.0001891054066
1.59845288714e-09
3.33005568762e-06
0.00092814430825
4.72296699993e-15
0.000217395577413
7.98838812476e-09
2.5527499026e-08
1.32952530477e-14
0.000110363622333
0.000107069545994
1.78572832253e-09
3.66861266854e-05
3.13579205407e-09
1.19519879889e-05
1.73097190027e-10
4.63595213655e-05
0.000187812327692
6.21163129748e-06
1.99197773399e-09
1.63333697974e-09
5.80787245796e-08
3.53543630332e-06
0.000313206077287
0.000106451420678
2.8406820868e-05
0.000362540717415
6.62928378533e-09
4.61484720551e-10
8.14776505635e-05
6.64047155806e-08
3.055297088e-07
1.43172228787e-06
1.00281057333e-05
2.10862552935e-10
2.4044382638e-13
8.93571780781e-07
6.94065293191e-12
7.04406358537e-11
0.000158591935129
6.25866432827e-05
3.45197003527e-05
6.47634577212e-05
0.000365220243629
0.000162825514185
0.000316672147121
4.94374384349e-10
2.27825514838e-07
2.54317676574e-08
2.38729400405e-05
1.67318202773e-05
5.54400921281e-08
0.000147900829749
1.57311803288e-05
2.12655287021e-05
0.000116310631931
6.03572211974e-06
9.19779690621e-06
2.84634275722e-13
8.94850248873e-08
0.000219002340793
2.70564671822e-05
1.28427124236e-05
1.636533918e-05
0.000179532873388
9.80761463111e-06
0.000120389713684
1.99317867989e-05
9.48077415131e-06
1.22966418211e-06
1.84343867245e-08
2.33315705515e-05
1.06465874414e-05
7.70408436642e-07
4.3672332322e-06
5.57352994381e-05
5.71732989076e-05
8.99566475985e-12
0.000412246047146
1.09568788043e-05
6.25866432827e-05
4.62070701065e-12
2.58411664384e-08
1.84387386823e-05
0.00024585467983
0.000205530179454
8.98348232147e-05
0.000157886236068
2.00975320041e-10
3.10658517754e-11
0.000535682765354
3.24063981451e-05
3.3179501883e-06
1.44428592355e-09
2.72335498483e-09
3.2061056804e-05
8.39759510132e-09
9.32314685967e-05
0.00100501083494
8.14627809406e-07
0.000228294357106
7.06884547276e-08
6.0797207064e-05
1.45407503931e-06
5.1723134099e-11
0.000794493481851
0.00157864801537
4.64978975768e-09
8.95846139054e-12
0.000225385093499
2.60926787072e-06
1.67234158584e-05
0.000451147142306
1.27054035922e-05
0.000475457475083
9.22745703833e-06
4.81508246243e-05
2.38761814551e-06
4.36182967266e-09
0.000121279509997
0.000219002340793
3.64547500568e-13
1.95218274057e-06
0.000544046107745
9.30741090086e-07
1.27517590966e-05
0.000306499804313
7.94305963488e-07
1.68004447928e-06
2.97419620435e-06
9.32314685967e-05
0.000528099737671
1.89620886878e-07
0.000142657998291
1.13408780146e-05
1.79139823607e-06
3.22885936194e-05
3.24063981451e-05
0.000989680658335
4.26019623537e-08
2.18074742815e-08
9.04987893629e-05
1.10746406382e-05
