1000
3.3541061274e-26
0.00617756357639
0.000903451597375
2.46723220264e-16
2.83362327207e-12
3.67062150352e-08
0.0015411494931
0.000231910015056
7.19665754158e-13
1.65449134834e-09
0.000128774329976
9.29354979858e-12
3.31143139941e-05
0.00182127293158
0.140033165993
1.29502753477e-13
5.91403452637e-11
0.000392984094252
0.0178241922529
1.50153250448e-10
8.7489334861e-10
0.0155857968529
2.07679523008e-16
4.86389987561e-14
2.78171212582e-09
1.2717316466e-08
0.000666175963679
1.05032144026e-07
4.13876176207e-10
0.00538406821689
0.00349031034493
6.02153304553e-15
0.000111433635714
0.000109692971121
5.44652159686e-05
0.000317645026425
2.36751217948e-08
1.04363455934e-06
1.87305209052e-06
1.22583488983e-07
2.49953380482e-09
3.07855986041e-07
6.7542665969e-17
0.00905744194751
0.0519848418987
3.19235235349e-09
2.83434496703e-15
2.00443557156e-05
0.000127991528838
5.23093365289e-06
2.09442509482e-06
2.38237861034e-07
1.77289692973e-23
4.12164599715e-05
4.66879372586e-05
6.69781587756e-05
1.35877925662e-05
1.27955428249e-17
3.77457081796e-15
7.65210680923e-40
6.6662649224e-06
2.1258241836e-15
0.00135309428474
1.43598379555e-11
4.5295153815e-05
0.0111734204453
8.73880437978e-05
0.00201955653034
7.68349145191e-07
2.00254196482e-22
1.20057102123e-09
7.54236308467e-05
3.86629330196e-08
0.000323309217142
2.16838831228e-09
5.9275659605e-05
6.83273910285e-05
1.79693355618e-06
0.00104336129807
4.67966119434e-15
0.00178382526614
3.96957054812e-13
3.46195535147e-12
1.7990401559e-06
1.21584608715e-05
8.64005766975e-19
1.55439919402e-13
0.073538504167
6.1374149589e-22
1.28737609978e-05
0.0137377143174
5.12440951185e-13
2.07336401651e-08
2.94065410122e-10
2.61619129546e-13
0.00518771935686
4.8745018448e-05
0.000259394396942
1.11057861013e-13
1.23102630546e-08
2.38878549059e-13
7.12045325142e-07
3.14691431457e-07
1.6864014533e-11
0.000737163018676
1.36558102143e-05
0.000120532535732
1.65188454325e-15
0.00105859333015
1.9158645546e-05
3.6279832126e-07
4.36302635987e-16
1.65536669381e-16
1.48324996321e-12
0.00105492014539
4.76961164525e-06
6.60557121656e-08
0.012946437206
1.61775000159e-21
2.10548101612e-13
0.000486963445468
2.98263245507e-06
8.41836751926e-06
3.66787416395e-12
0.000687567479208
0.000182647098155
0.000165503850571
0.00198678484827
4.42639972971e-23
0.00533034046181
5.06638152984e-07
5.16924027381e-09
1.98051571613e-05
7.95799360931e-07
9.0325006893e-06
4.5096699309e-15
4.20386626017e-10
3.83910333665e-05
0.000853359138275
1.6183053944e-17
0.00482303096467
4.22619989044e-05
5.70175206807e-05
0.00159664563694
9.90214310386e-06
1.54345719487e-11
0.000212289153428
8.36578969092e-05
2.7536252515e-11
8.48498418977e-11
2.75803105183e-16
9.20728534598e-19
1.33035474537e-19
4.71511485156e-09
4.41109460497e-22
6.92769388887e-05
1.73342592308e-05
6.7124259962e-28
1.93342858837e-15
9.76501524386e-06
0.00483159606331
4.96933720576e-09
0.0168366557056
1.66713950948e-11
0.00176001487019
2.68615809172e-10
2.20224598413e-06
0.000182296779066
2.15397248019e-05
2.46282920613e-05
3.09571415795e-22
9.30170550798e-06
0.00199874032014
1.13148453131e-12
7.39467893312e-07
0.00554263140597
2.01772568348e-13
1.88205285001e-09
3.73180111202e-21
1.1790926828e-08
8.06578552572e-10
0.0534140124228
4.71671595598e-05
2.17139873775e-10
2.98209046157e-06
2.77995699482e-08
2.008946188e-11
7.97369652912e-05
6.90401989406e-05
7.21497532842e-08
6.40732460515e-05
2.93511924341e-13
5.77359823402e-10
2.59003165109e-07
3.00081463517e-10
7.90917873908e-05
0.000384327943267
3.15335056086e-14
6.64517967601e-12
4.78954356569e-06
2.01118790828e-12
1.5037706041e-05
4.6122631568e-06
8.73315096218e-11
1.5475289479e-13
2.05909674024e-09
3.2114418274e-27
5.12664295562e-09
3.14830904269e-06
5.49361907713e-07
8.18186703875e-10
0.000463202346208
0.000273779265517
0.000975006241211
2.09080777921e-10
1.56281299034e-15
1.6996465486e-09
0.000238715058122
0.00324415135217
5.72472498765e-21
0.00211417188688
2.71371854437e-05
5.33499697211e-08
4.61086870618e-05
0.000187115987215
2.91990076714e-09
8.68598286904e-06
1.71261922645e-06
1.87517129135e-08
3.5941228729e-05
0.00096756181174
4.4241786114e-11
8.96309986996e-19
0.00524009036009
0.00430207084534
0.000205788110525
3.90099758991e-12
1.05878598169e-26
0.000406870299466
1.90379081715e-14
0.00953108447102
1.08173933428e-17
6.32606754096e-06
0.000537587013313
1.28723912139e-15
3.39994830709e-21
1.16375142645e-10
4.20903533008e-13
1.80473028807e-08
3.61707649193e-05
4.82216085656e-11
6.15142869188e-13
1.9416119399e-29
0.0150069048549
0.00883002501052
2.86869804335e-07
1.74605508743e-17
1.0246576935e-13
9.91077814056e-13
5.03405797066e-06
9.36358460421e-11
9.44414578258e-07
4.92976711414e-07
1.61977524902e-14
8.78947549969e-12
7.1567941138e-05
1.72370110335e-07
2.17959933231e-10
0.00218021003606
4.95272767948e-07
7.1312666533e-12
1.46271119312e-17
7.95674774492e-06
4.48453791192e-22
2.24774289957e-10
2.22058493602e-05
1.1557475401e-16
0.00404931330984
5.73487331986e-18
1.40653800937e-09
1.44481573633e-10
5.13306364523e-06
6.63045111519e-20
5.05156330704e-13
4.54432514431e-12
0.000493159100467
0.00529458248909
4.36101843256e-35
7.25164680496e-11
0.00018272630615
1.46736033842e-10
2.72328368105e-07
1.18282414583e-05
2.28461866007e-07
0.0619150264735
2.44868875729e-07
3.46923317557e-16
4.88100781626e-08
4.84460897146e-13
5.17454493441e-07
2.64956768195e-06
5.57240596244e-17
4.45918850561e-10
1.14334501967e-15
2.16220943724e-07
2.80853356165e-09
2.65545811591e-21
2.95763570179e-18
1.17485364321e-06
0.0064221452871
5.15554266684e-07
2.43201894261e-09
8.01417881841e-13
1.65391403779e-09
0.000360940041755
0.00257339427739
1.5038891715e-12
3.94638808162e-15
0.00239452587089
3.61597862379e-20
8.42552783065e-13
3.66095817213e-05
4.73365639945e-09
3.39806456352e-08
2.95705975208e-05
1.72028907696e-06
8.14623283923e-09
3.08257714656e-05
1.52139338228e-06
5.60148095844e-08
2.43234014233e-30
5.54498650125e-06
5.32965001604e-16
5.23532443767e-19
1.20033782833e-05
0.00293468088904
7.02130224032e-05
1.52895807828e-16
4.01239644446e-11
1.42546822464e-06
0.00215746349559
4.32076156389e-16
2.54269809572e-05
0.000125743634572
2.81104710714e-13
1.66200284408e-15
0.000212387732955
9.30413744454e-06
4.53302183029e-05
1.16653292367e-17
1.14295454919e-07
1.74996529498e-06
0.00489148953659
1.28853888836e-09
2.01160416254e-05
0.000144951436383
2.56675216953e-10
0.00391587433596
4.53093848498e-11
1.29564018913e-10
0.00253308847117
8.95170755126e-08
5.99855837937e-05
0.0009828075204
2.93117457259e-20
9.99698066682e-16
0.000758008851083
3.44096726635e-12
2.67660482812e-05
4.29806450961e-05
3.89979687117e-19
1.39714248008e-05
0.00192671778004
9.95790622541e-11
1.81680683815e-10
0.000860391846489
0.000911289795939
0.000523203081481
3.32763478164e-06
7.81031120047e-05
1.17229783097e-17
3.47878182541e-14
1.27627483473e-17
0.00333620549495
1.52556247316e-10
1.06050279553e-07
7.01495311023e-09
3.16399505821e-08
0.0012986140171
2.82000413919e-06
6.4953704179e-12
4.0212507393e-11
2.50815728504e-14
1.19675275494e-13
3.70104888316e-11
6.33837656126e-10
1.69953511095e-06
5.77384185806e-20
1.61504854907e-05
0.00079872513119
8.59801766589e-07
0.000659918621698
0.000219294920491
1.01792011108e-12
2.20055727547e-13
0.000232684290182
1.0694666495e-07
4.28635304781e-08
0.0017101975743
1.74665815872e-10
3.85098237255e-06
2.55801310871e-29
4.94010740599e-09
3.42731207445e-23
0.00257653319377
0.00116125268504
0.000711227681554
2.13623375434e-16
0.000597026897924
6.14438801803e-18
1.89471144799e-12
8.01746152281e-09
4.78023361062e-12
3.58778012354e-06
2.38610964021e-15
2.86313043913e-07
4.03711722086e-12
8.90917726828e-09
1.63884884633e-06
6.88420944183e-07
7.46333611865e-13
2.27349989918e-06
0.00187396885356
1.74054106096e-10
1.11855823673e-05
7.87145128517e-14
0.000530753854386
1.53784997524e-06
1.18552737794e-09
3.23025796867e-07
6.36170738876e-06
1.75798312476e-05
0.00028777973442
6.95322777005e-12
3.53121692546e-07
5.90290236145e-13
7.4937301343e-05
2.05417566851e-13
0.0126000362223
4.07089953036e-17
1.44728006349e-21
0.000139419124702
0.0139743190379
0.00733862232928
4.19655752489e-10
4.09117449391e-11
3.13697026957e-06
7.90043531303e-05
0.000250366656693
3.60324314583e-05
2.94303847204e-08
0.000527342842628
0.00259715414386
1.87359526713e-06
0.0017412697877
2.06733530533e-12
6.97448864925e-20
5.76610446169e-08
4.26252602363e-11
0.0121568629949
1.2677686315e-09
1.3966047572e-14
4.74128572587e-09
3.66115189079e-45
1.08165649257e-06
1.1649982037e-05
1.37160033587e-14
0.000640985623189
4.25020994215e-11
5.38250101549e-15
3.92653898187e-06
1.12990475593e-06
1.41045493014e-17
4.90736696546e-12
4.54387327759e-05
3.2906080638e-09
2.70868589368e-23
2.73383156853e-09
4.2161099801e-13
2.23126687735e-13
9.26465229025e-06
0.00884178020963
0.000225822834884
0.00316317356668
0.000165944889348
6.50549755851e-20
2.47652751136e-08
1.16695051887e-05
0.00358334334181
2.50894995476e-07
1.5842585841e-08
0.00130221910443
0.00133434170946
9.89111727048e-12
0.00205642384167
7.39244929361e-05
1.33256288568e-09
4.17554255001e-15
1.68478935841e-11
1.2051867701e-08
4.17929854836e-11
0.00238054123693
8.25093473117e-07
1.57161306636e-45
3.83289538634e-12
0.000159930740552
7.64716547002e-10
1.23795407674e-06
8.26097078762e-08
0.00377774388527
0.000116999589095
7.3261115195e-22
0.00366888603148
0.00336948060408
3.27748190158e-10
7.56393148836e-37
8.34818482942e-05
0.00117107762928
4.70497449123e-20
3.74075555306e-10
6.88751058734e-19
2.88879040567e-13
3.35250801492e-08
4.72006317865e-06
0.000144647080512
1.86691505237e-15
4.84622043044e-08
5.72537729465e-05
7.11959504061e-07
3.47966336466e-13
0.000233290925258
3.37061800529e-13
0.000930236282653
8.14308321958e-07
9.40012432578e-06
3.18014473021e-05
0.000491023171275
3.34673725479e-16
6.14924652204e-06
0.000181607780693
0.000413601715163
1.19500595836e-22
4.45655530367e-13
0.00286217966928
4.04339388572e-06
0.000661906915737
7.74617488453e-06
1.63861573381e-12
1.70913530588e-05
1.21882580651e-08
1.96431983364e-07
8.53555088644e-05
4.00286180608e-13
7.52385747773e-09
7.84164030431e-15
0.00192520929521
0.00257658322977
0.000109854710075
1.45450798245e-09
2.50384411817e-05
4.12732101582e-17
3.21675604735e-08
0.000115258246753
0.00617868150764
1.38148840323e-09
0.000228877098899
0.00092728338391
8.67552706037e-11
3.88423626995e-37
1.9398345385e-06
0.000147066758814
6.18378846417e-08
3.02877117519e-08
4.79662430056e-05
2.71052946267e-08
3.32629142469e-10
2.30060324971e-12
7.83867242451e-07
1.47490011153e-10
0.000324542190381
0.000409994124293
4.22326779951e-06
3.87822996872e-18
1.01030118842e-23
1.07749673827e-08
0.00120994069556
7.39241286504e-07
5.70219769948e-05
1.53179848028e-09
6.9374385785e-12
6.18752553884e-08
0.0043491544426
1.29150004401e-05
1.17623560014e-07
9.7495344681e-13
1.7799982685e-05
0.000442338835605
8.92772851308e-05
2.28859812111e-13
6.67739246203e-12
0.00196552032273
3.44880456087e-07
7.49883918685e-06
1.48731795599e-13
0.000261041225206
0.000477919444075
8.01098478245e-17
1.78236793722e-05
2.09159997612e-12
1.27311421873e-05
0.000301580342902
1.50996287963e-19
0.000164210487362
0.000454025302647
2.09085929131e-11
1.53145326801e-06
1.329229563e-15
0.0010625336972
8.03859998135e-05
9.03436559769e-35
9.44358633108e-20
2.56807454235e-06
1.21165159131e-05
1.27142263439e-06
0.00011596843131
4.62917371252e-11
1.92133785375e-06
1.12186212501e-07
5.03409606841e-06
0.00586772869233
2.30679997133e-11
0.00179038543477
0.00035558584225
0.00273138159565
3.11336745551e-40
2.34815596445e-08
1.51538218554e-09
6.6285431264e-20
3.82823517692e-06
1.95691668157e-05
3.75563094123e-06
0.0231492880227
6.27900623578e-06
5.0881836527e-09
1.6439707612e-05
1.38807280156e-05
8.9300107443e-06
0.00189298436318
1.14872195686e-05
0.0339411047411
3.28050306044e-06
2.48068235086e-10
3.18871747692e-10
2.03182997496e-12
5.60951873193e-16
1.83148763302e-28
3.82041389513e-13
5.02063942083e-17
3.55093330283e-06
0.00243230179845
2.70541305924e-05
3.32340515129e-05
4.38605141399e-09
6.61459489902e-11
2.84343858519e-08
0.000403537177364
3.08923059147e-05
4.1679858618e-05
1.2691453697e-12
5.45915158946e-06
0.00253281770913
0.000878611721387
1.13082761176e-09
1.06166801565e-05
8.16506010109e-10
4.80072314195e-09
6.45119134778e-06
6.26591158291e-14
2.2872285879e-06
3.60851196389e-11
6.34871222856e-08
1.72854436888e-08
9.50192478907e-18
0.00203053323771
0.000488361484808
2.24725767866e-12
4.80815381784e-05
0.000105990858769
1.46640362785e-08
7.86391407703e-07
2.84073841658e-08
1.6219000427e-09
1.25301889695e-06
4.87551065965e-09
0.00565612711156
0.000719930084686
1.4070521172e-13
2.48537587135e-19
3.75188383164e-15
2.466159603e-15
1.62056787419e-05
7.95436149923e-05
1.17609459306e-05
0.00475652126892
6.72548463889e-12
6.24921100313e-12
0.00721436921329
1.02264096408e-18
1.53832192893e-22
1.57826530663e-07
1.85946745295e-06
3.80125844306e-12
0.000284695304636
1.60489890629e-10
9.31560693725e-06
3.8843112524e-05
3.07742159194e-24
1.21930154043e-17
7.53530258207e-06
6.28943577635e-15
0.000276707337136
0.000676061451048
2.45567802887e-24
2.96600096779e-07
1.72991143861e-11
3.21615894095e-14
2.05543887252e-05
0.00056797527294
1.05280225062e-05
0.000131782889438
0.000198605792517
4.28557380872e-20
3.01413903836e-05
0.000100057179025
0.000282427157015
1.55457508029e-07
2.46627353703e-10
0.00290684651361
2.80288588833e-06
3.20709167317e-06
0.00181587917695
7.42252484636e-16
4.56627194188e-08
0.00744425062697
9.57039849302e-12
8.57975205207e-13
3.62665284018e-11
2.62748793386e-06
3.53648312421e-12
2.81170706889e-10
1.72800841498e-10
1.92872438875e-07
1.96981475311e-05
2.40606793411e-07
5.31925950002e-08
2.73620207636e-08
2.44943337672e-08
0.00162218124654
6.06075508266e-14
1.34089625264e-13
1.07608591727e-07
0.000345721716748
2.15931116717e-05
0.00021385454296
1.48850449778e-07
2.53308596119e-29
1.87250055873e-09
2.97084989692e-07
2.42032568595e-08
0.0040349921233
1.94134320536e-27
4.15868550466e-07
0.000306735217089
0.00477475110329
1.04635131643e-06
3.11148923423e-38
3.00016263973e-05
5.90785528242e-08
1.71423422914e-09
1.85246545294e-19
1.43026097783e-13
0.00183968871971
5.57090227078e-05
1.25250710219e-06
1.64436834833e-08
2.66145344531e-14
1.69263224024e-19
3.16272982837e-06
3.07380544666e-07
6.76259194342e-05
0.00281941055187
8.399350781e-05
5.20596390895e-18
9.30928160555e-06
0.000625547383583
5.05341954256e-06
0.00220479407848
0.00349818494468
0.00074192573473
1.02358048575e-07
0.00859376469418
1.10492290309e-10
1.62928056183e-05
5.16667928176e-14
5.79903701829e-06
2.35360146706e-08
4.2627760395e-07
2.51701406781e-12
1.44619083063e-08
1.04358672014e-07
4.30174785996e-10
2.38908269486e-19
1.68777968467e-11
7.82046919436e-16
4.21008157667e-05
7.14093024932e-07
5.20997143917e-07
6.66351303939e-13
0.00449298963033
1.31229578955e-05
6.99357450518e-28
0.000100970473401
0.00442341849338
0.000343808933255
8.34961445811e-12
2.14285505392e-27
3.3337120707e-12
4.23559833618e-18
8.65629103908e-12
1.89650900087e-08
9.64714167907e-06
0.00175201038949
4.11540833212e-10
0.00306496603609
0.00250233750825
0.00022076267122
1.29260088756e-14
0.000286374284398
2.09201806949e-09
5.75144378351e-08
2.15047313399e-09
4.5042869688e-05
0.000276584821692
1.37822409439e-10
2.13214683304e-06
1.29311749057e-17
1.32085885898e-14
0.000975269186128
7.05356873254e-06
6.61310459752e-05
5.21751628832e-11
1.94530350652e-37
7.25492329732e-07
0.000114455710616
1.28731217097e-10
2.92459007829e-05
3.95309589574e-05
5.62428524687e-09
7.08182367686e-05
2.51275046918e-08
6.62941232072e-05
0.000138729253621
2.08119116907e-08
7.54642479449e-12
4.80275732692e-23
2.01387246803e-13
2.04226618233e-08
8.48164905433e-07
0.000712368724164
3.96087666231e-05
8.05165222686e-28
6.49763248825e-10
2.09093679362e-08
4.77698450117e-10
1.71520334633e-06
1.19344027135e-24
1.30650666341e-06
2.16261146983e-06
9.39973258577e-08
0.000372005017911
9.48908167035e-19
0.00400204243714
1.51055803627e-12
1.77318486131e-05
0.000866352276025
3.12124873153e-07
3.74330323552e-05
6.25728887019e-06
1.04195515525e-14
1.63770212207e-18
0.00284486375612
0.000647807865465
1.2370565735e-17
0.00149791962572
0.000603902749771
3.32947941522e-05
0.000965230668829
4.56694291666e-06
0.00225923517864
2.34483219051e-11
3.34449942451e-10
6.03491755121e-05
0.000132039507665
1.27360299074e-14
1.45790166053e-06
6.64084324243e-05
4.12212826377e-05
2.30456390695e-07
1.07558993916e-22
4.9133017356e-17
4.43276362034e-08
2.1380647834e-09
0.000809364504665
2.91323423637e-11
6.4859546399e-10
1.58531507393e-12
1.76921348297e-18
3.35783086007e-07
5.01411817284e-06
1.2990032716e-14
9.45515589066e-11
1.84050913082e-08
0.00198655489887
0.000776051265571
2.10806102804e-09
1.12796298304e-06
5.44754224585e-10
0.00218828177798
5.08552238323e-06
7.52000119861e-17
2.00944932041e-05
7.77996147419e-10
1.38571096723e-05
5.21171185015e-12
4.26986906996e-06
0.010235352251
4.32109518464e-06
2.81944636459e-17
1.23532208987e-05
3.19812974542e-05
9.66198661085e-10
4.95962020881e-31
0.00126149235136
0.000536806979242
1.71519648478e-07
3.79203814306e-05
1.73871240539e-05
3.23285657196e-06
3.01269630558e-12
0.00707144854655
5.96965345935e-09
2.05006701719e-09
0.000403817658568
3.6570887854e-05
4.94480684636e-10
0.000135457662
3.06549100963e-14
0.000197754787263
4.72705881628e-23
4.86037216108e-05
5.55635025925e-05
4.01194973539e-18
4.89952768461e-05
9.80787313077e-07
9.80236591889e-05
8.87024880861e-06
5.13181597532e-15
7.91549926642e-10
2.32221442453e-10
2.3065465845e-22
9.99890406322e-08
0.00762075159482
2.75005148817e-06
0.00591603897937
9.35195951552e-20
2.928489874e-27
2.77290806311e-08
0.000133285396249
1.03394653923e-07
1.52580631389e-05
7.84135242231e-08
3.50576160288e-09
5.49186374267e-20
3.54084402611e-09
4.32842499714e-22
1.50351060616e-12
6.74842167338e-08
0.000603180586256
1.39361754488e-05
1.1585851618e-05
