I: (state)
	(16) 1.0
F: (state)
	(0) 0.0600122477584
	(1) 0.0406325257661
	(2) 0.365314409475
	(3) 0.00802628317264
	(4) 0.123701662951
	(5) 0.0716247128384
	(9) 0.0562195882075
	(10) 0.0507480629294
	(11) 0.248535940259
	(13) 0.0574842695267
	(14) 0.518109834597
	(15) 0.0436916011438
	(19) 0.0860761156383
	(23) 0.214410855431
	(25) 0.00103583902869
	(26) 0.152952655475
	(30) 0.0774016281464
	(31) 0.254697816401
	(33) 0.100800288692
	(34) 0.179597641699
	(37) 0.746659276126
	(38) 0.348331063357
	(39) 0.023693440842
S: (state,symbol) 
	(0,0) 0.0472100024174
	(0,1) 0.217204178724
	(0,2) 0.370520468834
	(0,3) 0.158049229875
	(0,4) 0.000450849119912
	(0,6) 0.0733274647503
	(0,7) 0.0177915443168
	(0,8) 0.115446261963
	(1,1) 0.0391705274908
	(1,2) 0.0269508381299
	(1,3) 0.0530976169173
	(1,4) 0.13844855684
	(1,5) 0.0713055878989
	(1,6) 0.284387214858
	(1,8) 0.347504984399
	(1,9) 0.0391346734663
	(2,6) 0.298283339561
	(2,8) 0.367998329994
	(2,9) 0.333718330445
	(3,1) 0.0932194184855
	(3,2) 0.00396089532517
	(3,6) 0.357775560892
	(3,7) 0.0578343063176
	(3,8) 0.194369412575
	(3,9) 0.292840406404
	(4,0) 0.0275405673793
	(4,1) 0.0721424454102
	(4,2) 0.134746547291
	(4,4) 0.127966732459
	(4,5) 0.31988265337
	(4,6) 0.0878540651366
	(4,7) 0.229866988953
	(5,0) 0.0265821852494
	(5,1) 0.0258936322258
	(5,3) 0.24774446121
	(5,4) 0.252521278862
	(5,6) 0.0453059239526
	(5,7) 0.216642394567
	(5,8) 0.0428643541571
	(5,9) 0.142445769776
	(6,0) 0.126589431219
	(6,2) 0.528791986969
	(6,5) 0.109779092161
	(6,6) 0.0599758668334
	(6,7) 0.147741928279
	(6,9) 0.0271216945397
	(7,2) 0.0433350611222
	(7,3) 0.0157146582144
	(7,4) 0.209828541034
	(7,5) 0.140839742755
	(7,6) 0.590281996875
	(8,1) 0.355151882096
	(8,3) 0.200840897925
	(8,5) 0.338370102527
	(8,6) 0.105637117452
	(9,0) 0.110965544697
	(9,1) 0.193312923103
	(9,3) 0.0425051864021
	(9,4) 0.00351761726824
	(9,5) 0.187890371552
	(9,6) 0.0147536331025
	(9,8) 0.0578035696763
	(9,9) 0.389251154199
	(10,1) 0.0315515396876
	(10,2) 0.00376227233209
	(10,3) 0.125096128398
	(10,4) 0.191091578114
	(10,5) 0.307595544264
	(10,6) 0.334179664194
	(10,9) 0.00672327301055
	(11,0) 0.262243719152
	(11,2) 0.0201686794738
	(11,3) 0.43436194961
	(11,4) 0.110389919328
	(11,5) 0.14401669819
	(11,6) 0.0256653624143
	(11,7) 0.0023426981285
	(11,9) 0.000810973704249
	(12,0) 0.294785640093
	(12,2) 0.180367862247
	(12,3) 0.144840101571
	(12,4) 0.174286756569
	(12,6) 0.0351378090883
	(12,7) 0.170581830432
	(13,1) 0.030909217662
	(13,2) 0.017651020202
	(13,3) 0.362367336236
	(13,4) 0.247150053026
	(13,6) 0.0154994969296
	(13,7) 0.179754139581
	(13,9) 0.146668736364
	(14,2) 0.000906439695265
	(14,3) 0.336888216004
	(14,5) 0.607464938832
	(14,8) 0.0547404054683
	(15,0) 0.0171226260299
	(15,1) 0.184743036411
	(15,8) 0.537888038498
	(15,9) 0.260246299061
	(16,0) 0.347292411889
	(16,2) 0.00473958232161
	(16,4) 0.0386539070359
	(16,5) 0.153553757952
	(16,6) 0.128926179713
	(16,7) 0.182380825983
	(16,8) 0.0119827087976
	(16,9) 0.132470626308
	(17,0) 0.272667019567
	(17,4) 0.22554239996
	(17,5) 0.140779141132
	(17,7) 0.0617641109223
	(17,8) 0.0604459569372
	(17,9) 0.238801371481
	(18,1) 0.975443056972
	(18,8) 0.00755784481751
	(18,9) 0.0169990982104
	(19,0) 0.270415190197
	(19,1) 0.21073287379
	(19,2) 0.00390445644578
	(19,3) 0.0607718290753
	(19,4) 0.108679382409
	(19,5) 0.0208978462033
	(19,6) 0.00708660937224
	(19,7) 0.0531297501218
	(19,8) 0.0819826730099
	(19,9) 0.182399389375
	(20,2) 0.538817864009
	(20,3) 0.228954853154
	(20,9) 0.232227282837
	(21,2) 0.0537533486618
	(21,7) 0.583810569039
	(21,9) 0.362436082299
	(22,1) 0.276299113318
	(22,2) 0.0161507344119
	(22,4) 0.00236478675121
	(22,6) 0.111021345739
	(22,7) 0.297254418827
	(22,8) 0.236908381158
	(22,9) 0.060001219795
	(23,0) 0.290253960933
	(23,6) 0.0154910600321
	(23,7) 0.300652494748
	(23,9) 0.393602484287
	(24,2) 0.252846716448
	(24,3) 0.210295118935
	(24,4) 0.0757668387726
	(24,5) 0.0210608924245
	(24,7) 0.0680140567625
	(24,8) 0.0596312056727
	(24,9) 0.312385170986
	(25,0) 0.322772962936
	(25,1) 0.209796365777
	(25,2) 0.0633209497672
	(25,3) 0.00341453013733
	(25,4) 0.149242508285
	(25,5) 0.055371090249
	(25,6) 0.01181540805
	(25,7) 0.120702732339
	(25,8) 0.00332264218479
	(25,9) 0.0602408102739
	(26,1) 0.316774988041
	(26,2) 0.252047261087
	(26,3) 0.208280432127
	(26,4) 0.0236008838712
	(26,6) 0.109054885064
	(26,8) 0.0902415498088
	(27,0) 0.239285328927
	(27,1) 0.167813807639
	(27,2) 0.0407941576961
	(27,3) 0.0252807486132
	(27,5) 0.0858421051952
	(27,7) 0.0439100050789
	(27,8) 0.162779138616
	(27,9) 0.234294708235
	(28,0) 0.238683852273
	(28,1) 0.0181288561195
	(28,2) 0.179513705104
	(28,3) 0.100812939489
	(28,4) 0.291984094285
	(28,5) 0.170876552729
	(29,4) 0.71174940266
	(29,9) 0.28825059734
	(30,0) 0.160103076693
	(30,4) 0.174914321553
	(30,5) 0.0713603355377
	(30,6) 0.453846830421
	(30,7) 0.0547681254524
	(30,8) 0.0850073103432
	(31,0) 0.374124070198
	(31,2) 0.0231118536702
	(31,4) 0.0173998711212
	(31,7) 0.373880510665
	(31,8) 0.128028701065
	(31,9) 0.0834549932814
	(32,0) 0.0731975836877
	(32,2) 0.133840062117
	(32,4) 0.391117901026
	(32,6) 0.0672049914952
	(32,7) 0.317921042617
	(32,9) 0.0167184190569
	(33,1) 0.0324975782201
	(33,2) 0.0997827764571
	(33,3) 0.260825676453
	(33,4) 0.249705049585
	(33,5) 0.196356701733
	(33,6) 0.0774188023711
	(33,7) 0.00905769151814
	(33,8) 0.0743557236636
	(34,2) 0.245996453261
	(34,7) 0.323901389796
	(34,9) 0.430102156943
	(35,1) 0.122506417682
	(35,2) 0.203746318497
	(35,3) 0.387173292797
	(35,5) 0.0198783536836
	(35,9) 0.26669561734
	(36,2) 0.304007618444
	(36,5) 0.0576935560787
	(36,6) 0.579119294604
	(36,7) 0.0591795308732
	(37,2) 0.170530266206
	(37,3) 0.12367076687
	(37,5) 0.705798966924
	(38,0) 0.0434842605312
	(38,3) 0.177774078752
	(38,6) 0.16360462766
	(38,8) 0.615137033056
	(39,3) 0.155793224425
	(39,5) 0.0990347967042
	(39,8) 0.356737780788
	(39,9) 0.388434198083
T: (state,symbol,state) 
	(0,0,17) 0.0397230502298
	(0,0,37) 0.96027694977
	(0,1,17) 0.0397230502298
	(0,1,37) 0.96027694977
	(0,2,17) 0.0397230502298
	(0,2,37) 0.96027694977
	(0,3,17) 0.0397230502298
	(0,3,37) 0.96027694977
	(0,4,17) 0.0397230502298
	(0,4,37) 0.96027694977
	(0,5,17) 0.0397230502298
	(0,5,37) 0.96027694977
	(0,6,17) 0.0397230502298
	(0,6,37) 0.96027694977
	(0,7,17) 0.0397230502298
	(0,7,37) 0.96027694977
	(0,8,17) 0.0397230502298
	(0,8,37) 0.96027694977
	(0,9,17) 0.0397230502298
	(0,9,37) 0.96027694977
	(1,0,8) 0.505958692464
	(1,0,14) 0.494041307536
	(1,1,8) 0.505958692464
	(1,1,14) 0.494041307536
	(1,2,8) 0.505958692464
	(1,2,14) 0.494041307536
	(1,3,8) 0.505958692464
	(1,3,14) 0.494041307536
	(1,4,8) 0.505958692464
	(1,4,14) 0.494041307536
	(1,5,8) 0.505958692464
	(1,5,14) 0.494041307536
	(1,6,8) 0.505958692464
	(1,6,14) 0.494041307536
	(1,7,8) 0.505958692464
	(1,7,14) 0.494041307536
	(1,8,8) 0.505958692464
	(1,8,14) 0.494041307536
	(1,9,8) 0.505958692464
	(1,9,14) 0.494041307536
	(2,0,20) 1.0
	(2,1,20) 1.0
	(2,2,20) 1.0
	(2,3,20) 1.0
	(2,4,20) 1.0
	(2,5,20) 1.0
	(2,6,20) 1.0
	(2,7,20) 1.0
	(2,8,20) 1.0
	(2,9,20) 1.0
	(3,0,0) 0.23922907035
	(3,0,8) 0.76077092965
	(3,1,0) 0.23922907035
	(3,1,8) 0.76077092965
	(3,2,0) 0.23922907035
	(3,2,8) 0.76077092965
	(3,3,0) 0.23922907035
	(3,3,8) 0.76077092965
	(3,4,0) 0.23922907035
	(3,4,8) 0.76077092965
	(3,5,0) 0.23922907035
	(3,5,8) 0.76077092965
	(3,6,0) 0.23922907035
	(3,6,8) 0.76077092965
	(3,7,0) 0.23922907035
	(3,7,8) 0.76077092965
	(3,8,0) 0.23922907035
	(3,8,8) 0.76077092965
	(3,9,0) 0.23922907035
	(3,9,8) 0.76077092965
	(4,0,25) 1.0
	(4,1,25) 1.0
	(4,2,25) 1.0
	(4,3,25) 1.0
	(4,4,25) 1.0
	(4,5,25) 1.0
	(4,6,25) 1.0
	(4,7,25) 1.0
	(4,8,25) 1.0
	(4,9,25) 1.0
	(5,0,1) 0.16832798117
	(5,0,24) 0.793667997595
	(5,0,29) 0.0380040212348
	(5,1,1) 0.16832798117
	(5,1,24) 0.793667997595
	(5,1,29) 0.0380040212348
	(5,2,1) 0.16832798117
	(5,2,24) 0.793667997595
	(5,2,29) 0.0380040212348
	(5,3,1) 0.16832798117
	(5,3,24) 0.793667997595
	(5,3,29) 0.0380040212348
	(5,4,1) 0.16832798117
	(5,4,24) 0.793667997595
	(5,4,29) 0.0380040212348
	(5,5,1) 0.16832798117
	(5,5,24) 0.793667997595
	(5,5,29) 0.0380040212348
	(5,6,1) 0.16832798117
	(5,6,24) 0.793667997595
	(5,6,29) 0.0380040212348
	(5,7,1) 0.16832798117
	(5,7,24) 0.793667997595
	(5,7,29) 0.0380040212348
	(5,8,1) 0.16832798117
	(5,8,24) 0.793667997595
	(5,8,29) 0.0380040212348
	(5,9,1) 0.16832798117
	(5,9,24) 0.793667997595
	(5,9,29) 0.0380040212348
	(6,0,25) 1.0
	(6,1,25) 1.0
	(6,2,25) 1.0
	(6,3,25) 1.0
	(6,4,25) 1.0
	(6,5,25) 1.0
	(6,6,25) 1.0
	(6,7,25) 1.0
	(6,8,25) 1.0
	(6,9,25) 1.0
	(7,0,0) 0.189833601473
	(7,0,11) 0.058882989093
	(7,0,34) 0.218720815336
	(7,0,38) 0.532562594098
	(7,1,0) 0.189833601473
	(7,1,11) 0.058882989093
	(7,1,34) 0.218720815336
	(7,1,38) 0.532562594098
	(7,2,0) 0.189833601473
	(7,2,11) 0.058882989093
	(7,2,34) 0.218720815336
	(7,2,38) 0.532562594098
	(7,3,0) 0.189833601473
	(7,3,11) 0.058882989093
	(7,3,34) 0.218720815336
	(7,3,38) 0.532562594098
	(7,4,0) 0.189833601473
	(7,4,11) 0.058882989093
	(7,4,34) 0.218720815336
	(7,4,38) 0.532562594098
	(7,5,0) 0.189833601473
	(7,5,11) 0.058882989093
	(7,5,34) 0.218720815336
	(7,5,38) 0.532562594098
	(7,6,0) 0.189833601473
	(7,6,11) 0.058882989093
	(7,6,34) 0.218720815336
	(7,6,38) 0.532562594098
	(7,7,0) 0.189833601473
	(7,7,11) 0.058882989093
	(7,7,34) 0.218720815336
	(7,7,38) 0.532562594098
	(7,8,0) 0.189833601473
	(7,8,11) 0.058882989093
	(7,8,34) 0.218720815336
	(7,8,38) 0.532562594098
	(7,9,0) 0.189833601473
	(7,9,11) 0.058882989093
	(7,9,34) 0.218720815336
	(7,9,38) 0.532562594098
	(8,0,2) 0.49772266911
	(8,0,26) 0.50227733089
	(8,1,2) 0.49772266911
	(8,1,26) 0.50227733089
	(8,2,2) 0.49772266911
	(8,2,26) 0.50227733089
	(8,3,2) 0.49772266911
	(8,3,26) 0.50227733089
	(8,4,2) 0.49772266911
	(8,4,26) 0.50227733089
	(8,5,2) 0.49772266911
	(8,5,26) 0.50227733089
	(8,6,2) 0.49772266911
	(8,6,26) 0.50227733089
	(8,7,2) 0.49772266911
	(8,7,26) 0.50227733089
	(8,8,2) 0.49772266911
	(8,8,26) 0.50227733089
	(8,9,2) 0.49772266911
	(8,9,26) 0.50227733089
	(9,0,8) 0.314920922244
	(9,0,9) 0.195984907879
	(9,0,14) 0.489094169877
	(9,1,8) 0.314920922244
	(9,1,9) 0.195984907879
	(9,1,14) 0.489094169877
	(9,2,8) 0.314920922244
	(9,2,9) 0.195984907879
	(9,2,14) 0.489094169877
	(9,3,8) 0.314920922244
	(9,3,9) 0.195984907879
	(9,3,14) 0.489094169877
	(9,4,8) 0.314920922244
	(9,4,9) 0.195984907879
	(9,4,14) 0.489094169877
	(9,5,8) 0.314920922244
	(9,5,9) 0.195984907879
	(9,5,14) 0.489094169877
	(9,6,8) 0.314920922244
	(9,6,9) 0.195984907879
	(9,6,14) 0.489094169877
	(9,7,8) 0.314920922244
	(9,7,9) 0.195984907879
	(9,7,14) 0.489094169877
	(9,8,8) 0.314920922244
	(9,8,9) 0.195984907879
	(9,8,14) 0.489094169877
	(9,9,8) 0.314920922244
	(9,9,9) 0.195984907879
	(9,9,14) 0.489094169877
	(10,0,0) 0.243183723043
	(10,0,3) 0.460232637866
	(10,0,12) 0.280659116039
	(10,0,33) 0.0159245230521
	(10,1,0) 0.243183723043
	(10,1,3) 0.460232637866
	(10,1,12) 0.280659116039
	(10,1,33) 0.0159245230521
	(10,2,0) 0.243183723043
	(10,2,3) 0.460232637866
	(10,2,12) 0.280659116039
	(10,2,33) 0.0159245230521
	(10,3,0) 0.243183723043
	(10,3,3) 0.460232637866
	(10,3,12) 0.280659116039
	(10,3,33) 0.0159245230521
	(10,4,0) 0.243183723043
	(10,4,3) 0.460232637866
	(10,4,12) 0.280659116039
	(10,4,33) 0.0159245230521
	(10,5,0) 0.243183723043
	(10,5,3) 0.460232637866
	(10,5,12) 0.280659116039
	(10,5,33) 0.0159245230521
	(10,6,0) 0.243183723043
	(10,6,3) 0.460232637866
	(10,6,12) 0.280659116039
	(10,6,33) 0.0159245230521
	(10,7,0) 0.243183723043
	(10,7,3) 0.460232637866
	(10,7,12) 0.280659116039
	(10,7,33) 0.0159245230521
	(10,8,0) 0.243183723043
	(10,8,3) 0.460232637866
	(10,8,12) 0.280659116039
	(10,8,33) 0.0159245230521
	(10,9,0) 0.243183723043
	(10,9,3) 0.460232637866
	(10,9,12) 0.280659116039
	(10,9,33) 0.0159245230521
	(11,0,2) 1.0
	(11,1,2) 1.0
	(11,2,2) 1.0
	(11,3,2) 1.0
	(11,4,2) 1.0
	(11,5,2) 1.0
	(11,6,2) 1.0
	(11,7,2) 1.0
	(11,8,2) 1.0
	(11,9,2) 1.0
	(12,0,25) 0.28862275097
	(12,0,37) 0.71137724903
	(12,1,25) 0.28862275097
	(12,1,37) 0.71137724903
	(12,2,25) 0.28862275097
	(12,2,37) 0.71137724903
	(12,3,25) 0.28862275097
	(12,3,37) 0.71137724903
	(12,4,25) 0.28862275097
	(12,4,37) 0.71137724903
	(12,5,25) 0.28862275097
	(12,5,37) 0.71137724903
	(12,6,25) 0.28862275097
	(12,6,37) 0.71137724903
	(12,7,25) 0.28862275097
	(12,7,37) 0.71137724903
	(12,8,25) 0.28862275097
	(12,8,37) 0.71137724903
	(12,9,25) 0.28862275097
	(12,9,37) 0.71137724903
	(13,0,13) 0.218488549777
	(13,0,21) 0.0650418707075
	(13,0,30) 0.364789456582
	(13,0,32) 0.351680122933
	(13,1,13) 0.218488549777
	(13,1,21) 0.0650418707075
	(13,1,30) 0.364789456582
	(13,1,32) 0.351680122933
	(13,2,13) 0.218488549777
	(13,2,21) 0.0650418707075
	(13,2,30) 0.364789456582
	(13,2,32) 0.351680122933
	(13,3,13) 0.218488549777
	(13,3,21) 0.0650418707075
	(13,3,30) 0.364789456582
	(13,3,32) 0.351680122933
	(13,4,13) 0.218488549777
	(13,4,21) 0.0650418707075
	(13,4,30) 0.364789456582
	(13,4,32) 0.351680122933
	(13,5,13) 0.218488549777
	(13,5,21) 0.0650418707075
	(13,5,30) 0.364789456582
	(13,5,32) 0.351680122933
	(13,6,13) 0.218488549777
	(13,6,21) 0.0650418707075
	(13,6,30) 0.364789456582
	(13,6,32) 0.351680122933
	(13,7,13) 0.218488549777
	(13,7,21) 0.0650418707075
	(13,7,30) 0.364789456582
	(13,7,32) 0.351680122933
	(13,8,13) 0.218488549777
	(13,8,21) 0.0650418707075
	(13,8,30) 0.364789456582
	(13,8,32) 0.351680122933
	(13,9,13) 0.218488549777
	(13,9,21) 0.0650418707075
	(13,9,30) 0.364789456582
	(13,9,32) 0.351680122933
	(14,0,6) 1.0
	(14,1,6) 1.0
	(14,2,6) 1.0
	(14,3,6) 1.0
	(14,4,6) 1.0
	(14,5,6) 1.0
	(14,6,6) 1.0
	(14,7,6) 1.0
	(14,8,6) 1.0
	(14,9,6) 1.0
	(15,0,10) 0.61316521826
	(15,0,19) 0.38683478174
	(15,1,10) 0.61316521826
	(15,1,19) 0.38683478174
	(15,2,10) 0.61316521826
	(15,2,19) 0.38683478174
	(15,3,10) 0.61316521826
	(15,3,19) 0.38683478174
	(15,4,10) 0.61316521826
	(15,4,19) 0.38683478174
	(15,5,10) 0.61316521826
	(15,5,19) 0.38683478174
	(15,6,10) 0.61316521826
	(15,6,19) 0.38683478174
	(15,7,10) 0.61316521826
	(15,7,19) 0.38683478174
	(15,8,10) 0.61316521826
	(15,8,19) 0.38683478174
	(15,9,10) 0.61316521826
	(15,9,19) 0.38683478174
	(16,0,13) 1.0
	(16,1,13) 1.0
	(16,2,13) 1.0
	(16,3,13) 1.0
	(16,4,13) 1.0
	(16,5,13) 1.0
	(16,6,13) 1.0
	(16,7,13) 1.0
	(16,8,13) 1.0
	(16,9,13) 1.0
	(17,0,18) 1.0
	(17,1,18) 1.0
	(17,2,18) 1.0
	(17,3,18) 1.0
	(17,4,18) 1.0
	(17,5,18) 1.0
	(17,6,18) 1.0
	(17,7,18) 1.0
	(17,8,18) 1.0
	(17,9,18) 1.0
	(18,0,8) 0.200988684934
	(18,0,12) 0.799011315066
	(18,1,8) 0.200988684934
	(18,1,12) 0.799011315066
	(18,2,8) 0.200988684934
	(18,2,12) 0.799011315066
	(18,3,8) 0.200988684934
	(18,3,12) 0.799011315066
	(18,4,8) 0.200988684934
	(18,4,12) 0.799011315066
	(18,5,8) 0.200988684934
	(18,5,12) 0.799011315066
	(18,6,8) 0.200988684934
	(18,6,12) 0.799011315066
	(18,7,8) 0.200988684934
	(18,7,12) 0.799011315066
	(18,8,8) 0.200988684934
	(18,8,12) 0.799011315066
	(18,9,8) 0.200988684934
	(18,9,12) 0.799011315066
	(19,0,13) 1.0
	(19,1,13) 1.0
	(19,2,13) 1.0
	(19,3,13) 1.0
	(19,4,13) 1.0
	(19,5,13) 1.0
	(19,6,13) 1.0
	(19,7,13) 1.0
	(19,8,13) 1.0
	(19,9,13) 1.0
	(20,0,5) 0.29788941875
	(20,0,13) 0.0553229514739
	(20,0,21) 0.646787629777
	(20,1,5) 0.29788941875
	(20,1,13) 0.0553229514739
	(20,1,21) 0.646787629777
	(20,2,5) 0.29788941875
	(20,2,13) 0.0553229514739
	(20,2,21) 0.646787629777
	(20,3,5) 0.29788941875
	(20,3,13) 0.0553229514739
	(20,3,21) 0.646787629777
	(20,4,5) 0.29788941875
	(20,4,13) 0.0553229514739
	(20,4,21) 0.646787629777
	(20,5,5) 0.29788941875
	(20,5,13) 0.0553229514739
	(20,5,21) 0.646787629777
	(20,6,5) 0.29788941875
	(20,6,13) 0.0553229514739
	(20,6,21) 0.646787629777
	(20,7,5) 0.29788941875
	(20,7,13) 0.0553229514739
	(20,7,21) 0.646787629777
	(20,8,5) 0.29788941875
	(20,8,13) 0.0553229514739
	(20,8,21) 0.646787629777
	(20,9,5) 0.29788941875
	(20,9,13) 0.0553229514739
	(20,9,21) 0.646787629777
	(21,0,23) 0.0208224861874
	(21,0,36) 0.685236707186
	(21,0,37) 0.293940806627
	(21,1,23) 0.0208224861874
	(21,1,36) 0.685236707186
	(21,1,37) 0.293940806627
	(21,2,23) 0.0208224861874
	(21,2,36) 0.685236707186
	(21,2,37) 0.293940806627
	(21,3,23) 0.0208224861874
	(21,3,36) 0.685236707186
	(21,3,37) 0.293940806627
	(21,4,23) 0.0208224861874
	(21,4,36) 0.685236707186
	(21,4,37) 0.293940806627
	(21,5,23) 0.0208224861874
	(21,5,36) 0.685236707186
	(21,5,37) 0.293940806627
	(21,6,23) 0.0208224861874
	(21,6,36) 0.685236707186
	(21,6,37) 0.293940806627
	(21,7,23) 0.0208224861874
	(21,7,36) 0.685236707186
	(21,7,37) 0.293940806627
	(21,8,23) 0.0208224861874
	(21,8,36) 0.685236707186
	(21,8,37) 0.293940806627
	(21,9,23) 0.0208224861874
	(21,9,36) 0.685236707186
	(21,9,37) 0.293940806627
	(22,0,3) 0.0695438631087
	(22,0,11) 0.13012483526
	(22,0,16) 0.143404987646
	(22,0,38) 0.656926313986
	(22,1,3) 0.0695438631087
	(22,1,11) 0.13012483526
	(22,1,16) 0.143404987646
	(22,1,38) 0.656926313986
	(22,2,3) 0.0695438631087
	(22,2,11) 0.13012483526
	(22,2,16) 0.143404987646
	(22,2,38) 0.656926313986
	(22,3,3) 0.0695438631087
	(22,3,11) 0.13012483526
	(22,3,16) 0.143404987646
	(22,3,38) 0.656926313986
	(22,4,3) 0.0695438631087
	(22,4,11) 0.13012483526
	(22,4,16) 0.143404987646
	(22,4,38) 0.656926313986
	(22,5,3) 0.0695438631087
	(22,5,11) 0.13012483526
	(22,5,16) 0.143404987646
	(22,5,38) 0.656926313986
	(22,6,3) 0.0695438631087
	(22,6,11) 0.13012483526
	(22,6,16) 0.143404987646
	(22,6,38) 0.656926313986
	(22,7,3) 0.0695438631087
	(22,7,11) 0.13012483526
	(22,7,16) 0.143404987646
	(22,7,38) 0.656926313986
	(22,8,3) 0.0695438631087
	(22,8,11) 0.13012483526
	(22,8,16) 0.143404987646
	(22,8,38) 0.656926313986
	(22,9,3) 0.0695438631087
	(22,9,11) 0.13012483526
	(22,9,16) 0.143404987646
	(22,9,38) 0.656926313986
	(23,0,27) 1.0
	(23,1,27) 1.0
	(23,2,27) 1.0
	(23,3,27) 1.0
	(23,4,27) 1.0
	(23,5,27) 1.0
	(23,6,27) 1.0
	(23,7,27) 1.0
	(23,8,27) 1.0
	(23,9,27) 1.0
	(24,0,29) 1.0
	(24,1,29) 1.0
	(24,2,29) 1.0
	(24,3,29) 1.0
	(24,4,29) 1.0
	(24,5,29) 1.0
	(24,6,29) 1.0
	(24,7,29) 1.0
	(24,8,29) 1.0
	(24,9,29) 1.0
	(25,0,1) 1.0
	(25,1,1) 1.0
	(25,2,1) 1.0
	(25,3,1) 1.0
	(25,4,1) 1.0
	(25,5,1) 1.0
	(25,6,1) 1.0
	(25,7,1) 1.0
	(25,8,1) 1.0
	(25,9,1) 1.0
	(26,0,9) 1.0
	(26,1,9) 1.0
	(26,2,9) 1.0
	(26,3,9) 1.0
	(26,4,9) 1.0
	(26,5,9) 1.0
	(26,6,9) 1.0
	(26,7,9) 1.0
	(26,8,9) 1.0
	(26,9,9) 1.0
	(27,0,7) 1.0
	(27,1,7) 1.0
	(27,2,7) 1.0
	(27,3,7) 1.0
	(27,4,7) 1.0
	(27,5,7) 1.0
	(27,6,7) 1.0
	(27,7,7) 1.0
	(27,8,7) 1.0
	(27,9,7) 1.0
	(28,0,1) 1.0
	(28,1,1) 1.0
	(28,2,1) 1.0
	(28,3,1) 1.0
	(28,4,1) 1.0
	(28,5,1) 1.0
	(28,6,1) 1.0
	(28,7,1) 1.0
	(28,8,1) 1.0
	(28,9,1) 1.0
	(29,0,18) 0.0488613133376
	(29,0,19) 0.951138686662
	(29,1,18) 0.0488613133376
	(29,1,19) 0.951138686662
	(29,2,18) 0.0488613133376
	(29,2,19) 0.951138686662
	(29,3,18) 0.0488613133376
	(29,3,19) 0.951138686662
	(29,4,18) 0.0488613133376
	(29,4,19) 0.951138686662
	(29,5,18) 0.0488613133376
	(29,5,19) 0.951138686662
	(29,6,18) 0.0488613133376
	(29,6,19) 0.951138686662
	(29,7,18) 0.0488613133376
	(29,7,19) 0.951138686662
	(29,8,18) 0.0488613133376
	(29,8,19) 0.951138686662
	(29,9,18) 0.0488613133376
	(29,9,19) 0.951138686662
	(30,0,4) 0.882046355924
	(30,0,20) 0.117953644076
	(30,1,4) 0.882046355924
	(30,1,20) 0.117953644076
	(30,2,4) 0.882046355924
	(30,2,20) 0.117953644076
	(30,3,4) 0.882046355924
	(30,3,20) 0.117953644076
	(30,4,4) 0.882046355924
	(30,4,20) 0.117953644076
	(30,5,4) 0.882046355924
	(30,5,20) 0.117953644076
	(30,6,4) 0.882046355924
	(30,6,20) 0.117953644076
	(30,7,4) 0.882046355924
	(30,7,20) 0.117953644076
	(30,8,4) 0.882046355924
	(30,8,20) 0.117953644076
	(30,9,4) 0.882046355924
	(30,9,20) 0.117953644076
	(31,0,4) 0.409308568773
	(31,0,34) 0.387615616477
	(31,0,35) 0.203075814749
	(31,1,4) 0.409308568773
	(31,1,34) 0.387615616477
	(31,1,35) 0.203075814749
	(31,2,4) 0.409308568773
	(31,2,34) 0.387615616477
	(31,2,35) 0.203075814749
	(31,3,4) 0.409308568773
	(31,3,34) 0.387615616477
	(31,3,35) 0.203075814749
	(31,4,4) 0.409308568773
	(31,4,34) 0.387615616477
	(31,4,35) 0.203075814749
	(31,5,4) 0.409308568773
	(31,5,34) 0.387615616477
	(31,5,35) 0.203075814749
	(31,6,4) 0.409308568773
	(31,6,34) 0.387615616477
	(31,6,35) 0.203075814749
	(31,7,4) 0.409308568773
	(31,7,34) 0.387615616477
	(31,7,35) 0.203075814749
	(31,8,4) 0.409308568773
	(31,8,34) 0.387615616477
	(31,8,35) 0.203075814749
	(31,9,4) 0.409308568773
	(31,9,34) 0.387615616477
	(31,9,35) 0.203075814749
	(32,0,35) 1.0
	(32,1,35) 1.0
	(32,2,35) 1.0
	(32,3,35) 1.0
	(32,4,35) 1.0
	(32,5,35) 1.0
	(32,6,35) 1.0
	(32,7,35) 1.0
	(32,8,35) 1.0
	(32,9,35) 1.0
	(33,0,30) 1.0
	(33,1,30) 1.0
	(33,2,30) 1.0
	(33,3,30) 1.0
	(33,4,30) 1.0
	(33,5,30) 1.0
	(33,6,30) 1.0
	(33,7,30) 1.0
	(33,8,30) 1.0
	(33,9,30) 1.0
	(34,0,8) 0.31170380402
	(34,0,19) 0.68829619598
	(34,1,8) 0.31170380402
	(34,1,19) 0.68829619598
	(34,2,8) 0.31170380402
	(34,2,19) 0.68829619598
	(34,3,8) 0.31170380402
	(34,3,19) 0.68829619598
	(34,4,8) 0.31170380402
	(34,4,19) 0.68829619598
	(34,5,8) 0.31170380402
	(34,5,19) 0.68829619598
	(34,6,8) 0.31170380402
	(34,6,19) 0.68829619598
	(34,7,8) 0.31170380402
	(34,7,19) 0.68829619598
	(34,8,8) 0.31170380402
	(34,8,19) 0.68829619598
	(34,9,8) 0.31170380402
	(34,9,19) 0.68829619598
	(35,0,11) 1.0
	(35,1,11) 1.0
	(35,2,11) 1.0
	(35,3,11) 1.0
	(35,4,11) 1.0
	(35,5,11) 1.0
	(35,6,11) 1.0
	(35,7,11) 1.0
	(35,8,11) 1.0
	(35,9,11) 1.0
	(36,0,25) 1.0
	(36,1,25) 1.0
	(36,2,25) 1.0
	(36,3,25) 1.0
	(36,4,25) 1.0
	(36,5,25) 1.0
	(36,6,25) 1.0
	(36,7,25) 1.0
	(36,8,25) 1.0
	(36,9,25) 1.0
	(37,0,3) 1.0
	(37,1,3) 1.0
	(37,2,3) 1.0
	(37,3,3) 1.0
	(37,4,3) 1.0
	(37,5,3) 1.0
	(37,6,3) 1.0
	(37,7,3) 1.0
	(37,8,3) 1.0
	(37,9,3) 1.0
	(38,0,12) 1.0
	(38,1,12) 1.0
	(38,2,12) 1.0
	(38,3,12) 1.0
	(38,4,12) 1.0
	(38,5,12) 1.0
	(38,6,12) 1.0
	(38,7,12) 1.0
	(38,8,12) 1.0
	(38,9,12) 1.0
	(39,0,22) 0.187881761536
	(39,0,37) 0.812118238464
	(39,1,22) 0.187881761536
	(39,1,37) 0.812118238464
	(39,2,22) 0.187881761536
	(39,2,37) 0.812118238464
	(39,3,22) 0.187881761536
	(39,3,37) 0.812118238464
	(39,4,22) 0.187881761536
	(39,4,37) 0.812118238464
	(39,5,22) 0.187881761536
	(39,5,37) 0.812118238464
	(39,6,22) 0.187881761536
	(39,6,37) 0.812118238464
	(39,7,22) 0.187881761536
	(39,7,37) 0.812118238464
	(39,8,22) 0.187881761536
	(39,8,37) 0.812118238464
	(39,9,22) 0.187881761536
	(39,9,37) 0.812118238464
