1000
0.00848471307297
2.47938076419e-11
6.34160994765e-12
0.000225208779746
2.57797590401e-05
6.87186802429e-05
0.000287912386525
0.000197647165073
5.38696975457e-12
1.9025886739e-09
7.09417403676e-05
0.000253477069223
1.49711036254e-13
1.33318152079e-15
6.15017168686e-09
2.93659237107e-05
0.0194655476909
2.85961589368e-07
8.07529552626e-07
0.00850013528068
0.000244970152644
0.0343420311615
3.12429575705e-08
0.0488130421191
7.44251194474e-05
0.000450531148142
7.76569751859e-06
0.0109424315275
3.05763596836e-05
6.38624355009e-06
6.75534568782e-14
4.31424072352e-05
2.17593840994e-07
1.46326584256e-15
3.9784825622e-06
3.36602513944e-16
1.21943432337e-07
0.0103230351711
9.90607942942e-05
2.42783399562e-06
8.31092802763e-06
0.143506427083
0.000101906946902
6.2420854695e-09
0.0153125975408
4.05461757491e-05
2.39464707339e-06
5.42920748805e-17
3.52313496803e-10
3.72710594147e-14
0.00406914202354
0.0132062647978
0.0230970259959
4.21705539656e-05
7.70000705769e-09
0.00313237278209
1.07855105827e-16
6.51925780637e-08
0.0349746252284
1.61738524466e-11
0.00389291996368
1.03728198795e-05
3.41664280489e-08
2.24809981838e-14
0.0012490550196
0.0112131877847
6.37349231591e-12
3.75688222983e-06
1.40940964845e-08
6.01776087309e-08
8.46771245467e-13
1.14847070198e-18
9.21212157611e-07
0.000274785573345
3.86485107014e-05
0.0481354418758
5.35610392356e-06
0.000249443326035
0.000126307908879
0.00223574788895
9.89409990823e-08
0.0234926923322
0.00173043470363
1.19033689939e-12
5.84069278926e-10
4.78989124568e-06
0.0373929805808
0.000295174362408
6.46562223934e-08
1.18788530364e-06
0.0124587241551
1.35681994252e-14
4.86773222805e-05
3.7990388635e-10
1.34206363081e-16
1.07345023445e-16
5.30976946672e-12
0.000195613332724
0.00194658585199
0.00119980144122
0.0124096971247
0.0130409659366
3.61359195655e-22
0.00011493877198
0.000456627126354
6.47142763746e-12
8.16831384239e-11
0.000853817573086
3.29214747577e-06
0.000719198215723
2.89095697278e-12
4.92096163751e-17
1.76263777963e-07
2.84734150289e-09
3.31839678441e-06
0.00828837313031
5.08213995452e-07
0.00228605788484
1.71022038309e-07
1.60696172121e-05
1.6441633043e-06
4.40143947471e-08
2.67194708082e-05
0.00270675261941
0.000526242204294
3.07127379856e-05
1.00899067163e-06
1.11883497526e-10
0.003994133727
1.49119038806e-06
0.00518259257345
8.06212045082e-05
4.62380965863e-07
1.86073347707e-09
1.57894550053e-08
1.32045710844e-19
1.45463321227e-14
6.00141742593e-06
3.68099182683e-08
0.012687694262
0.0138478112388
7.98164701133e-08
0.00330199738957
0.00816182033506
0.0019432110827
0.0010240288789
9.36168014229e-07
0.00116989610863
3.41038203064e-05
4.53834302835e-08
1.17041942036e-05
5.32870538237e-10
0.00466193586888
7.71752065348e-06
0.00150600012683
1.71246344263e-05
8.94430559731e-05
0.000118077997654
9.56301616459e-07
0.00132031092214
0.00220332931829
2.66487979811e-10
1.91190602506e-16
0.000292002100012
0.00229701289934
2.42823202899e-05
8.30678491282e-07
2.3275948723e-08
1.3775393417e-07
8.05057046985e-07
2.87769197805e-14
0.00431204335046
3.65192018955e-08
2.95907876267e-12
1.93469971981e-11
6.73664504339e-08
5.45577525784e-14
1.71823713616e-05
0.00733089451574
0.000768568726693
0.000753984760314
5.62350213729e-13
1.5441493376e-09
0.00113251034975
2.92343770628e-05
0.000553563549012
0.000262016917827
0.000146969985963
1.21140411778e-09
0.000303555651864
0.0100031195102
6.63453935418e-07
4.42451101546e-21
0.00464204555873
0.00112064289667
0.00666879049856
6.03705360767e-14
6.99580716175e-08
0.0106196163969
8.02147702197e-06
2.40766258793e-08
1.69348623758e-15
1.19896275007e-06
8.99122806739e-05
8.66481348834e-07
4.81011181446e-06
9.82250230198e-06
0.000278512674543
3.08388400549e-06
0.000984857804433
3.17368969431e-07
9.61445565688e-05
6.05898253732e-07
0.000288630260912
2.27579952481e-07
0.00191318606317
0.00394388752147
0.001756689897
0.000206730743815
6.30897863042e-06
1.51022505274e-16
0.000440338719732
6.06925994296e-06
0.00285071895068
0.000840080154481
0.000176824411935
0.000436199938266
8.22284238764e-09
2.26938048965e-06
5.47890478755e-11
0.00214007385284
2.46971889466e-09
1.47067773721e-11
0.00100172538198
0.00152219191963
0.00119009528647
4.00542618681e-07
4.08390678379e-05
5.25606007149e-05
3.16620511776e-06
0.000110562991067
1.83488912316e-09
4.70770237008e-12
0.0293633566758
0.00087726513428
0.000126664724523
1.47486221634e-21
2.33194034519e-06
7.25094483371e-05
9.6172314184e-08
0.00152478865925
1.49904991074e-05
0.000895303345602
3.05014099707e-11
1.42625401384e-21
0.00270932647867
1.43443667468e-11
9.56192820805e-06
2.3134796432e-05
0.000200365103886
3.41984718647e-11
0.000179025845242
0.000226264696664
2.08739557471e-08
0.00017894922045
5.77564317968e-09
3.3742880356e-11
0.000133211734787
2.07640323966e-10
0.00333817390437
2.736457509e-06
6.42691029357e-16
0.000673750462356
1.07650526599e-05
4.43243251969e-17
0.00045158784657
3.06216014248e-06
2.90252026359e-05
3.42950407089e-05
6.48537712366e-17
3.92888729333e-06
1.01651075622e-05
4.05863411848e-08
0.00279080137861
0.00163940647686
2.3640780844e-05
1.7057446801e-12
0.00364570745552
1.56419020623e-06
1.40265324356e-07
0.000112860242982
1.34656643649e-07
0.000414522625123
0.000335632542674
7.97489883938e-10
1.68332381469e-14
0.0058719367744
0.00499979255415
4.35221108163e-17
2.54079186486e-06
3.42923676203e-15
1.45213399769e-16
5.56420814026e-09
2.76176308973e-05
8.81597312807e-19
7.66943192042e-08
1.28550713988e-07
2.70911987833e-15
7.03550917634e-09
1.00817443762e-05
7.36953916418e-05
1.18149283584e-06
1.48851731111e-06
1.95241390618e-07
5.41851324047e-05
0.000375890070661
0.0007947708061
2.53417253895e-17
0.000349604328063
2.2321517265e-07
2.0070665069e-15
0.000184263162116
5.75704149185e-05
3.1202491861e-05
3.96959558631e-07
0.000758315231019
0.00077789164052
7.08964854219e-12
1.69929157403e-07
8.8824749054e-13
4.68234952598e-08
0.00306326029858
4.72043571478e-05
0.000885907818189
5.76283371271e-14
9.67066151063e-07
0.000661345468388
0.000529312437438
3.33069686825e-06
9.70230543051e-08
4.78688595168e-07
1.92989185492e-07
1.26939879229e-09
5.60036945333e-08
3.12095327079e-14
3.35863713201e-07
7.4489991968e-06
0.000181521477836
0.00368216360558
0.000659806612378
2.5796185794e-12
1.13750776379e-10
0.000846533599792
1.06115143282e-10
0.000759902114457
6.07870537141e-05
0.000268745076829
2.39485381305e-06
1.68912174939e-05
1.83412218133e-06
0.000495598653281
4.20428520067e-13
9.82002089513e-13
2.36232229028e-05
9.4536142599e-06
0.00345068695224
1.9243957538e-05
3.04771662933e-11
0.00406796012884
1.77697616891e-05
3.83544317871e-09
6.18845881911e-12
8.71294686658e-11
3.58875531795e-09
0.0032661684154
5.00425398268e-05
0.000302607032335
4.02290824447e-15
5.0424322996e-05
0.000162126888473
0.000522126843443
0.000214172526548
0.000540520714181
2.0328080565e-08
2.50157325072e-07
0.000524993375924
5.11495430963e-10
1.00081884168e-05
3.10615851378e-06
1.93816806983e-08
0.000136501666156
2.3311201156e-05
6.62454581121e-05
6.43133687978e-09
7.76414632011e-11
0.000505959956174
0.00508200920095
0.000273997066337
2.91510719895e-08
5.51125086463e-07
0.000268761192242
1.47109657536e-09
8.213023826e-07
4.81140540649e-07
1.51802345679e-09
0.00160349804509
0.00492019671861
0.00767071608108
3.94400650935e-06
4.17929100501e-10
7.01978410056e-09
7.02222284158e-23
0.000220268058256
1.47373198877e-06
1.60522033495e-05
2.72575423128e-12
0.00386278140047
0.00195011945912
2.7664122582e-05
0.00205783572014
7.35574204963e-08
2.2318339454e-06
2.24473862882e-08
1.89704655321e-06
3.01226376835e-07
0.00137981767771
5.44024894213e-19
1.75174013426e-14
5.74535035685e-13
6.60567180179e-08
4.97596143381e-10
5.67215249855e-07
3.0214883069e-09
1.37206087424e-05
4.26547579692e-05
2.41452577702e-06
2.02422289771e-05
1.06582387653e-07
0.00159346445161
3.04799102772e-05
7.27037214042e-13
6.01312968917e-10
4.05980014286e-16
0.00105539254127
5.95598859996e-06
0.000470196329662
1.97269812362e-08
1.13549576943e-08
6.08495674003e-10
3.87119216462e-05
5.74538549617e-10
1.34664347412e-06
0.000464747349095
4.9880288485e-22
1.33790961625e-05
1.09985856602e-05
1.09588092687e-08
0.000223596884005
4.63518141735e-05
1.0258430754e-10
3.70544152968e-06
6.9091665677e-05
9.17085810568e-08
1.45576975907e-06
1.50682616915e-13
6.44785736262e-13
0.000224957527449
1.25768010187e-05
2.90451694021e-07
5.05867631106e-09
7.73706340737e-05
0.000101161677354
6.15927291527e-09
5.13751614958e-08
1.61149431483e-06
6.14724345143e-05
1.23486663599e-06
1.42011814674e-11
1.13417965838e-06
8.34939222634e-20
5.62673548336e-07
1.4004281556e-39
4.38478703391e-08
0.00477152706905
8.06126685182e-05
6.2433559856e-07
0.000199400114892
3.58070901062e-08
4.07235729476e-14
4.55736321068e-05
0.00092607541889
0.000141560899434
1.96291280674e-06
1.82742315023e-17
8.77056303286e-08
3.76779659e-10
0.000181265520898
2.77464275341e-08
9.06507117185e-22
2.768028431e-07
6.89797533865e-10
0.000327561754265
1.70157864246e-08
2.86984976247e-10
7.84216753885e-09
0.00568440204026
3.64951928709e-05
3.64896217484e-08
0.000202419424823
2.88409557423e-08
4.17157122502e-07
2.59529366678e-05
0.000167765236682
4.13715819769e-05
0.000160149169643
0.00162974277642
2.02887654861e-05
4.47462648614e-07
0.00118861086047
4.01110803866e-10
0.00309844262059
5.52375849952e-05
0.00691592921847
0.000784353264004
2.31325685806e-05
0.000207824756909
0.00555280505735
3.77394227422e-37
5.38489190187e-14
4.13033471827e-16
1.04166081815e-10
0.000140678343564
9.94626155941e-07
1.4711471222e-06
1.96810115536e-08
0.000582630067017
2.4376013941e-07
3.07176317381e-09
7.13123332252e-05
2.19149109972e-13
5.1144789918e-05
0.000709334806369
4.75920449858e-09
1.16420662605e-15
5.39193772963e-07
5.06379198979e-07
0.000290459655117
0.000618867466798
4.94029918022e-06
0.000246214951461
4.54869386153e-09
0.00206148748422
4.24262852609e-07
1.22536761253e-06
0.0004941364299
3.3850934373e-20
0.000128629758375
0.00267287291756
0.000524326871438
3.1236448902e-06
2.25107480126e-06
5.63130213666e-06
0.00249450050829
0.00106204898317
0.00018544001645
4.13716177844e-05
3.12335665622e-09
4.00563338601e-13
1.0476882785e-21
4.01033027147e-14
8.26994383073e-06
2.12088774351e-14
1.87793203702e-07
8.98085059395e-14
1.34660236875e-10
7.85116176028e-05
4.62139344308e-06
0.000555386487604
3.19278466601e-15
1.65642571472e-11
1.07638511493e-12
1.0454827339e-05
2.32835809239e-05
7.97835435205e-05
0.000938982436027
0.000171230667434
1.55463468463e-10
0.00023542372891
4.81367851512e-06
0.000290360343296
0.0159218214884
1.05433924158e-16
0.00302075604359
5.34207031556e-06
4.5868980045e-05
0.00138991535112
0.00188887816183
7.95163798186e-05
1.15982193814e-07
0.00261574237934
1.07989719031e-07
0.00151336524453
1.49138446421e-05
1.03873838416e-12
6.61245420095e-15
1.73207336987e-05
0.000104583158406
3.85768978632e-08
6.7838625842e-07
0.000434376653155
0.00179426010777
5.90797765043e-07
6.05417649089e-11
7.43080684234e-06
1.00462720009e-05
0.00141389702086
0.00146388024016
6.07613613086e-07
2.71051872185e-06
2.03679086483e-06
0.000911420387436
1.72211223648e-11
1.76831825129e-06
6.76585378878e-16
1.64819951681e-08
0.00742033628795
0.000146631342884
1.78363772513e-05
1.38780856746e-07
3.79154081636e-07
0.000874651955387
0.00101567912365
0.000699323013347
2.89098141293e-10
4.50784939773e-11
4.07400031828e-06
4.99076213322e-07
2.68365299766e-06
9.30729504457e-06
3.38263429674e-23
8.79833732859e-10
0.00100722285512
4.54251840191e-05
0.00126900751024
1.90758733528e-08
1.52063902596e-05
5.30083578814e-06
0.000459671261575
1.28191552948e-10
7.31012357399e-11
4.88842939178e-05
4.92448861991e-13
5.8070507267e-05
9.73671219325e-08
0.00150027103234
6.06588409402e-10
1.17364834216e-11
5.77509079185e-05
3.95836645607e-06
4.34357099117e-07
2.1365222131e-05
2.74844457372e-05
0.000526443494306
6.43227622236e-06
0.000859161078203
1.25278718056e-17
4.44602655307e-11
0.00100020039
9.20272970995e-08
1.07027177509e-05
0.00423808551637
3.99416419596e-05
2.97377914247e-08
4.95772752049e-07
8.18332162456e-05
1.04683271821e-05
2.01843010931e-11
0.000102709683297
6.48774751841e-08
5.12118154749e-05
2.39309230457e-14
7.89848265565e-06
0.000105383725451
5.70621707065e-06
0.000613701506774
1.31406510118e-10
3.94627843447e-14
8.85715279816e-08
1.04379209194e-07
8.7108725753e-10
4.12560689262e-06
0.0002417727484
3.32060089033e-11
5.63610812063e-06
0.00429327167662
3.12007622982e-10
2.41290731829e-13
2.96616654603e-08
1.90306148615e-07
0.000206936964185
1.42256189977e-08
0.00122580867176
1.17913030038e-14
1.79007400247e-05
1.78611664887e-08
0.000280522940603
6.36058705808e-15
5.04771431038e-09
3.82532846342e-06
5.42508989438e-09
5.46556897472e-07
0.000737396428578
1.4077031168e-13
4.87535846942e-05
2.10074237657e-11
2.18403568214e-08
4.88350419438e-09
4.694544939e-09
1.15435488592e-07
4.39825276005e-05
1.00008063632e-11
0.00211315172203
2.85482081762e-08
3.06394603239e-06
0.00142335687686
0.000354111222755
0.000539175600469
0.000211392744362
0.0010423588608
3.09195632532e-11
6.88751738993e-06
3.89890407036e-06
1.46004898317e-06
8.30723303569e-05
1.04576273478e-06
8.24190023039e-06
2.81689621429e-05
1.6408945286e-11
4.89730329002e-07
0.00373700681971
4.36732675016e-11
0.000368070681943
1.16419566042e-33
2.82431288822e-13
1.07191534832e-12
4.44449928298e-07
0.00184949826039
4.6216355368e-06
4.43698159684e-05
5.04427030236e-06
3.889303801e-06
8.1561328205e-07
2.73351074465e-09
7.8968519317e-12
1.47129928408e-05
9.31528806357e-06
0.000228417993496
2.61391957718e-13
4.62823179265e-05
0.000128737464328
1.25623574052e-05
0.00161270056737
1.27097937689e-10
4.75020108667e-05
9.84142532577e-11
3.55762447232e-06
6.82608759546e-17
1.97274264156e-05
3.16417278013e-05
5.52913771127e-10
7.68321872303e-14
0.000236117216195
3.90068159436e-05
1.78526386437e-06
2.10640614124e-05
6.52127882599e-15
0.000136331284184
0.000364777018931
2.18950069621e-06
0.000688789707679
0.000210940181983
8.41992096925e-11
9.84822925151e-08
1.26317117266e-07
9.58772843057e-09
1.89490309504e-07
2.3522070735e-12
2.96795942813e-11
4.74074059083e-09
0.00172619838521
0.00138438864695
1.57845532506e-06
3.32441558911e-07
3.13033347175e-08
5.96726815373e-05
1.38596876015e-05
8.6624314723e-05
0.00047008544898
2.08358257506e-05
4.87264133167e-13
9.87790431551e-07
6.90124624443e-10
0.00023227795369
2.09368031237e-05
0.000713266055322
2.92365150789e-10
2.95161056492e-05
0.000214816902859
6.82965436857e-05
9.13312395085e-06
2.19361353333e-06
1.19773094316e-09
9.2857292606e-07
0.000292232647486
0.000680455390433
7.69315219057e-05
0.000467564862192
7.37704406091e-08
0.00280560320295
0.000172831107989
3.10717356717e-11
1.54195263491e-05
3.13757678426e-07
0.00192303709713
1.11085591913e-05
0.00225610395335
0.000116570955029
0.00146468230867
9.27311719738e-06
0.00251518867818
0.000156158216956
7.16161483052e-12
0.00110811100689
3.85203228761e-06
3.89102383839e-09
1.16159262559e-08
3.09545917169e-15
8.00035818183e-06
1.90082233079e-12
0.00031769821887
1.15071199865e-07
9.80291551438e-06
4.5660659766e-05
3.12898875141e-09
1.03878980468e-07
1.99556610413e-06
0.000206882189759
4.05945196256e-06
3.53595672988e-05
5.27387798077e-06
0.000359367664488
5.34940644531e-09
1.44461754402e-08
0.00140202613689
0.00274442451429
5.10650540997e-12
8.08706846985e-09
3.71696819156e-08
2.30522582259e-05
1.77846463537e-05
3.14723225126e-12
1.24461235604e-05
4.57264418467e-07
2.34650362224e-05
1.22759988445e-34
3.28051515129e-11
5.46284873614e-05
8.69823177812e-24
1.16095799345e-05
0.00214050414227
2.30135545271e-05
9.24860266172e-06
3.12048911244e-07
1.42046809064e-07
2.43236234587e-13
2.53082016913e-09
8.72316315802e-07
0.00164130790742
7.46510529536e-18
1.31791274091e-05
0.000227978074319
9.52558948616e-14
0.00077115069333
0.000137820543858
7.56735411604e-09
0.000925436969791
2.49214628088e-05
0.0011782445363
0.000565054856563
1.40055097862e-06
1.40567691143e-15
5.16631744787e-05
1.82817819154e-06
4.48081198771e-10
8.76514541478e-10
3.97733936963e-06
1.63585984846e-17
5.69982578217e-10
0.000675027041326
0.000208801852564
5.33789840254e-10
1.33013474941e-11
1.90618311245e-06
2.23723674776e-08
1.28044284378e-05
9.08428263516e-08
2.18464203326e-11
3.41974714113e-07
4.0342620004e-14
3.88701797075e-06
3.70692025504e-09
1.06157344654e-05
4.51735252858e-13
9.47926530418e-09
2.76796282265e-06
2.04147304325e-06
2.22563276513e-05
1.37343482619e-14
3.55287661599e-13
2.28603178318e-07
2.1301745615e-18
2.30229164167e-11
0.0006538163689
7.9934293066e-08
1.51950700043e-07
4.65219608555e-06
1.52230496262e-12
0.000737957883156
2.34803073416e-07
0.000481827667109
1.22410135516e-11
0.000459897444066
6.50809763486e-15
9.15409966e-05
7.37581726727e-10
5.96943981656e-06
8.450667524e-06
3.7053184023e-06
4.77363422646e-05
7.02184938351e-06
8.20496086128e-10
9.3463008289e-15
6.59300833923e-15
1.82461054639e-11
2.51853313871e-13
2.68950189209e-05
0.000153286078882
1.76408198034e-05
9.30152661953e-06
5.35665512924e-14
6.25598593698e-08
0.00189189481543
0.000993678370397
3.805136732e-05
6.16249153488e-05
5.20235373752e-10
1.46366094249e-08
3.38336444517e-18
0.000279018898309
7.94556427044e-05
2.24226424676e-09
3.65697505024e-07
2.41436595147e-06
0.00188649719535
2.03441283422e-05
8.61917296458e-08
2.23228205823e-13
6.23218776329e-06
1.28344309955e-10
2.96309480509e-05
7.30022702789e-07
1.633160152e-06
0.00227250675151
2.51953407557e-05
9.62855639909e-09
5.82280032735e-05
2.04788803789e-05
0.000310630032079
0.000562862017983
1.45365984879e-05
1.48852257588e-14
4.42209524271e-08
0.00164946144335
3.64458365157e-05
7.31607141016e-06
1.93992063092e-06
0.00254247979386
4.50117579579e-12
0.000138834681327
6.00623831932e-12
5.02556379608e-08
2.52941097519e-05
6.59321055893e-06
7.8111154471e-13
3.09209901865e-08
4.99482106129e-06
3.5688709606e-11
5.36751205657e-06
1.71682699369e-09
0.000381181456663
