I: (state)
	(67) 1.0
F: (state)
	(0) 0.0246491993507
	(1) 8.94664602309e-05
	(3) 0.325380430021
	(4) 0.430924398712
	(5) 0.0506967297097
	(6) 0.12281398676
	(7) 0.0784966328118
	(10) 0.0667509089014
	(11) 0.00585395802477
	(13) 0.654789766519
	(17) 0.467717283443
	(19) 0.271968284269
	(21) 0.232319129421
	(22) 0.212139981508
	(23) 0.450746209078
	(24) 0.135198300621
	(25) 0.148576459163
	(26) 0.00350681427623
	(27) 0.0330713263353
	(30) 0.132385512456
	(31) 0.358766333568
	(32) 0.0336708686679
	(35) 0.61705123058
	(40) 0.0283738802765
	(41) 0.504443149558
	(43) 0.0828707995711
	(44) 0.148800111683
	(45) 0.135622595867
	(47) 0.0427810840543
	(48) 0.0486336124585
	(50) 0.901895693143
	(52) 0.0561321159805
	(53) 0.159922006161
	(55) 0.416481993977
	(57) 0.628434383558
	(59) 0.0680091884597
	(63) 0.0590561259379
	(66) 0.020833948152
	(67) 0.0542666190197
	(69) 0.153158955538
	(70) 0.00256577860413
	(72) 0.0603435686386
S: (state,symbol) 
	(0,0) 0.163744387046
	(0,3) 0.197250456413
	(0,5) 0.639005156541
	(1,0) 0.502015949094
	(1,2) 0.157837064948
	(1,3) 0.0346735497414
	(1,4) 0.305473436216
	(2,1) 1.0
	(3,3) 1.0
	(4,2) 0.418372357481
	(4,4) 0.581627642519
	(5,1) 0.130862829945
	(5,2) 0.506599416674
	(5,4) 0.362537753381
	(6,0) 0.784011739816
	(6,1) 0.00340073784219
	(6,4) 0.158514339722
	(6,5) 0.0540731826197
	(7,0) 0.48165994499
	(7,1) 0.0342628725745
	(7,2) 0.243057309973
	(7,3) 0.21806852603
	(7,4) 0.0229513464318
	(8,1) 0.994820782805
	(8,2) 0.0051792171948
	(9,2) 0.166830729441
	(9,4) 0.379675341828
	(9,5) 0.453493928731
	(10,0) 0.0676594612241
	(10,1) 0.12660656345
	(10,2) 0.370727991488
	(10,3) 0.10608787665
	(10,4) 0.0922560159028
	(10,5) 0.236662091286
	(11,0) 0.119056939261
	(11,2) 0.181296905257
	(11,3) 0.381230100257
	(11,4) 0.1095468807
	(11,5) 0.208869174524
	(12,3) 1.0
	(13,1) 0.252747147946
	(13,2) 0.0208871376075
	(13,3) 0.726365714447
	(14,0) 0.248292600092
	(14,3) 0.0764910787728
	(14,4) 0.675216321135
	(15,1) 0.0913464336417
	(15,2) 0.0351356988725
	(15,3) 0.518198262268
	(15,5) 0.355319605218
	(16,1) 0.626935807822
	(16,2) 0.373064192178
	(17,2) 0.147421728617
	(17,4) 0.852578271383
	(18,0) 0.383037183651
	(18,1) 0.333888402701
	(18,2) 0.181113878816
	(18,4) 0.101960534832
	(19,0) 0.0285235345646
	(19,3) 0.319092425067
	(19,4) 0.408225973159
	(19,5) 0.244158067209
	(20,1) 0.211297914768
	(20,3) 0.788702085232
	(21,3) 0.095542046438
	(21,4) 0.904457953562
	(22,1) 0.816242700537
	(22,4) 0.121573333867
	(22,5) 0.0621839655957
	(23,0) 0.606178401029
	(23,3) 0.245665443944
	(23,5) 0.148156155027
	(24,1) 0.0763810189235
	(24,2) 0.237206504735
	(24,4) 0.141352009253
	(24,5) 0.545060467088
	(25,2) 0.490904713226
	(25,4) 0.509095286774
	(26,1) 0.185921429703
	(26,2) 0.490918741616
	(26,3) 0.0288148933229
	(26,5) 0.294344935359
	(27,0) 0.0615667835294
	(27,1) 0.104045252383
	(27,2) 0.210532952606
	(27,3) 0.14375475445
	(27,5) 0.480100257032
	(28,1) 0.35192915307
	(28,3) 0.317241439932
	(28,5) 0.330829406998
	(29,1) 0.315529812217
	(29,2) 0.0376557922261
	(29,4) 0.353168738206
	(29,5) 0.293645657351
	(30,3) 1.0
	(31,4) 1.0
	(32,0) 0.381670987925
	(32,1) 0.618329012075
	(33,0) 0.110356953386
	(33,1) 0.040763993203
	(33,2) 0.368879400862
	(33,3) 0.0676169734655
	(33,4) 0.135488205269
	(33,5) 0.276894473814
	(34,0) 0.137285807672
	(34,2) 0.493361565357
	(34,3) 0.369352626971
	(35,0) 0.0609631411017
	(35,4) 0.939036858898
	(36,3) 0.983088072335
	(36,4) 0.0169119276651
	(37,0) 0.0286729749526
	(37,1) 0.431099814097
	(37,2) 0.153054279659
	(37,3) 0.0393628785279
	(37,4) 0.298965999033
	(37,5) 0.0488440537307
	(38,0) 0.118875573344
	(38,1) 0.230023972201
	(38,2) 0.460102576956
	(38,3) 0.107130500605
	(38,4) 0.0838673768941
	(39,0) 0.139625624612
	(39,1) 0.0328326497374
	(39,2) 0.198212106305
	(39,4) 0.629329619345
	(40,1) 0.123296504073
	(40,2) 0.0709592741217
	(40,3) 0.193654291442
	(40,4) 0.305570900028
	(40,5) 0.306519030335
	(41,2) 1.0
	(42,0) 0.0502774892431
	(42,1) 0.0714013007509
	(42,2) 0.0602353298777
	(42,3) 0.441365326911
	(42,4) 0.139242321566
	(42,5) 0.237478231651
	(43,0) 0.597360380653
	(43,2) 0.0714723333641
	(43,3) 0.331167285983
	(44,1) 0.0283715148021
	(44,3) 0.242608558082
	(44,4) 0.510591640106
	(44,5) 0.21842828701
	(45,0) 0.442252462724
	(45,1) 0.0746989109675
	(45,2) 0.391076066069
	(45,4) 0.0536915580245
	(45,5) 0.0382810022142
	(46,0) 0.429972901156
	(46,3) 0.0226929609058
	(46,4) 0.547334137939
	(47,0) 0.11155096261
	(47,1) 0.145309698027
	(47,2) 0.368815111577
	(47,3) 0.0311316999837
	(47,4) 0.0372093524372
	(47,5) 0.305983175366
	(48,0) 0.776539213392
	(48,2) 0.122210252581
	(48,4) 0.101250534027
	(49,0) 0.707748104567
	(49,2) 0.132414430778
	(49,5) 0.159837464655
	(50,5) 1.0
	(51,1) 0.551836866592
	(51,3) 0.267950521094
	(51,5) 0.180212612315
	(52,0) 0.21958480354
	(52,1) 0.0957137154483
	(52,2) 0.14667363709
	(52,4) 0.332806565265
	(52,5) 0.205221278656
	(53,0) 0.0434868325042
	(53,1) 0.0732618835893
	(53,2) 0.224422352584
	(53,3) 0.216301536996
	(53,4) 0.415380734195
	(53,5) 0.0271466601316
	(54,1) 0.0381727828209
	(54,2) 0.2275490181
	(54,3) 0.451661700352
	(54,4) 0.239326410852
	(54,5) 0.0432900878756
	(55,0) 0.299329127901
	(55,1) 0.120593160725
	(55,2) 0.117377809779
	(55,3) 0.35616334961
	(55,5) 0.106536551985
	(56,2) 0.178482847375
	(56,4) 0.821517152625
	(57,0) 0.261057926548
	(57,1) 0.738942073452
	(58,2) 0.965375665595
	(58,5) 0.034624334405
	(59,0) 0.196346762476
	(59,1) 0.477298962539
	(59,2) 0.023699412978
	(59,3) 0.259732714225
	(59,4) 0.0363192307369
	(59,5) 0.00660291704523
	(60,3) 0.434832035791
	(60,4) 0.5585180725
	(60,5) 0.00664989170955
	(61,1) 0.448910533882
	(61,3) 0.138415732046
	(61,4) 0.412673734072
	(62,0) 0.225782393071
	(62,3) 0.139503380252
	(62,4) 0.131421959631
	(62,5) 0.503292267046
	(63,0) 0.0686614206935
	(63,1) 0.0393715386277
	(63,2) 0.00743370237744
	(63,3) 0.497050967866
	(63,4) 0.359233655586
	(63,5) 0.02824871485
	(64,0) 0.708628292697
	(64,1) 0.183271746637
	(64,2) 0.108099960666
	(65,0) 0.147645410152
	(65,1) 0.0193812232615
	(65,2) 0.330698583914
	(65,3) 0.257204849082
	(65,4) 0.141277984245
	(65,5) 0.103791949345
	(66,0) 0.0667029095181
	(66,1) 0.0667115110561
	(66,2) 0.146687610565
	(66,3) 0.0816625862801
	(66,4) 0.342370114424
	(66,5) 0.295865268157
	(67,1) 0.115738423852
	(67,2) 0.420332975166
	(67,3) 0.188071113857
	(67,4) 0.135860171937
	(67,5) 0.139997315189
	(68,1) 0.20714021668
	(68,2) 0.359761729999
	(68,3) 0.00754686212967
	(68,4) 0.36975547983
	(68,5) 0.0557957113601
	(69,0) 0.516591619497
	(69,1) 0.293867115867
	(69,2) 0.0721705528302
	(69,4) 0.00918254145829
	(69,5) 0.108188170347
	(70,0) 0.0714202525271
	(70,2) 0.928579747473
	(71,0) 0.227197689346
	(71,1) 0.610743764938
	(71,2) 0.162058545716
	(72,0) 0.0363380484215
	(72,1) 0.555367807335
	(72,4) 0.199525852831
	(72,5) 0.208768291412
T: (state,symbol,state) 
	(0,0,65) 1.0
	(0,3,20) 1.0
	(0,5,8) 1.0
	(1,0,34) 1.0
	(1,2,16) 1.0
	(1,3,23) 1.0
	(1,4,24) 1.0
	(2,1,4) 1.0
	(3,3,69) 1.0
	(4,2,4) 1.0
	(4,4,61) 1.0
	(5,1,28) 1.0
	(5,2,54) 1.0
	(5,4,45) 1.0
	(6,0,51) 1.0
	(6,1,71) 1.0
	(6,4,24) 1.0
	(6,5,44) 1.0
	(7,0,59) 1.0
	(7,1,46) 1.0
	(7,2,49) 1.0
	(7,3,40) 1.0
	(7,4,14) 1.0
	(8,1,57) 1.0
	(8,2,50) 1.0
	(9,2,35) 1.0
	(9,4,25) 1.0
	(9,5,50) 1.0
	(10,0,20) 1.0
	(10,1,72) 1.0
	(10,2,24) 1.0
	(10,3,71) 1.0
	(10,4,14) 1.0
	(10,5,31) 1.0
	(11,0,55) 1.0
	(11,2,65) 1.0
	(11,3,39) 1.0
	(11,4,47) 1.0
	(11,5,0) 1.0
	(12,3,26) 1.0
	(13,1,17) 1.0
	(13,2,0) 1.0
	(13,3,16) 1.0
	(14,0,38) 1.0
	(14,3,25) 1.0
	(14,4,49) 1.0
	(15,1,36) 1.0
	(15,2,17) 1.0
	(15,3,23) 1.0
	(15,5,36) 1.0
	(16,1,28) 1.0
	(16,2,54) 1.0
	(17,2,70) 1.0
	(17,4,33) 1.0
	(18,0,50) 1.0
	(18,1,54) 1.0
	(18,2,70) 1.0
	(18,4,48) 1.0
	(19,0,57) 1.0
	(19,3,21) 1.0
	(19,4,0) 1.0
	(19,5,12) 1.0
	(20,1,41) 1.0
	(20,3,67) 1.0
	(21,3,58) 1.0
	(21,4,16) 1.0
	(22,1,58) 1.0
	(22,4,6) 1.0
	(22,5,26) 1.0
	(23,0,61) 1.0
	(23,3,17) 1.0
	(23,5,30) 1.0
	(24,1,3) 1.0
	(24,2,0) 1.0
	(24,4,70) 1.0
	(24,5,62) 1.0
	(25,2,35) 1.0
	(25,4,43) 1.0
	(26,1,48) 1.0
	(26,2,22) 1.0
	(26,3,60) 1.0
	(26,5,34) 1.0
	(27,0,31) 1.0
	(27,1,59) 1.0
	(27,2,23) 1.0
	(27,3,67) 1.0
	(27,5,43) 1.0
	(28,1,12) 1.0
	(28,3,59) 1.0
	(28,5,1) 1.0
	(29,1,61) 1.0
	(29,2,59) 1.0
	(29,4,5) 1.0
	(29,5,18) 1.0
	(30,3,49) 1.0
	(31,4,65) 1.0
	(32,0,60) 1.0
	(32,1,12) 1.0
	(33,0,13) 1.0
	(33,1,49) 1.0
	(33,2,54) 1.0
	(33,3,13) 1.0
	(33,4,9) 1.0
	(33,5,11) 1.0
	(34,0,2) 1.0
	(34,2,5) 1.0
	(34,3,33) 1.0
	(35,0,59) 1.0
	(35,4,10) 1.0
	(36,3,22) 1.0
	(36,4,41) 1.0
	(37,0,51) 1.0
	(37,1,58) 1.0
	(37,2,59) 1.0
	(37,3,6) 1.0
	(37,4,69) 1.0
	(37,5,72) 1.0
	(38,0,63) 1.0
	(38,1,69) 1.0
	(38,2,27) 1.0
	(38,3,21) 1.0
	(38,4,40) 1.0
	(39,0,0) 1.0
	(39,1,2) 1.0
	(39,2,21) 1.0
	(39,4,38) 1.0
	(40,1,12) 1.0
	(40,2,11) 1.0
	(40,3,49) 1.0
	(40,4,64) 1.0
	(40,5,20) 1.0
	(41,2,33) 1.0
	(42,0,44) 1.0
	(42,1,19) 1.0
	(42,2,41) 1.0
	(42,3,36) 1.0
	(42,4,36) 1.0
	(42,5,49) 1.0
	(43,0,2) 1.0
	(43,2,33) 1.0
	(43,3,55) 1.0
	(44,1,23) 1.0
	(44,3,15) 1.0
	(44,4,14) 1.0
	(44,5,52) 1.0
	(45,0,54) 1.0
	(45,1,47) 1.0
	(45,2,56) 1.0
	(45,4,60) 1.0
	(45,5,23) 1.0
	(46,0,21) 1.0
	(46,3,7) 1.0
	(46,4,33) 1.0
	(47,0,7) 1.0
	(47,1,34) 1.0
	(47,2,44) 1.0
	(47,3,51) 1.0
	(47,4,39) 1.0
	(47,5,41) 1.0
	(48,0,31) 1.0
	(48,2,49) 1.0
	(48,4,44) 1.0
	(49,0,14) 1.0
	(49,2,43) 1.0
	(49,5,29) 1.0
	(50,5,52) 1.0
	(51,1,12) 1.0
	(51,3,15) 1.0
	(51,5,28) 1.0
	(52,0,21) 1.0
	(52,1,2) 1.0
	(52,2,23) 1.0
	(52,4,62) 1.0
	(52,5,24) 1.0
	(53,0,65) 1.0
	(53,1,3) 1.0
	(53,2,31) 1.0
	(53,3,14) 1.0
	(53,4,16) 1.0
	(53,5,71) 1.0
	(54,1,1) 1.0
	(54,2,21) 1.0
	(54,3,34) 1.0
	(54,4,43) 1.0
	(54,5,8) 1.0
	(55,0,14) 1.0
	(55,1,56) 1.0
	(55,2,21) 1.0
	(55,3,6) 1.0
	(55,5,46) 1.0
	(56,2,13) 1.0
	(56,4,55) 1.0
	(57,0,44) 1.0
	(57,1,19) 1.0
	(58,2,7) 1.0
	(58,5,40) 1.0
	(59,0,4) 1.0
	(59,1,19) 1.0
	(59,2,62) 1.0
	(59,3,48) 1.0
	(59,4,68) 1.0
	(59,5,68) 1.0
	(60,3,17) 1.0
	(60,4,40) 1.0
	(60,5,24) 1.0
	(61,1,64) 1.0
	(61,3,10) 1.0
	(61,4,49) 1.0
	(62,0,38) 1.0
	(62,3,42) 1.0
	(62,4,24) 1.0
	(62,5,43) 1.0
	(63,0,32) 1.0
	(63,1,31) 1.0
	(63,2,13) 1.0
	(63,3,56) 1.0
	(63,4,13) 1.0
	(63,5,14) 1.0
	(64,0,1) 1.0
	(64,1,13) 1.0
	(64,2,41) 1.0
	(65,0,59) 1.0
	(65,1,1) 1.0
	(65,2,32) 1.0
	(65,3,5) 1.0
	(65,4,0) 1.0
	(65,5,13) 1.0
	(66,0,71) 1.0
	(66,1,4) 1.0
	(66,2,13) 1.0
	(66,3,53) 1.0
	(66,4,55) 1.0
	(66,5,32) 1.0
	(67,1,29) 1.0
	(67,2,37) 1.0
	(67,3,26) 1.0
	(67,4,28) 1.0
	(67,5,46) 1.0
	(68,1,23) 1.0
	(68,2,32) 1.0
	(68,3,53) 1.0
	(68,4,32) 1.0
	(68,5,37) 1.0
	(69,0,19) 1.0
	(69,1,38) 1.0
	(69,2,67) 1.0
	(69,4,42) 1.0
	(69,5,24) 1.0
	(70,0,22) 1.0
	(70,2,17) 1.0
	(71,0,7) 1.0
	(71,1,33) 1.0
	(71,2,63) 1.0
	(72,0,54) 1.0
	(72,1,22) 1.0
	(72,4,24) 1.0
	(72,5,71) 1.0
