1000
0.022279338808
3.69634999692e-30
7.81224729801e-12
2.05858412316e-10
5.37439276534e-05
5.26444795178e-07
0.00218317206445
1.63199312178e-56
0.00396016676138
1.0385432282e-10
6.89613281355e-06
7.3092408958e-05
1.82572082192e-27
1.04121128354e-17
2.18091374867e-07
0.00775822958303
0.000210738676027
1.025136728e-08
2.72003090448e-32
1.65045601019e-05
0.000124405225135
5.95054785449e-08
0.000424208806306
0.00723824231041
4.88204807106e-13
7.89220807677e-14
6.45124665352e-06
1.55748522367e-05
3.26296375212e-21
4.37297696839e-10
1.4937457674e-06
2.51337890827e-05
1.82433045768e-10
4.60848079714e-09
0.140764242664
6.76997465115e-10
6.25976103042e-08
0.000209815946453
0.000895089139718
2.42804770054e-08
1.0987009551e-07
0.000123680078669
2.99522892841e-09
4.29137995501e-12
6.1644301646e-05
3.19201020689e-12
2.43824279651e-05
0.000393128249244
7.47961796557e-21
7.83371734461e-06
4.94482876233e-10
2.40789179901e-23
4.20213831969e-05
0.0166415516472
1.2035857031e-07
1.47912567291e-13
6.69118128097e-18
0.00123611500012
2.48173040143e-30
0.0598006242503
3.64526079062e-19
7.81502808279e-55
0.00268581811986
0.00104149094192
0.000278039336322
1.39642233804e-09
0.00489649799877
3.00946568006e-05
2.10184142858e-23
7.23473063563e-09
0.113354378152
5.17262846871e-16
5.09405204704e-36
1.38645145004e-05
2.04654350056e-10
0.00465874254526
2.33005178155e-19
3.93049837006e-27
3.09958131326e-17
0.000400859644973
1.0026843824e-06
6.99047278482e-08
1.1747041172e-06
4.66149807213e-09
4.87083709733e-09
1.60289677521e-32
1.8854859346e-08
2.71492661053e-09
1.06181971064e-05
8.58802980178e-06
1.82492569072e-15
0.00102844213753
2.98625506897e-15
7.02393843833e-05
1.74021962842e-05
0.00184204103058
0.0202067480835
5.05759220879e-07
4.70320096101e-16
2.21568084345e-08
1.44059322957e-06
7.59073415275e-05
1.39066895247e-24
1.1216178239e-07
2.13266258981e-34
1.61528875459e-10
0.0736700440205
5.70068664226e-08
5.25470033219e-26
2.10538222984e-05
7.42820421759e-09
9.30670422508e-16
7.32329483031e-11
2.03059519464e-30
3.15707753292e-14
2.1090409851e-12
7.32170339107e-13
1.98457614667e-09
6.01542137759e-06
8.75561078404e-27
1.08385247743e-09
5.13044124098e-14
5.03242636273e-17
4.77858872247e-40
0.000891903589669
1.06501613872e-16
3.84176885354e-17
8.23279711801e-09
7.87507296685e-40
3.62795900883e-07
1.00033309087e-07
1.74722983033e-20
1.49771690116e-06
2.5029821359e-08
4.88708774212e-08
3.80834103621e-07
1.27325454989e-15
9.86001526505e-05
0.0218252855098
0.00268986903536
3.06306502316e-09
6.36983857207e-26
1.04023642074e-18
0.0131784212936
9.30384741643e-07
0.00315904178236
0.000125524508356
7.72373292184e-14
6.72652139082e-07
3.55657470422e-20
4.82644676485e-20
0.00151550295141
3.0357389361e-39
5.92365150309e-13
1.04195964597e-12
0.000127880552952
2.99190080837e-17
2.48437353379e-06
0.00829735476904
1.12875150404e-28
4.19208728541e-14
0.00026627459794
9.17891473732e-05
5.94806400356e-14
1.85890808818e-17
4.18322768287e-10
4.42354499665e-06
1.08676340192e-13
3.78745643901e-11
1.26721544775e-05
1.08515867605e-16
6.10019825795e-38
1.24923560521e-23
0.000131858257331
0.0326385490214
1.4712012596e-05
8.47679849805e-06
6.85964843392e-06
6.59607846788e-10
2.87245445805e-08
2.83348300734e-11
5.56996267312e-16
1.36901388595e-17
0.000228342013884
3.57632611915e-33
6.8586931862e-11
3.2653898087e-18
8.67790825086e-24
2.38852673193e-05
1.21106219382e-15
0.0212304964266
1.3892184688e-25
6.38501674568e-09
1.50845238847e-11
1.44815631986e-29
3.68557239496e-38
0.0302987063958
0.00279834152666
0.00747159938148
8.97174033683e-06
1.25640756099e-14
1.40282448521e-14
0.00847611586062
1.70559491419e-22
3.95354165958e-16
0.001778871186
0.00168398212753
1.94253445107e-05
9.01412756087e-35
1.33837360037e-05
2.80902845656e-09
8.40994286424e-09
3.60365070175e-15
9.17448530578e-05
6.38744794333e-15
1.69372703343e-11
5.28052154478e-14
1.80188276781e-05
8.27481311489e-16
1.85125089667e-14
1.83749903349e-10
0.00582102196538
3.43665259659e-26
0.000124054413829
4.99083890906e-08
1.3052033436e-10
5.8348011407e-12
2.24918552514e-65
2.67624891664e-05
1.59017187982e-13
3.90924130334e-21
6.89237488838e-10
1.21391700807e-10
8.75211416136e-07
2.38590540659e-12
0.00019880011841
1.27551555599e-15
4.48608834899e-10
1.13390011214e-23
2.03746516202e-22
5.4807989192e-05
6.00601743045e-07
3.37821268677e-10
7.12692712387e-15
4.59988313144e-06
0.00172329555504
3.20111769209e-24
1.00839164903e-05
1.81410873597e-20
7.99117582137e-27
6.00186000607e-25
4.89497497505e-16
0.000103694554933
6.84071514457e-24
0.000390881668217
3.69922975289e-11
1.30159581475e-14
6.37611003784e-06
4.06493299244e-18
2.90371491079e-13
1.86411228935e-05
5.43363836533e-08
3.89245044341e-24
1.77493352196e-06
9.55089293158e-10
0.00162946834901
0.000238523547895
1.07507130627e-12
7.98931504113e-23
4.26722023193e-15
3.1876243297e-15
4.70653509113e-45
2.37022168265e-07
0.000917931865751
7.32925968784e-13
2.50346105328e-10
5.2806413713e-18
0.000923917116036
0.00111269671527
1.16562400703e-05
0.000109050714441
5.04115659371e-19
0.0013889142335
6.18208294149e-06
0.0349972566547
0.000176562704789
1.51601811559e-14
1.61807517507e-05
8.81738874877e-33
0.000145927990955
4.74591220169e-23
8.08036153772e-12
6.72597207758e-08
5.55080317271e-18
6.52261883307e-12
1.11743548178e-06
0.0054622480651
0.00323873019316
2.85011019782e-14
4.83240318159e-05
9.83347749188e-06
1.16978018195e-06
0.00302341310976
0.00075967976589
1.48824567191e-26
1.00755551058e-07
0.00139971924344
0.00336094699089
0.00142319690932
1.15940722413e-17
9.29191365424e-30
1.11873688062e-09
0.000152225879094
0.000563136268066
0.000658640081861
5.02986220219e-05
3.82025573486e-16
1.23616417515e-38
8.20522566705e-21
8.52555810153e-64
4.2420478063e-15
7.42644534045e-12
3.66473621832e-06
6.57919429972e-14
0.0502923654233
8.27881814892e-10
1.13498694401e-06
3.07511051321e-37
8.29977510087e-06
9.55638798462e-19
7.48434403457e-35
6.81836901814e-43
5.7335668915e-06
1.19198074393e-05
5.35452186092e-08
3.09525391984e-10
0.000211505466364
6.36955389671e-05
1.96170878287e-06
6.83036413521e-08
2.13175877267e-14
0.000152768798848
3.12454639128e-05
8.77990347886e-06
0.000225657732188
0.00202651419369
0.000223499292514
5.73581114193e-33
1.45355838515e-05
1.8787394589e-13
5.84323884233e-12
8.43468142582e-69
0.00539252652661
2.98899858403e-46
4.24777053882e-12
4.27703470618e-06
3.40589171192e-24
6.69810751586e-15
1.26012944171e-18
1.92940824579e-31
1.54912324752e-28
0.00242576458587
2.10019239887e-08
1.96245363441e-18
4.16260600705e-25
0.000119804065613
0.00147910085443
0.00410659143435
0.00519529793068
0.00155077783634
1.59732495352e-06
3.13063677236e-12
1.30767533495e-13
7.91355402487e-10
0.00655935617433
2.50630441924e-17
4.80896039516e-10
3.48169411763e-15
1.55144892716e-17
1.63968896134e-10
0.00439294184778
4.95790633153e-31
1.84782714541e-06
1.57314044334e-24
5.77478820972e-21
5.09326738311e-13
4.70957123579e-09
0.00114875592303
0.000915202683854
1.41968452013e-21
1.98043097688e-05
1.12534153537e-12
1.95025659574e-50
4.92476104866e-09
4.20960263359e-10
0.000449192247134
0.0024067390447
1.95533673454e-09
7.43063107995e-05
1.74963877847e-10
3.56277568503e-09
4.88644034209e-27
4.58023513558e-09
1.43999543181e-08
2.24189782354e-07
3.9796455055e-09
4.22750243149e-14
3.03204769519e-14
6.41468561144e-28
0.00113627283714
5.32226654397e-28
1.78151357079e-09
2.93977974629e-12
1.15425480029e-06
0.000656062250843
0.00205309006113
5.54149018306e-09
1.29234442668e-07
1.18582942556e-23
2.13280911983e-07
3.80158719142e-09
0.00113511227881
9.35091076558e-17
1.28371182615e-10
8.793622662e-06
1.35882344188e-06
7.17192984239e-06
6.1964069719e-08
6.55160856477e-06
5.71030867874e-06
1.51441961306e-07
1.51916864022e-12
1.3470082036e-15
7.96612813147e-17
2.8971603185e-13
5.14123881883e-08
2.83003071831e-09
7.1415685313e-19
0.000178687101308
7.74694086661e-07
0.01674990605
5.34487359378e-09
5.57929058937e-10
0.000305262578195
2.12782020355e-27
0.000932539668078
1.86078705825e-14
6.58846415259e-09
8.26192008158e-05
5.42621881072e-20
2.09443821215e-14
0.00437008691193
4.90767451415e-09
1.80625530475e-07
6.11066431302e-12
3.6370038666e-22
0.000131140612289
0.000264368505023
1.52056660116e-09
0.00761094795098
2.00972277125e-15
1.4798518825e-11
1.73085564807e-08
0.00027913800493
1.76400946454e-07
4.67600528292e-14
0.0143838540015
2.15505588683e-16
1.33335832963e-14
5.84729514018e-05
2.09933342523e-07
3.04858154249e-09
2.4458810883e-20
3.08120218892e-05
1.11874106566e-08
1.04432389812e-06
0.000354751877955
6.0625688668e-05
5.29381018137e-20
4.37080132508e-31
2.19787299147e-07
6.01660867298e-06
0.00109876071591
0.001866990028
2.66951980402e-20
1.72894801718e-05
1.13730897796e-06
0.000185627613824
0.000291775211064
4.94608101814e-25
0.00169063748156
0.00617963041453
3.92300259905e-08
1.50040002931e-11
3.03113096559e-23
2.48849794122e-18
0.00032274599372
2.53488319778e-19
2.55717778153e-10
5.68413422761e-33
2.70203921257e-09
2.53925048061e-22
3.18227896066e-08
4.98686324855e-07
6.65870992848e-19
1.34546682086e-12
5.6880834985e-17
5.10196811692e-15
9.25256570044e-31
3.69266996192e-07
2.24912840308e-12
4.65996861052e-26
4.76138048626e-17
3.12243773428e-12
6.83799275241e-05
4.8509524015e-20
2.01799826875e-07
6.13538276906e-09
6.52699238978e-13
0.00437730772209
7.4203628822e-07
1.07591303281e-08
0.00184348004972
0.000286202879912
5.92122945825e-06
1.25219512253e-05
2.51460409279e-38
4.41971545785e-12
1.77822201069e-06
3.40464134977e-12
1.61430254934e-06
1.40947543126e-06
3.24342079974e-15
8.6598134333e-09
2.02392679548e-09
3.17652657373e-12
5.40584567719e-06
4.41106538794e-06
0.00240554233171
3.11613415609e-18
3.57655407643e-18
3.90856090357e-08
6.42196558602e-13
6.48206588775e-05
2.48267579826e-16
6.81582473427e-18
4.48633646578e-05
2.8996345024e-13
7.42357337511e-08
2.63938460535e-11
1.65011963653e-08
7.88544888605e-16
1.46239759032e-23
0.000365845227831
1.11077092093e-09
1.02513183835e-12
5.42231359895e-05
0.00078853896234
9.21052987868e-08
2.06796427952e-06
5.23225317511e-19
0.00949290717378
8.32740432074e-05
1.08608581884e-10
1.04478004817e-05
7.78994970969e-05
1.99697193564e-07
1.59683899215e-07
1.27949945274e-05
0.000106419087613
9.57715463979e-10
1.08476757926e-06
1.97158467105e-06
4.24216207446e-07
1.16977091012e-08
7.22722059901e-27
2.2989140062e-05
2.34399800275e-13
1.33517370607e-17
1.05676697518e-06
3.04031687004e-12
5.69606547427e-18
1.37339954626e-11
8.70883416988e-14
5.70983203549e-06
6.33522740005e-15
8.40422777711e-05
0.0123302301783
0.00334239126117
2.26705883946e-17
0.000432351024585
1.81864859332e-14
9.17898418814e-05
4.65799367966e-10
3.23639382244e-12
1.38513227275e-05
3.5595622017e-07
1.41776987875e-20
1.67568241319e-37
6.08435168287e-16
2.19350296497e-16
2.83384514284e-25
1.12175901989e-05
0.00520510231595
0.00204272934345
0.00127058829341
4.0283549266e-17
1.47970971725e-10
4.58438196065e-06
1.68697342933e-09
7.29459209563e-11
2.18620823448e-06
4.29392835303e-29
3.96231818704e-14
1.83085344306e-08
5.21130238391e-08
6.23708224836e-22
7.90871842591e-07
4.28967057531e-06
5.63456287238e-15
6.23849679299e-09
0.00119617772215
0.00177932404119
6.49258286068e-10
1.01868175522e-55
6.82788494535e-09
8.20132791515e-10
2.04051398827e-24
1.96782262289e-42
3.15049663606e-19
0.000906469102292
1.1370969744e-31
3.40210024916e-05
1.3033049533e-06
3.20729304329e-27
1.70848920844e-05
0.000116058902843
0.00291658778917
3.55595254098e-23
4.24612684455e-05
3.29412506103e-19
2.39002955514e-10
3.51377909102e-17
2.20949129825e-09
1.06243101104e-05
0.00538207102262
1.45459415098e-08
4.36650768184e-21
6.69077638812e-16
0.000626587751383
0.000530702178044
1.4965402746e-06
1.40798618737e-27
3.04525798219e-11
0.000500266991221
9.97821025794e-22
1.80934601669e-10
7.96077599016e-08
3.78784359496e-05
6.67894956549e-06
4.02197444601e-09
1.98552705422e-07
3.26561521357e-10
2.54882883232e-06
1.06165487943e-14
1.6214665401e-09
1.10552806661e-10
2.39238636617e-19
1.73887894728e-07
6.15490297771e-06
2.9678518354e-22
5.44775990486e-21
1.37458936788e-07
4.4497698699e-11
2.56671469527e-11
7.77868164536e-20
4.88940728449e-24
0.000125796176337
9.31481767109e-05
0.000146961160625
1.4257381915e-14
1.52489661828e-17
9.48261887961e-06
2.37606927311e-07
3.88460914717e-09
0.000231140973665
0.000121624969174
2.84912715373e-32
4.43999528725e-18
1.49695721059e-16
2.53502175044e-08
1.01209280138e-13
5.73032128323e-07
2.23455664538e-06
1.07456702665e-14
5.75841321245e-05
1.39881493816e-09
1.4786463237e-17
1.81341341809e-06
1.87410209359e-07
0.000363494933579
5.49830254129e-28
1.49960895755e-05
1.68239450135e-15
5.74805902329e-41
3.40718784407e-27
2.56879511612e-08
5.56297525321e-10
1.66381901877e-18
1.14900031059e-19
7.36462916954e-07
3.10941869956e-17
6.24524523807e-08
4.95530047692e-29
5.1913694137e-15
0.000144561096162
2.70991470958e-13
1.42933720456e-10
7.91572841603e-06
4.57117081489e-06
3.46776256919e-05
4.03383522744e-27
0.000438055694172
1.07651040972e-05
9.63492410919e-50
1.43836993983e-10
6.73237319735e-13
8.83867290418e-10
6.20201297199e-06
1.85047742992e-17
2.13322011136e-28
7.45715356003e-09
2.69495949601e-08
4.73013399833e-10
9.16351362938e-11
9.53105316819e-11
2.0354756845e-10
4.43061684824e-22
0.00111812371294
2.77659693667e-25
1.6419874711e-36
1.72444772322e-13
1.9164808248e-12
0.000783162369079
3.35365394874e-05
3.69634384235e-09
5.69677619492e-11
2.78601849167e-19
6.85136488247e-12
1.93350427999e-05
1.56817162958e-16
5.53302628927e-29
0.00309986203937
1.4641492412e-11
2.91838635182e-19
5.72316369926e-05
8.18680769075e-10
3.02708115475e-09
0.00226740077638
0.000667984297381
0.000493371184617
2.68765295134e-07
2.88241183368e-12
3.56626746363e-13
5.25572027815e-27
9.05037029124e-41
2.32215792187e-25
6.56987359321e-06
1.18998763175e-25
0.000353209854258
9.87413697462e-15
0.00219968084671
2.71833840012e-06
1.83682176802e-45
1.64693223125e-07
7.412964518e-12
0.00110705896671
3.74105498906e-07
1.3905388328e-21
3.96302283111e-05
6.40937791987e-20
2.93194226852e-16
6.67332840712e-05
6.47942199761e-25
4.61453719212e-10
5.23613046366e-05
1.28364574312e-11
4.19039343877e-11
0.00100238619142
1.88046085422e-08
9.43465710621e-36
0.00114814424601
9.52880785135e-11
8.92907881047e-08
9.67710476921e-09
4.01029169318e-14
2.6545272106e-12
2.92854652869e-12
7.53463013163e-06
5.09350611472e-08
0.00215132548612
6.69254044035e-06
1.14240202915e-35
2.15643394719e-05
4.02944532656e-06
2.75691360593e-11
0.0027306350071
0.0210718933929
1.55261391027e-06
0.00180941872795
3.66318849731e-15
3.27209256184e-07
1.36188071808e-14
4.27407102407e-06
3.05219778558e-06
2.1190598022e-16
2.69983470633e-07
0.000587246763178
9.1804016241e-05
6.87294112567e-14
0.000642660673821
2.76386608008e-06
6.21824832642e-38
1.33709237035e-05
1.0882613874e-13
1.55264481374e-20
8.11473237846e-12
6.95039826834e-09
8.82843569107e-21
5.67711627208e-21
3.86001644197e-05
7.90135752348e-12
8.24063821533e-11
2.65943868777e-19
3.26410139848e-25
0.000290574728825
3.21176573545e-16
0.000194847318621
0.000232133909813
1.86425743443e-20
4.01653617906e-17
7.05094419371e-11
4.45386640489e-08
1.8420933762e-30
7.41558250896e-11
6.35962473128e-05
3.20432758202e-13
2.18551434644e-18
8.88306587599e-22
0.000955252875833
2.28352064333e-26
0.000242370062223
3.36540953052e-11
0.00148365817001
0.00392291970797
2.99112397459e-15
3.0645867338e-23
1.50973063694e-33
5.81133736763e-25
7.23383450681e-06
4.60427277281e-36
0.000128723570229
1.19219218297e-16
0.008167893117
5.15979368992e-10
1.31397402923e-06
1.37762936158e-05
1.13161935602e-17
1.06650345758e-05
2.78413444722e-07
4.58182616549e-33
3.38829124765e-09
5.52420228594e-14
3.5400900883e-24
6.45765951887e-08
3.55455367155e-37
2.78687265922e-07
2.10421505171e-05
1.61173069469e-10
8.1751415214e-11
3.51543168515e-10
6.70372865495e-15
0.00404928203952
1.07381993442e-17
4.28159121559e-14
5.50187019539e-05
1.15532402691e-10
1.28959842514e-18
4.73363990992e-39
4.11906482153e-19
1.17974968182e-10
3.42938215452e-13
7.01976484098e-06
2.0493583087e-11
9.4617385198e-06
5.76252961588e-07
8.10379162941e-15
3.7225076608e-23
0.000775629521777
4.95674785993e-10
1.02131025777e-15
2.95464884733e-06
3.91553727023e-08
9.66408578677e-15
5.8521525648e-06
5.46461133362e-05
1.03536144985e-15
9.42317688186e-09
4.03121774012e-15
0.00131597456403
3.22358988485e-17
2.43488853452e-08
1.48632395684e-08
7.23111281945e-05
3.29144885811e-19
7.05250858369e-06
1.61118980062e-23
1.28965674585e-11
2.32098727101e-06
3.03794335185e-05
5.94671714538e-30
1.40529399111e-11
1.57934474341e-12
3.59943007023e-06
5.27553207874e-30
9.47168632586e-11
1.89139215047e-06
2.14793730856e-11
2.59871555173e-14
2.72467845318e-13
7.6338425505e-09
7.30015055619e-17
8.53712638501e-12
4.29156053248e-11
2.25675243216e-14
2.53676885911e-08
2.28323618507e-25
1.50752291568e-30
2.5437365176e-07
0.000414918649004
2.02726834319e-10
0.000145434814582
2.80193448832e-05
1.11296711381e-08
3.48290051392e-06
2.66932125769e-11
0.00100214790345
1.57372031343e-07
2.83593435077e-17
0.000591666827215
2.72265760638e-05
1.63868853433e-05
2.11026007168e-05
2.35665579688e-11
1.36316869273e-47
2.81873690743e-07
1.2167322577e-05
3.26485757815e-09
2.35664460951e-16
1.47978262271e-24
1.59694480549e-22
1.33975114111e-19
1.10163846234e-06
7.12218995787e-17
9.01602262369e-08
3.73561686288e-53
7.58495111813e-15
1.0566626662e-09
3.77388634128e-08
3.8318738532e-07
4.71650036181e-17
1.72361363923e-05
8.50053248098e-05
2.08931208624e-09
4.39088885568e-15
1.66092301619e-08
9.20136863228e-14
1.9579552776e-07
1.74146262681e-26
5.1045436629e-11
7.48000911136e-07
9.13029164708e-16
1.4347077094e-10
1.92058131264e-14
7.75705917505e-08
2.88584553113e-05
6.31703300181e-11
7.64411187986e-06
4.68326909961e-05
1.2210218479e-21
7.39506186786e-09
0.000343672073623
3.98080300225e-13
3.77666395562e-42
6.47498541569e-10
1.65705899234e-09
1.55319768046e-15
1.13545084309e-14
1.34471865041e-25
9.63657090197e-25
