I: (state)
	(1) 1.0
F: (state)
	(1) 0.0266941167629
	(2) 0.0588711241656
	(3) 0.0150740314317
	(4) 0.163290358821
	(9) 0.112208875293
	(10) 0.319438046634
	(11) 0.091437009469
	(14) 0.262490594763
	(15) 0.0599158865973
	(16) 0.18408041157
	(17) 0.0528053923081
	(18) 0.195352222806
S: (state,symbol) 
	(0,1) 0.0338732011296
	(0,2) 0.0888066538135
	(0,3) 0.0205304885229
	(0,4) 0.107215474371
	(0,5) 0.0660560067601
	(0,6) 0.0654954881491
	(0,7) 0.236045314546
	(0,10) 0.000826706254038
	(0,11) 0.020620510706
	(0,14) 0.00142309047361
	(0,15) 0.354959491553
	(0,16) 0.004147573721
	(1,0) 0.014717821599
	(1,2) 0.0476043672034
	(1,3) 0.00216210663748
	(1,5) 0.0110618768042
	(1,6) 0.100327552131
	(1,7) 0.302661631089
	(1,8) 0.101900040014
	(1,10) 0.0167058230663
	(1,11) 0.113806186654
	(1,12) 0.0645618449125
	(1,13) 0.0192600054583
	(1,14) 0.205230744432
	(2,0) 0.064858039122
	(2,1) 0.0159075506962
	(2,2) 0.217534160751
	(2,3) 0.286876440031
	(2,4) 0.0171855839197
	(2,5) 0.00628358013243
	(2,6) 0.0147651479741
	(2,7) 0.0133390558427
	(2,8) 0.00772244927182
	(2,9) 0.0176278267528
	(2,10) 0.04447559913
	(2,11) 0.0585837400237
	(2,12) 0.00228675872386
	(2,13) 0.0359291288254
	(2,14) 0.0297220861052
	(2,15) 0.0800053874132
	(2,16) 0.0868974652853
	(3,0) 0.0523627685683
	(3,1) 0.013834259683
	(3,2) 0.00778652855852
	(3,4) 0.043670989284
	(3,5) 0.0450623048096
	(3,8) 0.336638082728
	(3,9) 0.213660194855
	(3,10) 0.0115186653095
	(3,11) 0.00793995089754
	(3,12) 0.117361565875
	(3,13) 0.130923177268
	(3,14) 0.0192415121635
	(4,0) 0.00729959956396
	(4,2) 0.185871428093
	(4,3) 0.0423765558229
	(4,4) 0.129407083956
	(4,5) 0.17049095149
	(4,6) 0.103659834939
	(4,8) 0.0469381268192
	(4,10) 0.145786416751
	(4,13) 0.0791258963702
	(4,14) 0.0723944296211
	(4,16) 0.0166496765741
	(5,0) 0.139516413114
	(5,1) 0.0782426170527
	(5,2) 0.099606717695
	(5,3) 0.103174703812
	(5,4) 0.0238479552037
	(5,5) 0.0217944688452
	(5,6) 0.108271805635
	(5,7) 0.00613454143719
	(5,8) 0.0301234786191
	(5,11) 0.244407846255
	(5,13) 0.0970008725241
	(5,14) 0.0136781665656
	(5,16) 0.034200413242
	(6,0) 0.014360624632
	(6,1) 0.0157654118774
	(6,3) 0.0171889810829
	(6,4) 0.117748342326
	(6,5) 0.0694479376627
	(6,6) 0.00420397505575
	(6,7) 0.00475026211077
	(6,8) 0.313180518029
	(6,9) 0.11834013097
	(6,10) 0.0678491037815
	(6,11) 0.00529067198538
	(6,13) 0.0278209557726
	(6,14) 0.148778050751
	(6,16) 0.0752750339627
	(7,1) 0.27557567393
	(7,2) 0.132014046469
	(7,5) 0.0245436774823
	(7,6) 0.000748348655371
	(7,7) 0.000860212077957
	(7,10) 0.0759353107645
	(7,11) 0.0413352859893
	(7,12) 0.0374311482489
	(7,13) 0.234257918693
	(7,16) 0.17729837769
	(8,0) 0.142385940167
	(8,1) 0.001513945342
	(8,2) 0.220820054573
	(8,3) 0.134114745335
	(8,5) 0.0706851455945
	(8,9) 0.171380644575
	(8,10) 0.0302252749481
	(8,12) 0.0398775267836
	(8,13) 0.0132768396374
	(8,14) 0.0713690209105
	(8,16) 0.104350862134
	(9,1) 0.0271184494141
	(9,2) 0.195687728933
	(9,7) 0.195051668493
	(9,8) 0.0259121153879
	(9,9) 0.0232798904815
	(9,10) 0.0810885832768
	(9,12) 0.402924904967
	(9,14) 0.048936659047
	(10,0) 0.113466099594
	(10,1) 0.338354720791
	(10,2) 0.0742085541495
	(10,7) 0.0243875007894
	(10,8) 0.0801044304474
	(10,9) 0.0482324268046
	(10,10) 0.146667345808
	(10,11) 0.143462116615
	(10,13) 0.0311168050011
	(11,0) 0.1329835545
	(11,1) 0.0211801058079
	(11,2) 0.226942678788
	(11,3) 0.0805556146312
	(11,5) 0.0480588764492
	(11,6) 0.0143163610437
	(11,7) 0.103208718573
	(11,8) 0.282955633323
	(11,9) 0.0160592247054
	(11,11) 0.00846906680306
	(11,15) 0.060705344477
	(11,16) 0.00456482089961
	(12,0) 0.0316646607552
	(12,1) 0.0126696472927
	(12,2) 0.0943335511967
	(12,3) 0.229445493046
	(12,5) 0.0254519089435
	(12,6) 0.0437479482427
	(12,11) 0.0442483156281
	(12,13) 0.199807767707
	(12,14) 0.00104434943889
	(12,15) 0.047490571375
	(12,16) 0.270095786374
	(13,0) 0.228437894306
	(13,1) 0.217105551144
	(13,2) 0.257632022956
	(13,3) 0.0232309681204
	(13,4) 0.00518851129786
	(13,7) 0.0257912945278
	(13,11) 0.0334845789636
	(13,13) 0.209129178684
	(14,2) 0.145631130265
	(14,3) 0.112774594365
	(14,5) 0.0942049360077
	(14,7) 0.00528916867757
	(14,8) 0.459060056047
	(14,9) 0.11793454721
	(14,13) 0.0618931991476
	(14,16) 0.00321236827934
	(15,1) 0.0331859206721
	(15,2) 0.0193659327858
	(15,4) 0.0615865256208
	(15,5) 0.136641724744
	(15,7) 0.241354577027
	(15,8) 0.0347161337105
	(15,12) 0.009422469535
	(15,13) 0.0954307454854
	(15,14) 0.177695522082
	(15,15) 0.0552721832553
	(15,16) 0.135328265082
	(16,0) 0.0350451241425
	(16,1) 0.139569637692
	(16,2) 0.0620541106133
	(16,4) 0.0280470289061
	(16,5) 0.000875427670464
	(16,6) 0.0380585115593
	(16,7) 0.146932329603
	(16,11) 0.190507053619
	(16,12) 0.0645309145519
	(16,13) 0.090723010231
	(16,14) 0.143030288559
	(16,16) 0.0606265628525
	(17,2) 0.292831375392
	(17,3) 0.150526830522
	(17,5) 0.18818714921
	(17,8) 0.254001824067
	(17,11) 0.114452820809
	(18,0) 0.00752860749379
	(18,1) 0.369919896565
	(18,3) 0.0754596579618
	(18,6) 0.0160822854245
	(18,9) 0.186335250403
	(18,10) 0.0576381402385
	(18,11) 0.06541612032
	(18,13) 0.0874498809232
	(18,14) 0.124245467872
	(18,15) 0.00992469279737
T: (state,symbol,state) 
	(0,1,10) 1.0
	(0,2,6) 1.0
	(0,3,1) 1.0
	(0,4,14) 1.0
	(0,5,16) 1.0
	(0,6,12) 1.0
	(0,7,9) 1.0
	(0,10,9) 1.0
	(0,11,4) 1.0
	(0,14,15) 1.0
	(0,15,5) 1.0
	(0,16,18) 1.0
	(1,0,9) 1.0
	(1,2,2) 1.0
	(1,3,16) 1.0
	(1,5,2) 1.0
	(1,6,8) 1.0
	(1,7,13) 1.0
	(1,8,7) 1.0
	(1,10,18) 1.0
	(1,11,15) 1.0
	(1,12,11) 1.0
	(1,13,1) 1.0
	(1,14,5) 1.0
	(2,0,14) 1.0
	(2,1,3) 1.0
	(2,2,4) 1.0
	(2,3,10) 1.0
	(2,4,15) 1.0
	(2,5,14) 1.0
	(2,6,12) 1.0
	(2,7,15) 1.0
	(2,8,0) 1.0
	(2,9,18) 1.0
	(2,10,7) 1.0
	(2,11,4) 1.0
	(2,12,2) 1.0
	(2,13,14) 1.0
	(2,14,10) 1.0
	(2,15,11) 1.0
	(2,16,2) 1.0
	(3,0,12) 1.0
	(3,1,16) 1.0
	(3,2,9) 1.0
	(3,4,2) 1.0
	(3,5,12) 1.0
	(3,8,8) 1.0
	(3,9,10) 1.0
	(3,10,6) 1.0
	(3,11,0) 1.0
	(3,12,2) 1.0
	(3,13,7) 1.0
	(3,14,12) 1.0
	(4,0,9) 1.0
	(4,2,15) 1.0
	(4,3,8) 1.0
	(4,4,0) 1.0
	(4,5,5) 1.0
	(4,6,9) 1.0
	(4,8,8) 1.0
	(4,10,7) 1.0
	(4,13,9) 1.0
	(4,14,7) 1.0
	(4,16,1) 1.0
	(5,0,1) 1.0
	(5,1,0) 1.0
	(5,2,8) 1.0
	(5,3,18) 1.0
	(5,4,16) 1.0
	(5,5,3) 1.0
	(5,6,18) 1.0
	(5,7,2) 1.0
	(5,8,1) 1.0
	(5,11,18) 1.0
	(5,13,10) 1.0
	(5,14,13) 1.0
	(5,16,17) 1.0
	(6,0,11) 1.0
	(6,1,17) 1.0
	(6,3,15) 1.0
	(6,4,10) 1.0
	(6,5,4) 1.0
	(6,6,9) 1.0
	(6,7,7) 1.0
	(6,8,5) 1.0
	(6,9,1) 1.0
	(6,10,9) 1.0
	(6,11,4) 1.0
	(6,13,4) 1.0
	(6,14,1) 1.0
	(6,16,9) 1.0
	(7,1,11) 1.0
	(7,2,6) 1.0
	(7,5,2) 1.0
	(7,6,14) 1.0
	(7,7,3) 1.0
	(7,10,18) 1.0
	(7,11,9) 1.0
	(7,12,3) 1.0
	(7,13,8) 1.0
	(7,16,2) 1.0
	(8,0,15) 1.0
	(8,1,4) 1.0
	(8,2,13) 1.0
	(8,3,1) 1.0
	(8,5,3) 1.0
	(8,9,2) 1.0
	(8,10,0) 1.0
	(8,12,10) 1.0
	(8,13,1) 1.0
	(8,14,7) 1.0
	(8,16,0) 1.0
	(9,1,15) 1.0
	(9,2,8) 1.0
	(9,7,11) 1.0
	(9,8,9) 1.0
	(9,9,18) 1.0
	(9,10,4) 1.0
	(9,12,12) 1.0
	(9,14,2) 1.0
	(10,0,3) 1.0
	(10,1,11) 1.0
	(10,2,12) 1.0
	(10,7,13) 1.0
	(10,8,10) 1.0
	(10,9,18) 1.0
	(10,10,11) 1.0
	(10,11,11) 1.0
	(10,13,8) 1.0
	(11,0,7) 1.0
	(11,1,6) 1.0
	(11,2,10) 1.0
	(11,3,4) 1.0
	(11,5,5) 1.0
	(11,6,15) 1.0
	(11,7,13) 1.0
	(11,8,18) 1.0
	(11,9,11) 1.0
	(11,11,15) 1.0
	(11,15,8) 1.0
	(11,16,3) 1.0
	(12,0,3) 1.0
	(12,1,14) 1.0
	(12,2,4) 1.0
	(12,3,12) 1.0
	(12,5,12) 1.0
	(12,6,0) 1.0
	(12,11,7) 1.0
	(12,13,1) 1.0
	(12,14,1) 1.0
	(12,15,14) 1.0
	(12,16,14) 1.0
	(13,0,10) 1.0
	(13,1,15) 1.0
	(13,2,16) 1.0
	(13,3,9) 1.0
	(13,4,16) 1.0
	(13,7,6) 1.0
	(13,11,1) 1.0
	(13,13,16) 1.0
	(14,2,5) 1.0
	(14,3,10) 1.0
	(14,5,14) 1.0
	(14,7,0) 1.0
	(14,8,15) 1.0
	(14,9,15) 1.0
	(14,13,10) 1.0
	(14,16,8) 1.0
	(15,1,10) 1.0
	(15,2,2) 1.0
	(15,4,2) 1.0
	(15,5,6) 1.0
	(15,7,7) 1.0
	(15,8,9) 1.0
	(15,12,7) 1.0
	(15,13,8) 1.0
	(15,14,5) 1.0
	(15,15,8) 1.0
	(15,16,7) 1.0
	(16,0,18) 1.0
	(16,1,15) 1.0
	(16,2,4) 1.0
	(16,4,7) 1.0
	(16,5,18) 1.0
	(16,6,0) 1.0
	(16,7,9) 1.0
	(16,11,8) 1.0
	(16,12,17) 1.0
	(16,13,5) 1.0
	(16,14,15) 1.0
	(16,16,6) 1.0
	(17,2,10) 1.0
	(17,3,13) 1.0
	(17,5,2) 1.0
	(17,8,6) 1.0
	(17,11,8) 1.0
	(18,0,16) 1.0
	(18,1,12) 1.0
	(18,3,1) 1.0
	(18,6,4) 1.0
	(18,9,10) 1.0
	(18,10,17) 1.0
	(18,11,13) 1.0
	(18,13,5) 1.0
	(18,14,4) 1.0
	(18,15,7) 1.0
