1000
4.41530137577e-28
1.57703532107e-05
9.51663431545e-08
1.86121754604e-08
3.48423544579e-05
1.69881918575e-10
1.51397361827e-09
0.000642953030526
0.000990664194461
1.2012371171e-06
0.219714384199
0.00685875840173
1.84120656592e-07
1.22794782473e-05
0.0060182007936
0.00746504544401
2.61166603374e-10
0.000419372020814
0.00836817896168
1.77415154022e-14
0.00717388796703
5.97704700423e-06
2.03560406679e-10
7.61201674614e-14
1.61567867308e-05
0.000259807465685
2.48511599881e-11
9.5263006063e-05
2.91193144038e-10
0.00273620122993
1.76153885902e-11
3.86362576192e-05
0.00185096635425
0.00506279287284
2.82909039375e-09
0.000751158347472
8.8178742505e-08
0.000250335801597
3.61040172456e-07
0.00466437084547
0.0214499228002
0.0117121445143
0.00013810284811
3.51685427435e-16
2.14609227114e-08
0.000163298542925
0.098994665023
1.66208615472e-08
5.17938902788e-08
5.83509535151e-08
1.46612882652e-09
0.00389996021733
1.18725798007e-07
0.000602048336325
0.00107113031512
0.000132321856314
2.71526853581e-10
0.0267699162897
9.97188884907e-10
0.000616671396159
0.0853505573697
3.44859500736e-05
1.10686203922e-11
8.61527718767e-08
1.32802224819e-08
7.36314086711e-11
0.0152129228208
0.000432591124089
1.58874225946e-06
0.00605777816336
0.000223917442884
0.00265559253307
1.36447139648e-11
0.00115638238028
0.00312474909787
0.00202986588967
0.0161189910751
0.0445549705495
1.09092138197e-11
4.80929949076e-08
1.58904584734e-12
1.31856463938e-06
7.61862489645e-06
2.67822755925e-07
0.00260340466241
0.00159148627686
2.89647663503e-05
0.000235258746819
2.98415754823e-13
0.00162844432801
0.00061021722173
6.83237977611e-05
2.39805776305e-05
1.81470706626e-05
0.000939646666408
4.9176465051e-05
1.40856972067e-07
2.52550342276e-05
1.57657917574e-05
4.06099936612e-06
5.47088228204e-19
1.05013149233e-07
0.00314858680256
3.45709736458e-07
1.03528074127e-07
1.73469103464e-05
0.00358046263516
1.27106938122e-07
1.30320351506e-09
0.00336496248706
7.64087109522e-06
9.5992633388e-05
1.15458582786e-08
0.000237309921148
3.97520686016e-05
5.24537267562e-06
0.018002225621
4.92991218528e-05
2.59132575003e-05
0.00019915779
5.65825339766e-05
8.67863847581e-06
5.46010901856e-08
0.000314442443294
0.000148158591284
1.42449717269e-06
5.89486444563e-05
3.36212109899e-05
2.06075387721e-07
3.23955264565e-22
2.04462834613e-06
3.83760130617e-08
3.35691130586e-12
0.00118329708
0.00259062163122
0.000707873151123
3.63152109779e-11
5.82205646284e-18
1.7326423174e-09
0.00198274315451
0.00118272015574
1.79012573798e-08
7.50138805075e-07
3.72479293118e-11
2.2671515594e-16
0.00278509905828
2.10933894815e-05
0.000101677657444
3.03582403047e-07
0.00025596475832
1.82053131294e-10
0.00115368433297
8.14233822159e-11
6.60008013287e-07
0.000239022404952
0.0061286117214
0.000354862733429
0.000347745789267
0.000532088695571
0.00321770077549
3.54632017912e-10
0.000355090611122
5.38551871983e-05
2.59440783604e-12
2.13662540396e-14
7.70445261167e-05
3.79235065564e-10
0.00020565365057
6.14932088409e-05
5.33056286168e-09
0.00315642464329
2.46479635249e-07
4.04881364192e-05
0.000126777650768
1.76582445918e-18
2.57531749042e-07
2.19634189393e-13
0.00265089163282
0.000288612602464
9.08706506313e-10
2.32541514734e-07
1.08818060962e-17
2.06191162803e-09
5.250891233e-05
1.26165834854e-07
0.00440675173163
2.3113929885e-05
0.000694935636328
1.74239526222e-05
5.77232347179e-14
2.81646759682e-05
2.42123032811e-10
2.39002385497e-14
0.000124488090855
0.00035185926813
1.07338115685e-05
9.78858415398e-06
3.52927191248e-05
0.00156949910868
2.1879190985e-06
0.000370341561837
2.47289919812e-06
7.28080324272e-09
0.000978185631933
0.000185674385913
0.00137091726848
0.000637538618744
0.00146085813745
8.61279083413e-05
3.29901964277e-08
0.00297760866041
1.33158553025e-13
0.00719643198173
1.19355895767e-09
4.35078201461e-05
7.32698109353e-11
2.2405058304e-07
4.64902761225e-05
2.53674254161e-06
0.00280877639845
0.00139978332178
1.64563230034e-08
0.000124079607734
3.44041367421e-06
1.74099761007e-08
0.00385166528622
1.39239609888e-18
7.86984583399e-06
9.06792395181e-06
1.85893077551e-09
0.00114378221934
2.74837490058e-06
0.00316676064666
0.000871786272629
8.18596556426e-07
3.78513667821e-05
6.5004494917e-08
1.44246824436e-14
3.28501746602e-07
1.04428504952e-05
3.66103217527e-07
0.00567689813923
0.000209380260215
8.02458563971e-22
0.0143793531948
2.17190966741e-07
1.36808733159e-06
1.34829868069e-05
7.67914139822e-13
0.000505586967471
0.000470138178921
2.44466692912e-05
0.000851953917963
2.36584066261e-15
7.09414907847e-05
7.82093934411e-13
3.10347580975e-08
2.60800302264e-05
2.25576004761e-08
0.00172284507825
0.000462609343486
0.00499754026065
0.00203631495033
9.32944536098e-17
9.087075731e-07
0.000107578592736
0.00084540735226
1.83134152356e-11
1.46562401332e-07
1.12275500532e-05
0.000679792863972
5.71042025726e-05
0.000315640345801
8.61197497456e-10
0.000960260174107
1.32516163863e-05
0.0009592794119
0.013571072119
0.000690505139214
1.1407835559e-14
0.000622368356729
1.80174003613e-05
0.00110574240703
0.000304244042792
1.35582568041e-05
1.96402380766e-06
3.83770175324e-14
5.46931402828e-09
0.000127153036915
7.5151692073e-08
1.16153044351e-10
6.77708612878e-09
4.84165799172e-05
5.56774696949e-05
6.66254761364e-16
0.000246282125569
8.78779488861e-10
2.31725794796e-10
6.95368492265e-11
0.00145817709409
3.84280008329e-23
8.77805339231e-05
0.0016534942212
7.26767438677e-05
3.0365549465e-06
6.03197335197e-10
3.11710695989e-05
1.40727641277e-12
8.49157121972e-09
3.43770219592e-06
5.38937105048e-14
1.77636394477e-06
2.18291509477e-16
1.39548876275e-12
6.1571020597e-13
3.04756768277e-23
7.23803759704e-09
8.27754574949e-06
1.16414095627e-05
1.16720120325e-10
0.00127299424971
1.38828804675e-06
8.16755751127e-16
0.000693923528085
5.08042936914e-05
7.06025033885e-05
0.0022757513408
1.10597595938e-10
5.07271765436e-07
1.18875045175e-14
0.000482621192211
0.0114967163227
2.35135834334e-05
0.00101957571471
3.0589428338e-07
2.02230402021e-17
4.80375016378e-06
0.000482139213121
0.00289129736003
1.17475592971e-07
0.00356013500411
2.87723183432e-10
5.86093909367e-08
5.1169223221e-14
1.06419157634e-08
6.79806969299e-06
2.17151225381e-13
0.00210083358656
1.52234424408e-06
7.82303699045e-11
8.14613157021e-15
2.78455694211e-25
2.16287392474e-05
5.01756576645e-19
0.0012917882329
0.000104187902613
0.000746707701237
0.000242393313568
0.000794936116698
6.18908897075e-10
7.8072466301e-06
2.55256701305e-09
0.00242249563389
0.00458857393589
0.000576811457246
6.64439079071e-12
0.000131822309583
3.45299296525e-10
0.0104481143922
0.000615982553332
9.31114976725e-06
1.41813253389e-11
9.09924017954e-07
4.07391744001e-08
0.000733042408772
1.40538187136e-05
2.04786203126e-05
8.92602338331e-06
2.21527287374e-09
1.69276439063e-07
0.000309395829947
3.65482995969e-06
8.58340875659e-21
0.000769138942733
5.98623053828e-06
2.3130506633e-10
3.91988205014e-05
1.19139704525e-05
4.99164175542e-10
9.90679773817e-10
5.99672495157e-05
2.50269409066e-11
0.000161304098993
3.64374917883e-10
1.59396065772e-08
4.84982750899e-10
8.36536713373e-21
0.000443612067191
0.00321563836318
0.000310665511749
4.40920167167e-06
0.00165120129637
0.00121601327757
4.68207705916e-08
2.06791579415e-06
6.28908742959e-08
0.00205157371042
1.46398718803e-11
0.000776803099561
0.000310254333745
3.23328131233e-08
8.79924603017e-07
0.000396135093821
5.37062618504e-14
3.21921589925e-05
0.000106383066163
0.000695412333354
3.60542105897e-10
4.05233015056e-05
7.51774646969e-05
1.61125373608e-05
5.62608662402e-10
1.25135722858e-06
0.00641859768776
3.89919531758e-11
3.0996116567e-05
9.44080790099e-06
1.11764773556e-09
4.40198056008e-05
4.65998054939e-06
7.20714783297e-09
0.00647249425519
0.00011250744935
1.67846179929e-07
1.04181950333e-07
5.89128967148e-06
3.24945241374e-05
1.00153183831e-10
1.29150237824e-06
1.33912959543e-05
0.00135294144413
1.81874528363e-07
0.00373613805328
8.53046075661e-07
0.000152553141382
0.000287129300383
0.000862132217288
0.000353729597354
2.53619424649e-06
1.56870481211e-05
9.83972600887e-06
8.74496250446e-06
1.013821925e-08
0.000790680823693
1.78603215642e-11
2.32100422355e-06
5.24436632766e-06
1.51709113165e-08
0.00049087801548
1.17878391513e-11
2.16733046547e-08
5.32211805873e-05
3.81676516184e-07
3.42320454754e-08
0.00134546183384
4.33784844944e-06
0.001488163577
1.00192286234e-15
1.33115125453e-07
1.88806758683e-05
1.49013039951e-09
3.88915052455e-11
1.59398342214e-07
0.00153690747545
0.00523817758216
5.97078614946e-17
0.000139959666722
2.1416572103e-08
3.65313804681e-06
0.000280865484164
1.56459178866e-17
1.19615325306e-06
9.60583501381e-06
5.31787207254e-05
1.22129772975e-07
3.37016781754e-11
2.46424732775e-05
4.19084255663e-07
1.02544686117e-05
0.0011802896329
2.52813405643e-05
0.000543428975953
5.19019643078e-05
0.000224874055226
0.000426359578602
6.7921855694e-07
1.28299403435e-11
3.57922220553e-05
0.00228833588867
1.78689942289e-05
0.000536338257994
4.73054962256e-09
0.00040382783971
2.05202653711e-11
1.69327129796e-09
1.99729398742e-13
5.32463636218e-08
9.96968582975e-14
3.72617199986e-08
5.01430446163e-11
8.49690317051e-05
5.13739854017e-07
0.000424936699196
4.50678725641e-07
0.000339006639534
7.49186698704e-08
1.6755956249e-05
3.16393780258e-09
1.73718722972e-05
0.000163607201065
3.21754439815e-06
0.0024177616533
4.44599713538e-17
0.000682503310383
2.33607518493e-10
3.36231805443e-05
6.4918209476e-08
1.66047523273e-12
2.19173696196e-09
1.68087426378e-07
1.55301516453e-08
1.84027527134e-05
1.54488089089e-08
4.52310515643e-05
6.71298103707e-06
2.7216692133e-09
2.65855114625e-07
6.49930385676e-09
3.36282698089e-16
4.3451009146e-39
1.22406336569e-07
0.000144347168044
0.000435909251067
1.57479889542e-05
0.000154495796983
2.38959111212e-08
1.68798490474e-10
4.94104193391e-07
1.98587681049e-06
1.61972514248e-06
2.61346271361e-10
5.78768798355e-12
6.25184417024e-05
2.05232559534e-18
9.30925327299e-08
0.00356537668243
4.73568722239e-17
0.00591590071503
8.48577769371e-27
3.2536559059e-05
1.14313722545e-06
3.12780568716e-05
5.99344516011e-18
1.36928133679e-15
0.000263042075155
1.45844845882e-06
4.87564388511e-07
2.64465204673e-07
0.00599725105645
0.000111804330817
0.00142385557585
2.51319512507e-05
0.00128635378435
1.14441883164e-05
1.43847837053e-07
3.36427924121e-05
0.00072690260084
1.22722488289e-25
3.72965820086e-11
9.58936534695e-09
1.08128797924e-05
7.89283746506e-05
5.13211346652e-10
0.00282031943179
5.26481025356e-07
1.29314446436e-11
7.49082281344e-11
1.50828820234e-06
4.7013564971e-07
5.58386387176e-06
0.000337304178489
2.1566846772e-07
2.39736835597e-09
8.35230932638e-13
0.00142700319491
0.000778786376956
0.00140075550669
7.53299117012e-06
0.000122880651351
0.000285351266981
5.44320651289e-30
0.000217791125777
0.00118673413977
1.04861043789e-14
0.000647935477197
3.64522954166e-05
2.61853163151e-05
4.24591534015e-05
1.07383604122e-19
0.000715080700692
3.89293067689e-08
0.00259358052325
0.000702784883324
7.56414993535e-07
4.83554234237e-07
0.00679109306781
4.53019995071e-07
0.000297593584471
6.61732147432e-12
2.1591760003e-07
1.02407300195e-06
1.72684199815e-09
7.96096133358e-10
4.14076204107e-10
0.000149737345511
1.74262055613e-05
9.7233672938e-08
0.000909538273352
0.00177036111057
1.25021790503e-10
9.98277562196e-05
4.62428681161e-07
0.000505248203165
4.52918276638e-05
8.11911974108e-11
5.27262966209e-14
1.94902327646e-08
7.65097075601e-10
0.00228371378819
8.63770058188e-07
0.000570440347569
9.3198485322e-05
4.16682108328e-13
7.99426871121e-17
0.000860651396533
1.04688581116e-06
0.000187660222633
0.000587384268217
0.000815245217419
4.14122868396e-05
4.38566578693e-05
2.03915960055e-07
7.05662107212e-08
0.000318666250325
7.27867888966e-08
0.000362990687838
6.90108112147e-05
1.53625670993e-10
1.60102501351e-06
0.000221385609473
2.60579059903e-05
1.15412244836e-11
1.98652885137e-07
0.00015482648848
1.21333899789e-11
1.6735970105e-09
9.15403858244e-06
1.26215008461e-06
9.83262552262e-11
3.76773425706e-06
0.00318058433994
0.000189984282578
1.00284611786e-09
4.81773079242e-28
4.99263811661e-08
2.88015761288e-07
3.36403175053e-05
1.44800948222e-12
1.31387280654e-05
5.19950341965e-13
0.00146077578988
1.17920708123e-07
1.36389142481e-05
2.23133010501e-07
1.21418232747e-06
1.73669408307e-07
3.65726251383e-05
8.40472576116e-06
1.00877021986e-05
1.21547863176e-08
6.23811887313e-15
0.00580987672157
0.000165305538215
0.000155039172981
6.66879944723e-06
1.75173145881e-06
3.74478184155e-11
1.83343612925e-27
2.30567875391e-06
2.92247334524e-07
0.000582335451752
7.03537827598e-06
0.000173609300703
1.97854790551e-08
0.00287043126398
5.15099467187e-05
1.14192536964e-11
3.6200849593e-05
0.000654169743716
3.00506207729e-07
2.19883814867e-05
4.16375144115e-05
2.25311338092e-05
0.000294523432191
4.75591618412e-08
3.01925173648e-09
2.53903612005e-10
1.42529399147e-11
7.15109434827e-11
0.000484924565995
2.94181448469e-05
0.000505504760335
4.13374643837e-05
5.10389735693e-06
4.04906598262e-06
2.14598244075e-08
1.00039396495e-12
4.17723828809e-08
1.0000941911e-11
0.00132660863556
1.05084894075e-15
0.00125100433489
3.22739908722e-09
1.3868224189e-08
6.5348977537e-05
5.39959968611e-13
2.14401149398e-06
5.82228402329e-17
3.69661325228e-10
6.88686279427e-14
5.66009944693e-10
4.8950849204e-29
0.00204551076701
2.20048715944e-10
1.08471141511e-12
9.43162370924e-13
2.24973834385e-06
2.2978319376e-06
5.71512209627e-07
6.78940128032e-17
7.68625207461e-07
2.98555424465e-05
2.66315100673e-05
2.73327213136e-11
3.20489455355e-05
8.30066277857e-06
1.06987737409e-12
2.04535798659e-08
2.02064514784e-08
1.92575715128e-14
2.20161160559e-05
3.31169926108e-13
7.08650156365e-06
1.97240981199e-21
1.6366006319e-08
3.52201151678e-10
2.88629032742e-06
3.92614736669e-08
3.7452315494e-08
2.05773272071e-06
7.69508855335e-09
2.57231647496e-05
9.34129068049e-14
0.000229685930944
7.79663549605e-05
1.14828673042e-10
0.00126461105065
7.99695616177e-11
3.01275822274e-16
0.00101660941519
2.7428159021e-05
2.49321803652e-09
2.26924523157e-05
9.25377482849e-09
0.000390321068302
6.70367185984e-11
0.000269740506723
1.01557873966e-09
2.44278393753e-11
3.51154747336e-17
1.72081274696e-05
7.64070284457e-06
2.69568410963e-12
6.17849475056e-06
0.000237916858414
2.21030820289e-13
5.21569868771e-05
7.73576449348e-05
4.20749100047e-11
0.00163884255099
0.000643522067456
0.000124373555416
7.47474369259e-09
3.7144665747e-16
6.61037402737e-06
1.51296956385e-08
1.23038773324e-06
4.14061161096e-05
0.000322983619677
5.77112308393e-09
0.00133992102477
9.05859063791e-06
2.96768441328e-07
2.69921075897e-15
5.3957066814e-06
7.49442002208e-06
5.11052681517e-05
1.4784294196e-07
3.54273765344e-07
9.90057900221e-12
6.69732896419e-10
4.39056123688e-17
0.0012553031476
1.63963649114e-24
0.00026042351982
0.00035248420902
0.000155070927852
2.00768620171e-18
1.27763193318e-07
1.89604247699e-06
2.63811319445e-11
0.000755396092355
0.000115465714424
2.11651840113e-06
1.31028452636e-10
1.06852913657e-09
4.26526610483e-07
2.92284617882e-08
7.32721985764e-06
4.56618565001e-25
1.92889970063e-10
0.000252168664154
5.71316640847e-10
0.00216815776293
1.26355853686e-08
8.23234586162e-12
3.29698621169e-05
7.13832587632e-05
0.000826220569126
1.57989284948e-06
1.81051325669e-12
0.000130339917669
4.10346442183e-05
0.000642132101429
4.94569789232e-14
3.1660436417e-07
0.00133006789497
9.88711411644e-19
2.43269649789e-24
2.40155031338e-06
3.18520067672e-06
1.97756897945e-05
6.68333708855e-06
1.62449698627e-09
0.000158695346129
3.66566398963e-07
8.26945882813e-06
6.35177148938e-11
2.67844769015e-15
2.88722740721e-15
5.06388884276e-08
0.000100136895768
0.000224273516704
0.000292682154696
2.38995995688e-05
3.15801200364e-16
0.000323102715606
4.05754358662e-12
8.22344738374e-06
2.16659047645e-15
1.86622970001e-21
1.16960441487e-09
2.36384902527e-31
0.000141579557099
1.75223611564e-07
3.03021153969e-09
4.03329492981e-09
1.46251163002e-12
3.67574829809e-11
6.85778570002e-05
2.19256391518e-06
6.34704330859e-19
0.000676875559792
0.000195913489393
0.000170599876829
0.00078376243304
4.17723857148e-07
3.69133252151e-05
0.00159276822081
4.064589694e-06
2.6669965418e-05
1.72181863014e-06
5.95512578574e-07
0.00163458976542
4.98152967699e-18
2.98070058149e-10
7.95164012187e-06
5.82134320046e-06
5.19670388139e-05
0.000643107448509
3.29421054899e-11
0.000227312477086
5.72021875282e-05
3.44376779633e-06
9.53905000935e-10
0.000617042088818
0.000555691114422
1.38251451094e-05
2.04952901917e-11
0.00104789261922
0.000310917989227
0.0010906483749
1.49031425316e-10
4.56718965298e-09
5.91543199697e-05
0.000116332094986
3.30913780314e-06
9.78832868638e-08
3.06543490552e-06
6.03388951307e-06
0.000415449136159
0.000217295402847
0.000442415422295
1.57514439245e-07
5.96397376422e-07
1.22099413084e-21
1.68919701637e-11
9.04406968983e-06
0.00536441519942
0.000631448550637
0.000111765517019
2.83568003191e-06
0.000218739860171
0.000353402535668
0.000634913726886
0.000213873584703
0.00297160087743
0.00126981017464
1.58850999199e-30
6.3940333674e-10
6.57144466178e-05
8.65793658876e-05
0.00037634065043
1.39339409942e-11
0.00127017589896
9.43695358757e-18
0.000511215940259
9.33824033199e-07
1.49375637228e-08
1.79923065378e-11
2.47136479725e-12
6.74681133492e-25
6.53172223804e-06
1.56663404471e-07
6.95319886692e-11
2.49087128703e-08
3.4157591739e-13
3.67189736982e-08
2.09809515693e-09
1.28273718481e-09
0.00028132311748
3.13162958258e-09
0.00312577247012
0.000152421888285
4.399847611e-05
1.08640209694e-08
3.1909383948e-05
7.76684237883e-05
5.29759330521e-13
6.07444703046e-07
9.80709283761e-12
5.14541345065e-12
1.52961934926e-06
2.33216266184e-05
4.18813549173e-35
0.000711839831748
8.94559731131e-11
1.79596068884e-14
0.00105426077491
2.20505641696e-07
3.06457604447e-08
3.55332548411e-08
0.000562465848738
5.20524520661e-06
7.38106704954e-10
0.000311782940287
6.32429214473e-06
1.21478291308e-06
9.18367540242e-05
4.28991273237e-07
