1000
6.65044753916e-05
0.0723200891436
0.386966584064
0.000471802019322
0.0031905814099
0.0123194065816
5.31873005587e-07
0.0157606200321
0.0735651735352
0.000559814136546
6.2159936635e-06
0.000972599865006
0.011726526245
0.00703082353897
0.0136971239518
0.00729595971226
0.00903103615391
7.92582356519e-05
0.00132999798273
0.000333068520148
0.00988432279514
1.07034685582e-05
0.0679329895178
1.9244133338e-09
1.39515217e-08
0.0156325289318
0.000309417330164
6.876331705e-06
0.0348704489684
2.51345019408e-05
0.00164742011575
0.00212656392171
0.00114551402684
0.000238006154137
5.68995336582e-06
0.00113333421222
1.5630979119e-05
6.13892214741e-05
3.53785579421e-05
0.0159016632485
9.80364955234e-08
0.00199294621752
3.13914123457e-07
0.000758704756633
5.45760555517e-07
0.00320942737377
0.00290544667838
4.88969146321e-06
0.00128568855321
7.32477621981e-06
9.92095106744e-05
6.83922425008e-07
0.000329105773711
0.0011418107937
2.98363651434e-05
5.95294148399e-07
1.13492639051e-07
0.00103178460253
0.000483447247243
6.80572049524e-06
0.00346134822459
1.98306953935e-05
0.000123452311162
7.22787162256e-06
1.95533970596e-07
0.000587999861319
5.43021693755e-22
0.00239773085905
5.79410203652e-06
6.23878846775e-05
1.72155876313e-07
4.01947759038e-07
0.000152832257709
0.000651385526298
0.000476678740976
0.0015253850337
0.00122286226191
0.000327431363381
0.000375766111596
3.91131610545e-09
9.47114577969e-06
0.0037017294684
4.05770514472e-07
5.03223129415e-05
6.48968034732e-05
0.00129840152375
2.74307485259e-06
1.24145364247e-05
1.52472714792e-08
9.75517254777e-10
0.01549387286
3.98156624008e-12
0.0113979366619
8.64506373688e-06
0.000209256667936
0.00233871248828
0.000659125044608
0.00163526495683
8.42346108145e-06
0.00255992334945
7.98240012093e-05
6.28908602814e-11
0.00115396768372
0.000479328743892
0.00143817956213
0.000145172893949
1.97589365646e-05
0.000175360325878
4.59361198033e-05
0.000981148341087
4.29714598324e-06
1.19107150304e-06
0.00248392482296
2.7737625952e-05
3.28525936522e-06
2.19331857504e-17
5.58177324112e-10
0.00094609169764
1.95168973293e-06
1.94930344573e-06
0.00015103891031
5.83666782691e-05
1.45345329922e-06
2.71292585398e-05
5.59658187349e-05
0.000126540160921
4.38653547826e-07
0.000274260407405
0.000511900408564
3.09917247837e-08
0.00130748787843
4.0547239199e-05
2.77241855343e-07
8.08605989619e-05
9.88612576873e-06
8.56725371263e-05
3.56952538651e-06
7.36272175558e-06
0.00229912997559
0.000248257150171
0.000299184850672
1.71499589519e-05
0.00388979077123
4.08114065053e-08
0.00116007498749
0.00426710099064
0.00113308068233
0.00320793640095
2.34452339698e-06
0.00024603721959
4.95931490092e-05
8.06815711949e-05
1.72913323587e-06
0.00197494261213
1.49077776743e-05
1.4841307833e-07
0.000103649837605
3.60597598465e-07
0.000782990140024
0.00111390338682
5.04756394014e-06
0.000159663011146
6.74451157322e-08
1.252899216e-07
0.000909316622853
1.7176061543e-07
1.17392550949e-05
0.00118013640031
4.51339258063e-05
5.59478226795e-05
7.45711773832e-07
3.75310790624e-06
3.68121411651e-08
0.000679657030174
4.04159332748e-11
0.000277812891019
1.81656381792e-08
1.0235565948e-06
7.25396560627e-06
1.39303919412e-06
5.98206898029e-05
0.000113278439659
8.06858889187e-06
0.00219033091865
0.00113728331311
0.00258087731588
6.08505807786e-05
7.05513433531e-05
0.000581669348469
4.33773372685e-06
0.000616612483209
1.60909790493e-07
6.87303469811e-05
8.01356036563e-08
0.000208617046479
1.06802185453e-08
5.01773659241e-11
0.00206810130153
0.00182166682578
8.84053750483e-05
9.37486458336e-05
3.08950764629e-06
0.000738385507413
2.13285139629e-06
2.16691053078e-05
1.73168302272e-14
1.70584920414e-10
0.000501678305441
0.00295192166486
0.000275691632905
2.66054083271e-09
7.29947312124e-05
1.71247044107e-08
0.00157725126344
0.000698464134826
2.17636643044e-05
0.000605771752644
2.71879966009e-05
0.00267659970709
0.000177238297778
1.04171091283e-09
1.6664531942e-05
4.65168987804e-05
0.000691993498006
0.00205623812029
1.46040372819e-06
9.43649941348e-07
0.00376545955553
3.91392846492e-09
1.99072694346e-06
1.22102699132e-06
3.87922411896e-09
0.00104943123275
4.01134281135e-05
0.00102299236156
0.000139075284885
0.00224556016011
0.000485635072093
1.53274694103e-10
1.62777090319e-10
8.31381464239e-07
1.29065323487e-05
2.46662367787e-06
0.000647969408514
0.00221560254239
7.5796334839e-06
0.00022194515753
0.000294878356374
5.30931395598e-06
0.000365931668192
3.70297788848e-07
7.75292630518e-05
1.46324615772e-07
2.8874444993e-06
7.21214693768e-07
1.04485895849e-06
0.00601930281452
6.35201680366e-07
2.23195999979e-07
4.1534471851e-07
1.13457597164e-05
8.94134632762e-07
0.000191192110248
0.00012810363309
0.000326731410409
0.000164146736912
0.000835267814685
0.00507368770404
0.000188918813518
0.00179083526756
0.0005051287417
0.000173793190734
6.12999536478e-07
7.7020009592e-06
3.16590657073e-07
2.69732641237e-09
4.97236545882e-05
1.23924334205e-05
6.44107879575e-10
3.26158437838e-06
9.88248598328e-07
3.16350547939e-06
0.000271714837995
0.000228058749242
0.000797477448277
2.57063829373e-06
4.73283936176e-06
1.08970922176e-09
6.000042729e-07
1.4592327029e-05
7.37506773748e-09
6.92281344401e-06
5.82551485499e-08
8.6797886541e-07
0.000238552388139
8.90479644897e-05
0.000538977759778
0.000370754336222
0.000375042832155
0.00044708517034
2.42896969387e-06
1.34549120954e-08
1.0560133042e-09
0.000364806364858
9.95756655012e-09
1.03981889632e-05
0.00068664268793
5.55409071004e-15
2.43119634967e-09
3.20721637589e-08
0.00115266075473
1.0067703462e-08
2.36043735029e-10
5.66370152648e-06
7.94501153813e-10
0.000240504060263
1.44177332072e-10
0.00170622213882
6.56085570215e-08
0.000839392225068
1.2697444892e-07
0.0002093015983
1.39412101888e-05
1.27546286147e-05
8.73332423411e-06
9.5360995906e-07
0.000300104692373
0.000471216145106
0.000147672234125
0.000749100668652
0.000223589923527
5.70181009642e-08
2.00228761536e-07
1.18775158137e-09
1.04483409336e-07
0.00106156995899
1.79263406296e-07
2.7936882497e-06
4.89349328493e-07
9.5830690952e-12
4.3492247604e-07
0.000484885385454
0.000111820485715
5.24474342645e-07
4.89930981345e-10
0.000582858033834
0.000300910956259
0.00179248686333
5.25383185849e-09
0.000815972408128
3.24328208028e-05
7.10040881309e-09
4.12198775114e-07
0.000945617880565
1.07635103713e-07
4.24653284795e-06
9.6697764441e-05
1.93607719871e-14
0.000680481504157
1.21593254743e-05
9.58679096694e-06
2.5191828846e-06
1.6930709819e-05
9.30786243915e-05
5.49229554544e-10
5.66651198784e-05
0.000135799250828
0.000788792634537
2.62511250143e-06
0.000117321732173
0.00295099906921
1.52302071642e-06
0.000108596904636
7.04070041163e-07
5.71526882072e-12
3.53241146073e-11
1.55885117455e-05
0.000152574114251
5.93373614998e-10
4.00202233232e-05
1.20805138905e-06
0.000133736260712
0.000263402710734
1.79032562359e-07
2.57500244614e-08
5.86075318284e-07
3.37560092961e-08
9.68198905712e-07
0.000811506715861
6.83736080707e-07
1.56286804192e-05
5.59478226795e-05
0.000113925904694
0.00384749149315
1.01260481963e-10
7.41737692837e-06
5.34679537024e-05
7.0879305435e-07
0.000562905222304
4.04315245232e-05
8.83434213248e-08
3.68361631293e-05
9.22890247401e-07
0.000395397858958
1.93428033704e-06
9.54455713299e-05
2.24740325668e-05
2.08307295789e-07
1.60703977665e-08
0.00026611273278
1.53420475945e-11
2.99418050387e-05
7.18273243142e-05
5.64960498779e-05
4.94006051864e-11
0.000226036159493
0.000141643042991
0.000286697804937
0.000206778754887
1.69912221172e-06
4.80535160315e-05
0.00042877955361
1.03897006589e-06
3.00249209415e-06
0.000126331199539
0.000726449878963
0.000393656755478
6.27253961534e-13
3.98718817204e-10
1.066869079e-10
0.000111585326738
1.6879478234e-05
1.25230463032e-08
2.40742068123e-11
1.13154612163e-05
2.07975304915e-16
1.03098100885e-07
3.98615551477e-07
2.16355316588e-07
1.62218447616e-06
9.34481965329e-06
7.47216449457e-12
0.00033026228185
3.99251333426e-13
7.29341330774e-08
4.06949308938e-06
0.000905439352822
3.38869476577e-12
0.00131402544115
0.000115258283764
8.03032339632e-08
6.7913816265e-05
1.15393237998e-05
2.15965462904e-05
2.89546342558e-06
3.65870817262e-06
4.23276037356e-05
1.96703346995e-06
1.52347880955e-06
4.28410409032e-06
0.000697728929051
3.36058793101e-05
1.34387156674e-14
3.03686210235e-07
9.78187379351e-05
0.000420539371274
7.85046918606e-11
2.05047310068e-06
5.82968511491e-05
3.4425204487e-07
1.37078391744e-06
2.84844891514e-06
1.21421044504e-05
3.10497592334e-10
0.000348872410222
2.35015127621e-07
1.21851413158e-05
0.000387771862289
2.95765529189e-07
4.45479331252e-09
5.19217827363e-07
9.64073037269e-05
1.8793893789e-10
1.05019938667e-07
7.56803701776e-05
3.22701526066e-07
6.48779849795e-05
0.000269197657459
1.53858916772e-07
0.000152285048319
5.41950158224e-05
9.96015396863e-08
3.41108940425e-05
0.000183025216301
2.44012574343e-05
7.79319674809e-06
7.41278332234e-08
0.000244696845436
3.27601513417e-06
0.00080647052893
4.04957645667e-06
7.41117583882e-13
1.01066450131e-06
0.000219387926773
0.000170978638359
3.64831781603e-09
4.66263700012e-07
3.47928659504e-05
0.00109626922011
3.83602727433e-06
7.49389808223e-11
9.25419760093e-08
0.00290105365749
7.66366516705e-13
9.36636611904e-07
9.92718003312e-08
1.73876881788e-06
2.94937624201e-07
2.47685256553e-09
4.30910552877e-07
6.99545314823e-06
9.52745413469e-10
3.33157336164e-09
0.000371086980883
1.9500712607e-12
5.66298203544e-05
5.31899235943e-06
1.65760265159e-07
0.000318695496574
1.93876906318e-05
9.99338789681e-07
4.04680269159e-06
2.27146889672e-23
5.31386488114e-08
5.30683145269e-08
0.0021369683431
8.24606721723e-05
2.34331821814e-10
1.3495678987e-06
1.78720007948e-06
2.60999976002e-05
4.3063165301e-10
1.35967430209e-07
2.10480052649e-05
6.28340576651e-06
2.2043770907e-06
0.000101803783557
7.1182824121e-05
6.33952378809e-07
7.66189173356e-08
7.4611382466e-08
1.05185948808e-12
0.000110604067649
0.000157428737341
0.000175348481741
1.94980326794e-06
6.59557940348e-06
4.39767173869e-13
0.000348872410222
5.86131816752e-05
4.79185232075e-07
0.00015520087606
0.000875815011863
1.33972999106e-05
0.00014549439977
0.000316511230871
1.60386704842e-06
2.31804068737e-05
5.7329578942e-05
2.59177464029e-06
9.01879076478e-05
1.24967010673e-09
8.20732916362e-08
1.63588194167e-06
3.65843750211e-08
1.6856488679e-06
2.460041268e-09
3.58963507844e-09
8.91654101784e-07
3.02256511813e-05
5.21188539195e-05
5.19126539173e-05
0.000557228259759
7.86367689393e-09
0.000192296754231
1.37921200952e-07
1.98518713147e-12
2.39933221347e-05
8.12512410533e-11
4.0391064526e-05
5.29899952476e-10
7.9888416165e-08
6.40515588575e-22
0.000122132468528
0.000105743001725
1.25067992925e-07
7.94584056618e-06
1.82829402104e-12
0.000143043618447
1.07629221955e-05
1.66312159504e-07
1.27104511111e-05
0.000880430854418
1.83417123273e-08
1.27179789516e-05
1.29522272511e-05
1.99937160477e-05
9.16362606465e-05
7.87432670955e-06
1.28307835324e-05
5.30716162136e-07
1.28944795028e-07
0.000239676414755
0.000107412819785
3.87196878773e-05
3.85566026784e-07
1.18441950918e-07
4.46832067368e-05
0.000513825189941
0.000151249912987
0.0001225485886
2.28859267293e-13
3.79479541607e-05
0.00019560739295
4.04113545921e-08
0.000464233015262
4.28445397322e-05
0.000102828488615
2.81486223442e-05
1.37939503682e-07
8.99694336815e-07
3.05778481824e-05
3.31224785352e-07
8.55481183359e-05
6.37984305178e-05
1.8622118469e-09
0.000154764269166
2.09527458985e-05
0.000738226999643
0.00081120705972
3.01010188231e-07
5.51805304845e-08
4.7539770452e-05
2.14965141784e-06
4.83864572104e-09
3.66318738805e-09
5.34456824839e-08
2.20201344566e-06
0.000418843987571
8.67219911339e-06
1.75856929353e-08
0.000361413724367
2.06489834826e-06
0.000481402929178
1.61533574015e-05
4.43252574576e-09
7.28241400059e-07
1.09362322736e-08
0.000466975123208
1.39402370816e-11
4.33652304275e-05
1.59672736645e-07
2.7446686447e-08
7.94057531319e-06
0.000248567270395
5.05898494118e-08
4.0740497148e-08
4.21917913344e-05
0.000823573360333
4.54881024966e-09
1.74496943984e-06
4.93537693632e-08
0.000355136288373
7.79118880939e-05
1.49379252029e-08
2.23948905606e-09
1.42744756628e-05
0.000246734989781
1.73967641491e-05
1.56184753305e-06
2.46989364843e-05
3.31001180368e-05
2.74310434532e-07
1.2313970559e-06
0.000139442984414
1.28358062837e-16
5.61038916268e-07
1.01441931797e-05
0.000272026285268
2.73566780727e-05
0.000305011153751
0.000113307546979
3.14254334837e-05
2.95604728637e-07
8.13644557416e-05
0.000126729380009
6.6103913406e-09
1.74013997752e-06
9.28394985915e-07
0.0015126717179
1.16666757762e-14
0.000149352106359
4.03766463237e-05
0.000692196878261
5.78946011717e-05
3.52530772036e-12
3.88565364961e-10
3.6822009334e-06
9.69724038004e-10
8.15208644408e-06
3.94610126086e-05
3.94120107203e-05
2.32441130991e-06
9.68686501575e-06
2.18778968907e-05
4.92245749288e-06
2.06864425754e-10
6.87705569047e-06
5.8562985047e-07
0.000169321975121
0.000182261388799
6.57203959201e-08
4.24010346965e-06
4.85544741175e-07
2.17574716794e-07
5.38008968066e-05
8.94058387198e-07
0.000165475941161
0.000222110005528
0.000241624415813
0.000414846689218
2.75805725902e-05
1.45464952604e-08
0.000147452431924
4.30589261052e-10
2.6067760998e-05
0.000503236537086
3.37460527986e-09
1.70671691327e-06
0.000137037198761
1.94968788333e-05
3.58695723253e-07
7.34417301724e-07
7.54904626192e-06
0.000457965028217
7.64376692628e-08
1.16470172981e-07
5.6914739903e-05
2.29070377199e-06
0.000116979193768
3.74724410803e-09
1.1786924543e-05
3.4059807292e-05
2.10667330221e-05
3.66223836799e-06
1.48071970682e-06
3.22932583331e-05
0.000111239598426
5.52265354565e-06
1.56744115036e-06
4.14339518614e-08
3.64986223802e-05
1.61264125029e-05
2.74878898771e-05
0.000144619705312
8.69226703991e-05
9.77659790054e-05
1.16981307927e-05
1.47198390152e-06
0.000109356877553
1.88182062375e-05
2.72612952672e-05
9.5476820262e-15
8.04529336587e-05
1.18468715191e-05
8.66168708428e-09
3.55382660002e-08
3.90391304558e-05
2.54242059701e-08
2.49841507563e-05
5.95078194261e-07
3.75913879542e-07
1.33800662134e-06
2.23072267892e-06
2.46379600994e-06
2.47962506941e-06
6.12536267999e-05
6.85442119123e-07
5.03068433027e-07
5.25499976873e-08
1.10324779418e-10
0.000123253390587
1.68552506089e-06
6.23878846775e-05
5.62908839793e-15
3.67358383215e-06
0.000190123874576
1.51630668525e-05
6.29301083586e-06
0.000117450121541
6.33021888485e-10
2.29831347641e-05
9.92124835106e-07
7.79293210911e-05
1.26595106945e-06
8.17961058827e-07
1.05956907894e-07
0.000110295925489
5.84187877589e-05
1.87885939046e-06
7.20358636052e-13
1.53934069166e-05
9.12209225116e-09
0.000783734803313
6.51836950259e-05
1.85804667164e-10
8.33816833032e-07
5.89412113131e-08
1.1604747287e-06
3.56205038506e-06
2.67476093972e-05
0.000463781521076
1.14606565533e-05
0.00012743202305
1.43404459144e-05
6.82967121737e-06
1.83226078692e-06
0.00029886305804
8.13472048959e-05
0.000529342230669
3.10837542969e-16
1.29136733745e-06
1.71061067334e-05
1.76779494727e-05
1.41575871229e-05
6.63441768607e-07
7.08198661832e-07
0.000369406301676
3.44382905753e-09
0.00041389395707
6.65951627211e-08
2.17658553652e-06
9.11816943631e-07
2.48591135771e-05
5.07613096587e-05
2.10121027482e-05
1.08386042906e-10
4.52415226659e-10
2.49558943395e-05
0.000223867915913
1.83746159952e-11
5.59978591625e-07
0.000409350403404
2.04283396677e-13
2.6789323528e-07
1.12780736649e-05
7.0921567557e-07
1.96382607159e-07
1.28572972498e-08
0.000112407406332
6.31364251262e-08
1.29463805317e-08
0.000214013548356
1.62655121264e-06
0.000179385855675
3.69342613734e-05
5.3278075747e-08
0.000116025842828
1.14956850481e-07
1.16843422224e-05
5.86112090902e-07
4.85846929787e-06
0.000100080763059
9.25602246453e-06
0.000172408028557
2.42302973376e-05
1.22862846053e-08
8.41983293538e-06
4.6336552755e-05
1.94915420448e-06
0.00017714504337
2.72613985394e-06
2.02507742585e-08
6.22969085495e-05
3.12908233917e-09
1.08128623704e-05
0.000417368520846
6.49248348257e-06
1.1224763859e-09
3.64126335236e-05
4.10955195393e-06
4.24264922037e-05
8.01635174192e-07
7.44323111393e-07
1.69530539131e-08
0.000334360461901
1.25597374786e-10
1.27437468561e-07
6.79453809975e-05
5.33590394746e-05
0.000129309025165
3.14803965195e-06
0.00010360102457
2.67152568591e-05
0.000229491749554
6.84732965843e-05
0.000199781745465
3.24246050553e-08
1.47011080227e-06
1.50410015992e-06
1.75334387231e-05
8.47070263526e-05
5.11414336411e-06
1.27555209016e-07
1.7554234843e-07
2.74992681062e-05
6.70018052283e-10
5.535221524e-06
2.99188244579e-08
5.09494585109e-05
1.81086992297e-05
1.57255868226e-07
0.000238642922846
1.579894245e-05
3.7115806464e-08
6.90033318165e-07
7.88449800832e-06
1.79006295339e-05
0.00058201826524
1.85391205975e-05
3.63227674226e-05
1.53766782625e-05
5.37160974129e-13
3.12046531903e-05
0.000118182497014
9.65093776412e-08
6.08253148466e-05
2.0110504037e-06
3.17544912626e-06
8.08913005291e-06
0.000188242907639
3.72433297481e-06
7.27100642137e-06
9.21494604748e-06
0.000230028421408
4.23371178118e-05
1.28789743038e-05
0.000148846485197
3.26650481909e-07
1.92536835117e-05
1.35246352438e-07
1.32074451748e-09
8.09033118223e-11
4.2187009586e-07
2.00101171193e-10
0.000847096099986
0.00047325522498
2.85719132964e-05
1.29087525545e-05
6.11230764375e-09
1.32502600134e-07
6.12425385977e-05
0.000237534942843
1.4891816303e-06
9.85860936131e-06
7.14626217291e-06
7.37024698983e-05
0.000384518285208
0.000130167686112
2.51618685473e-05
1.66086349599e-06
2.55825446141e-06
1.09009117005e-07
0.000139212154366
1.29918275924e-07
1.0869736009e-07
1.0423940347e-05
2.13448346324e-07
1.66482816337e-07
1.28595642884e-11
0.000282595801251
5.79971374692e-05
0.000187816232577
6.83280414883e-09
1.77221937108e-10
0.000104012989936
2.63026574709e-05
5.1117999667e-05
3.33188950863e-15
7.86110466203e-12
1.02348498908e-05
0.000139640886414
6.05806622611e-12
2.51215684752e-10
0.000210155483901
2.44563368775e-06
0.000109430501789
1.01093532594e-05
8.33580189468e-05
3.5763213893e-07
