I: (state)
	(26) 1.0
F: (state)
	(0) 0.0164245398183
	(1) 0.34331988315
	(2) 0.366689754505
	(3) 0.878128696376
	(7) 0.31364892057
	(8) 0.195941750308
	(10) 0.561655733962
	(18) 0.483050821426
	(24) 0.193089600395
	(25) 0.442588262574
	(27) 0.47360765703
	(34) 0.983379996681
	(35) 0.753302283096
S: (state,symbol) 
	(0,2) 0.0947087128833
	(0,3) 0.905291287117
	(1,2) 0.382780762414
	(1,4) 0.489063992762
	(1,5) 0.128155244825
	(2,1) 0.633610174933
	(2,4) 0.366389825067
	(3,4) 1.0
	(4,0) 0.370998497654
	(4,1) 0.602417084628
	(4,4) 0.026584417718
	(5,1) 0.125815104971
	(5,3) 0.874184895029
	(6,0) 0.188190040309
	(6,5) 0.811809959691
	(7,4) 1.0
	(8,0) 0.421528516227
	(8,4) 0.578471483773
	(9,3) 0.909668477286
	(9,4) 0.0903315227142
	(10,0) 0.495732658773
	(10,3) 0.504267341227
	(11,1) 0.136816459733
	(11,2) 0.562116954583
	(11,3) 0.301066585684
	(12,5) 1.0
	(13,1) 0.202320221876
	(13,3) 0.369820843082
	(13,4) 0.427858935042
	(14,5) 1.0
	(15,1) 0.536415433285
	(15,4) 0.463584566715
	(16,3) 1.0
	(17,0) 0.182831789138
	(17,1) 0.781534128432
	(17,4) 0.0356340824302
	(18,1) 0.583105388081
	(18,4) 0.416894611919
	(19,0) 0.188059305483
	(19,3) 0.574598130927
	(19,5) 0.237342563591
	(20,0) 0.0675020739537
	(20,1) 0.261595506609
	(20,3) 0.00564833305589
	(20,5) 0.665254086382
	(21,1) 0.665509219219
	(21,2) 0.303185685074
	(21,4) 0.0313050957071
	(22,0) 0.849838791412
	(22,4) 0.150161208588
	(23,2) 0.315024493958
	(23,3) 0.0836389226677
	(23,4) 0.0496012315022
	(23,5) 0.551735351872
	(24,3) 1.0
	(25,1) 0.289396797317
	(25,5) 0.710603202683
	(26,1) 0.207894467746
	(26,2) 0.0684226850802
	(26,4) 0.542133008402
	(26,5) 0.181549838772
	(27,0) 0.991288320193
	(27,2) 0.0087116798071
	(28,0) 0.507809013806
	(28,1) 0.0754735244049
	(28,3) 0.396196049224
	(28,5) 0.0205214125654
	(29,2) 0.714420537254
	(29,4) 0.189137871526
	(29,5) 0.0964415912198
	(30,4) 0.627885896629
	(30,5) 0.372114103371
	(31,1) 0.447826739082
	(31,4) 0.552173260918
	(32,1) 0.0493653955026
	(32,4) 0.950634604497
	(33,3) 0.0231473836709
	(33,4) 0.0658593168305
	(33,5) 0.910993299499
	(34,5) 1.0
	(35,4) 1.0
T: (state,symbol,state) 
	(0,2,13) 0.0645884984434
	(0,2,22) 0.935411501557
	(0,3,2) 1.0
	(1,2,0) 0.483499284482
	(1,2,15) 0.516500715518
	(1,4,4) 0.207582243038
	(1,4,13) 0.792417756962
	(1,5,3) 0.320199088339
	(1,5,13) 0.188975743826
	(1,5,34) 0.490825167836
	(2,1,17) 0.0348405571545
	(2,1,22) 0.965159442845
	(2,4,12) 0.690662264453
	(2,4,23) 0.217408360506
	(2,4,30) 0.0919293750411
	(3,4,7) 1.0
	(4,0,22) 1.0
	(4,1,8) 1.0
	(4,4,11) 1.0
	(5,1,22) 1.0
	(5,3,13) 0.388672328702
	(5,3,32) 0.611327671298
	(6,0,11) 1.0
	(6,5,31) 1.0
	(7,4,7) 0.572578337934
	(7,4,33) 0.427421662066
	(8,0,24) 1.0
	(8,4,4) 0.815313706586
	(8,4,30) 0.184686293414
	(9,3,10) 1.0
	(9,4,26) 1.0
	(10,0,18) 1.0
	(10,3,18) 1.0
	(11,1,16) 0.538476754562
	(11,1,21) 0.461523245438
	(11,2,7) 0.620310865012
	(11,2,10) 0.379689134988
	(11,3,15) 1.0
	(12,5,25) 1.0
	(13,1,17) 1.0
	(13,3,15) 1.0
	(13,4,35) 1.0
	(14,5,20) 1.0
	(15,1,6) 0.373092326662
	(15,1,11) 0.626907673338
	(15,4,21) 1.0
	(16,3,17) 1.0
	(17,0,1) 0.0249830927152
	(17,0,9) 0.390247657851
	(17,0,24) 0.584769249434
	(17,1,22) 1.0
	(17,4,5) 1.0
	(18,1,1) 1.0
	(18,4,23) 1.0
	(19,0,33) 1.0
	(19,3,23) 1.0
	(19,5,23) 0.879709655784
	(19,5,35) 0.120290344216
	(20,0,26) 0.899801004752
	(20,0,29) 0.100198995248
	(20,1,5) 1.0
	(20,3,4) 0.775741725672
	(20,3,10) 0.224258274328
	(20,5,25) 1.0
	(21,1,19) 1.0
	(21,2,21) 1.0
	(21,4,0) 0.856924157161
	(21,4,19) 0.143075842839
	(22,0,1) 1.0
	(22,4,21) 0.849115613882
	(22,4,23) 0.150884386118
	(23,2,24) 0.34985439467
	(23,2,28) 0.65014560533
	(23,3,23) 1.0
	(23,4,14) 1.0
	(23,5,3) 1.0
	(24,3,16) 0.402115342974
	(24,3,20) 0.597884657026
	(25,1,27) 1.0
	(25,5,31) 1.0
	(26,1,6) 1.0
	(26,2,28) 0.128576145493
	(26,2,31) 0.871423854507
	(26,4,10) 1.0
	(26,5,14) 1.0
	(27,0,19) 0.454647411118
	(27,0,31) 0.545352588882
	(27,2,19) 1.0
	(28,0,24) 1.0
	(28,1,1) 0.0980248708461
	(28,1,24) 0.901975129154
	(28,3,3) 1.0
	(28,5,28) 1.0
	(29,2,21) 0.694398528301
	(29,2,28) 0.305601471699
	(29,4,6) 1.0
	(29,5,7) 1.0
	(30,4,6) 0.426696601791
	(30,4,20) 0.573303398209
	(30,5,24) 1.0
	(31,1,29) 1.0
	(31,4,14) 1.0
	(32,1,6) 1.0
	(32,4,7) 0.736938695798
	(32,4,19) 0.263061304202
	(33,3,5) 0.633711410789
	(33,3,34) 0.366288589211
	(33,4,8) 1.0
	(33,5,20) 0.15424523073
	(33,5,35) 0.84575476927
	(34,5,0) 1.0
	(35,4,8) 1.0
