1000
0.0796844855155
0.000349935686077
6.01596073596e-08
2.8264306365e-08
0.183642876692
0.011246227506
0.0183030122863
1.59976599051e-06
0.000927839964004
0.00953404532536
4.87762651751e-12
3.04295248865e-05
1.19646672175e-05
0.00508329676086
1.06015697769e-11
0.0023911615973
0.00133290379331
0.00435369422166
1.67908416453e-05
0.0283091183511
2.51444108485e-08
0.0574260394306
1.33290711395e-14
0.103081186269
6.92928671889e-05
2.40957142708e-06
6.77626575738e-07
0.00713567214238
2.37560636528e-11
0.00138116403031
0.00144467832626
0.0103989764777
7.44475005322e-30
1.82071260459e-09
1.92652179364e-14
0.00781855500357
2.2446964019e-06
0.000156424928724
3.62734979539e-10
0.000392658192484
4.30590675951e-08
5.8532349719e-07
4.35954618229e-09
3.88956924121e-07
0.000162861153183
0.00273815625932
0.0101776654716
9.40871800394e-05
0.000294205025467
3.0156057174e-05
2.96315632145e-07
0.0530782863299
4.38906863017e-06
8.72888782267e-13
5.94880403747e-08
0.00679476812259
0.000132122862028
2.04242474029e-08
0.0176641293034
2.15311951412e-05
0.00174349936733
6.64040512659e-12
0.00175926482837
0.0115062151366
0.0184159188536
0.000358263057764
0.000311159265605
2.8970738723e-13
6.38510394554e-05
4.96276426776e-05
8.48411175836e-08
1.15275983434e-19
1.43226497746e-13
0.000236284282652
6.98902706236e-07
0.00892967540025
5.14973769352e-07
4.46724185898e-10
2.92824264025e-08
2.85880103673e-05
0.00487746630514
0.02349753783
7.08705727425e-05
0.000211791925341
4.35226500704e-05
0.00238981783663
0.00324392730634
0.000483631070661
0.000199040067959
1.93777908229e-10
1.15637300672e-06
0.00385206844501
0.00382525618905
2.89221481146e-09
1.65251344359e-11
0.000388496186866
0.000182520633688
0.000882761241353
4.02538605665e-05
2.87295925536e-20
1.05897705442e-08
0.00049844257748
5.47718613499e-08
6.58404777488e-18
3.2097629328e-08
0.000343219904772
0.000576393001246
0.000149448114092
1.82628810717e-07
1.04967093417e-09
0.000277735764782
1.52083055318e-05
0.000135836060365
0.000719301587465
5.92454092614e-06
0.000855176382818
0.00301108563068
2.58610935702e-08
1.25996883149e-06
0.0019480281997
0.000143132434545
0.0209635459176
0.00104970784516
3.70643373702e-08
0.000672511143552
4.60772516289e-05
0.000667897457599
1.74979023366e-07
0.00149817103312
8.12706116695e-09
3.15578779995e-19
0.000436322921227
1.47393985399e-10
4.17841718212e-08
0.000677526765943
0.000139657402405
0.00520469287037
2.7955221072e-17
2.698726748e-05
0.00327056044817
7.80544436947e-10
2.08382824819e-12
0.00275406266315
0.00238621620302
1.34016868982e-09
0.00508833039689
0.000486532572921
0.00015652904989
7.26708387884e-05
0.00122075010709
2.72897233447e-14
9.59224126528e-15
7.07569314117e-05
2.61562031231e-07
0.00123208606718
2.93557420934e-05
4.14849975271e-05
0.000284120910675
0.00706823459787
4.5717569517e-05
3.85117869665e-11
2.10644522364e-07
0.011813356923
1.42106361694e-11
0.000431267311316
1.19002932258e-10
0.00148678573707
2.63734278218e-10
2.12804533876e-06
0.000654523693538
0.00036934248543
0.000147687793751
5.07259240358e-08
0.0091786322956
7.37005715982e-07
3.1814990811e-09
9.37270004976e-05
9.72415718668e-11
0.00131628827332
1.05495959723e-05
4.53301546423e-11
1.4360616912e-05
7.42211626132e-18
3.11115049692e-08
9.66867297442e-07
5.10506108273e-07
2.58660185087e-10
4.0203363251e-08
4.03206544406e-05
2.92834167034e-10
5.87504586009e-05
0.000904720909823
0.00362859927919
1.21002410174e-08
4.74837389074e-09
5.05793505259e-09
5.6007034417e-06
2.27621217129e-08
0.00287908980969
0.000270048737144
7.61231286489e-05
3.0190948498e-07
0.000815802261747
3.90273836754e-07
0.00122870087918
5.72807611204e-12
9.57116151556e-05
0.00203298020126
3.51339112855e-05
4.71199559229e-13
6.46270500932e-05
2.75325953747e-05
7.04640715915e-12
8.0742139307e-06
0.00355589343285
0.00572519999474
8.02564091577e-07
5.98662020351e-06
5.7021119223e-06
5.35918018988e-05
5.49366691521e-10
5.28339093137e-07
0.000189772979567
1.30905401013e-05
3.78480621514e-05
4.02653824113e-07
0.000124352172238
9.75175629216e-06
1.97907649863e-05
1.22009007457e-05
0.000420013355908
7.51995694017e-05
0.00013930045227
0.000121043251542
1.23447355821e-05
0.00378164004718
1.57286413973e-09
1.92192298526e-07
6.92988908366e-05
0.00246369619664
8.4549059796e-11
0.000803248344203
6.16427657076e-07
6.17823235072e-11
2.07385843096e-08
0.000675664142304
0.00076928365325
5.74721217477e-09
0.00232189491598
3.39915468382e-05
0.00382224035207
5.53709875451e-09
0.00012878948066
0.000120593398769
3.6246817838e-09
0.000170624158641
5.92001350922e-05
1.93904460022e-08
4.19947339117e-11
2.27767246584e-05
1.0496766897e-06
2.95496079891e-09
0.00274749281083
8.30802422355e-05
0.000684466097251
2.88715966507e-06
7.47321209977e-05
1.12103597831e-05
0.000434101803998
5.285526812e-05
0.0013689736208
1.37884082782e-05
6.75083589055e-13
1.92816586883e-05
4.31696086578e-18
3.7263175383e-08
7.40557907727e-05
0.000233951206017
8.98462155497e-06
2.37691153797e-06
1.54407674376e-08
0.000114210026869
4.43666786337e-22
6.25133768681e-07
3.17509379647e-06
7.5369963738e-05
6.51297325601e-06
2.08023880345e-05
4.06323826249e-05
0.00405633865063
0.000175522949172
0.000462207152553
1.09049604361e-07
0.00185591593087
5.8488736462e-12
3.4309933195e-06
1.6272072674e-05
0.00101490347507
5.62567831238e-07
0.00220446501481
3.39275402228e-12
1.65130311434e-18
3.61035453052e-06
0.000730619847719
0.00178104913374
1.97662363841e-11
0.00122434560319
5.26382717133e-09
5.0526768206e-09
0.000199414308531
2.43188567224e-05
3.80172397098e-15
1.18558088932e-06
0.00102485414285
4.23895737607e-05
0.00697409783624
3.24772598642e-06
1.10356862584e-05
1.91819516885e-07
0.00293525706642
1.18925447077e-05
1.14030331215e-07
9.71597698625e-17
4.91716256763e-07
0.000529469422638
2.35780803114e-06
5.05524563813e-07
0.000745767828986
1.6603254162e-07
0.010556102709
0.000295131850117
5.85764175673e-05
0.00136615587423
0.00107702774489
0.000251430584931
0.000326941103429
0.00100569997782
8.88628337643e-06
7.09077894419e-09
8.31590767036e-06
1.41793693463e-06
0.00151669357556
2.42411560364e-05
0.000588262355374
1.43414486408e-07
2.34611772097e-05
4.9664086248e-06
0.000114558115167
0.000276619438252
1.04880371995e-06
7.26859567586e-08
2.55045230185e-06
4.17455921054e-06
9.27400991711e-05
0.000174285567329
8.4321024131e-10
2.31477584044e-06
2.6272726511e-10
3.99248588151e-10
0.000501754568277
3.04361838539e-13
0.000710191332353
4.4883973944e-20
0.000726409716501
2.66240929942e-05
2.26667353596e-06
0.00356709179848
7.37558357442e-07
8.93500644923e-07
1.02499536715e-05
3.87684423044e-06
7.89314915652e-07
1.34798929209e-05
0.000491865745112
0.000135912283429
0.000102391226523
3.57267811898e-05
3.30444450795e-10
1.29013847271e-05
7.15742768454e-05
0.000272957730437
6.25515874511e-09
1.92872244835e-16
2.91957833907e-12
1.76659397405e-09
2.02752611762e-10
0.0013193086158
0.000122014036493
9.25620232734e-06
0.000845682872491
0.000471516441301
4.74801117854e-07
1.13644782131e-06
0.000936193921852
1.19995323654e-06
0.000435849496331
0.00011682967553
1.60831875264e-07
4.96229492792e-14
0.000276525038261
3.6717173844e-06
0.000192627778404
0.00053645316114
1.49784658644e-06
1.89247163452e-07
8.10410142418e-07
0.000325746355136
1.9874642589e-06
0.00075124121239
3.53806115515e-08
7.64232737437e-06
3.68957306875e-05
0.00146696234035
0.000565041482149
3.7717468091e-07
2.51073182859e-07
4.77292965382e-06
0.000976506884533
0.00022548582328
0.00417280715501
0.00202591887528
8.79677572409e-05
6.38073750718e-08
0.00251332474579
0.000215091372636
2.37543735602e-07
3.43320302282e-06
0.00051978359346
6.06037495504e-16
0.000253931481302
7.64065622748e-05
5.18464044092e-12
0.000191178535384
0.000849655962732
1.31978851497e-08
1.16006533537e-05
3.1967422736e-05
7.884784429e-12
0.00175848999895
3.54943000127e-06
7.44447394877e-07
0.000174300364491
0.00102913374819
1.99778145715e-09
0.000151078018078
4.40359469386e-05
8.74368502051e-05
0.00166783511136
0.000723301021633
5.22505273346e-11
3.65316255442e-11
4.56768151776e-08
4.71751104505e-05
6.51402390673e-22
9.60855331267e-05
0.00179560406062
1.01644230802e-05
4.46510316303e-20
0.000170671234145
4.61945358013e-15
0.00021831765328
0.000180805735578
1.24237995146e-07
6.42591886578e-19
6.91270608172e-10
2.11383317658e-05
1.20959254591e-09
0.000553897587299
0.000348356813247
0.00016213772983
1.93312382977e-14
5.93618382753e-06
5.95732172572e-09
1.91932700233e-06
0.000370230866107
5.65445638035e-11
1.88211616232e-05
4.53097452865e-05
0.000202224833757
2.80254348586e-05
2.44667221905e-06
4.64236987057e-06
2.91907914294e-10
1.15814543917e-11
3.81822962546e-08
8.61784630777e-07
0.000216896159701
1.15857306452e-06
2.43286982059e-07
2.77346620456e-07
0.000161633401956
0.00197678973134
0.000147618476128
6.54049097339e-08
7.87225876174e-05
1.6954222703e-07
0.00059723771294
4.8805983451e-07
4.48455284059e-12
0.000121667402494
0.000436181789744
9.26095059133e-06
4.99868314139e-13
2.23187805113e-11
3.33894507137e-05
3.73805131206e-07
2.81166938752e-08
6.39374029035e-12
0.00018298308331
8.98199853001e-05
2.9011096155e-18
6.62288534194e-11
0.000936574984839
3.60810167396e-07
3.9679283964e-06
2.1390250991e-07
8.76278647839e-09
1.19636266672e-05
0.00123147866434
3.13053080979e-06
6.77326604595e-05
8.26255539161e-09
7.45220482469e-05
5.89938054393e-07
5.7087886744e-05
2.65210866374e-05
8.43702870798e-06
1.23486657053e-06
3.755166517e-06
8.8162475523e-11
0.00078859751354
0.00110416022356
1.66261376215e-06
1.44974000462e-13
1.13777861267e-10
4.88054040474e-05
3.52493218983e-05
0.00220728534211
2.00646406582e-16
0.000429001663606
7.74270213597e-06
3.62092986738e-05
1.15531146347e-13
2.72520706533e-09
2.658512791e-12
8.69983254686e-10
2.62725502277e-12
2.79905184977e-06
5.7200341543e-10
1.2083306488e-05
0.00012727217191
3.55576744641e-05
0.000267293888193
6.65259247429e-07
0.000267389810087
9.50417794387e-06
3.42301999909e-05
1.32334436055e-07
0.000234313868061
0.00035223353464
3.33421959619e-05
1.49786693173e-10
0.00142627137716
0.000962017353349
4.2798249316e-07
5.82447659012e-05
6.72712338181e-12
8.31607288652e-08
1.40264700212e-08
1.69924613812e-05
8.25140455361e-05
0.000141104859255
1.13106516577e-07
0.000727757934258
0.00148518067368
0.000136024711406
0.000733595861719
1.31281351142e-05
6.39755236037e-10
6.84053147002e-05
1.00954484761e-07
7.27705912507e-09
0.000177210104381
1.967719298e-08
4.31369895462e-16
3.81018162258e-05
1.31391675872e-10
3.07425589488e-07
0.000196277996307
1.74191767117e-11
1.40044821868e-08
5.73500416913e-10
2.53430534248e-10
0.000747352488835
4.22252751548e-07
0.000199263964036
0.000194342915751
2.48236012434e-09
6.55263441796e-05
8.18803666606e-08
3.07369634643e-05
7.0057522331e-15
7.77695813722e-09
9.46943502655e-08
0.000155015984281
9.64762497774e-07
1.6726222015e-08
2.30182460714e-08
7.28467784601e-07
9.74191714943e-06
0.00134213276025
1.78774744307e-11
6.26823685766e-05
2.20210516324e-09
7.69697254617e-06
0.000623103447095
7.7214908049e-06
8.56094074176e-21
4.1365803454e-06
0.000515129802248
0.00236255382081
0.000201623824534
2.00202511397e-11
0.000583936656837
0.000111156335284
9.22706023416e-07
0.00176421968426
1.60164453347e-05
0.000424831472772
1.03141298201e-07
1.31053009099e-15
9.08652773704e-11
1.19204740505e-10
1.90474714539e-11
0.000949090582484
9.84225477997e-05
1.21254658093e-07
7.68516858978e-05
6.06829360269e-10
1.14489849361e-09
3.1410220609e-07
3.72263465049e-12
0.000190903349036
0.000353064075659
1.34445801803e-06
1.82312557831e-13
0.000681869226683
2.59326933991e-07
0.000354922960664
2.2135348993e-07
1.45891989644e-06
0.000238462917396
3.88720413205e-07
1.65015075383e-06
1.28475957527e-11
6.74745359892e-05
0.00112387075064
0.000544572212869
0.000121938460249
9.05907594712e-07
2.93239687664e-06
8.29776335528e-05
1.65617255277e-12
4.66013602486e-06
5.97350655026e-07
7.64697748598e-05
6.60379976173e-07
6.43044145833e-06
1.24306900008e-12
3.79663518917e-10
9.08339335421e-10
7.76089179291e-13
3.13496191671e-10
1.71430451426e-08
6.92012931454e-15
1.98091668851e-05
7.38275045021e-05
1.8712253869e-05
6.33528026328e-14
4.33030640316e-05
0.00176774566857
1.37250952928e-06
0.000272900557447
5.98398775119e-05
2.10820036828e-25
1.49804890696e-05
0.000417259501672
4.22906909015e-08
1.63415615831e-09
2.72182284149e-06
1.18340115381e-08
0.000357006482304
1.52316230142e-07
2.95592286829e-05
0.000370591494625
5.08845890964e-10
0.000118288381234
1.53122185139e-06
1.23635017117e-06
3.11004812134e-05
2.06138119958e-06
1.13264109632e-05
0.000791951621963
0.0023694938251
2.92489843288e-09
4.20083162361e-11
0.000386194090085
2.58031849096e-05
1.54993032281e-08
2.29298221805e-11
9.94760377172e-18
9.04423127012e-06
6.19061320712e-08
6.73608608451e-08
1.43427037702e-05
3.90502985115e-08
2.43099698399e-14
1.68458982586e-12
7.90237922238e-15
9.35577562642e-05
1.18495595515e-05
0.000183101687063
4.06567300746e-10
3.2196969215e-06
4.91004268443e-07
7.71717913146e-07
1.64845261001e-07
1.07974808794e-16
6.95719544291e-06
3.72671453506e-05
2.62860900428e-05
4.79112901788e-05
2.38077968049e-07
0.00276264210107
9.44370815437e-07
7.07279457714e-06
3.48066077933e-12
6.21907057347e-09
0.000292080140847
4.07158948639e-06
4.07439857479e-07
1.1816868583e-06
0.000524015506903
7.61590576599e-05
1.51487570509e-08
3.8024342944e-08
3.73582807977e-08
1.74331231938e-11
2.85785272949e-12
9.20245131521e-05
5.44667732469e-05
0.000264088256545
4.6455357979e-05
4.17363824909e-08
2.25555217992e-06
3.20381105041e-05
1.96635850756e-19
2.53050147456e-05
3.30138250618e-09
5.19102966857e-05
3.35581858314e-05
0.000873906903418
2.11512897257e-06
6.85414979407e-05
9.57268016451e-11
9.88051663036e-09
8.33234271859e-06
1.3212645157e-07
1.2320672962e-06
4.70390014482e-06
1.91087738971e-05
2.82453550818e-06
1.22379592751e-05
5.98221376276e-06
1.13111134384e-05
0.000207231494498
2.4107503438e-07
6.9047398432e-17
1.22007948819e-05
1.18280190286e-09
1.15277558385e-08
2.23334724401e-10
2.04039217756e-09
1.18762731608e-09
0.000458531861747
0.000529564421462
3.16255198608e-07
6.84222488371e-14
7.25229789203e-16
5.94591800006e-06
7.42279282675e-07
1.87972254165e-20
3.17826052929e-14
1.81075489534e-08
9.3134709118e-08
6.11064922523e-06
3.76660639936e-05
0.000318150181843
1.94741242886e-08
6.68495073996e-14
0.000698989897922
0.000576845384183
0.000125392137101
0.000389140202842
1.05872901325e-09
6.51209005648e-11
5.67904585386e-08
4.04837923432e-06
5.26251095173e-07
5.48724238281e-06
0.000242657506825
1.04085653682e-07
1.29584746705e-05
1.72099241917e-08
4.51872906462e-11
4.10232440775e-14
5.5789106553e-05
0.000125932690033
1.86526667924e-29
0.000640749513853
7.75961264979e-06
0.000105234582104
1.03408903636e-06
0.00113134054593
2.06064593881e-06
7.99805913368e-06
8.42465072278e-12
2.26197432672e-05
1.9880069313e-14
7.04731566839e-05
0.000274734016819
0.000248393960211
4.90317881673e-07
8.81672455031e-05
7.23764081616e-05
0.0025134390406
1.91477537722e-05
2.93219458535e-09
7.12170562383e-06
2.17691403108e-12
1.49414518425e-08
0.000586903698252
1.7089027656e-06
8.33202772472e-12
0.00043944958292
4.39801481932e-17
1.02209180702e-05
1.58601053217e-08
1.62331499692e-06
3.58126354455e-05
0.000701467555161
2.24691271847e-06
3.39543737168e-05
3.99454734675e-05
3.82458434071e-05
8.48896964032e-05
1.56579376977e-05
0.00201531330058
4.72751283066e-09
4.28582219505e-08
3.82071039413e-07
6.17615368828e-06
7.81815959447e-06
1.68853331767e-05
1.05888488909e-11
6.18131797575e-08
3.043080204e-06
1.64423713887e-06
1.84474007863e-08
4.2067880304e-05
0.000178612398313
0.00021676895005
6.74984153845e-07
4.97573124963e-05
1.90222888955e-11
2.14308482274e-06
5.66820471996e-10
0.000220741346406
1.3371340833e-11
5.42388047391e-09
0.000154575443203
2.14980752931e-07
1.09736459687e-06
2.51599338136e-07
0.000421366302031
2.27750137079e-09
0.00067063263174
2.10830355638e-05
0.00138882122426
3.86107444383e-06
3.38810414202e-19
7.09615793465e-10
2.98213971223e-06
2.67265349486e-16
2.99577999015e-06
2.29244031796e-05
3.07218966402e-05
0.000411462777588
9.89520526893e-07
1.30597279251e-06
5.7756846892e-06
0.000919699889706
7.37849068336e-13
6.16618696496e-05
1.20451934388e-09
2.35917490286e-09
0.00123751855772
4.45792866075e-05
0.00033481844512
8.43874170386e-13
2.10753098285e-05
1.27882651084e-15
2.34410640939e-07
2.98756161963e-14
8.52869730326e-06
2.94040420129e-06
0.00127612365301
2.07930484735e-08
2.04077577568e-06
6.18620853923e-09
1.05121910728e-15
1.65970475198e-07
1.15848548183e-15
9.25430490701e-09
8.2966097784e-07
6.70889210068e-10
5.33966025224e-06
2.43632754236e-09
8.00150510977e-07
2.50312483619e-08
1.81764445027e-05
3.4970770007e-05
1.6442891421e-06
2.85162530269e-05
5.0373361473e-12
2.25164459978e-05
1.69067481793e-05
3.42391034098e-07
3.69934338752e-06
3.46040557721e-07
0.000117858693851
1.48663337639e-09
6.44673874415e-06
5.76109887026e-08
0.00101222581658
3.22094087644e-14
1.25764326125e-10
5.64314789439e-06
3.22406751205e-07
3.77601485187e-09
3.37321337581e-08
2.10663318741e-20
3.52229538926e-11
3.83929751581e-07
9.45054814018e-05
3.60508019565e-07
1.02456033233e-08
4.33745862577e-12
1.85988238823e-09
3.78345790246e-06
4.11091150023e-06
1.87016085872e-09
2.28393685978e-09
6.68137405358e-08
0.000764532712467
0.000304564731464
0.000682471220654
5.23155748166e-08
7.58397302986e-09
5.1802994658e-12
8.99631898607e-05
0.000213005530622
6.9234417335e-14
2.20071360957e-05
6.02017277367e-06
8.09076360531e-06
4.51599055474e-05
0.000421217224893
1.60245237584e-11
6.46131276291e-10
9.81782904062e-06
8.66998059656e-09
1.40796832185e-05
1.41144296395e-11
1.06472918302e-08
5.6956176859e-16
7.80257169318e-06
7.13685565029e-07
7.13168729813e-07
4.70075233348e-06
8.93427866873e-07
0.000156126772109
0.000345094278163
2.21545673763e-05
4.94107498709e-08
6.26125055671e-17
3.05045881401e-05
8.1496940618e-07
0.000392180035047
1.24437478325e-09
