1000
4.20696599085e-11
0.107368333134
0.395244246673
2.12179806452e-11
8.42712534697e-05
1.65679102356e-08
0.00726077467886
3.39524648038e-08
1.28098057196e-08
0.00025287813642
7.66905836768e-08
1.10685660449e-05
6.2124551113e-06
6.71842887505e-05
0.0676524452985
8.45689900839e-06
0.000176920031625
2.32016868541e-07
1.06539879548e-13
0.000523135496971
0.00746953184418
3.58617107761e-18
0.000357163107412
3.0725559538e-06
1.37511772585e-07
0.00486111158721
1.87291075578e-06
0.0291666711328
1.13958078448e-05
0.000190066292018
0.000538006947998
0.000268391079645
2.41511246839e-07
7.12695499747e-05
3.67685225026e-08
6.65318853195e-08
0.00177320891787
1.13227666875e-06
0.00158257630129
0.00245006973773
7.91720219536e-08
2.09174671976e-05
6.34325442718e-06
2.42679533107e-07
4.30922011716e-06
2.11342586954e-11
6.46263690558e-07
0.0149401250899
5.74121553104e-08
1.42772106027e-08
0.000923409918399
9.34671379637e-05
4.21760820573e-11
6.88909058027e-10
7.9108003878e-05
3.20161864475e-07
0.00405849380784
1.77818718427e-05
3.86878132042e-12
6.24389191144e-08
0.000392292893275
5.37857306346e-08
1.2333709506e-12
9.42539248793e-07
1.0290346347e-10
0.00349331080814
0.00550719249479
0.000284668287623
8.3959848054e-05
0.0153279497086
0.0194967036655
5.85009703549e-05
3.63961435565e-06
0.000379878515564
1.10217323001e-08
0.0010582263178
1.26079050136e-13
2.17347009185e-06
0.0012857677873
0.00939786543756
1.02216681735e-06
1.32257090598e-07
3.61750242289e-09
0.000208689085077
1.17424979714e-08
0.00144340126529
0.00255425508168
6.04113806091e-22
6.15624790503e-09
9.05915105003e-10
3.56244179731e-06
2.09724913563e-05
6.44245774242e-05
2.25372584261e-10
6.56145358852e-06
0.000214801989608
0.00940215147406
2.13805749723e-19
4.93427073373e-07
1.47135430501e-10
0.000298642392928
0.020150760975
2.00533821665e-05
1.43629594297e-10
6.59053800454e-07
9.69376495991e-09
2.5074752784e-10
1.96100307654e-05
0.0053148486893
4.17590482234e-05
4.85657133837e-05
0.000189383837342
2.80535626569e-06
1.02960666771e-05
3.84045697648e-08
0.000228058319205
4.941043252e-06
1.86405993774e-05
0.00227341873646
2.97202577018e-09
6.6801510104e-17
0.00132362839229
5.01686561626e-14
2.7137475395e-06
0.000161717591494
6.29308927953e-06
3.11046810763e-11
0.00149105916023
2.82514218419e-07
0.000695051075807
5.61315379025e-12
0.00350768733602
4.74581826648e-08
0.000807309831241
0.000303438007383
0.00350967727469
2.09180103734e-05
0.00130982744894
0.000215181796883
0.00551741004029
3.7240042338e-05
0.00256023325344
4.57919988774e-08
0.00322988228422
0.00211660300688
9.00532777416e-09
2.5133184334e-06
6.03400322376e-09
1.9390172553e-05
9.14675421894e-16
0.00113111138759
0.0251910337196
1.2382301228e-07
3.112802662e-07
0.00055125024732
9.49307251187e-08
3.75174405294e-12
8.22796415653e-06
3.70058096015e-05
8.66441715347e-08
4.00184925502e-05
6.06594505013e-07
0.000329721166685
2.08765755384e-11
1.30732690552e-08
7.82424201178e-26
1.55638997575e-08
6.21451069052e-08
2.79510641192e-05
9.7796710211e-13
1.63457049993e-06
0.000107445306214
2.15791305782e-06
4.92523888526e-06
3.58664922791e-13
6.22004337481e-08
1.82051841992e-06
1.52943980407e-07
7.28197577936e-06
4.38380571447e-12
0.00434024862609
1.18314116027e-10
1.54928335345e-15
0.00143584462923
0.00046143345497
1.3932464117e-16
2.51944004685e-06
0.000128173249524
0.00928048693769
2.33130540371e-05
0.00335530440311
1.28427429636e-05
3.26595703349e-06
3.8841450793e-10
2.65388653481e-07
0.000289937764286
3.19752684995e-05
0.00710723410417
2.74191777269e-06
0.00131478862723
2.01644523365e-10
7.46483631798e-05
0.000223052650436
2.14959732913e-05
0.00193068434361
8.93855691447e-05
2.07685184251e-05
0.00637692401733
0.000589822265115
2.21845120526e-05
0.00297186849016
5.13123292644e-10
4.7430774766e-05
3.88385178312e-13
0.00122494783787
0.000268458791053
4.98716603325e-08
2.14988236317e-06
3.67086937359e-12
1.58262793889e-12
0.002173554447
1.08150731688e-05
2.22564293391e-08
5.19184045477e-13
5.76183684828e-06
9.34412341655e-08
4.97700478509e-17
5.17341261099e-08
4.07771767353e-24
4.79737031981e-08
4.1220675352e-06
0.000120767861059
6.58928075193e-05
0.000720341115427
6.44793774888e-06
5.62244642623e-11
1.8006041389e-07
6.62474224737e-12
7.75331312358e-16
0.000124947801483
3.73821298133e-05
6.82055226395e-11
0.000251727370563
6.86945507865e-05
6.80085088645e-22
0.0024108210062
2.20367285442e-05
6.41268737467e-05
2.86453311304e-08
6.25623120865e-05
0.00565722327924
4.17744593368e-10
1.1234187584e-05
0.000617726413867
1.12508813723e-07
1.09700307906e-06
0.000100437213935
0.00039210080653
9.79053258695e-07
1.08621894383e-08
4.37674367311e-18
2.03654113086e-06
0.00114583554553
2.81833113838e-05
2.25565594298e-07
0.000269528821975
1.38419429598e-08
0.00149789608883
3.42205480621e-05
6.54611730634e-17
2.62742162101e-05
3.47958135655e-06
5.02220251104e-09
8.45316469008e-05
3.71571938111e-19
1.60612141056e-05
6.27015118324e-09
0.000631171244728
3.42746696139e-05
8.31642023942e-10
1.17046375163e-07
1.53857103938e-16
2.42360676958e-06
3.09981150131e-21
1.07468236342e-14
1.21964300923e-10
6.69838626322e-10
0.00181437234355
0.000848535979217
0.00125337413424
8.78545339338e-19
9.11438736224e-11
3.29364510345e-08
6.95509887048e-14
0.000150688271879
3.00271398942e-05
2.55361820175e-07
0.000439657951794
0.003791543669
0.00107444784727
0.00160561803512
3.88474295931e-11
0.000130875253001
1.5430658238e-05
1.87207403985e-06
7.20414793206e-08
0.000205536461352
4.86182858651e-05
0.000499021750334
4.08456439014e-05
5.94384695147e-08
0.0027088080772
2.19402887351e-12
1.52666050695e-06
1.23351516617e-26
3.85156614013e-05
8.06619446703e-05
1.3216201661e-10
9.73666419515e-06
3.25881674682e-06
4.00484061364e-10
8.89030427648e-06
5.92016776795e-10
0.000170339527842
1.18673729642e-06
1.87749657484e-05
2.71673777905e-07
0.000349596194731
3.74833966695e-06
3.86529289692e-07
0.000142625371064
1.91483516515e-06
0.000677200344727
0.000135152418797
1.09603811637e-08
1.49084434141e-05
1.062623051e-12
0.000724203028329
3.6739413081e-05
0.000573757064999
0.000279793338449
0.000227265714924
1.66466889641e-11
6.41503808012e-07
0.000512773154325
2.00106532144e-08
0.00154500284378
0.000999694493543
2.06716491984e-08
4.34291722019e-06
9.33153530263e-10
1.21188047022e-09
6.73014303961e-08
4.67320844543e-05
6.04434051816e-07
2.23927325222e-05
5.0955280221e-08
3.04764371722e-07
2.99806208668e-06
0.000129034164164
2.13916265401e-18
6.97920087638e-21
0.000142152776189
0.00298680660403
0.00416384659464
0.000564973762811
9.97265615442e-08
1.400585393e-13
0.00014256379082
0.00252104975987
0.00215905531615
2.63136939258e-23
0.000318625445977
1.91751270182e-07
0.0011445770518
4.29597882701e-06
1.01438923934e-09
0.000112655657524
0.000257282325145
3.43314618018e-05
6.95185336822e-12
4.6393217114e-08
8.52228714694e-12
3.87305321042e-05
2.3590990377e-08
1.68913665281e-09
5.63176192406e-08
1.05564952133e-05
1.57712733312e-08
0.000162120379012
2.22229261183e-05
4.32296345239e-09
1.29866750565e-05
1.32315643489e-06
7.8262804455e-10
0.000575500534278
1.17688775862e-09
0.000522968379564
0.00112747990813
4.32286183004e-07
1.02992249758e-13
0.000163198785592
3.66248355129e-09
3.69519995848e-06
0.000431878715126
0.00243148991501
4.29293943013e-06
4.0842641409e-08
1.40112008376e-13
1.55529704213e-11
2.99554337087e-07
1.20275858441e-05
1.86901717748e-14
5.90487572915e-05
1.39842335809e-14
7.47579032694e-07
5.84862750398e-05
2.34700612858e-05
0.000176639025936
7.79461320132e-07
7.03571661758e-05
2.59864967125e-15
2.22254026722e-05
4.95305177487e-05
3.9571931214e-05
3.0309714228e-08
2.76707085365e-06
7.89941214096e-05
8.06042292038e-12
5.96349034254e-10
0.000675494491348
0.000574976457385
1.65545883749e-06
5.27073618814e-05
1.23206574478e-13
1.0285194019e-05
4.03094507954e-05
1.40377431005e-05
1.85320075788e-06
8.22590724305e-14
6.6392036201e-16
5.57137548758e-06
1.69104669322e-07
6.64927969951e-09
1.86609162309e-05
3.84180213951e-13
3.74617487034e-07
1.29119385627e-05
1.99600668859e-20
0.000945796479029
8.21699852608e-09
5.17435864874e-11
2.4133026191e-05
4.12303328387e-15
3.82561316532e-09
0.00461657531295
0.00031505125955
1.34551392377e-07
3.85918939853e-10
2.61535670051e-05
2.8259202586e-09
2.70715015442e-06
1.07959975686e-08
6.88540421229e-05
1.93618887602e-06
3.90123189566e-05
7.19331511599e-05
1.78708766412e-05
0.000568985556193
2.84801803915e-05
4.45775656637e-08
6.35577632309e-11
2.68019528656e-21
0.000133184931112
2.96801188381e-07
1.08365238423e-18
8.27768059691e-09
0.000889291096612
0.0002144796998
0.000515243264863
7.74360181429e-05
2.94422191289e-05
2.61635220514e-06
0.0020915233352
4.18727735939e-13
0.000166652459929
0.000329860245492
7.71557339188e-14
0.000249453099701
0.000524184159022
7.72982126013e-06
3.78404536012e-06
0.000192019248796
2.89260988247e-13
5.925191004e-07
1.87729088146e-06
1.72022075638e-05
0.000196487700302
7.89130305135e-05
2.42333815027e-15
0.000195193874169
0.000948963761149
0.000146389001237
0.000312757562737
1.20391522586e-17
3.64045430002e-05
1.47082268749e-05
8.13573603784e-05
0.000258915876973
2.87624697289e-09
0.00792314344596
6.69020079816e-07
1.14871681868e-10
5.37655256723e-07
5.8910966664e-19
2.53688995815e-05
2.90614234966e-08
3.52747951124e-19
4.76857195382e-06
1.59333512722e-06
1.31850582301e-05
3.11441435807e-08
2.1637504895e-06
6.15001916654e-16
9.18734418058e-11
4.75275253963e-06
2.9912322462e-05
7.59514238067e-08
4.04209041925e-07
0.00130921824857
1.39382411428e-08
3.39636378086e-10
1.58734392813e-06
7.16122851485e-06
0.00467391362942
5.84667024944e-06
1.83029617465e-05
8.16871994695e-08
2.20693486778e-08
4.79421657617e-06
1.71421616374e-09
0.0027395511772
2.95118557354e-07
1.00023509521e-05
6.80745110828e-05
8.79969681043e-17
2.87248685325e-06
3.07700710195e-05
8.2347568705e-07
5.27781365675e-11
1.51225331224e-06
2.21590111274e-14
2.04117163298e-06
0.000121068686374
3.29796491475e-10
0.0069871180069
1.91811770876e-15
4.68227382809e-05
8.18184124258e-06
2.38085037681e-11
4.18692823367e-12
6.07929177867e-11
2.13150447428e-08
7.007026703e-05
6.80136325975e-08
0.000213591795041
5.3874034397e-08
0.000117876538967
4.51094329659e-08
1.10452453326e-17
0.000117789347153
5.76458218421e-07
5.374375744e-08
0.000788469521117
0.0040132286176
4.47919838912e-06
3.16485052084e-09
2.51538076799e-11
6.10240979053e-05
6.6526424822e-06
0.000892656219773
2.29243427445e-06
1.02610198413e-07
0.00085499176148
0.0021418290405
0.00073795273645
4.1935629862e-06
7.82152077872e-05
2.49123074384e-09
0.000654900950735
0.000744200695912
0.00042430660478
1.83043233872e-08
3.50762189771e-05
0.000172363837445
1.10159339202e-12
1.6084362211e-19
1.03346905717e-05
1.04387502536e-09
5.6380800135e-06
7.52310284006e-07
0.000126877266395
1.89360060972e-09
2.81578590265e-05
1.1270380204e-05
0.00140114991208
4.82609644048e-06
6.14883779104e-05
0.000541936428869
0.000216800716318
4.61283358357e-18
2.85780764245e-08
2.43535550348e-10
8.84293949272e-06
6.33847683468e-06
1.42556441435e-08
2.57210936797e-12
8.1636838321e-08
0.000209010166991
3.65164640744e-10
5.24103664644e-11
0.000136437501373
1.80178092823e-07
6.34132337938e-09
2.37352417647e-05
1.24018953529e-08
5.33003635432e-12
2.90970436661e-05
1.00493887217e-07
6.51320250194e-06
0.000903433971838
5.82630794196e-07
3.19941989658e-13
2.07548970416e-07
2.7182431038e-06
1.52459490508e-06
0.00215232659838
1.20242454359e-06
3.60675197279e-07
3.6339739284e-07
2.03412711495e-10
8.06372870268e-27
0.000159325421923
7.07639626565e-09
0.00106468208113
1.42134968669e-17
4.63907188067e-07
0.000251228169448
0.00117903110365
6.52915648618e-09
2.21757623522e-11
1.28171425441e-06
3.10481755599e-10
1.08897839838e-05
4.08736593783e-06
1.21607932835e-12
3.05141767707e-05
2.34147596906e-07
9.60959446969e-06
1.6572364891e-05
2.66992617518e-07
2.94440912417e-07
1.53335044477e-14
0.000636250855009
0.000757597190841
9.86215786086e-16
2.53570625201e-06
1.58838681907e-11
1.83301208931e-06
0.000101615757492
7.08087147406e-07
2.1594406843e-08
0.000253369010599
0.000229088796235
3.47824885794e-11
6.07348853909e-05
2.6249683189e-06
1.05205860907e-07
3.7034940662e-10
6.87690482301e-08
0.000301992294419
1.26731307395e-10
1.22426945184e-05
5.457274558e-10
0.000275615534713
2.37632668244e-19
0.000151873981989
1.75887267779e-08
1.10622804649e-24
1.04803551848e-20
4.09974674131e-07
0.00322412188462
3.10049185276e-08
9.71665291057e-05
1.46031213153e-16
1.08172092043e-09
3.46216851313e-09
3.90985099132e-07
1.77623249252e-14
1.59969021121e-09
1.31230470232e-11
3.44075927309e-10
7.52795175968e-07
0.000213218206999
4.07119112958e-05
0.00043924511353
0.000136709800158
2.85087993409e-12
0.000142963959925
0.000244522286684
4.20531483223e-07
4.36368466623e-09
1.42223800417e-06
6.6441156349e-08
7.15064868945e-10
4.04437830621e-05
0.000397074223297
5.25243337857e-05
0.000526848465465
1.9669838398e-08
1.10297359368e-06
5.92629285204e-09
1.32492013928e-07
5.02494476644e-05
3.33545038849e-06
6.27549118123e-11
1.06221726238e-25
2.14553752734e-21
1.04887014747e-12
0.000168159176848
3.33966059911e-09
9.67037455936e-11
0.0003687472197
1.41788791673e-08
1.28137779201e-10
1.51649002523e-14
3.01121335053e-08
1.45105043886e-09
0.00149603209506
0.000116784817623
4.87593642672e-11
4.51932344455e-05
2.6370099594e-19
6.5614065258e-05
1.1524547078e-07
6.74308512429e-05
2.31544823754e-10
7.97877163425e-07
3.52118845093e-05
0.000155103609734
7.47030899835e-06
1.65309327066e-10
7.18377975848e-05
2.57498520326e-09
0.000600943436784
5.52603186109e-07
0.000575277944794
4.97606819972e-12
0.000273654332391
1.14300065893e-05
1.73117040343e-09
0.00058650865228
1.19034335453e-06
3.40988152455e-08
5.08632144869e-05
2.06119650017e-06
1.54612927476e-07
0.000199915433522
1.62067758655e-07
2.19083825601e-10
3.38653352237e-06
2.64583732777e-15
8.18118823696e-06
0.00144408958211
5.33774628777e-05
5.6358127824e-06
8.01313734256e-09
2.24346399767e-06
0.000452642045904
9.3343446017e-11
0.00025704643936
3.63682136158e-05
4.86028917886e-05
3.30811604946e-08
6.50098644574e-05
1.05024345021e-06
9.01948859357e-08
2.0290794174e-09
1.33408336607e-05
5.81655417017e-10
6.7196365449e-12
6.068433082e-08
0.000166734641701
9.78367711863e-06
8.1084887365e-05
1.25186236144e-11
5.09598535876e-09
5.76707156697e-14
8.62182388449e-06
1.2428853207e-05
4.59744138096e-11
6.99097108867e-08
0.000900454400519
8.17270640565e-05
4.19348656629e-11
1.73837083363e-09
2.33284600424e-08
1.39250135055e-06
3.67447048139e-06
1.119557083e-05
8.45255967594e-09
7.08384496862e-16
1.049657623e-09
1.22430474051e-20
1.92852194741e-05
1.15114778547e-07
1.97881763867e-07
7.66067166604e-10
2.01811935561e-12
0.000946602633179
5.9495160569e-05
4.42915190048e-09
1.24644246508e-05
1.74986320253e-14
1.0760331444e-17
3.47887417248e-08
0.000444613959047
1.44339253096e-09
6.45784815158e-05
0.00040930373121
8.82390635613e-07
9.84505776511e-05
0.000127833065651
0.000323571239396
1.40419418971e-07
1.79278363787e-11
4.60001558029e-05
3.85568466385e-08
4.16644760941e-09
8.92193482688e-06
0.000537156997162
1.08106178241e-10
2.5210840197e-07
1.0586618731e-06
0.000308141651826
3.38014532144e-11
1.1630204803e-05
0.000330851187453
2.87535403871e-12
5.10891859962e-08
5.08883883082e-07
3.59398053914e-09
1.862073246e-09
9.23243957914e-05
9.2915844283e-12
8.86298438421e-09
4.51404237224e-05
1.25337465633e-05
7.50998269573e-09
3.74218512688e-08
7.83544796808e-06
1.19768445013e-08
7.59565746514e-05
1.39257727217e-07
1.15929703868e-13
2.67326184649e-21
1.46055801974e-20
2.16130412893e-06
1.79246327285e-09
0.000470579008342
6.18136404234e-08
1.04368292625e-16
2.08850999782e-09
1.52052074697e-06
9.60750809844e-12
5.96117274821e-07
2.12889077155e-06
6.19375579508e-06
5.11471359951e-06
3.38483500939e-07
0.000501108248754
0.000182426320758
0.000215353738693
1.7703489532e-06
8.14276662682e-06
2.55381881725e-14
1.27546292893e-10
1.080245021e-10
4.77606169467e-05
3.28141628159e-08
1.14079226618e-07
3.03472457557e-05
4.19877448855e-05
8.86059193087e-06
8.25689936024e-11
1.16235569255e-05
2.3633950758e-19
2.70258916234e-11
2.4236139796e-06
3.29916864527e-06
2.05676786396e-09
2.39611579106e-12
4.80918502689e-12
0.000356418405357
2.87440272547e-13
3.07149314651e-09
7.33086912678e-05
3.37674396209e-05
1.80640042986e-05
2.82143025284e-06
3.8663282367e-05
0.00225834568783
9.95288985988e-05
1.13812726908e-13
2.59508618526e-06
5.50631303369e-16
0.000138194748633
1.07395999332e-10
5.44221053663e-07
1.68958209366e-08
0.000927742671005
0.000297044476237
0.000136147621001
1.5866306769e-06
3.67334054347e-10
0.00104593207563
6.4037019545e-22
2.47713761526e-12
0.000658125115242
0.00331475222545
1.08095895934e-08
1.74895915469e-06
3.73238343811e-06
0.000664108168084
1.30000854414e-05
2.73548682711e-13
3.62255186513e-05
4.41413773089e-05
2.61856104154e-20
6.85209274795e-06
1.10736919029e-05
5.01350121278e-05
7.54591715177e-14
5.6844710442e-12
0.000154640376384
1.01573304683e-10
1.80983288335e-07
0.000105550427275
4.79751671817e-15
8.05830112576e-06
9.13214790683e-06
1.10757134777e-10
3.7358719505e-05
1.52401757541e-06
0.000671504056587
0.000413837319698
2.98381384126e-10
6.95374545907e-05
1.23661036216e-09
3.65699094041e-07
2.54747676518e-06
5.85363649155e-10
0.000418853462537
1.44743415925e-09
3.04667128719e-10
3.2446627867e-11
0.000585706688005
6.66729094894e-12
8.15615468981e-06
0.000499985224802
8.47576234254e-07
4.14746817871e-06
0.00154188312732
3.57301401473e-08
3.62133809623e-19
4.67789233343e-17
3.5452245306e-14
2.73293684221e-22
2.946579061e-08
2.89119711418e-16
1.10873203102e-17
8.02267330766e-05
9.2788928785e-13
5.14797292765e-19
0.000155622394698
1.40448044147e-10
1.34813563457e-07
0.000118763926875
5.97255540731e-07
3.20341406912e-06
8.242838309e-09
1.48866934252e-16
2.25350157365e-08
2.8734639194e-05
3.84747404155e-06
5.61579191464e-06
5.05557221661e-06
3.19493581006e-07
8.54378036058e-06
7.20329417346e-05
