I: (state)
	(8) 1.0
F: (state)
	(0) 0.0446176520459
	(1) 0.00587305086455
	(3) 0.0154512848648
	(6) 0.542354757925
	(8) 0.196313375083
S: (state,symbol) 
	(0,0) 0.093501197488
	(0,2) 0.150497105623
	(0,3) 0.417559897909
	(0,4) 0.171651261529
	(0,5) 0.00595238095828
	(0,6) 0.0169758289848
	(0,7) 0.143862327507
	(1,0) 0.0580355868943
	(1,1) 0.0811523496413
	(1,3) 0.244161925593
	(1,8) 0.616650137871
	(2,0) 0.106764611119
	(2,1) 0.0230041317456
	(2,2) 0.00850568762843
	(2,3) 0.0528529750679
	(2,4) 0.390577692241
	(2,5) 0.129630260218
	(2,6) 0.0179675850291
	(2,9) 0.270697056951
	(3,0) 0.226226318667
	(3,1) 0.120701370887
	(3,2) 0.0327386004475
	(3,5) 0.111542764272
	(3,6) 0.362164573759
	(3,8) 0.146626371967
	(4,1) 0.136957051971
	(4,4) 0.0265236512514
	(4,5) 0.373941398585
	(4,6) 0.445991963915
	(4,8) 0.0165859342766
	(5,0) 0.0112184407871
	(5,1) 0.105978056303
	(5,3) 0.132164704538
	(5,4) 0.205866471127
	(5,5) 0.207300121619
	(5,6) 0.205759950902
	(5,9) 0.131712254724
	(6,2) 0.0792767056489
	(6,7) 0.776749319355
	(6,8) 0.143973974996
	(7,0) 0.0489306004072
	(7,1) 0.206482709385
	(7,2) 0.109302358254
	(7,3) 0.194454481455
	(7,4) 0.0225102744774
	(7,5) 0.105216957589
	(7,6) 0.0102479459334
	(7,7) 0.00441116514978
	(7,8) 0.259218944562
	(7,9) 0.0392245627882
	(8,0) 0.0919310827268
	(8,1) 0.185948286197
	(8,3) 0.000690727554061
	(8,4) 0.0833564219376
	(8,5) 0.0131880267828
	(8,6) 0.0284259470392
	(8,7) 0.028953312182
	(8,8) 0.510362834473
	(8,9) 0.0571433611077
T: (state,symbol,state) 
	(0,0,1) 1.0
	(0,2,0) 0.49362216809
	(0,2,5) 0.50637783191
	(0,3,1) 0.44787749541
	(0,3,5) 0.55212250459
	(0,4,0) 1.0
	(0,5,0) 0.771555436367
	(0,5,5) 0.228444563633
	(0,6,8) 1.0
	(0,7,1) 0.0479651166372
	(0,7,4) 0.952034883363
	(1,0,5) 0.464537049428
	(1,0,6) 0.535462950572
	(1,1,0) 1.0
	(1,3,6) 1.0
	(1,8,1) 0.155045820517
	(1,8,6) 0.844954179483
	(2,0,6) 1.0
	(2,1,0) 1.0
	(2,2,0) 0.240113496917
	(2,2,1) 0.0827981326779
	(2,2,7) 0.677088370406
	(2,3,3) 1.0
	(2,4,1) 1.0
	(2,5,3) 1.0
	(2,6,2) 0.542958861405
	(2,6,4) 0.457041138595
	(2,9,5) 1.0
	(3,0,0) 1.0
	(3,1,2) 1.0
	(3,2,6) 0.993329364856
	(3,2,7) 0.00667063514355
	(3,5,6) 1.0
	(3,6,1) 1.0
	(3,8,4) 0.151870831755
	(3,8,7) 0.626871056723
	(3,8,8) 0.221258111522
	(4,1,7) 1.0
	(4,4,1) 1.0
	(4,5,4) 0.998130043872
	(4,5,5) 0.00186995612787
	(4,6,6) 1.0
	(4,8,4) 1.0
	(5,0,7) 1.0
	(5,1,3) 1.0
	(5,3,5) 1.0
	(5,4,1) 1.0
	(5,5,5) 0.920516646955
	(5,5,8) 0.0794833530447
	(5,6,1) 0.8854022819
	(5,6,7) 0.1145977181
	(5,9,6) 1.0
	(6,2,0) 0.955240236739
	(6,2,4) 0.0447597632612
	(6,7,2) 1.0
	(6,8,6) 0.7090334891
	(6,8,7) 0.2909665109
	(7,0,5) 0.373717125913
	(7,0,8) 0.626282874087
	(7,1,2) 0.00437294329713
	(7,1,3) 0.250586262375
	(7,1,7) 0.745040794328
	(7,2,4) 0.0228999433743
	(7,2,5) 0.707873423962
	(7,2,6) 0.147975781756
	(7,2,8) 0.121250850908
	(7,3,0) 1.0
	(7,4,2) 1.0
	(7,5,0) 1.0
	(7,6,0) 0.721609156014
	(7,6,2) 0.278390843986
	(7,7,3) 0.165800867429
	(7,7,5) 0.535724600512
	(7,7,6) 0.29847453206
	(7,8,5) 1.0
	(7,9,4) 1.0
	(8,0,0) 0.852377200045
	(8,0,7) 0.147622799955
	(8,1,0) 0.987290620018
	(8,1,6) 0.0127093799821
	(8,3,1) 1.0
	(8,4,0) 0.168728687068
	(8,4,3) 0.523542731965
	(8,4,6) 0.246668992202
	(8,4,7) 0.0610595887659
	(8,5,3) 1.0
	(8,6,3) 1.0
	(8,7,1) 0.0854243760958
	(8,7,3) 0.0265626978857
	(8,7,5) 0.888012926019
	(8,8,4) 0.337715070891
	(8,8,8) 0.662284929109
	(8,9,3) 1.0
