1000
0.243102432515
0.0322314897113
0.000125328720771
0.062633586199
0.0175445541939
0.00171220401266
0.00250958640863
1.8246612133e-05
0.139009020461
0.0401794196933
3.28839073651e-06
4.89743593761e-06
0.00079192622029
1.44805776157e-05
0.000490984337109
6.19577830691e-18
0.0107052564436
0.000141487642241
0.00194190377126
0.00399797164799
0.000559232784797
4.79641695563e-07
0.00124663356694
0.0027619151783
3.52719146282e-05
0.015267927739
0.00160008301679
2.96112032746e-08
1.76401220473e-05
2.25331658797e-06
0.0144534182631
1.04163389853e-11
0.00228590386398
9.15457779205e-06
6.24258492795e-13
6.9886111178e-13
0.0013374938673
5.20580236195e-05
7.87091741499e-07
1.74605680446e-06
4.0792213042e-08
1.37424030486e-09
0.00366691726945
0.00187113517187
0.00621903741111
0.00908437643478
3.9428964597e-09
1.48373505305e-05
4.93885157349e-11
0.0026690011815
0.0222508190804
3.32052448405e-13
0.00252121530146
0.00020460653584
1.05579732631e-07
0.000525023745064
0.000332604257908
5.2887379427e-10
2.14750593909e-06
1.13365803873e-05
0.0218139606174
0.000978536863846
8.6701293978e-06
0.00211427207681
9.83693282319e-11
1.38677840592e-05
6.12438791673e-07
0.00970659576825
7.94487431956e-05
4.68022186626e-12
1.72540317642e-06
7.76057052164e-06
8.18340436624e-06
4.20842750422e-05
0.000697905494782
3.0863738582e-06
7.76461240332e-07
0.00163550596824
1.58226432354e-09
0.000135354007132
0.000695011410644
0.0020958173982
5.5261651212e-08
7.86221495887e-05
3.26017167664e-05
1.16776278019e-06
1.11510618885e-05
9.94717956645e-05
2.48989275382e-15
2.64039445044e-08
0.00211427207681
0.00726981310098
1.45219362825e-08
0.00526733549545
9.05432976329e-05
0.000919872907621
0.000717107244343
1.90828896352e-06
0.000155895544258
0.00318948323665
7.80262893664e-10
3.64782480836e-10
1.28411281016e-07
5.538211568e-07
8.90442189668e-05
8.15855654525e-06
7.06734237391e-05
4.57502474554e-05
2.78176921039e-06
3.37709008976e-05
0.00113026798085
9.35193116158e-06
6.27174738828e-08
6.86801909402e-07
5.05004624014e-07
1.80164871085e-05
0.00550049843473
3.39766965516e-05
4.74143685875e-09
0.000160725299349
7.53019446642e-08
6.48198040627e-08
0.00015943411979
0.000840832267236
1.04606186175e-05
0.000551917097376
0.000414106296609
1.43106307869e-13
0.000809692258142
4.36422488507e-05
0.00553172474317
1.31955457334e-05
0.00615779912497
2.36562544827e-05
0.00188146747108
0.000229155033605
0.000707461830595
0.00029139717944
0.000958357334076
3.42827687282e-06
2.12113561703e-05
0.0011463671104
8.29313583941e-33
5.55060910424e-06
9.68597761074e-07
8.4064751761e-06
0.00516494659979
2.68830666544e-09
0.000105462445747
8.02283711251e-05
0.0126925698545
1.53721169774e-10
0.00121323144531
1.75652079561e-05
1.2909006913e-06
0.00164495839884
2.05679692794e-05
0.00802246329237
7.80331331498e-06
6.48030098106e-10
7.55687174189e-07
0.00352124052485
1.5270196915e-09
0.00938172328358
0.000310433631717
0.0010843213991
0.000187855942509
3.58039648507e-05
9.20914534696e-05
0.000143173002455
0.000144730336961
0.000824962341635
0.001468812511
0.000166918834134
0.000950151762027
0.00072379738301
0.00220689886398
0.000538774761064
0.000328306461639
4.55578245235e-09
1.4000032102e-12
0.00028945986822
1.83921481714e-09
3.86241601883e-12
0.000273208145726
4.76840440806e-08
0.00017435541143
0.000100475778057
6.63408812894e-06
0.0129767339667
1.66256604652e-06
0.00102269317216
2.06581828848e-09
1.59712402952e-05
3.76240295236e-05
0.000441950686995
0.00250501084598
0.000208491546214
5.1976382071e-08
4.08908463456e-07
0.00283622561242
3.38775325907e-07
0.000176660283694
0.000190121104469
0.000152944545297
1.44433925483e-05
0.00413800166201
0.000132300123812
0.00534340889641
3.86389424379e-05
9.28011635462e-09
0.00316165989309
3.25120168776e-09
8.56703655818e-13
0.00146380753953
0.000714485861242
0.00136444171167
3.61209329652e-08
0.000434228752536
0.000622050927302
3.33170658471e-06
8.38941133689e-18
1.24882360922e-08
0.000337755544494
0.00196230486074
3.01399146474e-08
3.19773391538e-06
2.68207109355e-08
0.000158517185529
0.00741604283254
3.77680386608e-05
2.0690313024e-08
1.24241134582e-07
0.000107076232724
5.26656848878e-07
0.000334637609756
2.82565067073e-19
0.000134813781207
0.00251205795396
8.55444710976e-10
9.36251808377e-12
5.96889544366e-16
0.00114342775352
0.000836802955188
4.47163213178e-07
2.32455458879e-05
1.67658345454e-17
5.58806083947e-08
1.71437351641e-10
1.00007881463e-07
0.000210916116952
4.18734998441e-05
6.81874466679e-07
6.67322684467e-15
1.93171884585e-07
3.210879125e-13
3.39373268629e-07
0.000116213056287
2.78550877276e-06
1.33422020554e-14
0.000230274753117
6.48439045417e-05
0.009777011225
4.62648499823e-07
1.48407313855e-05
9.16987040458e-07
0.000189432411328
4.28983457862e-09
0.000428369756244
2.13220573972e-05
1.65571193378e-09
0.00693439227884
4.4173047794e-17
1.76990495878e-06
0.000180156157699
0.000411452846404
1.22988109505e-10
4.93322307118e-12
6.73932992563e-09
4.99807786008e-05
0.000993264852682
0.0024781636672
1.52367338727e-07
6.64020419085e-07
5.58133482762e-07
3.92262512921e-07
7.15831252456e-07
0.000314725255771
0.000658776565645
3.1909945147e-09
1.23596648556e-07
4.54327825649e-06
0.00456266291998
6.75380211229e-09
4.32699691309e-10
0.00270214086227
0.000252340099271
6.41878114825e-13
1.27762234576e-06
1.77054085829e-11
1.38316413513e-06
1.09240992257e-07
0.00010764142558
3.23944126678e-05
3.92859470274e-08
2.36806869133e-05
3.12378269889e-05
9.64097131913e-06
0.000442226470324
4.60583719772e-05
2.80627830655e-09
0.000101632168
1.63833366051e-07
0.000565803020139
5.25277757575e-05
3.27190861943e-06
1.67774521656e-06
0.000693426744053
5.00331475837e-05
0.000497647337051
0.00217271250437
1.97638424325e-07
6.03245514508e-16
0.00128877399027
8.63515493041e-17
5.28611510574e-10
2.12924264118e-06
0.000171615016846
0.000333676804398
2.29964804207e-05
3.19627512872e-05
0.000190879485807
0.00203735624369
2.93464917588e-09
1.31483650908e-06
0.00147212932519
8.60267865036e-08
9.66031353462e-10
0.000122144192684
1.1722890438e-09
1.65695540415e-09
9.27260127652e-06
0.000385699368785
3.44441484963e-07
0.000321083251883
0.00173704627957
4.39553296818e-23
3.90374120636e-08
0.000800374573124
2.31355157722e-05
3.96395530445e-11
4.08453482204e-05
0.00404476344544
5.06019282762e-14
3.2435925646e-11
4.51279450922e-05
2.26085041789e-10
9.1719586113e-08
3.17119377335e-07
4.830004067e-05
0.000628430581811
1.09246570408e-09
0.000305178282931
2.62092100958e-05
2.30286026679e-06
3.87611224204e-10
6.78994751969e-07
2.59709866752e-05
0.000883842476887
7.53925148112e-06
0.00411929953199
1.27030187388e-11
3.30351482066e-06
8.48040231721e-06
5.28827466041e-06
1.9659896607e-05
4.33116231735e-05
1.41168395385e-05
0.00515274334113
1.65410628088e-08
0.000309133928724
2.03946525251e-08
1.33680146851e-12
0.000135433290812
5.58679685656e-05
4.1343746786e-06
0.000502544386936
1.19215637531e-09
2.04834848846e-08
9.75873919976e-07
1.11096068651e-07
6.72250404385e-05
9.8503898854e-09
0.000170730138522
5.70642326185e-06
4.43288520234e-07
1.32534513251e-08
3.17839737826e-05
0.000490362187682
0.00271287839435
0.00193667217599
5.56382412972e-05
2.06687419618e-06
8.34522945537e-07
4.32954545916e-05
0.000221420707184
0.000472252735255
4.79417768658e-07
7.54748494614e-09
4.51670504492e-06
3.06874490045e-16
0.000846195446899
0.000241695067361
1.29163712909e-13
1.48726513917e-22
1.09200700696e-18
2.33442136008e-09
1.58312565794e-12
3.51583978178e-06
2.44252660537e-06
0.000718784293979
3.57291005045e-05
2.40465380876e-11
1.87643263659e-10
7.31148877157e-11
0.000157698055798
0.000229807386849
2.81600046979e-08
0.000220234705073
1.83316090096e-15
0.000264200339435
5.20679934477e-08
4.8441622936e-06
0.000230304521056
3.33514656268e-05
1.72519833715e-06
3.66534748028e-07
1.23303979334e-06
7.25104569951e-05
2.91580840775e-12
3.37844282724e-06
1.45714279221e-10
7.77645961602e-08
0.000361489716199
3.43271983012e-10
2.68222004912e-05
0.000252148518149
6.96666501175e-05
3.37003336566e-09
0.000432029012032
0.000279166737174
0.000175655241843
0.000244363470027
0.000199354713755
4.19231466832e-13
0.00034501125344
0.002056696995
4.34083146412e-15
0.000233376316164
8.38148715242e-06
0.000381272059099
0.000468968382291
0.000879346779698
2.27680035908e-05
1.69294705131e-05
2.11942407012e-05
0.000300955528317
9.07030196507e-06
1.13629408411e-05
4.70633023267e-13
2.29609578103e-13
2.99729821183e-05
4.08678919332e-08
0.00427078561523
0.000357095363812
1.91452390217e-11
1.00505045883e-09
1.56221196647e-08
2.05760129338e-10
2.89519823653e-05
6.51355564244e-13
1.83726905559e-05
1.89301899197e-08
0.000225838023407
4.05431237202e-14
3.07447974977e-15
0.000184934494762
4.34802050111e-05
0.00015188515936
9.30075961167e-11
0.00238167381583
2.66879082769e-05
0.000867229548011
1.52252528368e-10
0.00769877285925
1.17160319951e-05
9.01690047923e-06
1.20101170806e-06
7.2110664407e-11
1.41878894256e-08
3.16121734144e-05
8.35512364231e-08
2.27059890017e-08
1.40151437681e-07
4.9301794068e-06
1.93823990139e-06
1.53650911341e-10
7.85619322818e-08
0.000104281135851
7.28959402383e-05
3.48613933813e-07
9.01443205355e-05
1.95377336249e-06
0.000723370256475
0.000948018388016
5.6332431231e-05
0.000500744167551
1.28521306062e-09
9.57604226814e-06
0.000859436426669
2.13273029388e-06
0.000602767070757
0.000144083492192
7.34307127838e-11
3.37379396328e-07
9.76155829833e-06
1.04367316048e-05
0.000206422048581
1.42825330078e-05
0.00288702542217
6.74197495354e-11
7.27417862346e-06
2.48886587014e-06
1.86721938642e-05
1.90402969468e-06
7.23604343347e-05
9.09782921874e-07
2.04918891631e-07
6.44907972399e-05
2.42276851107e-12
5.99415106595e-07
1.77159245742e-07
3.55018409895e-09
0.000234112109258
1.59688729487e-09
7.58081448699e-05
3.09032533479e-22
1.30881686472e-07
3.69336477888e-07
3.61702508608e-06
4.28535852442e-10
1.63317293663e-07
8.48242809174e-05
3.14750890219e-06
1.07342372247e-14
4.42322809419e-05
1.23605780539e-05
1.6831625538e-05
9.6376110369e-08
4.84935719407e-06
1.03592482947e-06
1.93205250496e-07
9.17954654453e-14
2.34134604744e-10
0.00119902592523
0.000218341800351
9.13809310255e-05
3.37046990339e-05
2.1984052637e-08
1.967292171e-10
2.85919012718e-08
1.08552707326e-06
4.22595568316e-05
4.33766205159e-05
2.79264815422e-11
1.06570813476e-08
7.61760264355e-07
0.00155115818895
2.90238537713e-13
2.44051594778e-05
0.000854780883356
7.35264806292e-09
5.22961162857e-06
2.78908486108e-05
9.98306536874e-09
3.46654689571e-11
0.00170593881175
1.36586579775e-07
3.68396358476e-12
7.65814089087e-09
3.36482830747e-05
8.77085600612e-07
0.000463148267845
1.71678051611e-09
7.74735199118e-05
8.95081883282e-09
5.29423244771e-06
1.25531062122e-06
2.74700868947e-05
2.03876510623e-10
5.39855703797e-05
3.20932511716e-20
6.46350416983e-05
0.000125744582588
4.5833973134e-05
0.000271789811779
5.51952045185e-17
0.00010161965919
1.24243672567e-06
0.000284486007237
0.00302824278995
1.37019150998e-05
1.60165978755e-05
8.70938359055e-05
5.90912921613e-05
1.87420219101e-20
5.13594854133e-06
1.93345614418e-06
4.752075494e-16
0.000355408214343
6.55983888496e-06
1.8428301073e-08
0.000397391014246
4.94708765137e-06
1.84845363249e-07
0.00013249488942
0.00209640299558
1.21655068759e-08
2.31164880021e-05
0.00042192647038
5.96700161667e-11
0.000186529910225
0.000348231522188
0.000698118660937
2.82430563875e-05
1.93724668417e-05
1.38951705014e-09
5.18923913565e-07
3.87316048187e-08
0.000175125551533
5.30735884975e-11
3.94633457573e-06
5.83350107686e-05
1.12840384859e-07
1.35894574065e-07
5.51443239648e-08
5.32333739049e-06
2.22383384819e-19
1.40902196754e-08
6.89055650037e-06
4.57597266698e-06
4.21637885931e-13
0.000177436613746
1.36273594355e-06
9.29410975882e-05
2.70112969852e-05
9.25426133415e-08
3.20774889137e-21
1.49822519882e-08
0.000185969145292
2.78964074224e-05
1.73488737087e-14
6.43053146393e-11
3.17623383843e-06
9.11234043406e-06
2.04878981962e-11
0.00405187669548
2.48617103865e-05
0.000777133564311
4.96416173696e-06
8.30756959827e-05
6.20728898551e-12
6.90131143227e-06
2.80979094573e-09
5.93986967083e-06
3.76410300354e-09
0.000222712854438
0.000253126409982
0.000402346574518
0.000128673429423
2.32325845087e-05
2.47046365335e-14
2.74531181387e-05
3.91945496646e-20
4.09389942848e-16
5.59248105889e-10
4.82891465174e-06
1.96457730047e-10
1.92194172307e-07
0.000767500125186
1.88876464488e-06
7.95966343975e-15
2.00867937995e-08
7.90556527704e-09
0.000311748104735
2.66981627622e-12
7.06317768277e-06
9.82790135256e-05
3.50366275258e-05
4.88694767433e-05
9.02526754929e-06
4.64803752728e-05
5.57630378875e-05
1.68136924523e-07
5.33241482378e-06
0.000325112750692
0.000259361392377
3.84719923274e-08
1.65310816442e-07
6.65273071518e-10
3.74010432967e-07
4.28331183855e-06
4.84350698915e-06
9.45751978943e-07
2.54026084603e-08
4.85225123929e-07
0.000567957996303
8.4448774088e-05
1.44694615996e-09
6.76842207861e-06
3.4441422204e-14
1.01396795739e-05
7.22185538531e-06
1.44131057217e-05
2.00506158122e-16
6.12589344279e-06
4.06446810456e-09
0.000783395185484
1.98195642838e-07
4.10924502536e-07
3.04319713313e-11
3.0011635608e-07
1.15412750302e-06
3.40824070447e-08
0.0010932254134
3.70352902347e-12
1.76548582635e-08
2.04174426302e-05
0.000513518829074
3.49970856012e-11
3.06075268204e-05
1.75063311944e-10
1.67853743674e-08
0.000244363470027
7.14603775807e-05
5.22650096305e-07
1.40183790214e-05
5.58023666114e-10
3.20795294897e-07
2.24443858356e-11
8.07565959922e-05
9.3334812141e-11
0.000224891281082
0.000327667916094
0.00233222310843
3.50843614053e-05
1.42177294069e-06
8.82681307164e-05
4.97186602267e-06
8.64407997523e-06
2.11630727447e-11
4.15244607716e-07
1.16913340387e-09
0.000371024561747
0.000858661694424
0.000265606243796
0.00204762030594
1.12126277435e-10
3.66607843447e-08
6.9254343459e-08
5.56025732858e-06
4.72518657169e-07
0.000135330519766
2.6539607918e-07
1.05755998143e-05
7.11965703536e-18
8.09934137094e-07
2.18479743089e-06
3.4629676312e-06
2.5897285345e-10
1.32845524602e-07
0.000238567813306
0.000108290341222
2.28897432013e-07
1.80534226704e-05
2.1264990465e-06
1.1645608436e-06
0.000284468763322
8.4891054106e-06
0.00106647288192
5.71079297033e-05
2.75533052141e-05
5.22258328529e-08
3.58776374306e-10
4.41514864456e-11
0.00076192473057
9.50510384626e-06
1.20229423683e-09
1.4891908288e-05
4.13568310195e-08
3.96837355753e-06
1.61393708639e-07
0.000114202626978
1.39015355733e-14
1.17109335119e-05
0.00140757871019
4.3849241462e-09
2.33813501e-05
3.75834568387e-07
3.25530062787e-06
1.65906429298e-07
9.99915657117e-05
1.12022859556e-06
0.000226845895541
7.70198009574e-08
7.47490034352e-07
9.54533142184e-10
1.05572996965e-08
0.000175540952462
5.16267499945e-12
9.60387542911e-05
1.56211084905e-05
7.23633411954e-07
9.12602659007e-10
1.63539080714e-12
6.48870939806e-12
2.27446377489e-05
1.46187544451e-09
1.19488219764e-10
0.000145228170746
2.14650690209e-07
0.00158657273613
4.09211836634e-07
1.2543171745e-08
4.46447418128e-05
0.000213212507408
1.49535048232e-06
6.20904815206e-05
6.1979537506e-12
4.52074038771e-05
3.24158147316e-08
0.000215983503864
3.11977185048e-10
2.48279792315e-10
6.08075633593e-05
0.000407630130757
1.2212808661e-05
2.60152973141e-11
1.4177102206e-08
1.03988976803e-06
0.000366635427001
1.67069666155e-07
4.13653519461e-07
9.7422096114e-06
1.33550461851e-30
2.25618794055e-07
9.84537710512e-06
6.4534874154e-05
4.76897005306e-10
0.000445128150607
0.00285092669064
5.76697264987e-11
1.22643533642e-05
0.00120232093773
1.18520225011e-10
2.93535677997e-09
1.22462520046e-07
4.8788619352e-08
0.000120000456617
4.96045601429e-08
1.63129916938e-08
3.85514649614e-09
5.87348697838e-11
3.01050520667e-07
2.77036576837e-17
3.10670745612e-05
2.47256362018e-09
7.07820257976e-06
5.57245391143e-06
2.92473951457e-10
2.53164629187e-06
2.77662012925e-08
4.39728542464e-11
0.000260508358875
1.43851945747e-05
4.55976955349e-05
3.84102087349e-06
1.84569702545e-06
3.81215545071e-06
0.000100811789263
1.30482162508e-12
0.000386752210084
3.34406163401e-06
1.0990365356e-06
0.000359794859815
5.78169486611e-12
8.59941166519e-07
0.00011901107762
0.000736974825786
3.29357680814e-05
1.40582623337e-06
1.20690661253e-05
7.39104909963e-22
8.83108786906e-08
4.63044113246e-06
5.62751277663e-05
1.13465504581e-07
0.000325748591067
8.76338294338e-07
2.32220567467e-10
0.000271197112598
1.33293590617e-11
5.93602245668e-10
0.000649355020202
4.75900633454e-10
2.7444378953e-08
5.83976206768e-09
9.59502218398e-05
1.26676840762e-05
7.12633700799e-10
8.10375464907e-08
0.000161004971263
5.0246222164e-09
2.17182267697e-11
9.82589137821e-07
5.60853700046e-09
0.000132900782759
1.21640209619e-05
3.05382811958e-10
1.14744568035e-05
0.000328424538263
8.87567743261e-07
3.41655647393e-05
1.58942362594e-05
1.6925376522e-05
7.90611707968e-08
2.03787871448e-07
6.91657187334e-08
0.0044645723078
5.4102135962e-07
0.00039083769741
7.41387739271e-06
0.000707205524538
2.84461144265e-05
8.1080546129e-06
5.04982988112e-08
0.000797550210277
6.98401697008e-06
1.14852279766e-05
1.60464453649e-06
0.000150342732488
2.13664182269e-05
1.18714915026e-09
1.87223976821e-05
3.99521428239e-06
3.97204732062e-13
9.05796538791e-05
2.29335325206e-06
3.15458900385e-08
7.95576809884e-10
0.00017728927572
0.000199737701299
2.48157394965e-08
9.09421264749e-05
1.11345820524e-13
0.00015943411979
0.000186153437399
0.000167613701417
3.04285811771e-05
0.000126431968823
7.41042940494e-09
5.07276459269e-11
1.93907286882e-05
3.62676664052e-08
2.35489386442e-06
6.47159298617e-05
5.21320853356e-06
0.00101033954016
6.52779876442e-05
0.000117770898909
7.83020997102e-06
3.74640243708e-08
4.75317085112e-06
5.55947227417e-08
1.83232454559e-09
2.15528676235e-13
2.36844134054e-05
1.50275762331e-10
8.42127416343e-09
0.000139641708247
1.94756827112e-08
1.70529957833e-09
1.54691512777e-06
1.69083380499e-05
8.27460048384e-30
5.75122795495e-06
5.57255974704e-05
3.57197705362e-09
3.24308290968e-06
0.000122899340711
