1000
4.7351492037e-07
0.223555479583
0.193706952822
2.00597435111e-13
1.28259465001e-06
0.00384137913792
8.45948718574e-07
0.068364974961
0.0987439944726
0.000264180318344
0.00896839714145
2.01308599642e-06
0.000827366388669
1.1716528418e-08
0.00668799044404
9.82832520178e-07
3.25953797715e-18
0.00032519502735
0.000265407527265
0.000936356750498
1.75438084982e-06
4.13236047853e-05
0.00530314463388
0.000120679999817
0.000721093630118
2.18726064393e-06
1.94940366867e-05
4.47420109272e-08
0.00106618344515
2.80688978731e-05
0.0301454507585
0.000205943375587
2.81665580771e-05
0.00321489258789
0.0105593962491
0.000158914501222
0.0018101305452
0.00357426659092
0.00415416974889
0.0010658276356
4.79142521637e-05
0.000216337802985
5.54222242384e-09
0.00564973175263
0.0134460893894
3.33387240849e-07
2.44782181252e-06
0.00769153450104
1.86057342278e-08
1.26693920686e-09
0.00322366703279
0.00407345929051
0.00188414592652
2.27837925222e-05
4.29180509111e-08
0.00380903722707
9.53446004226e-05
3.54814271571e-12
3.19746110662e-05
8.00248961473e-06
0.00217071437954
3.41736544821e-11
0.00280959656424
0.0140843255438
1.47903939991e-05
0.0011136699653
0.0088147150384
0.00151504192572
0.000133296516646
7.51227166755e-07
0.000447388548777
0.000264163007401
8.66393275382e-05
0.00773694444096
1.24148158343e-06
0.00704105886931
0.000113612196718
3.37329489965e-07
2.68024637635e-06
0.000618175745307
6.55955287783e-08
1.40810713974e-05
4.44027328785e-10
8.05476562445e-05
8.74136672501e-05
3.49068637906e-09
0.00330512525711
0.00421602823928
0.00481589354695
2.01445673949e-07
5.5884956349e-08
1.14120108856e-06
2.96236852529e-15
2.94610622917e-05
3.01414127689e-07
7.03807086543e-11
0.0079266762384
1.10695625859e-06
2.74223304738e-06
3.23066130085e-07
0.00112375593656
0.00421295911176
0.000240715943173
0.000617940371946
4.29445707749e-06
2.39256411784e-05
1.76648777761e-07
1.87597537185e-08
0.00920307312143
0.0024349953331
0.00258902301372
1.00478077274e-07
0.000278893414899
0.00315766199846
0.000760930324877
0.000396534896817
0.000206496672653
2.19386199002e-05
0.00138922761484
0.000457637414341
9.77731776284e-07
0.000248147186194
4.44067502294e-08
7.85321883065e-06
0.00193201989332
8.95464655994e-06
0.000194503176044
0.000200754272792
4.09967772656e-08
0.000143010731237
7.68293281745e-05
4.081816709e-07
4.46313595022e-05
0.00951309367431
1.28026691356e-06
0.00117789942857
0.00206393806986
0.000167550360255
0.000835866678431
9.0301875488e-08
0.00273795257984
0.000196125723062
4.14868547769e-05
0.000551953857906
0.000325385403717
3.84944653106e-06
8.77181328489e-10
1.07104895063e-09
0.000283062256656
8.50937700991e-06
1.23619219914e-06
0.00234678857637
0.00595174742616
6.43677977419e-06
1.43348222019e-05
3.92382496915e-05
2.35023738229e-07
4.11930226124e-11
0.00879849586322
0.00126822213621
3.22049738631e-13
0.000242803821243
9.46283223988e-05
1.12036945421e-09
4.26334760908e-05
0.000273548711093
1.28194448667e-05
0.00275395772788
0.00210823581872
0.000549171337512
2.09151944393e-10
1.6405640556e-07
3.93411596467e-07
1.5223196933e-08
3.09249279323e-05
0.00042443514064
0.00198396841941
6.568882144e-06
0.00065132335734
0.000216378491191
4.3002436379e-05
2.09041202084e-06
0.000133527178891
1.90659221599e-06
8.84780900497e-05
0.00110386353965
0.000614030171058
6.05496108993e-05
8.03290437799e-08
0.000125934742515
3.28616936474e-07
0.000386049708907
2.27849645307e-09
0.00126866042739
0.00166726280189
5.64510618671e-09
3.11660836275e-07
2.82441749637e-07
1.99726555234e-06
0.000136601856611
0.00037620999811
4.37369045154e-11
5.06822211688e-05
3.62047074886e-05
2.1781030336e-05
5.44793338571e-06
0.00110835104271
0.00120446640315
0.000991213631767
0.000385508930043
3.44189054598e-06
0.000226288666189
0.00236200367336
0.000722959496871
0.00124358212482
5.65993540254e-11
1.16473324458e-06
2.75387076743e-09
6.10922953701e-09
0.00110375414573
0.000162532820287
1.47752365554e-07
9.90811241534e-05
1.37078476344e-09
1.62603904353e-10
3.81772823521e-08
0.000139609416751
0.0025673386293
1.61250082307e-08
0.00077424420376
0.000911016258833
1.04097508113e-09
1.70575635971e-06
0.00385831001817
2.01812482244e-10
5.28436506456e-07
2.67509260252e-05
0.000321671493964
5.92696664907e-05
0.00286457157479
3.14207186143e-06
0.000175458059573
0.000232571921743
2.64692154851e-05
0.000582383475506
4.53435413005e-06
0.000102027192472
5.74413565609e-19
0.00462693174294
6.53333537279e-14
7.84474312103e-06
0.000518864887366
0.000685558860644
0.000434832747001
6.94197602683e-05
6.44436547365e-06
1.63127412608e-09
2.63603642584e-05
8.33658390886e-05
0.000614036328287
7.26428582903e-05
0.000862332410196
0.00105709675619
0.000429153064532
9.49704600625e-11
0.000245511204882
0.00010893289101
6.66806271938e-10
0.000461683398193
0.0015020581518
7.05456936257e-07
0.000239033340731
1.63983150318e-08
0.00221034801317
2.07203227108e-05
0.000589250523009
1.98407876249e-05
1.77546263237e-11
0.000319170075928
8.03074964445e-06
0.000133483952833
1.2526800158e-06
8.73175464167e-08
5.44380637244e-07
1.52830086424e-05
7.84410659423e-11
2.3627659618e-06
0.000325494028443
0.00240859768769
5.09198098186e-09
0.000637111738487
1.56532629686e-09
2.95394845201e-08
0.00022349748712
7.58295163754e-07
3.65524232614e-05
1.87999223101e-06
2.08645599152e-10
0.00230177319171
3.85494130726e-10
9.27104732724e-06
0.000571003912693
3.05297329582e-07
0.000102384570852
2.73377214448e-05
0.00103264531337
9.58579322814e-06
0.000538276865884
5.36798081642e-06
7.76651262597e-05
0.000154367230794
1.02315989558e-06
0.000745384847077
4.77199325102e-05
1.32369781199e-06
5.8946591029e-05
3.77513680664e-08
0.00308529363876
1.71714453323e-07
2.35649105052e-07
0.000300450104134
2.15818819406e-06
2.98188904943e-11
2.55757274154e-07
6.86824660647e-06
9.11019542954e-08
3.71389337855e-06
0.000144623745075
0.000216378491191
1.98814361893e-16
2.38247783895e-07
1.17191949576e-05
0.000198139360825
6.73807976786e-05
0.000188803256426
6.26660625552e-08
0.000147506082015
0.00109927229704
0.000941925287495
0.000695967388376
5.56023327472e-09
2.2722771746e-06
9.92434867155e-08
8.13541266882e-07
0.000166871980639
0.000314161405387
7.77511211069e-05
8.47013411214e-12
2.67536998037e-05
5.20776245111e-07
7.02510016565e-08
1.18465135593e-06
0.00271010915591
2.6780390259e-07
0.000752315323338
1.23186398188e-05
0.000291882593633
1.73535611464e-11
2.07098750235e-08
2.24543996759e-05
2.79165001446e-06
0.000238123512873
0.000795324620447
2.48814958701e-10
0.00125157273419
3.84680653904e-09
1.05032985915e-18
1.44257733929e-06
6.23165229824e-05
0.00188257003243
0.000265692199106
0.00029501381768
0.000332300060172
5.01075751955e-10
9.98675241847e-11
1.6143031873e-06
0.000888088657866
9.86190643789e-09
0.000254398743596
1.82658344881e-05
0.000220036533827
8.75303164164e-06
0.000627005825303
3.40513713885e-13
0.000708766198566
9.06774127691e-05
0.000435292839323
1.66680947649e-07
7.40664964062e-05
9.17240979358e-05
0.00290424241445
1.52397626401e-05
2.57433862689e-07
8.32670099495e-08
1.86993126218e-05
0.00142349322164
1.20817916151e-05
1.48729938723e-09
4.9875941236e-06
0.000269096243828
0.00169603115978
3.21485951132e-10
3.33295834789e-05
0.000176605059123
4.21047748132e-09
2.92582302067e-08
5.93265138258e-05
0.00040653698479
0.0001399490204
6.3012588919e-10
0.000984149935578
0.00176466987076
2.62164979681e-13
1.00775585148e-05
0.000425374155383
2.01177657718e-15
0.000255180863706
2.16259209838e-07
1.19396179108e-06
9.17609691119e-05
7.95047398721e-05
3.30761132431e-10
0.000224484544688
1.80364378765e-06
6.64035067699e-07
6.72664062434e-07
5.97839764141e-05
2.70913404042e-06
0.000989324732446
1.8103507811e-06
0.00244157162583
7.6683378016e-10
0.000105473534116
2.27082378844e-05
0.000251661015699
3.92702693002e-06
3.22919517323e-07
3.23940665731e-05
1.7720282729e-05
2.6478681852e-05
5.82025002843e-07
0.000137021586106
0.000174511062259
8.12759005926e-07
3.36721531227e-06
1.03882287308e-06
2.46745777338e-06
0.000533877102042
2.14300281634e-09
3.12590078335e-05
6.29376482052e-05
9.35686654745e-06
4.46647209942e-06
0.000165374265748
3.53244862569e-10
9.21885126059e-09
8.70284615509e-09
9.72455053604e-07
3.40565523174e-05
3.33111661292e-06
2.141050357e-06
3.89652167028e-05
2.96086078048e-10
3.81684198451e-06
5.32126541777e-16
4.92113806186e-08
0.00016295233473
3.66110000667e-06
8.88000004716e-07
4.11271551719e-08
3.40528911623e-05
1.88842487861e-06
7.25052691154e-07
3.08050989552e-10
0.00055619962059
2.32939333121e-05
0.000456076265952
2.58959271524e-05
0.000258968361785
0.00026209178691
9.70101146934e-06
0.000286085118844
3.76373867789e-09
0.000691713241569
8.90480195603e-06
3.6339394828e-06
1.05032735581e-05
0.000915956038569
5.58533767743e-08
3.6692927352e-06
3.44849349579e-07
3.42940622299e-07
4.4102847341e-05
2.75985608265e-05
4.20052167024e-05
0.00343160982836
2.57447303377e-08
0.000261858179431
0.000422419658878
2.41254990661e-09
3.97315299412e-06
3.32636042823e-11
0.000387308014503
0.00154240499995
1.36956586673e-12
0.00082950303564
0.000168397438085
3.25035784897e-10
0.000222917993759
1.64731908619e-05
6.66425424348e-05
8.39737883848e-07
2.78284761215e-05
2.92249501645e-09
5.07427676292e-06
0.000192361804649
0.000362292214967
0.000955188329438
6.54056718732e-11
0.000118925904119
3.53867709757e-05
2.17617047998e-05
1.58803445062e-05
2.52917031891e-11
0.00087452205892
2.23671151726e-08
9.33627587578e-07
7.33097761696e-06
6.41574300656e-07
1.75414213647e-09
2.6124816308e-13
0.000499184838763
0.000219365419035
7.93780536679e-11
1.59739987734e-05
8.05873872924e-10
4.44218192571e-07
1.95697700608e-05
1.55267689742e-09
9.12008248336e-05
6.85097504829e-08
2.69213854584e-07
0.000146227968408
1.13380375295e-05
1.17099473956e-11
0.000927030984576
1.8738665493e-05
2.41681326834e-11
9.50758471544e-07
1.67640394747e-10
6.38400205746e-06
9.89962076105e-05
9.28394295696e-09
4.19704087773e-06
3.21115974159e-06
1.35662743402e-06
8.86036734164e-07
0.0002658411277
1.11254545044e-07
7.33189848412e-05
7.19090666581e-07
0.000224978669943
1.30067429648e-14
4.26754110017e-08
7.17655681652e-07
3.22658342506e-08
1.87048437353e-07
0.000565386636945
9.43825391569e-08
0.00119224100009
1.10683900579e-06
3.82306007449e-08
3.68679127243e-12
0.000355592428035
6.57350328241e-07
0.000247971675453
9.74413322038e-07
2.04249377872e-07
0.00010475656238
4.16918179057e-09
1.51426711554e-08
2.8446746883e-05
1.64813559017e-05
0.00015023435554
6.23755877971e-06
1.22159310162e-11
0.000668622569845
0.000667339465294
2.15865669927e-05
1.15326238875e-05
4.20629055082e-09
8.74976814949e-12
2.90601026831e-06
0.000702705929393
0.000206007408325
5.72614459117e-06
2.31112937392e-05
3.59318988955e-05
4.85180098813e-06
3.67593308423e-06
1.23430615889e-06
1.16864461085e-05
3.22060607987e-08
5.72610209959e-06
1.43699816136e-05
0.00029798878924
0.000508996916363
3.32747305325e-05
3.71543351956e-06
0.000128528232724
8.66675232537e-06
1.13994136968e-10
1.55432235694e-10
0.000109888909422
2.64668783176e-08
0.00131685862867
0.00260515361188
0.000320039934137
1.14375948317e-05
4.21249492225e-12
6.7764447356e-06
2.50061540177e-05
8.14817893649e-09
3.12469819554e-05
5.27137250734e-06
5.20066577098e-27
2.17124261207e-10
0.000149828308159
0.000212526705411
4.5860035792e-05
5.77583053526e-05
1.48219310669e-07
9.46078185053e-05
5.49647996858e-07
0.00179023790746
6.41223815457e-05
0.000214528357956
0.000941906066892
0.000886633128053
9.97556618019e-11
2.64407352099e-08
6.23993142908e-10
2.07010236661e-06
0.000457860295923
5.91642174985e-13
7.0344681765e-12
5.67612139263e-05
1.65265921488e-12
7.2861047502e-06
1.35399452881e-05
8.64830772503e-05
1.83261618607e-08
2.82842810236e-07
1.96525191454e-05
9.93365694561e-05
9.1370782979e-08
1.44598153863e-10
2.79104469127e-07
2.02796948812e-05
3.73210648533e-05
1.80490454783e-10
3.53463891814e-07
1.20107380574e-09
3.27926623778e-06
1.17088128586e-11
1.2079798974e-05
4.39420667975e-07
5.415078533e-05
3.95514791127e-08
1.60215406538e-09
0.000433039696666
5.05011666452e-08
2.35972276549e-07
0.000302312362448
7.79216095846e-08
0.000284419336174
3.75033528528e-09
2.37778007467e-05
5.8661476547e-10
1.27367540806e-05
0.000937901346853
1.05092199805e-05
6.99452203158e-07
1.34659183113e-06
6.44885294721e-05
4.40992692725e-05
1.88728857087e-05
8.52942430309e-08
0.0002767660448
2.49245057846e-06
3.03305845291e-05
1.36379506901e-06
1.78914728868e-06
3.05121636594e-10
0.000682397551687
1.10014812394e-06
0.000335595689414
6.88664342433e-11
6.43041691949e-05
1.33603330739e-06
0.000181907537023
4.30498324907e-08
1.6961853057e-07
2.13408279733e-08
4.93701894051e-05
1.53565087199e-05
1.6858484601e-06
0.00017350340616
2.761346769e-09
2.16622516312e-06
2.67151273598e-05
1.292618665e-05
5.28107041156e-06
1.30890468986e-07
9.77367010004e-06
5.88436397388e-06
0.00099334660436
9.04508308139e-06
9.15519150267e-05
7.69179661166e-11
2.85169205231e-11
1.07063017993e-05
5.18637665584e-07
7.38017025447e-05
0.000198404997526
3.59998537785e-05
7.67816393581e-11
7.60843284107e-05
1.67952714965e-05
0.00028331077034
0.000101801967135
1.24175362224e-05
6.72545582557e-13
1.27908305513e-05
0.000574727835502
7.66058933366e-08
3.42968018563e-09
2.48100306072e-05
1.25249767212e-06
9.27222717295e-10
2.45999074887e-08
3.91856653853e-09
3.24822121189e-06
0.000304595241397
4.01613831909e-08
1.46870983518e-05
3.93551058674e-12
3.18097838834e-09
3.18650522614e-06
1.31396845965e-05
0.000426759460842
3.42241419151e-05
2.06988522835e-05
0.000138035253285
0.000167715628811
4.12389270114e-06
2.40162924137e-06
1.26807797108e-08
0.000163517147673
3.2574637221e-05
3.91129139944e-05
6.48283380453e-07
0.000697526398611
5.38961887717e-07
4.1041622427e-07
1.02626581388e-06
0.000153164350488
8.89504388201e-07
1.38764666842e-12
4.0475078981e-10
9.90410692404e-05
7.20494019259e-08
2.37480879382e-08
4.79626342298e-07
6.21915775285e-07
0.00099024992148
6.11435956354e-08
4.97266884043e-10
4.21351702912e-06
5.20067000025e-05
3.5225943758e-11
2.69042926544e-07
2.64312747371e-05
3.20466589789e-12
9.5008245802e-06
1.74615677498e-05
6.12662620335e-05
7.42302911853e-07
2.48675411878e-09
7.20180042757e-14
1.16968743633e-07
1.73462118078e-07
2.90593712455e-05
2.27167275629e-05
1.00001251373e-07
7.30860089942e-10
4.35235817783e-06
0.000130635991947
1.70222275309e-10
1.23794414144e-05
6.04874310982e-06
3.66183747822e-05
0.000657587738916
7.85490806911e-07
0.000291608445698
4.50569600709e-06
3.50398896947e-07
3.50503107956e-06
2.15383814252e-06
0.000148827936042
7.80936877977e-14
5.27306586151e-07
3.18104900099e-11
5.65748298772e-10
4.04218337718e-13
2.50278619873e-05
0.000111761805021
2.99379595076e-07
1.28879457879e-05
3.48532000626e-06
0.000120039030061
0.000477265667815
1.84903703815e-12
6.72068963872e-05
9.68776875619e-09
4.16042650966e-05
1.06041161934e-07
7.81494367295e-05
1.66306867659e-05
8.52215089029e-06
0.000379651885748
5.8986055332e-08
4.10768007784e-07
0.000427909330998
9.42376272554e-07
2.52485329601e-05
6.13492055859e-11
7.16173186847e-08
0.000128117684961
6.03354225104e-07
2.07610726754e-05
1.32987389363e-05
5.43330606862e-05
0.000641344978752
2.10910557279e-06
8.72386862255e-06
1.27991548774e-08
0.000153942766708
0.000340550309378
3.84060556872e-09
2.24872868743e-08
9.82638731469e-06
0.000735203175393
1.6612767235e-12
0.000193084585312
8.23065064188e-07
2.37021710734e-07
3.22747686603e-07
4.78860496242e-06
0.000188722226499
2.22151958473e-10
0.00019101708434
1.81195024343e-05
1.52783034352e-06
8.06460481406e-05
2.08836683133e-05
9.13601980231e-05
5.36642344339e-09
1.03890592165e-05
2.67036240504e-08
2.35143365916e-06
4.01662432431e-05
1.07854105713e-05
9.31461185114e-06
8.60628386532e-07
8.90248372826e-05
1.85222531387e-10
1.19144916345e-08
0.000195954284305
3.07337888786e-08
1.43767840116e-06
8.79406839995e-09
4.28774097046e-07
2.59051095426e-11
1.61024216697e-07
0.000325606517541
3.05620662689e-10
1.22168767955e-08
2.20935230675e-07
0.000435228998591
3.59481978659e-10
0.000757451402709
1.6847056778e-05
0.00088197116319
6.32998927031e-07
2.25794816485e-05
9.90055795238e-06
3.68740007595e-05
2.97644936355e-08
0.000171073151571
7.36803124641e-08
4.7507365729e-08
1.48621330446e-05
6.44034864611e-06
1.18517515727e-06
0.000466917458006
6.66536728498e-08
0.000517779578242
1.96557445373e-12
0.000396556189104
1.52479552361e-05
3.34081761294e-05
1.2875934598e-06
1.10371971897e-05
2.09116650395e-09
4.67700024998e-08
5.23943491026e-07
0.000249935489368
6.54931379433e-05
0.000109454200697
6.02200107302e-07
3.86190972264e-07
3.01415691224e-09
0.000298677326859
0.000123243496213
2.01667664649e-05
9.09799558329e-05
3.74818087868e-05
8.24810778973e-07
2.61808846725e-08
8.43678669994e-05
1.32109349512e-05
4.3620614241e-06
7.11630565171e-06
3.06125032727e-05
2.79067687237e-08
2.12601791709e-05
4.34361989824e-08
0.000689482253799
2.04590264015e-07
2.3870815012e-11
0.000100591706669
5.82054129107e-06
9.51850344034e-06
5.01822730791e-05
4.49041936057e-09
1.43144163438e-06
3.53804148627e-05
6.57614088477e-06
2.31192864927e-11
1.94288563497e-09
6.01985211047e-06
0.000254130600194
0.000306376727423
4.91973160022e-05
7.54631872758e-06
2.75472746872e-08
4.68085007464e-08
0.00010917389271
4.01649134271e-05
3.33285213822e-09
0.000687075582082
0.000107002955774
6.40833321345e-19
0.00102907972436
4.11687777499e-07
6.73161012561e-06
3.04400307643e-08
2.19294581431e-08
7.79701861734e-11
5.6673815608e-06
2.11805635786e-10
0.000196732510915
2.24870096871e-06
2.75626561079e-08
1.12182431841e-05
1.30347152928e-08
3.13958840657e-05
0.000117691617902
9.52609934777e-05
1.17126923425e-05
2.78297573613e-05
3.31575445081e-06
4.43980722857e-08
4.50156472787e-12
3.21958689866e-06
6.723013757e-11
0.000155391136042
1.01702855952e-05
2.65543495735e-09
4.02506513252e-10
6.90507718643e-05
6.85948994781e-08
2.61974401672e-08
1.10739641813e-07
1.12026498662e-05
2.7699013999e-10
3.18069020351e-06
0.000434800119848
2.25174206564e-07
