I: (state)
	(9) 1.0
F: (state)
	(1) 0.141719911049
	(2) 0.0621379552779
	(3) 0.475110581939
	(4) 0.516813493496
	(6) 0.300654679937
	(7) 0.393446203864
	(8) 0.263319744309
	(9) 0.140931603245
	(10) 0.26881158432
	(11) 0.0348121384544
	(13) 0.0436965778933
	(14) 0.0127530352659
	(15) 0.104935325084
	(17) 0.119893085204
	(18) 0.0814780758857
	(20) 0.490963873762
	(22) 0.219564203877
	(23) 0.167866610989
	(24) 0.101097296122
	(25) 0.250863481289
	(26) 0.172465245433
	(27) 0.65808985933
	(28) 0.331556826973
	(29) 0.0565817641976
	(30) 0.174619907716
	(31) 0.705406421577
	(32) 0.678852796333
	(35) 0.401733701942
	(36) 0.60599513663
	(37) 0.989322189501
	(38) 0.279422953917
	(39) 0.0569081386386
	(41) 0.271161261163
S: (state,symbol) 
	(0,0) 0.033141228975
	(0,2) 0.0639232592598
	(0,3) 0.902935511765
	(1,1) 0.7617722441
	(1,2) 0.213833937106
	(1,3) 0.0243938187937
	(2,0) 0.301904917799
	(2,1) 0.488918506036
	(2,2) 0.147118495318
	(2,3) 0.0620580808468
	(3,0) 0.256060838669
	(3,1) 0.175389641145
	(3,2) 0.568549520186
	(4,0) 0.258911158168
	(4,1) 0.431057357726
	(4,2) 0.306686807914
	(4,3) 0.00334467619234
	(5,0) 0.0813904582476
	(5,1) 0.621757760901
	(5,2) 0.226612433121
	(5,3) 0.0702393477308
	(6,0) 0.129027129867
	(6,1) 0.37028298267
	(6,2) 0.101113407642
	(6,3) 0.399576479821
	(7,0) 0.361175776736
	(7,1) 0.300459795308
	(7,2) 0.287218406267
	(7,3) 0.0511460216895
	(8,0) 0.958452755468
	(8,3) 0.041547244532
	(9,0) 0.317586993189
	(9,1) 0.0528542889082
	(9,2) 0.0585236426315
	(9,3) 0.571035075272
	(10,1) 0.27073536387
	(10,2) 0.173481656635
	(10,3) 0.555782979495
	(11,0) 0.231503245077
	(11,1) 0.0710888294118
	(11,2) 0.335012955894
	(11,3) 0.362394969617
	(12,0) 0.0236095031504
	(12,1) 0.470570410765
	(12,2) 0.0647923783851
	(12,3) 0.4410277077
	(13,0) 0.0426712437408
	(13,1) 0.17627075167
	(13,2) 0.101632834948
	(13,3) 0.679425169642
	(14,2) 0.585947872465
	(14,3) 0.414052127535
	(15,1) 0.198306307826
	(15,3) 0.801693692174
	(16,0) 1.0
	(17,0) 0.311526208796
	(17,1) 0.688473791204
	(18,0) 0.1146107917
	(18,1) 0.584826406863
	(18,2) 0.240440421579
	(18,3) 0.0601223798574
	(19,1) 1.0
	(20,2) 0.558735750754
	(20,3) 0.441264249246
	(21,1) 0.112660028246
	(21,2) 0.454964200158
	(21,3) 0.432375771596
	(22,0) 0.294803429534
	(22,1) 0.230674439565
	(22,3) 0.474522130902
	(23,0) 0.642152116268
	(23,1) 0.141797801913
	(23,2) 0.0312721726001
	(23,3) 0.184777909219
	(24,0) 0.297253961787
	(24,1) 0.00486731673575
	(24,2) 0.0170351257914
	(24,3) 0.680843595686
	(25,0) 0.569515623198
	(25,1) 0.145109893949
	(25,2) 0.102758961935
	(25,3) 0.182615520918
	(26,0) 0.275453586813
	(26,2) 0.303432075181
	(26,3) 0.421114338006
	(27,1) 0.37126977392
	(27,2) 0.0613872828535
	(27,3) 0.567342943227
	(28,0) 0.275583548254
	(28,1) 0.150431383363
	(28,2) 0.573985068383
	(29,0) 0.569231021968
	(29,1) 0.167507627373
	(29,3) 0.263261350659
	(30,0) 0.344355782123
	(30,1) 0.149336890685
	(30,2) 0.452529511445
	(30,3) 0.0537778157464
	(31,0) 0.0369350945397
	(31,1) 0.616908392844
	(31,2) 0.152798567887
	(31,3) 0.19335794473
	(32,1) 0.650633614878
	(32,3) 0.349366385122
	(33,2) 0.53811192861
	(33,3) 0.46188807139
	(34,0) 0.193312919375
	(34,2) 0.0722739163033
	(34,3) 0.734413164322
	(35,0) 0.90394249955
	(35,1) 0.0960575004505
	(36,0) 0.612912291286
	(36,1) 0.00333691035233
	(36,2) 0.383750798362
	(37,3) 1.0
	(38,0) 0.639488490049
	(38,1) 0.0802097034615
	(38,3) 0.280301806489
	(39,0) 0.355509860715
	(39,1) 0.332064411615
	(39,2) 0.159358485811
	(39,3) 0.15306724186
	(40,0) 0.39393960196
	(40,2) 0.509178155364
	(40,3) 0.0968822426763
	(41,0) 0.0925310477175
	(41,1) 0.5264140861
	(41,2) 0.370680980058
	(41,3) 0.0103738861244
	(42,0) 0.317294429685
	(42,1) 0.270380271332
	(42,2) 0.20979237033
	(42,3) 0.202532928653
T: (state,symbol,state) 
	(0,0,25) 1.0
	(0,2,5) 1.0
	(0,3,17) 1.0
	(1,1,0) 1.0
	(1,2,33) 1.0
	(1,3,33) 1.0
	(2,0,25) 1.0
	(2,1,33) 1.0
	(2,2,25) 1.0
	(2,3,12) 1.0
	(3,0,14) 1.0
	(3,1,10) 1.0
	(3,2,2) 1.0
	(4,0,0) 1.0
	(4,1,23) 1.0
	(4,2,4) 1.0
	(4,3,28) 1.0
	(5,0,24) 1.0
	(5,1,16) 1.0
	(5,2,15) 1.0
	(5,3,20) 1.0
	(6,0,8) 1.0
	(6,1,22) 1.0
	(6,2,2) 1.0
	(6,3,34) 1.0
	(7,0,0) 1.0
	(7,1,37) 1.0
	(7,2,31) 1.0
	(7,3,18) 1.0
	(8,0,21) 1.0
	(8,3,10) 1.0
	(9,0,8) 1.0
	(9,1,14) 1.0
	(9,2,37) 1.0
	(9,3,28) 1.0
	(10,1,32) 1.0
	(10,2,3) 1.0
	(10,3,23) 1.0
	(11,0,22) 1.0
	(11,1,29) 1.0
	(11,2,40) 1.0
	(11,3,15) 1.0
	(12,0,29) 1.0
	(12,1,38) 1.0
	(12,2,8) 1.0
	(12,3,9) 1.0
	(13,0,24) 1.0
	(13,1,34) 1.0
	(13,2,27) 1.0
	(13,3,15) 1.0
	(14,2,22) 1.0
	(14,3,11) 1.0
	(15,1,12) 1.0
	(15,3,29) 1.0
	(16,0,14) 1.0
	(17,0,26) 1.0
	(17,1,21) 1.0
	(18,0,5) 1.0
	(18,1,15) 1.0
	(18,2,21) 1.0
	(18,3,23) 1.0
	(19,1,38) 1.0
	(20,2,40) 1.0
	(20,3,34) 1.0
	(21,1,6) 1.0
	(21,2,5) 1.0
	(21,3,8) 1.0
	(22,0,28) 1.0
	(22,1,9) 1.0
	(22,3,27) 1.0
	(23,0,18) 1.0
	(23,1,5) 1.0
	(23,2,0) 1.0
	(23,3,36) 1.0
	(24,0,11) 1.0
	(24,1,2) 1.0
	(24,2,22) 1.0
	(24,3,32) 1.0
	(25,0,18) 1.0
	(25,1,5) 1.0
	(25,2,17) 1.0
	(25,3,33) 1.0
	(26,0,10) 1.0
	(26,2,18) 1.0
	(26,3,7) 1.0
	(27,1,39) 1.0
	(27,2,15) 1.0
	(27,3,26) 1.0
	(28,0,0) 1.0
	(28,1,2) 1.0
	(28,2,42) 1.0
	(29,0,15) 1.0
	(29,1,26) 1.0
	(29,3,1) 1.0
	(30,0,36) 1.0
	(30,1,39) 1.0
	(30,2,9) 1.0
	(30,3,33) 1.0
	(31,0,23) 1.0
	(31,1,7) 1.0
	(31,2,20) 1.0
	(31,3,33) 1.0
	(32,1,15) 1.0
	(32,3,7) 1.0
	(33,2,11) 1.0
	(33,3,7) 1.0
	(34,0,15) 1.0
	(34,2,14) 1.0
	(34,3,7) 1.0
	(35,0,22) 1.0
	(35,1,6) 1.0
	(36,0,10) 1.0
	(36,1,14) 1.0
	(36,2,6) 1.0
	(37,3,7) 1.0
	(38,0,3) 1.0
	(38,1,12) 1.0
	(38,3,22) 1.0
	(39,0,30) 1.0
	(39,1,19) 1.0
	(39,2,29) 1.0
	(39,3,15) 1.0
	(40,0,37) 1.0
	(40,2,4) 1.0
	(40,3,39) 1.0
	(41,0,27) 1.0
	(41,1,33) 1.0
	(41,2,22) 1.0
	(41,3,36) 1.0
	(42,0,18) 1.0
	(42,1,11) 1.0
	(42,2,1) 1.0
	(42,3,10) 1.0
