1000
0.000217366646844
6.19580810893e-10
8.2393532091e-08
1.04827801978e-20
3.18839665508e-12
2.71770724426e-18
1.12713305337e-08
0.00156498713127
1.36231991683e-10
1.61045896657e-12
2.59150118407e-09
1.35517792782e-20
1.78751252856e-18
1.16555504297e-08
5.44187171203e-29
5.63369989213e-06
3.10550577324e-09
0.0130279985956
0.0605264134343
1.73378932021e-51
0.000277774358836
6.81988545466e-07
0.000210442022599
2.02094181463e-11
2.91420046966e-07
0.0197775456468
2.10620221438e-25
1.38572928908e-05
2.41998109409e-08
8.66480302368e-05
3.28669336822e-24
2.39160198037e-16
3.74841461137e-07
6.1901601586e-24
1.84501418432e-18
0.00183200872511
0.0181070168812
1.09378710156e-05
1.09911560832e-44
6.83878216388e-19
5.60060127417e-25
3.31748985503e-16
0.0111605389695
4.6740122423e-29
0.000324316665898
0.0216326860161
6.98909546323e-33
2.24590930185e-11
3.68788250452e-17
5.48321171772e-21
1.57163740183e-15
3.73549045448e-29
4.67032474012e-18
4.06067924227e-23
7.64987671743e-14
2.44843264075e-15
1.60346157272e-29
0.000107065396954
0.000871841475216
3.37077797902e-11
6.20735428135e-36
8.29720103876e-28
2.91850869016e-24
0.0889665548789
2.49208344948e-36
6.04439325348e-08
4.30105574326e-70
2.37536266936e-05
6.0509443201e-08
2.01696758765e-09
0.0023923560181
4.55642303455e-07
1.09836659987e-38
4.20371871624e-07
7.42641438989e-16
2.23292332117e-13
6.03330791925e-08
1.34060773901e-06
4.94157743435e-11
2.05711594568e-06
2.46004802998e-14
2.56154941252e-08
0.00351647588049
1.1991711933e-16
8.33278287677e-05
0.120115100858
1.94287390954e-22
1.16081721787e-61
1.45121193569e-14
7.2453689047e-23
5.63033419686e-14
7.43376042741e-48
8.67670235002e-35
5.17113241461e-18
0.00182218485284
1.77451781254e-13
6.75199268392e-13
1.14762832988e-20
4.67699393487e-06
2.54523904901e-07
0.0263321127245
4.30999465715e-13
4.75720556794e-11
2.51061574238e-15
1.0198655666e-17
1.31591494729e-12
4.83127925259e-28
1.15384814514e-25
3.27281025882e-06
1.09489363748e-46
1.45885784436e-24
9.34887112466e-12
2.9203383894e-63
2.78179839083e-14
6.98434053461e-16
1.93840103874e-17
0.00143907003954
2.20918399404e-58
8.67535363308e-13
2.74740540134e-42
3.02734256155e-23
2.55996410522e-06
0.00293642616895
5.93692307921e-57
0.00407774849891
7.28257736771e-27
4.25555919729e-28
0.000256230524047
0.0001102110673
0.00619669961264
1.01181465273e-32
1.51265130701e-10
5.25468971415e-06
1.29396995123e-08
0.00119510948648
1.03182399007e-17
4.09082542757e-09
2.63041562113e-29
4.0027087214e-22
4.27761393791e-10
1.84409857601e-54
7.66767746819e-05
3.6367604882e-29
1.00820911722e-24
1.27579825712e-30
1.53841013848e-18
0.001155694235
1.60578681258e-12
2.43216861283e-10
4.3810944855e-11
1.89673270043e-25
1.73620036837e-19
4.21135370517e-24
9.67248699132e-63
1.41567875436e-28
0.00188593145553
5.02382160968e-16
1.31070960438e-24
5.7717687201e-19
3.00656547227e-10
7.74687472332e-05
1.21836821672e-10
2.57203681046e-24
6.77855173884e-81
7.18191098207e-27
8.4546446812e-28
2.72000776461e-17
5.01771336202e-12
6.92075596962e-33
7.34982325078e-61
1.96982834381e-43
3.93994028326e-56
7.08038683132e-05
1.36336399124e-11
2.2222530197e-24
0.000283700590974
5.54900108447e-13
4.14112629571e-09
4.31240267034e-12
2.9811569156e-11
0.000816248127163
2.69298743045e-19
1.5639599189e-29
7.4367466489e-14
3.25048380157e-37
6.71935022274e-25
2.73271623705e-08
7.92449946105e-10
3.28196242114e-07
0.00026648312077
3.73489482511e-15
8.12631092067e-08
5.06973100458e-26
1.84850432318e-22
1.54757368286e-05
1.01738559009e-08
0.000530762738646
5.09490197289e-07
1.36603944757e-53
2.27203760068e-30
0.123650528454
8.99912321204e-06
1.02627447712e-05
7.88459387984e-07
2.49164647102e-16
2.95516809708e-10
2.15813732367e-10
8.49052039324e-55
1.83573559938e-13
0.00550543035959
7.46469759319e-57
6.48273847271e-05
1.12697141188e-12
1.32277279537e-45
1.86919916449e-13
6.13565333481e-16
5.00888541823e-12
0.000677952691134
9.74241636249e-32
0.0267019656243
3.31133084245e-05
9.63658202363e-31
1.40989441072e-06
0.00188593145553
1.28816261704e-11
3.19461607435e-62
2.48437790446e-15
2.11529787066e-08
0.00287634015021
2.22586483241e-15
0.000430405427427
1.03790822283e-31
3.00651301168e-10
0.000335776818689
1.3867658535e-29
5.17256898638e-05
1.3311194364e-54
3.39582198618e-06
6.91175188869e-10
0.00152292858322
6.07934849817e-27
3.46086835161e-38
2.46494260319e-06
1.43719193485e-09
3.04334689763e-54
6.70164000875e-28
1.20280209955e-15
2.03855813056e-33
2.07365695034e-46
1.37687271645e-18
2.57476395663e-51
1.1158079116e-16
1.04018878926e-05
4.94870088866e-05
1.02826498086e-34
1.96686440063e-17
1.50143959151e-15
0.0017700847713
0.000123582597953
6.71076504556e-30
0.000251641348071
1.79016470429e-19
2.39217759161e-12
5.16604792676e-11
2.39386151504e-16
6.49707269715e-10
1.25017484018e-27
0.0175892993431
2.9208144997e-35
5.30077264153e-07
3.56601332195e-18
6.76301395131e-06
1.74516991085e-19
2.85794622499e-11
0.00135846526835
6.68587455445e-09
0.0155115205178
1.53531035767e-29
4.16921457468e-07
0.0134552125365
8.70167936722e-06
2.83340438095e-16
2.02497385953e-06
3.44819580014e-06
8.81055899016e-09
3.27119530121e-12
0.000619845120041
2.36566632611e-15
2.07250403711e-12
2.81923962558e-26
2.56637181342e-42
3.69366913495e-24
0.00182218485284
2.34330880687e-17
2.58881858555e-20
3.83256171147e-15
9.26372397649e-13
2.02666103622e-53
4.12153077288e-14
1.57609365276e-05
3.5861344738e-17
3.78268098773e-08
0.00162160759744
2.90592365774e-15
2.62607360178e-89
6.08141162451e-13
3.37175548942e-43
2.40125396157e-17
8.25139865091e-07
6.5069062625e-13
5.67231006468e-33
1.39045648396e-13
4.53414068989e-13
1.0510085446e-05
5.14376290985e-20
2.39848488955e-31
1.19149529007e-06
8.29246345892e-43
0.00682436334077
1.83013933141e-21
2.24583352223e-17
2.66140174395e-08
6.49596738798e-11
2.48681522646e-29
6.73365758854e-21
3.86050239971e-37
1.06341454801e-22
3.49625993562e-19
3.05354857879e-12
3.84425850693e-07
2.02010076497e-16
8.77478937993e-54
1.04824358477e-09
0.000329124156773
2.07513197261e-16
8.17458397488e-17
0.000317008348435
1.51562842086e-05
6.98009803034e-08
1.15222039822e-82
4.51558106595e-47
3.45728543577e-11
4.33800407949e-09
1.18891347426e-13
1.78460158081e-06
0.0021775198937
4.85140574637e-10
7.72366398618e-09
0.0300662767195
4.89930855335e-24
1.64309005498e-14
0.000139915689602
1.28750102306e-58
1.18273326815e-09
5.00599845656e-18
3.96976862325e-48
5.03581049061e-35
8.19695909135e-08
2.88108189485e-14
5.26318717278e-61
3.49336142032e-60
3.81272714637e-38
0.000961265773293
6.41280134208e-27
1.23553371108e-12
8.46569727148e-10
6.05572557062e-42
3.41390578573e-44
7.53997788658e-12
2.24233292943e-06
5.95636716453e-11
1.29615025298e-06
2.51863901705e-60
1.78037333554e-08
1.84669175272e-16
3.65648821619e-05
3.34628911262e-07
3.87134991057e-21
7.24997253966e-23
8.52002323701e-12
3.11004846862e-36
2.39620882107e-09
2.09368134575e-15
3.45706293656e-44
1.78020957076e-40
1.19532196678e-25
1.59679003099e-29
6.38704457677e-11
0.000266835348813
4.61114505835e-27
1.42772072241e-19
1.68772094026e-17
1.52164311115e-10
6.4240529368e-08
4.34751639763e-10
2.24328966143e-08
5.01028897815e-12
3.21386029596e-06
6.16625969873e-13
1.51516540757e-05
2.49213766839e-05
2.35700140746e-24
6.95996475076e-70
2.91868072674e-15
0.00505485592491
1.75201708954e-35
6.25469347519e-23
1.27417976929e-22
7.55383443631e-25
7.29116936948e-29
4.08305272721e-06
1.03429205219e-11
6.31564858113e-18
2.28422507829e-11
5.07536716668e-05
8.33162331016e-59
3.73079121746e-18
6.70955062167e-07
3.73739404229e-09
1.27623948294e-52
0.00354814940559
3.2674791331e-25
2.82273074476e-06
7.78804308877e-25
8.41703531377e-09
5.18615392013e-05
1.03572487746e-07
0.000142177508904
5.62757295669e-15
1.77544077434e-17
8.58939825838e-06
5.41358892172e-13
2.6701959672e-14
3.97968855797e-48
5.15947349057e-08
4.10629122539e-18
2.90492530935e-19
6.65400510768e-10
5.3889449035e-24
2.43059610672e-15
6.90602773129e-10
0.000145836772227
1.91412700545e-10
1.77088003808e-24
2.80740510506e-20
9.83124054534e-09
5.50116508158e-23
1.04195110957e-08
7.35938428678e-06
2.89271620158e-16
4.3110490868e-42
1.43591790554e-05
8.56050106616e-33
6.40675180629e-10
8.24584103538e-09
1.29459555326e-05
2.1485902893e-21
1.62437465856e-07
6.69742647743e-49
7.5562776995e-41
2.9471270971e-28
2.92801385753e-14
1.83570180447e-31
2.9860506581e-29
1.63900851181e-11
2.43517479143e-53
2.86270174411e-12
1.29848432356e-14
3.88449023267e-10
1.08787413511e-31
3.40501730173e-28
1.11749907092e-46
0.000596382387624
3.44162214618e-09
0.000653549656125
0.000352038994279
8.15596545778e-09
1.6171246437e-10
3.1574688656e-08
3.58776312871e-17
5.19926543312e-08
1.47144818976e-25
1.05026341182e-07
1.93490486421e-14
1.03634965123e-08
1.70734486075e-54
0.0274879023256
8.57456500844e-06
6.02525821015e-17
8.71695052903e-14
9.83626442281e-27
1.33850296086e-10
4.79678547717e-06
0.0835672745937
2.88753017076e-10
3.40079880258e-43
4.79670540476e-19
4.73353246715e-45
4.13420535639e-75
7.23358560838e-37
1.02592575464e-29
3.41421840058e-05
2.36897203937e-15
1.33636197261e-09
0.00167743328772
1.15983393655e-08
0.00566747535048
9.66828209715e-18
1.73402638868e-18
8.15312383717e-14
8.96899139865e-05
1.51437600598e-26
1.53382158896e-30
2.3932295477e-07
1.83416917586e-22
2.03143648347e-14
1.18263937947e-35
1.56706499951e-07
1.47422403766e-10
1.3429629932e-12
6.12289781754e-28
2.23384427735e-05
6.26672982919e-11
5.58845997965e-18
2.25543621903e-12
5.59040098313e-07
1.28570300702e-28
4.52773183253e-11
4.98770653221e-19
9.61929908717e-11
3.47838170441e-36
4.97959689631e-23
0.00353985561127
6.40704196282e-13
4.08018982256e-05
0.000418983933753
0.0021775198937
1.1435431346e-37
6.01919137141e-08
1.30864734569e-11
8.44760843566e-91
3.16607185916e-44
6.75173117472e-12
1.04274076456e-08
6.94247494822e-21
3.98105765601e-27
1.32453562088e-10
1.40313425877e-26
5.0450940628e-12
8.29631127395e-21
3.48613184474e-08
4.68302293248e-26
1.62323680456e-51
1.74253465236e-17
0.000593528429685
4.79633344835e-17
4.30772028594e-06
1.17957772746e-25
1.25080283547e-05
1.39996574257e-48
0.000996984588092
1.97452123866e-25
3.44926306342e-16
1.75795557581e-11
1.82661894962e-14
9.6284137955e-09
5.45885947568e-22
7.37952346729e-13
6.67131125482e-12
2.26506898396e-16
9.8371404636e-11
3.20871218627e-06
1.65774772288e-59
1.18659979053e-10
5.11289551592e-58
4.65114446626e-22
1.83960295555e-07
1.75361509806e-10
1.42631203688e-17
4.08230952821e-15
5.968768121e-19
1.42499217313e-31
3.88813720656e-15
8.4920696502e-39
3.13673751503e-06
5.61564651213e-15
4.83581322967e-24
2.77452970059e-05
3.60992878102e-22
2.50674885823e-34
1.73270232844e-25
4.97801462598e-13
3.10107937466e-49
7.93268334077e-05
1.92355991254e-28
8.92961098618e-31
2.28235243371e-48
6.51855566024e-07
1.13499378249e-27
1.15141641612e-17
0.00127457726044
5.98328940223e-13
0.000345537169789
8.01874021364e-15
1.24517136893e-12
0.000237432373858
0.00023644822989
8.76115845404e-17
9.39119727081e-33
9.02840382237e-11
9.18259211453e-06
8.97039562156e-46
9.09855888896e-20
1.40497685504e-08
0.00521678654197
1.22281810339e-35
2.59036205434e-05
4.60487093473e-17
6.54469830145e-09
1.33580021397e-38
0.000791433446935
3.38520588483e-13
2.13931697662e-31
1.1850499831e-05
5.32863074446e-07
1.06680257421e-27
1.10430118589e-11
1.87444249018e-24
2.57962519141e-22
1.06729787066e-27
3.62341726716e-14
6.06740340696e-17
8.74103834739e-06
5.18532048722e-43
8.04563339078e-22
8.07791965729e-07
6.30402073903e-08
2.25080976841e-09
3.99971456874e-35
1.46655746623e-15
2.25948419332e-50
1.03165037904e-31
0.0104832183953
1.4763545145e-26
1.02606370447e-25
1.62977473519e-23
1.9064328902e-20
0.00343864372506
1.23216057905e-05
2.77105293315e-05
0.000151440641756
2.50410940368e-11
9.53825859984e-05
2.98196457776e-09
6.76015247497e-25
6.52294095775e-50
3.30317838552e-17
1.23589143796e-22
2.84657522322e-17
8.92808234441e-10
1.71068580063e-15
4.08899259623e-37
4.18619147924e-08
3.48831931646e-32
4.80127198041e-45
0.00204536865722
1.49748576462e-06
1.98849059516e-18
3.17777901783e-09
6.18305391315e-45
5.77308143904e-15
3.84616291878e-30
5.35041797888e-05
6.9803046362e-06
9.80312395775e-38
9.44473017644e-08
8.24241334674e-19
3.04269438682e-09
5.82594514488e-13
6.16234296454e-23
3.44267609087e-08
9.14787536977e-22
2.9257012098e-25
6.92074787377e-06
2.41253850383e-14
5.92045669617e-11
1.96075336099e-13
5.9240928743e-42
1.59949994677e-36
0.000278327396644
1.29336821112e-28
1.36061523602e-13
3.65937953812e-67
1.93382397067e-10
5.64668925867e-27
1.98715031097e-09
2.59223040374e-24
4.6244414098e-68
0.0203198226003
1.0117037947e-06
9.52377086428e-15
4.81118223736e-13
5.50390136952e-20
2.14986306353e-12
8.35413309052e-35
3.30507895335e-08
8.82416704566e-15
0.00255107930233
1.01532499037e-06
7.16059348438e-05
9.96087625725e-31
1.20036634422e-10
1.10438552171e-57
0.00585371167957
2.1979855574e-08
1.68343344184e-12
3.12550555687e-06
3.64671086238e-07
3.72927171479e-65
2.635312681e-14
1.05532871081e-37
2.74062462661e-17
4.06833776085e-25
1.17194553221e-08
6.5874294275e-07
4.21279923174e-08
3.81906256818e-37
4.54764618892e-24
7.54422811608e-13
3.53893300821e-57
1.02570180718e-09
8.94694395563e-28
2.42749691307e-26
4.75911171785e-07
1.89186062561e-20
9.44325489552e-15
0.00204254893439
1.22993963662e-66
9.24160140033e-07
6.85972861607e-27
2.36370748382e-07
3.98416286109e-46
0.0292066188938
2.40300425014e-21
2.95687103504e-29
1.01242393847e-09
4.75135754532e-06
5.24895880902e-41
4.01731079815e-07
1.38996040113e-26
0.00330306490913
5.74597791806e-16
0.000164597383558
0.00115970809597
2.2455129633e-15
3.65216978659e-15
7.04893978831e-06
7.16489084286e-15
9.1514511764e-10
5.43282341243e-14
1.63216164902e-22
6.74474092247e-12
3.40950378269e-06
3.02565313187e-20
1.95073591146e-26
8.97437328177e-07
2.23791112938e-05
1.78667877182e-37
0.00188444992028
8.75671830158e-15
9.44438829245e-36
1.33015054041e-10
8.70085860092e-16
3.74613835151e-09
3.94237085e-41
5.92438537994e-08
3.50192546916e-17
1.62339379994e-27
2.95643830508e-08
1.7731495259e-13
1.14190275411e-10
3.90359047725e-09
1.40740179248e-16
1.11708404408e-28
9.37212115648e-45
3.06581566668e-11
0.000228804953183
6.49673632863e-15
6.83268915996e-07
2.9412973278e-11
2.1198459789e-74
8.94069728681e-11
5.45551203723e-07
1.08218580208e-31
8.01706467607e-30
8.0480093049e-22
0.00931690703005
5.16348012121e-15
1.06059797449e-16
7.21495332277e-14
3.43691908869e-06
1.3881829925e-27
2.23079656961e-16
0.000269132348164
2.30783118303e-07
7.04764239869e-14
1.81334970326e-06
3.3185682596e-05
2.48667477885e-39
1.34438701207e-08
4.09699996367e-11
1.81190974591e-40
1.25774345358e-08
1.01274223857e-06
0.000173736445249
8.31459241371e-10
1.80399002958e-40
5.10463456678e-11
3.67056412215e-12
1.20218694736e-58
4.69324290887e-11
2.27079303714e-10
6.70956067295e-39
5.76371763748e-30
2.73028689887e-05
2.05474698915e-21
5.68175749492e-27
4.52676105207e-05
1.22320981145e-70
0.000135881327598
2.1855854998e-20
0.000117031739418
4.91229706215e-97
4.93997402498e-21
1.96087278178e-45
2.47639802262e-22
7.49393960962e-28
2.03631863768e-07
1.87791246632e-48
1.65321080676e-09
3.4374835806e-05
6.35875910752e-10
6.48217328146e-05
1.70965575599e-31
3.21223710195e-09
0.0002036978523
3.89130328376e-33
1.47581279849e-06
2.11503043429e-49
2.37299593446e-09
5.98049641738e-08
8.69414206259e-33
4.1242771593e-24
3.16091653871e-21
1.13174071229e-09
8.7558761334e-23
3.96373855927e-08
2.56600554471e-11
1.99427914965e-07
1.68226332486e-24
2.15638035101e-25
2.45398892507e-11
1.09217625135e-15
0.00139576969134
0.00385599653782
2.12488371098e-14
2.2767635617e-17
5.71130589315e-06
9.14728475245e-10
1.91459531708e-17
0.000335689946182
2.90728856397e-19
0.000318745952543
4.68572727452e-31
8.11388385223e-27
0.000471633251965
1.00849891905e-16
1.61274514866e-12
6.51169056405e-41
1.4880244809e-09
1.16293271487e-05
0.00269620040967
6.48314044031e-05
1.60357296665e-21
2.49219074376e-27
5.82517197357e-21
0.00162118186846
1.47080733686e-19
1.22728308042e-30
3.53832309331e-07
7.81298809878e-05
1.4572159353e-14
6.99981784016e-30
3.81645051633e-18
1.90819749675e-13
3.54312431706e-09
1.01998580213e-10
2.46822875374e-06
1.08566444098e-14
2.86219761897e-07
8.04036176569e-28
8.62185204673e-18
3.56382654019e-15
2.3205693403e-07
2.2875928077e-19
8.94524622132e-13
5.18146813045e-13
0.00640279178489
3.16279362808e-59
3.18285553134e-16
6.67262491992e-05
1.84506059868e-05
8.94793558223e-19
7.93733252387e-05
9.72110372618e-11
2.03159641208e-61
8.23070555744e-18
6.73172546254e-06
0.0150680136571
1.26816929232e-06
2.69147057773e-85
1.55888644606e-10
1.35993410165e-16
8.14906591756e-26
1.72109368246e-18
6.58312193994e-06
1.49999582622e-18
1.26548676796e-73
2.50616406667e-09
2.74054956402e-40
2.58190274911e-16
1.26864665567e-14
1.87033905818e-13
5.54921399502e-09
4.0833178177e-06
0.000399119318236
0.0147173159541
5.09359553937e-69
6.78877856865e-05
2.95995621625e-07
3.49342838665e-08
0.000135458822508
2.46091536979e-24
0.0198477110161
6.43001876421e-07
1.24212463647e-34
3.32613217263e-69
2.58395157201e-05
7.25853026128e-27
2.20985615817e-05
7.6792718448e-19
8.07363252447e-07
2.15954761649e-15
6.49919926222e-50
3.87352814175e-23
1.53468958629e-39
3.54740494915e-23
9.99584924474e-31
0.0185772686163
3.09207608662e-44
7.94289574404e-11
9.11447752639e-86
1.94555693674e-11
1.84885033934e-15
0.000632524788252
7.68914347126e-57
3.14840400508e-09
5.24801735577e-19
3.14405737153e-13
8.95922490146e-05
1.0307287611e-16
6.40939970825e-33
2.88792827167e-15
1.90580451406e-15
4.97661072371e-07
2.61867559006e-08
4.87173678087e-22
2.19692705737e-30
1.00470360154e-22
0.00011163242353
2.61925301392e-06
2.99472761412e-11
3.22565931952e-28
7.71589399934e-17
5.69588749591e-18
0.000122301775525
1.00245953141e-11
5.28381693718e-10
5.17879567205e-14
2.59346997557e-29
1.90959581807e-23
7.05692213142e-13
4.27381458472e-31
1.19238606133e-18
1.13593166034e-15
2.74248461048e-36
5.41735285594e-18
3.19730960492e-16
5.04995827436e-11
8.77608727382e-18
