1000
8.41293925144e-59
1.05489253495e-16
0.000166397786093
3.32384685257e-30
1.60998971437e-12
2.30297120895e-12
7.42732700787e-29
5.34056992708e-13
1.10659345641e-15
2.93982720834e-20
3.72210904891e-09
0.000653475607321
1.19939894987e-10
2.32695552184e-16
0.01043741562
2.09786251466e-07
2.63816336781e-36
0.024189969243
5.90698005038e-10
4.50407491824e-67
2.67616540373e-12
3.25232946771e-34
3.12826767301e-15
3.38772760214e-19
9.71861319364e-24
1.56837106071e-38
4.41449109206e-16
0.249999420231
3.26488039235e-21
3.18917504548e-15
2.1826913307e-09
1.09020433419e-09
1.24351671909e-60
4.64670551008e-71
8.15898879192e-13
4.77769598691e-74
5.76280393417e-64
3.49498818911e-24
1.46180432228e-18
4.29788090336e-75
5.00877820647e-28
3.17886961415e-09
6.96429252583e-13
1.60147070449e-19
7.75646025524e-55
3.16146637561e-34
1.20858199406e-24
1.68097912974e-12
1.07037320257e-73
4.99026065614e-18
1.9891347365e-06
9.25980328013e-34
3.40609331786e-06
2.0666644648e-08
0.00199516438349
1.11709581387e-22
1.04737213323e-40
0.00544196166573
0.00601309952267
6.78311588524e-16
3.08397124592e-09
1.53307733118e-26
2.64867639655e-22
7.44755485169e-40
1.67563077334e-59
2.66099886777e-44
0.00672981612276
0.0014191184216
2.31941646313e-12
1.23441949757e-14
1.03968424494e-05
5.0279668204e-10
2.33895826282e-09
2.74736393463e-29
1.06551077529e-08
4.2692952992e-22
9.55458646608e-11
1.204244895e-12
9.00338087648e-05
5.9582640367e-05
4.63294331209e-35
2.70927349221e-80
0.0431341255546
5.04677341036e-08
3.35307761167e-07
4.3476876461e-11
8.60662060723e-06
0.00937924121481
7.20854055524e-18
3.6161163463e-50
6.15273921947e-40
3.22660196264e-11
0.148926859076
5.3472112467e-16
3.76847514049e-11
1.87997446501e-45
4.21722755446e-17
0.000720011382246
3.7586076943e-21
1.41294185488e-63
2.18573595447e-12
6.27599686892e-13
3.55262690495e-41
2.70589009717e-45
0.0018699305999
2.1525985753e-49
1.14817107069e-17
2.1366281963e-18
4.8495610438e-39
8.24398987114e-11
0.010826440172
3.76423227593e-07
5.46316189995e-13
1.22736941602e-28
1.04058163713e-21
0.000244368553787
2.80179675025e-10
1.92193134744e-37
4.81553015288e-09
4.03511343027e-13
6.16665290391e-66
7.10123428937e-14
4.55545290573e-45
4.13617836076e-23
2.0658638911e-12
1.16832225199e-41
0.00015940000128
1.39700403583e-44
4.31948874419e-83
8.44533258852e-10
3.28204225953e-38
3.38993508095e-05
1.96038582136e-06
1.66874517974e-93
7.08995540228e-18
4.74749485798e-11
0.000274848166351
5.68596679196e-30
1.4672069919e-14
7.87323936614e-19
3.13200768203e-11
8.85164040774e-07
0.000291687331303
2.83827860731e-11
3.46248747739e-62
5.93843171244e-12
1.39908010824e-25
4.23695932068e-21
6.48238234674e-18
1.04785229573e-10
1.84030641069e-35
0.00108435407474
8.11992996935e-18
2.03142353876e-30
2.24958890336e-93
2.14277947302e-08
3.46982536192e-05
0.000373390264204
0.0448088398378
1.29661532609e-21
1.87130127941e-09
1.07626433146e-09
1.76959139434e-18
3.37503640987e-69
7.08795210384e-19
1.16259508083e-20
1.22855157921e-19
4.8876717428e-13
1.05539256848e-15
1.64620385281e-10
3.40632100679e-19
4.11380207106e-70
2.39781723234e-06
0.000591154516349
2.44331890839e-71
1.62212344566e-11
7.85672681608e-34
1.74518191449e-11
1.66098972974e-05
1.30916503989e-64
6.77954455196e-18
1.26071067308e-34
7.48978874895e-14
4.19517610445e-10
5.5959341598e-18
0.00182567434121
1.05101822055e-66
8.56255828706e-10
9.51603837066e-16
3.43041024734e-22
0.0516416060784
1.82459059046e-56
3.32276428593e-22
7.47046227941e-20
2.9158214128e-24
2.15457502166e-08
2.26926881984e-06
3.56472480825e-21
0.000218931370284
5.5544859903e-06
1.14218896192e-31
6.61896584207e-25
5.70674612936e-14
6.68822385324e-97
1.13345127152e-23
1.17721883678e-14
1.38392633059e-15
2.47665301806e-15
1.97118212043e-49
1.48018482767e-52
4.37564085045e-42
3.58928859884e-16
3.84867736768e-19
1.27901622135e-07
1.12393504927e-06
7.58418465964e-50
3.80226905469e-41
1.72702923239e-07
2.33367440484e-28
2.12568807386e-13
1.44505459398e-08
1.40987618134e-12
0.0150386848071
2.28684121246e-12
1.77648345307e-32
5.46303807149e-11
8.43981761221e-12
9.25605225731e-21
6.45786057716e-35
2.40012443344e-110
1.39798662119e-35
1.5294910394e-10
9.72562631891e-10
4.00286369992e-20
0.0118700551598
1.1152411705e-11
3.38389717702e-40
1.38364633889e-47
2.22279483167e-24
1.95665802712e-10
2.94996647147e-13
9.95037971937e-84
8.5409021491e-11
2.70290534777e-69
8.22086072152e-62
7.23343333928e-18
5.41042510261e-06
1.93080134697e-21
6.11146828368e-135
5.39551392965e-21
1.82989916278e-05
2.90430556491e-23
3.07474429827e-40
3.5897653737e-23
3.78498647488e-12
3.16487094432e-27
4.94788951141e-51
1.8463996316e-06
4.48462865567e-23
4.34875319974e-16
1.72713397783e-23
5.67924382366e-37
4.26693287262e-08
5.2080043535e-05
5.71252810294e-34
4.459973266e-22
0.000140620806124
9.97237638252e-10
7.49417695033e-30
5.56669090553e-53
5.04404207438e-135
1.02287284857e-100
7.20014716836e-79
1.51548959984e-13
6.96623091437e-18
1.08896865061e-13
2.88785526189e-10
0.00134110708461
1.19260238805e-34
0.0207017108609
1.54447701424e-06
3.75672604497e-28
9.59326742097e-10
1.10909027372e-43
2.85803963825e-14
1.14720706542e-17
4.21059016626e-15
4.10564378041e-56
1.52549448904e-08
3.64425239088e-15
1.25044140405e-07
8.43548474812e-29
1.194007485e-11
1.00660179948e-81
3.66805823076e-08
0.0021630583358
2.95984116866e-15
5.64914948106e-59
2.83071491869e-07
1.76522444042e-06
2.8465813829e-36
1.11484881886e-19
5.54205311023e-12
3.91994108506e-27
0.0113055129764
1.85194114075e-08
3.44153788074e-46
1.31892050432e-14
6.78977372016e-19
0.00300966996151
7.8412858429e-13
5.64613624954e-13
6.10672164962e-08
6.75095583391e-21
4.72527990107e-39
6.27454899179e-17
6.14163118057e-05
2.57979190562e-59
4.74077522488e-09
7.96915372209e-33
2.28783573171e-22
3.92633488064e-60
2.11088420139e-28
1.81108838729e-53
8.23826923752e-09
1.29895153394e-05
3.21698626321e-13
2.02256912944e-59
1.98629412848e-82
2.78382219598e-19
4.93345572817e-07
6.45422994465e-11
1.49493084096e-05
1.6756997618e-07
1.21418797245e-11
4.47757326048e-23
2.55412100197e-31
2.12555910836e-07
2.06233168388e-38
2.72323323639e-28
5.87744705698e-14
0.0840825430957
1.01755573912e-06
1.2897368945e-21
5.2822843621e-10
1.59349000519e-09
1.29614857687e-25
1.01714045542e-70
1.70370022011e-12
5.04571162567e-43
4.23254955204e-23
4.42229617473e-21
1.02526363359e-20
3.25716184916e-28
1.48186739844e-27
8.91151103646e-08
0.00133521767407
4.36110573115e-40
1.2000124673e-22
8.16455715061e-13
2.71806433749e-27
1.07637603084e-08
5.89175779856e-08
3.56524314891e-18
7.04292148932e-29
0.00385045499949
1.68706964152e-14
1.56099882141e-65
1.60033717872e-06
1.72804787584e-17
5.64932191728e-40
1.06196763177e-08
9.28970840502e-21
1.90272688215e-15
0.000924310935247
5.58563519611e-46
3.28260519849e-20
5.14085419998e-27
1.84231244549e-08
1.72877822943e-25
9.02215878685e-16
2.21334976521e-50
1.49359786433e-12
2.94711074013e-16
8.87197015342e-11
3.75065813385e-29
1.65456102053e-05
1.54605107625e-107
9.20460043074e-58
9.17776961783e-44
8.02493563005e-33
4.13968986088e-32
3.18846758798e-71
2.18635658693e-05
5.57754641299e-20
2.33491401235e-40
5.02367956075e-10
0.00104270258459
2.50645536846e-22
5.53541545866e-11
5.76581567975e-11
8.09678711182e-05
7.93734549311e-21
9.49483489302e-73
1.21143511267e-05
1.34049669848e-10
4.54319028239e-06
5.12245899306e-34
5.75713239908e-33
1.0912586147e-19
8.3838672568e-05
2.6305517096e-05
1.20963842662e-10
3.87501231476e-28
5.42794657918e-12
6.7018772529e-07
7.32666916598e-14
2.86694669599e-14
0.00021096748884
7.45947157118e-243
9.61796583737e-77
1.95226597125e-11
3.60023341347e-15
1.03936472615e-45
4.68800190207e-10
0.00020819375396
1.58150249605e-110
3.33330488123e-16
1.21826215954e-53
6.4701942485e-37
3.58315079758e-54
0.000634516341933
1.20051170461e-32
8.113308091e-44
8.12435486573e-63
3.51481627327e-27
2.47472391033e-25
1.09415019309e-18
2.54669188686e-36
8.34585994786e-34
3.04724868352e-15
2.74046738397e-15
8.83384148788e-09
5.23926932785e-42
5.54571410997e-08
5.34296860915e-31
7.14393890712e-05
1.18108317996e-46
2.89443832146e-07
1.1212741817e-41
1.47203674879e-09
0.000635219594962
5.23488839927e-19
2.48095102336e-07
6.09172583103e-05
5.41171364678e-23
7.51346538694e-36
1.89108786298e-05
5.94817728057e-10
0.00131889924016
4.55789570992e-44
1.69923917602e-07
3.06920587374e-16
1.40424283774e-10
1.43332817392e-17
1.09664006235e-66
1.64534341896e-38
5.97391230141e-26
3.82918965759e-08
2.40668444623e-78
1.30933523233e-33
0.0101370069087
1.59053467306e-22
6.87697972946e-07
2.27280108983e-09
2.56966559535e-12
0.00545642014618
5.23788941498e-61
1.3489034489e-06
3.2931209121e-12
1.53311448877e-28
4.38900645309e-06
0.00167127689718
9.28314478041e-31
2.35120189509e-06
4.59554455083e-16
4.0755146967e-05
6.85227588037e-16
1.39558761139e-06
7.98495915646e-33
3.68841729804e-15
2.25423708801e-53
3.4769800437e-06
2.7426297383e-33
9.71069027103e-21
6.32323794914e-27
5.09434937075e-107
4.5166249643e-26
9.5211111072e-22
2.18572732182e-05
0.000246072527125
7.49232617238e-58
2.57600133093e-51
4.8532638079e-11
5.57696227571e-10
9.81616362532e-31
5.98903600263e-23
2.5554940618e-09
5.65917888267e-24
0.000272222404841
6.37111972764e-15
2.33536228737e-06
7.4551494262e-21
2.61723607288e-40
3.33679206057e-06
2.56153351392e-41
5.35656617577e-06
0.000292645421272
3.19127106217e-08
8.36120356668e-46
0.000442254237963
5.73241122449e-25
2.41117174264e-13
4.0047754843e-21
1.28216783552e-17
3.24288143271e-11
4.65568823178e-49
0.00152044546503
2.0796258706e-37
1.56916670392e-11
1.8415384902e-26
0.000168219811819
7.95256841207e-09
1.1141444184e-13
3.94276720769e-10
0.00412500091476
1.20337347532e-16
1.69749526162e-17
3.22015810411e-30
7.31088821644e-39
1.25542788776e-24
8.21492463604e-14
6.482581379e-09
0.0302678562998
1.74589049564e-27
6.56616944518e-09
4.01708303247e-18
1.27335248751e-81
1.79442895617e-06
0.0158468798798
0.000813293285892
3.16327872959e-38
0.000375404244613
7.20269701473e-64
2.59264108936e-07
1.97044344552e-05
6.67027411006e-09
5.8596722635e-29
2.2548200531e-26
4.66126365856e-25
4.04753116917e-26
1.97442407118e-19
6.93330877945e-49
1.12572291203e-38
3.94232731467e-07
5.29737491062e-16
4.74561271643e-15
8.00825022288e-55
2.97618703059e-09
1.11237814417e-11
2.18139244183e-41
1.95893718403e-60
8.12298635184e-27
3.32909730243e-07
1.71025893008e-15
1.15717791024e-13
1.16872816557e-14
2.18161331145e-26
0.000129000969767
1.02441546337e-27
0.000120302645164
5.94496779285e-40
0.00114151219168
2.35827934687e-21
1.35366152324e-52
7.33161559001e-13
3.96416726955e-06
0.0420982356764
5.71579426656e-14
9.92442617764e-07
8.55556078957e-08
6.56975016538e-29
1.3696584855e-08
3.57310766269e-26
0.000550774793425
7.77184575442e-06
2.95456921789e-09
9.5234290101e-45
1.65716822783e-60
4.38509532974e-08
5.81530352081e-17
1.53671026132e-11
3.25082387132e-32
4.57898889811e-21
1.86594102013e-22
3.50698803294e-09
0.0124023014794
4.41816392701e-32
8.22534412556e-37
2.02808155509e-13
1.38389701332e-49
8.72637166704e-20
8.56192626565e-11
0.00325634009617
4.91550955516e-21
3.29991797069e-42
0.000259393331208
5.25431344265e-36
7.56900760947e-07
3.01792351062e-32
1.31323331764e-10
1.89845493279e-07
2.92827581182e-07
3.46453841859e-22
1.05792913096e-43
1.76991297467e-17
0.0102596542842
5.72073320988e-35
6.10464067575e-37
1.5414362836e-29
5.77336283771e-38
6.80191146899e-30
9.76029320525e-33
3.88078299269e-52
9.70528409743e-75
0.000102204831436
1.3217863191e-23
0.00011627533084
1.84124130874e-06
5.55548989016e-17
0.01271749589
5.75960647434e-111
7.14049192954e-33
2.91832668176e-08
0.000102972931636
4.86727878425e-62
8.17587633747e-22
3.69907247833e-21
9.84460715791e-18
8.63028869422e-19
1.25247847805e-26
1.45179747963e-43
5.67602955709e-07
7.15243706432e-84
6.97643665356e-19
4.96286557424e-83
3.14024287612e-08
4.74891352645e-09
1.12713807294e-05
2.36281986689e-52
1.68385596752e-59
5.27901855617e-16
1.531618771e-42
9.05533809442e-05
8.3422591494e-09
3.86742862584e-09
1.2646768929e-18
1.66148703468e-34
4.46132835176e-22
1.74355644825e-18
2.94388297992e-07
5.79082424805e-73
1.95841658857e-23
8.82219722935e-35
3.34850927961e-16
9.77399425599e-21
1.16502774314e-61
1.14775939973e-19
9.5293628591e-10
3.31365037769e-34
8.64889150963e-70
9.06725172544e-39
2.2205215488e-28
8.2097772902e-14
1.1218684405e-11
3.92418749076e-23
1.92359138572e-31
5.07630841917e-23
6.99723745397e-11
0.000136199191059
3.69273017368e-25
1.71860866669e-11
2.68599708633e-45
5.47388155931e-11
6.98117252251e-53
2.79895482565e-10
4.85943486509e-17
5.07118898886e-08
1.34466279775e-18
2.16155177794e-65
4.80243862765e-82
5.14900279129e-21
0.000225809605719
1.57848990836e-07
4.11097159647e-61
8.81968859114e-13
1.15011741976e-14
9.25581515258e-42
1.5619231337e-09
1.84802471819e-63
2.11266460261e-68
9.4384039499e-33
5.00591390388e-06
1.85592965667e-09
2.14524557882e-39
4.98334810408e-14
1.45370439849e-22
3.59843854325e-14
1.49622523095e-49
1.65696254777e-81
1.5237745084e-18
1.14242144103e-114
7.26876901753e-19
1.97483756812e-16
4.2230988368e-40
6.19734493194e-38
1.51253045162e-09
0.00575701884351
1.15671880749e-23
0.00139013529868
1.89136137461e-18
1.54254241088e-15
0.000613080148234
8.98915802564e-35
0.00286190669077
1.13236403062e-20
6.1899754409e-39
8.37755582363e-09
1.88944192425e-70
5.67485553878e-08
0.000390896449514
1.87191034847e-13
6.19795386941e-05
8.5612173835e-15
7.94852659501e-24
1.91574150672e-07
7.21355384391e-24
1.00883506792e-18
7.83374850513e-50
0.00258500905901
1.21278128711e-48
9.75936919221e-11
2.66115293455e-24
4.29375211352e-06
8.53556000207e-24
5.58681296672e-51
4.76808591049e-24
1.98962231502e-21
2.2444111581e-33
8.37413838815e-82
1.52644014118e-38
1.72119052985e-07
2.74107114321e-08
1.03580051208e-18
4.69189717974e-61
7.23729093245e-25
3.72312520879e-10
1.03613747108e-20
1.23365426382e-40
1.20250350999e-36
2.21364994791e-43
2.10430889626e-70
1.69485255084e-07
1.95507469606e-17
2.91905645068e-22
8.08144353775e-151
3.22289454456e-62
6.25686594129e-74
3.34293761278e-14
5.81112215506e-13
2.91199527841e-27
8.5811781855e-42
4.77656603149e-22
1.36082724612e-33
1.79940729615e-05
3.72517109022e-05
7.90089994855e-49
0.000107828222749
1.23453245472e-94
5.62781842031e-05
2.34332305235e-59
8.00483694439e-62
1.23078977838e-68
1.58063384582e-06
7.40190331151e-63
7.72740793727e-22
1.10967729948e-28
2.04108086016e-08
7.25835457615e-05
1.43481513986e-50
7.18364765088e-27
2.99568909722e-05
1.20534554769e-24
0.00972775284353
5.25377706099e-29
8.43892989413e-05
2.98977598032e-39
6.35055755286e-08
6.31041985967e-20
3.53683807577e-17
1.09684541131e-06
5.02914819633e-31
3.1292076337e-19
1.25552752635e-05
3.55234496957e-13
9.47383243355e-07
1.75918792795e-44
1.98775769145e-31
3.27296048475e-31
1.0552742572e-30
1.12719153635e-36
2.35609754563e-43
5.15511227247e-52
9.20215925526e-29
1.71681921385e-15
1.03317503291e-11
4.61960252513e-09
1.22485660509e-13
1.49972384988e-48
5.62721798379e-08
0.00605114730715
5.3676557105e-22
7.56888890642e-48
1.9212168725e-12
2.12168454768e-14
1.52991211488e-27
3.73585293975e-81
6.10014498799e-36
0.000218900387088
2.37900226504e-30
2.52064789517e-47
6.12536616034e-14
1.05861767474e-52
5.5300827874e-08
0.000487979815212
2.25686127172e-06
6.07484361971e-20
4.23763758781e-23
1.95847860783e-25
2.22834387781e-20
1.86804982253e-07
2.43461708812e-14
2.9399990121e-06
1.65642155406e-22
5.58207627848e-105
6.88073099096e-12
2.85319786193e-28
2.39383485721e-103
2.76891876958e-90
0.000610112867537
7.05389076959e-10
1.21529533436e-42
5.92592746973e-07
0.000840757477615
1.71492474601e-16
8.61631869017e-63
2.83696365403e-74
1.27758600431e-36
4.38778481136e-21
1.17526318798e-46
5.95456543938e-24
2.97461553506e-07
2.33669542677e-06
6.47436254399e-20
6.65162505099e-76
2.74161053026e-23
2.35645074091e-37
3.03777732555e-16
1.1485253486e-08
1.14120922764e-12
2.75095574157e-21
9.53688219824e-08
7.07157918504e-16
3.28173553095e-52
1.93236084273e-31
2.88522278708e-18
8.60842111819e-55
4.8081102268e-09
4.29859238414e-10
2.99225554557e-76
5.83251650901e-64
5.3252866524e-18
8.18120537587e-117
2.83167691315e-27
5.55063656729e-13
1.03892842178e-71
1.29593133477e-10
8.17621030839e-16
0.000934162691108
1.87343074279e-24
2.00788361616e-45
3.97243055905e-37
7.96212658113e-97
9.06966377931e-22
7.19321084936e-22
3.66323250798e-92
8.30625494741e-35
1.05448389125e-25
9.74960983523e-33
1.26289122671e-20
4.68672072806e-17
3.54054157245e-25
1.53668506306e-16
3.61347664113e-53
1.7590860375e-39
0.00439578207026
1.11250443309e-44
1.396859142e-32
3.56606167023e-11
1.06284394627e-15
9.81250750807e-25
2.66608847752e-28
0.000279954298061
9.89456477939e-22
6.40740215564e-31
5.19279414811e-11
5.35529179524e-20
1.86018052189e-17
4.16605800784e-12
1.48252648927e-09
1.41872104094e-66
2.91300109333e-22
4.44252192044e-13
5.48324457298e-63
3.48147485319e-41
1.62961624287e-45
3.01531387557e-51
6.3434582256e-37
3.19519107654e-07
0.000452829215682
7.54571637517e-05
4.11426546489e-08
0.00646287548308
0.000212549359353
1.104034242e-39
2.65727813183e-07
5.75011782373e-47
2.58328980934e-17
5.36835773739e-15
1.18668292574e-19
1.08291416793e-08
3.04659290961e-85
2.73500588899e-21
2.6498226691e-06
3.5747130268e-53
2.24716363808e-45
6.94917239472e-47
5.13843197434e-14
4.69643828837e-23
9.80758166671e-32
0.0135406749586
1.27770205251e-06
5.27887683432e-21
4.44748337308e-12
5.68968307799e-50
2.72703891196e-64
3.44518500596e-09
4.84441802121e-71
0.00204068949567
4.4381340207e-10
9.77034779967e-08
3.73748570572e-19
8.92261594733e-13
3.58001173798e-17
1.99317344804e-117
1.44297403085e-24
2.11350775332e-17
8.34958476612e-66
2.95937553474e-37
4.80236998054e-08
1.09979269801e-31
9.20086576961e-13
9.65988259847e-29
1.3053798931e-06
2.31505515178e-16
1.96459806686e-26
6.19308071502e-14
2.91503318888e-33
2.78555801745e-23
1.72234095178e-14
5.32636093328e-106
3.81621824497e-40
3.00718561393e-07
8.47299261417e-60
1.03386155712e-12
9.46860893028e-16
3.69572921575e-15
1.10319949585e-11
1.6226734666e-28
5.61319833476e-13
