I: (state)
	(15) 1.0
F: (state)
	(2) 0.0105373880131
	(4) 0.0817781509058
	(5) 0.346908769246
	(6) 0.112105014059
	(10) 0.188537980319
	(13) 0.305759781367
	(14) 0.00186654025759
	(15) 0.0122495181069
	(16) 0.0549316258044
	(23) 0.273939919978
	(39) 0.0549000395843
	(40) 0.0653458514989
	(46) 0.0367425720258
	(48) 0.107497192501
	(49) 0.140190260638
	(52) 0.0273348353
	(54) 0.177832469274
	(55) 0.0483787763893
	(56) 0.0878872084693
	(58) 0.0289668068084
	(60) 0.165373441584
	(61) 0.019382201788
	(62) 0.333922686075
S: (state,symbol) 
	(0,0) 0.206601758076
	(0,8) 0.110481298869
	(0,9) 0.0729570327366
	(0,10) 0.0310295124337
	(0,14) 0.275021144642
	(0,16) 0.167260042026
	(0,17) 0.0033709822335
	(0,20) 0.133278228984
	(1,0) 0.53547593383
	(1,1) 3.50946783888e-05
	(1,3) 0.0277897035595
	(1,5) 0.170654072002
	(1,7) 0.0336396869901
	(1,8) 0.096178338289
	(1,9) 0.0206202339486
	(1,13) 0.00031328857247
	(1,16) 0.065648511354
	(1,19) 0.0496451367758
	(2,4) 0.044154316402
	(2,6) 0.0194241342144
	(2,7) 0.0107611707872
	(2,9) 0.0626043876322
	(2,10) 0.0107891891823
	(2,13) 0.0866586819281
	(2,14) 0.513833528472
	(2,16) 0.251774591382
	(3,10) 0.635223245367
	(3,12) 0.364776754633
	(4,1) 0.0801006750746
	(4,3) 0.329039514764
	(4,4) 0.00834745516848
	(4,5) 0.0223541880637
	(4,7) 0.259578997874
	(4,9) 0.201084543701
	(4,10) 0.0125308333116
	(4,13) 0.0433029346079
	(4,19) 0.0436608574349
	(5,1) 0.23698804266
	(5,6) 0.310357745354
	(5,9) 0.0621055340789
	(5,11) 0.168700684982
	(5,13) 0.182591265815
	(5,18) 0.03925672711
	(6,0) 0.118362617892
	(6,3) 0.0337157271082
	(6,5) 0.236874411759
	(6,6) 0.147040063865
	(6,8) 0.000300033198243
	(6,11) 0.0185895891422
	(6,13) 0.170372455118
	(6,17) 0.00364919893184
	(6,20) 0.271095902986
	(7,0) 0.189483777136
	(7,6) 0.450909518942
	(7,8) 0.0517811713301
	(7,15) 0.25021408908
	(7,16) 0.0111685779706
	(7,18) 0.0464428655413
	(8,0) 0.0816961006406
	(8,1) 0.0474525616295
	(8,3) 0.0836942721574
	(8,8) 0.536570105967
	(8,9) 0.00616549676631
	(8,14) 0.24442146284
	(9,1) 0.0466630882597
	(9,8) 0.122731727878
	(9,14) 0.158912501118
	(9,16) 0.0463885188986
	(9,17) 0.335458603319
	(9,18) 0.199209149387
	(9,19) 0.0906364111396
	(10,0) 6.32221058155e-05
	(10,5) 0.308088435826
	(10,7) 0.0357902824709
	(10,8) 0.0180009796617
	(10,10) 0.0655731883549
	(10,11) 0.171221438843
	(10,18) 0.382412615364
	(10,20) 0.0188498373731
	(11,2) 0.18932091302
	(11,4) 0.116962483142
	(11,7) 0.0580844010561
	(11,8) 0.454735953686
	(11,14) 0.0187418528096
	(11,15) 0.0882932026316
	(11,17) 0.0738611936544
	(12,1) 0.0755928911565
	(12,13) 0.00206444875196
	(12,14) 0.296135888369
	(12,15) 0.414997517977
	(12,17) 0.211209253745
	(13,3) 0.20186815921
	(13,6) 0.57855820963
	(13,20) 0.21957363116
	(14,0) 0.252005260313
	(14,1) 0.0739596588744
	(14,7) 0.134029720883
	(14,9) 0.0950034581812
	(14,12) 0.0072148279504
	(14,17) 0.31763535908
	(14,18) 0.120151714718
	(15,0) 0.162998664554
	(15,1) 0.0412498691418
	(15,2) 0.0103428257988
	(15,3) 0.148825233138
	(15,4) 0.0248942304798
	(15,5) 0.00419370336541
	(15,7) 0.0491329186276
	(15,8) 0.0351670685874
	(15,9) 0.0222373965805
	(15,10) 0.166267903222
	(15,11) 0.0361843038808
	(15,12) 0.0170533314342
	(15,13) 0.0344286528261
	(15,14) 0.0343230911739
	(15,15) 0.0223732360155
	(15,16) 0.0594579629352
	(15,17) 0.00308105953213
	(15,18) 0.126676125792
	(15,19) 0.00111242291377
	(16,0) 0.0382728463395
	(16,1) 0.0733805951921
	(16,4) 0.0154447749231
	(16,5) 0.118800508115
	(16,7) 0.00474748889498
	(16,8) 0.00937550613197
	(16,9) 0.169207931869
	(16,10) 0.0491239410839
	(16,12) 0.262996447347
	(16,13) 0.0731323438102
	(16,15) 0.0270366260899
	(16,16) 0.032124347195
	(16,18) 0.123712739443
	(16,20) 0.00264390356382
	(17,0) 0.0725003195317
	(17,3) 0.0193430499308
	(17,7) 0.0672139778518
	(17,10) 0.17661236522
	(17,11) 0.213289327636
	(17,14) 0.106642837574
	(17,15) 0.0472539611512
	(17,17) 0.114484675179
	(17,18) 0.0274274844537
	(17,19) 0.155232001471
	(18,2) 0.268566505994
	(18,6) 0.0151693661112
	(18,12) 0.55312956555
	(18,15) 0.0292252778143
	(18,17) 0.0995568561086
	(18,18) 0.0343524284219
	(19,1) 0.577086999069
	(19,4) 0.0236337118496
	(19,7) 0.116795048824
	(19,17) 0.282484240257
	(20,2) 0.236161291606
	(20,3) 0.0971963127842
	(20,4) 0.163307663033
	(20,6) 0.00690246276786
	(20,7) 0.0759203221004
	(20,9) 0.141494315375
	(20,11) 0.0103752585874
	(20,12) 0.0477090740471
	(20,15) 0.216126679165
	(20,17) 0.00480662053396
	(21,1) 0.0747063027078
	(21,9) 0.262460843124
	(21,14) 0.0907228830481
	(21,16) 0.251986069543
	(21,17) 0.239294201466
	(21,19) 0.0448993533446
	(21,20) 0.0359303467655
	(22,3) 0.126098112091
	(22,4) 0.176245454101
	(22,5) 0.0684054749285
	(22,8) 0.14933093967
	(22,10) 0.147497414595
	(22,12) 0.317564511209
	(22,19) 0.0148580934072
	(23,0) 0.0279874291617
	(23,2) 0.53342732634
	(23,5) 0.100736171666
	(23,8) 0.0278891247074
	(23,11) 0.178456192224
	(23,12) 0.131503755901
	(24,1) 0.175663752623
	(24,4) 0.0199111473318
	(24,6) 0.00308941760794
	(24,9) 0.388879355828
	(24,10) 0.0295395399273
	(24,14) 0.0546697164373
	(24,17) 0.047582161352
	(24,18) 0.0830225372144
	(24,19) 0.197642371679
	(25,0) 0.00821463471585
	(25,2) 0.0114334143865
	(25,4) 0.0125836951908
	(25,5) 0.0420231566103
	(25,6) 0.102293090792
	(25,7) 0.0147750046317
	(25,12) 0.172082610992
	(25,13) 0.310841061322
	(25,15) 0.205451932388
	(25,16) 0.0350420046506
	(25,17) 0.0607281487872
	(25,18) 0.0245312455331
	(26,0) 0.262128890254
	(26,1) 0.102759815212
	(26,5) 0.416621475661
	(26,12) 0.0224937519016
	(26,13) 0.107531025048
	(26,14) 0.000598540519952
	(26,19) 0.0617531955654
	(26,20) 0.0261133058373
	(27,3) 0.368950132217
	(27,7) 0.0694437305422
	(27,18) 0.413092244846
	(27,19) 0.148513892395
	(28,0) 0.188998978923
	(28,3) 0.524316868945
	(28,4) 0.212822206186
	(28,9) 0.0738619459458
	(29,0) 0.0248562042705
	(29,2) 0.0596580640041
	(29,3) 0.0456920824871
	(29,4) 0.0187668653083
	(29,6) 0.10206651537
	(29,8) 0.0393868474181
	(29,10) 0.259083104499
	(29,13) 0.30823840995
	(29,14) 0.0584629426614
	(29,17) 0.0837889640313
	(30,1) 0.0190647051067
	(30,5) 0.110703063435
	(30,7) 0.0373030766256
	(30,9) 0.235695587325
	(30,15) 0.176846601733
	(30,18) 0.420386965774
	(31,0) 0.130571635455
	(31,4) 0.0199120827204
	(31,17) 0.384093258894
	(31,18) 0.46542302293
	(32,0) 0.114608239672
	(32,2) 0.019397357606
	(32,5) 0.254083092195
	(32,8) 0.00205280045807
	(32,9) 0.0222611539247
	(32,11) 0.0381203237331
	(32,14) 0.247398393368
	(32,16) 0.269177709341
	(32,18) 0.0329009297033
	(33,1) 0.289938923964
	(33,7) 0.180026804626
	(33,9) 0.0433505266604
	(33,10) 0.0656040272984
	(33,12) 0.421079717452
	(34,1) 0.184357860864
	(34,6) 0.428769723742
	(34,9) 0.0934063466658
	(34,10) 0.0282998396873
	(34,14) 0.0413367366898
	(34,17) 0.217546339145
	(34,19) 0.00628315320696
	(35,4) 0.21088777718
	(35,9) 0.0113975428523
	(35,10) 0.0571120275296
	(35,11) 0.0262849598293
	(35,12) 0.0878366849322
	(35,13) 0.0511875004681
	(35,14) 0.0736344363872
	(35,17) 0.0441226717979
	(35,19) 0.437536399023
	(36,2) 0.320674313169
	(36,4) 0.386513460303
	(36,5) 0.0311203652173
	(36,11) 0.00362943028203
	(36,13) 0.229949175408
	(36,19) 0.0281132556203
	(37,0) 0.174377238869
	(37,6) 0.12086309877
	(37,11) 0.0828922543323
	(37,17) 0.107898785202
	(37,20) 0.513968622827
	(38,4) 0.0792439589182
	(38,6) 0.0203281773681
	(38,9) 0.0700683289437
	(38,12) 0.0621075087045
	(38,16) 0.438801299027
	(38,19) 0.329450727039
	(39,0) 0.0159136879132
	(39,1) 0.294608769341
	(39,2) 0.00862831896095
	(39,3) 0.0154696187898
	(39,8) 0.460723253923
	(39,9) 0.128057424587
	(39,10) 0.0335748361352
	(39,14) 0.0211884957539
	(39,20) 0.0218355945953
	(40,0) 0.147002971466
	(40,3) 0.0648584909018
	(40,4) 0.174259697138
	(40,12) 0.0024847929502
	(40,13) 0.146367814491
	(40,16) 0.331424245193
	(40,17) 0.13360198786
	(41,0) 0.121549480427
	(41,1) 0.00100403106938
	(41,2) 0.0225589789944
	(41,4) 0.017680140773
	(41,5) 0.11401742517
	(41,6) 0.0169894991169
	(41,8) 0.0163047793175
	(41,9) 0.0549254848456
	(41,11) 0.139668998355
	(41,14) 0.116754429258
	(41,16) 0.104119788192
	(41,18) 0.0167671283966
	(41,19) 0.257659836084
	(42,2) 0.0487783135511
	(42,3) 0.134198653802
	(42,10) 0.00131643262379
	(42,12) 0.338154457415
	(42,13) 0.0950784695809
	(42,15) 0.171050355654
	(42,17) 0.0935762150907
	(42,19) 0.103110830368
	(42,20) 0.0147362719152
	(43,2) 0.0186926929233
	(43,4) 0.0725170477062
	(43,6) 0.0687615331978
	(43,10) 0.586336776901
	(43,13) 0.057266950036
	(43,14) 0.00927426049867
	(43,17) 0.00161318913466
	(43,18) 0.185537549602
	(44,4) 0.403882240636
	(44,5) 0.256654161186
	(44,11) 0.0554805637056
	(44,12) 0.115279946524
	(44,14) 0.0593601968439
	(44,16) 0.10546532088
	(44,20) 0.00387757022491
	(45,0) 0.176531301344
	(45,1) 0.0741406835259
	(45,3) 0.065004636242
	(45,4) 0.0657728441978
	(45,5) 0.262525500403
	(45,12) 0.0523037153703
	(45,15) 0.2238966502
	(45,17) 0.0702680038378
	(45,19) 0.00955666487861
	(46,0) 0.0494547430342
	(46,9) 0.225573850229
	(46,10) 0.0952906985975
	(46,11) 0.00508938903764
	(46,15) 0.031279366581
	(46,16) 0.153178409701
	(46,17) 0.243340998916
	(46,19) 0.0366994304408
	(46,20) 0.160093113462
	(47,1) 0.105537479818
	(47,5) 0.321638177648
	(47,6) 0.0104232126916
	(47,11) 0.287723336023
	(47,13) 0.0615897385239
	(47,14) 0.0146420219517
	(47,16) 0.0798404742073
	(47,18) 0.118605559137
	(48,0) 0.039431452669
	(48,4) 0.0039239699341
	(48,6) 0.0680181642147
	(48,7) 0.0932895583797
	(48,8) 0.221788809987
	(48,10) 0.0966810470748
	(48,11) 0.0162709863754
	(48,12) 0.0742951642454
	(48,15) 0.0393667496476
	(48,18) 0.1946934794
	(48,20) 0.152240618073
	(49,0) 0.0437054285735
	(49,4) 0.0516053550676
	(49,6) 0.068647246694
	(49,11) 0.0477334224128
	(49,14) 0.182199132198
	(49,15) 0.247404824231
	(49,17) 0.245671955814
	(49,18) 0.0694920679836
	(49,20) 0.0435405670257
	(50,1) 0.16155762609
	(50,2) 0.129644926018
	(50,3) 0.552658079084
	(50,6) 0.112656198851
	(50,20) 0.0434831699572
	(51,0) 0.289528577837
	(51,1) 0.0624876386255
	(51,3) 0.00547726485123
	(51,5) 0.000741444243465
	(51,6) 0.0735762727831
	(51,8) 0.163936672405
	(51,10) 0.0496985675389
	(51,15) 0.145851323528
	(51,16) 0.110988296538
	(51,19) 0.0172312760559
	(51,20) 0.0804826655943
	(52,0) 0.267303767306
	(52,1) 0.0586166228933
	(52,3) 0.0537581626483
	(52,4) 0.0990114567872
	(52,7) 0.161819935952
	(52,10) 0.153260096999
	(52,15) 0.104688637831
	(52,19) 0.00351082699422
	(52,20) 0.0980304925885
	(53,0) 0.164749048733
	(53,2) 0.0623962265479
	(53,5) 0.00392058740358
	(53,6) 0.0100832397026
	(53,8) 0.144109190321
	(53,14) 0.135429666328
	(53,15) 0.2139907259
	(53,18) 0.265321315063
	(54,0) 0.150789467232
	(54,2) 0.040368261119
	(54,4) 0.261372684092
	(54,5) 0.0252100090018
	(54,14) 0.0939952746954
	(54,17) 0.0742697010763
	(54,18) 0.172866174224
	(54,19) 0.162879299539
	(54,20) 0.0182491290209
	(55,0) 0.0269580667265
	(55,1) 0.0213143489364
	(55,3) 0.0274743388264
	(55,5) 0.0708515402892
	(55,10) 0.388745518645
	(55,12) 0.129720247142
	(55,14) 0.0396534811083
	(55,15) 0.12983808496
	(55,16) 0.0836645688624
	(55,17) 0.081779804503
	(56,5) 0.0190273287809
	(56,7) 0.137104504266
	(56,11) 0.0644475010248
	(56,13) 0.618971595561
	(56,16) 0.00949605909842
	(56,17) 0.150953011268
	(57,2) 0.0848147437928
	(57,3) 0.0236094699575
	(57,4) 0.289698892719
	(57,5) 0.125992702831
	(57,6) 0.189661730085
	(57,11) 0.00498463049727
	(57,13) 0.10541347928
	(57,16) 0.175824350837
	(58,0) 0.664792989651
	(58,3) 0.0416536705156
	(58,5) 0.203411677686
	(58,20) 0.0901416621479
	(59,3) 0.136993462047
	(59,6) 0.380936587283
	(59,7) 0.187065797226
	(59,11) 0.0843438063099
	(59,12) 0.0482331667041
	(59,13) 0.0524478188528
	(59,14) 0.0860451572157
	(59,20) 0.0239342043617
	(60,5) 0.0708133857879
	(60,7) 0.64688099229
	(60,8) 0.0979772328429
	(60,9) 0.021198797786
	(60,15) 0.094504932176
	(60,18) 0.0686246591174
	(61,1) 0.0324939348716
	(61,3) 0.029698049411
	(61,4) 0.0261011502797
	(61,5) 0.102456407537
	(61,6) 0.00955093871908
	(61,8) 0.100700208409
	(61,9) 0.0450882004146
	(61,10) 0.202469576075
	(61,14) 0.0643104840414
	(61,16) 0.124232507055
	(61,17) 0.128438167749
	(61,18) 0.076437051025
	(61,20) 0.0580233244119
	(62,1) 0.155707583435
	(62,2) 0.069393209166
	(62,8) 0.564672191216
	(62,9) 0.154449124259
	(62,16) 0.0557778919241
	(63,2) 0.117476430715
	(63,5) 0.146239987479
	(63,6) 0.121388244255
	(63,9) 0.0124289299852
	(63,10) 0.0102418648552
	(63,15) 0.0308609909792
	(63,16) 0.207105161182
	(63,19) 0.15428915062
	(63,20) 0.19996923993
T: (state,symbol,state) 
	(0,0,0) 0.237367474986
	(0,0,59) 0.762632525014
	(0,8,21) 0.488733413069
	(0,8,23) 0.267632541635
	(0,8,51) 0.243634045296
	(0,9,52) 1.0
	(0,10,8) 0.129795479029
	(0,10,25) 0.736521807307
	(0,10,54) 0.133682713663
	(0,14,25) 1.0
	(0,16,7) 0.491051797939
	(0,16,33) 0.508948202061
	(0,17,14) 1.0
	(0,20,57) 1.0
	(1,0,10) 0.00449022288796
	(1,0,14) 0.995509777112
	(1,1,8) 1.0
	(1,3,52) 1.0
	(1,5,1) 1.0
	(1,7,43) 0.453472296423
	(1,7,47) 0.546527703577
	(1,8,51) 1.0
	(1,9,13) 0.192878378225
	(1,9,21) 0.807121621775
	(1,13,18) 1.0
	(1,16,9) 0.741358708537
	(1,16,20) 0.258641291463
	(1,19,47) 1.0
	(2,4,23) 0.632483721828
	(2,4,46) 0.367516278172
	(2,6,4) 0.295968594101
	(2,6,43) 0.283059078653
	(2,6,63) 0.420972327246
	(2,7,33) 1.0
	(2,9,21) 0.160803514986
	(2,9,28) 0.839196485014
	(2,10,14) 0.345634553113
	(2,10,35) 0.654365446887
	(2,13,23) 0.210482218543
	(2,13,48) 0.724031207274
	(2,13,59) 0.0654865741827
	(2,14,61) 1.0
	(2,16,41) 1.0
	(3,10,40) 0.800011555375
	(3,10,46) 0.199988444625
	(3,12,50) 1.0
	(4,1,29) 0.421828608883
	(4,1,41) 0.578171391117
	(4,3,33) 0.359506297809
	(4,3,59) 0.640493702191
	(4,4,4) 0.45804817999
	(4,4,26) 0.54195182001
	(4,5,18) 0.273913174966
	(4,5,25) 0.0898219473375
	(4,5,45) 0.327363929657
	(4,5,46) 0.295155631932
	(4,5,57) 0.0137453161073
	(4,7,54) 1.0
	(4,9,22) 0.399861902293
	(4,9,34) 0.526050757554
	(4,9,56) 0.0740873401536
	(4,10,50) 1.0
	(4,13,8) 1.0
	(4,19,15) 0.0960554158538
	(4,19,61) 0.903944584146
	(5,1,28) 0.0562011676772
	(5,1,42) 0.943798832323
	(5,6,29) 1.0
	(5,9,22) 1.0
	(5,11,1) 0.687944657396
	(5,11,19) 0.312055342604
	(5,13,42) 0.528273096921
	(5,13,52) 0.471726903079
	(5,18,4) 0.260478815406
	(5,18,48) 0.739521184594
	(6,0,18) 0.543570961242
	(6,0,22) 0.040347653781
	(6,0,40) 0.0664467928632
	(6,0,46) 0.349634592114
	(6,3,29) 0.110729452916
	(6,3,57) 0.348058724297
	(6,3,60) 0.541211822787
	(6,5,10) 0.0552679934207
	(6,5,25) 0.944732006579
	(6,6,5) 1.0
	(6,8,12) 0.503720013363
	(6,8,18) 0.496279986637
	(6,11,15) 0.163480489076
	(6,11,26) 0.502245157183
	(6,11,56) 0.334274353741
	(6,13,6) 0.610772921647
	(6,13,7) 0.389227078353
	(6,17,12) 0.425601084369
	(6,17,40) 0.574398915631
	(6,20,35) 0.462604475191
	(6,20,43) 0.537395524809
	(7,0,16) 1.0
	(7,6,23) 0.192151015814
	(7,6,24) 0.251241372913
	(7,6,34) 0.556607611273
	(7,8,25) 0.882555379721
	(7,8,43) 0.117444620279
	(7,15,34) 0.921663879694
	(7,15,37) 0.0783361203056
	(7,16,24) 0.919070922152
	(7,16,57) 0.0809290778479
	(7,18,22) 0.213690038666
	(7,18,32) 0.786309961334
	(8,0,16) 0.869579078115
	(8,0,44) 0.130420921885
	(8,1,50) 1.0
	(8,3,40) 0.227418152251
	(8,3,48) 0.772581847749
	(8,8,14) 0.80373517169
	(8,8,58) 0.19626482831
	(8,9,2) 0.911766751086
	(8,9,20) 0.0882332489142
	(8,14,31) 1.0
	(9,1,18) 0.700026843777
	(9,1,44) 0.277468396497
	(9,1,51) 0.0225047597262
	(9,8,27) 0.833304251928
	(9,8,34) 0.166695748072
	(9,14,36) 0.940163944935
	(9,14,46) 0.0598360550654
	(9,16,29) 0.0775898100946
	(9,16,35) 0.579554317633
	(9,16,53) 0.342855872272
	(9,17,58) 1.0
	(9,18,16) 0.247079599282
	(9,18,18) 0.50925913447
	(9,18,36) 0.243661266248
	(9,19,4) 0.256621040994
	(9,19,13) 0.137578488361
	(9,19,23) 0.00198367718558
	(9,19,41) 0.0275549577743
	(9,19,47) 0.576261835685
	(10,0,31) 1.0
	(10,5,18) 0.0484196452093
	(10,5,28) 0.951580354791
	(10,7,11) 1.0
	(10,8,31) 1.0
	(10,10,10) 0.897045570645
	(10,10,31) 0.102954429355
	(10,11,18) 0.874481346398
	(10,11,23) 0.125518653602
	(10,18,1) 0.82839650891
	(10,18,9) 0.147283255954
	(10,18,47) 0.0243202351359
	(10,20,34) 0.350553430668
	(10,20,48) 0.200987709647
	(10,20,63) 0.448458859685
	(11,2,6) 1.0
	(11,4,50) 1.0
	(11,7,58) 1.0
	(11,8,45) 1.0
	(11,14,56) 1.0
	(11,15,30) 0.439167359541
	(11,15,49) 0.560832640459
	(11,17,61) 1.0
	(12,1,31) 1.0
	(12,13,0) 0.281409164896
	(12,13,40) 0.317762616313
	(12,13,49) 0.206967616542
	(12,13,62) 0.193860602249
	(12,14,17) 0.804917201378
	(12,14,26) 0.195082798622
	(12,15,1) 1.0
	(12,17,3) 0.984598017154
	(12,17,13) 0.0037762404206
	(12,17,35) 0.0116257424256
	(13,3,33) 0.157822909036
	(13,3,52) 0.842177090964
	(13,6,28) 1.0
	(13,20,52) 0.574165640581
	(13,20,55) 0.425834359419
	(14,0,24) 1.0
	(14,1,21) 1.0
	(14,7,2) 0.0303662412783
	(14,7,20) 0.299427941536
	(14,7,30) 0.318290944663
	(14,7,40) 0.11234689504
	(14,7,53) 0.239567977482
	(14,9,22) 1.0
	(14,12,9) 0.0610436783514
	(14,12,37) 0.269943066836
	(14,12,38) 0.669013254813
	(14,17,0) 0.690495751349
	(14,17,56) 0.309504248651
	(14,18,23) 0.393760973139
	(14,18,29) 0.606239026861
	(15,0,0) 0.677438425236
	(15,0,22) 0.277980805744
	(15,0,53) 0.0445807690193
	(15,1,52) 1.0
	(15,2,1) 0.312831028452
	(15,2,16) 0.20562914864
	(15,2,29) 0.395185542833
	(15,2,38) 0.0687459280478
	(15,2,46) 0.0176083520268
	(15,3,23) 0.510629415119
	(15,3,43) 0.489370584881
	(15,4,47) 1.0
	(15,5,35) 1.0
	(15,7,34) 1.0
	(15,8,9) 0.223530513328
	(15,8,36) 0.776469486672
	(15,9,0) 1.0
	(15,10,48) 0.257945384732
	(15,10,61) 0.742054615268
	(15,11,17) 1.0
	(15,12,4) 0.492232645723
	(15,12,40) 0.507767354277
	(15,13,9) 0.741460451488
	(15,13,25) 0.175292462086
	(15,13,56) 0.0832470864261
	(15,14,48) 0.973500560323
	(15,14,63) 0.0264994396774
	(15,15,41) 1.0
	(15,16,24) 1.0
	(15,17,6) 0.802693609563
	(15,17,53) 0.197306390437
	(15,18,9) 0.685763137157
	(15,18,28) 0.139370992954
	(15,18,57) 0.174865869889
	(15,19,22) 0.258578878724
	(15,19,38) 0.077245631373
	(15,19,59) 0.533529928515
	(15,19,62) 0.0209593648132
	(15,19,63) 0.109686196575
	(16,0,7) 0.970971230964
	(16,0,49) 0.0290287690361
	(16,1,48) 1.0
	(16,4,39) 1.0
	(16,5,32) 1.0
	(16,7,44) 1.0
	(16,8,41) 1.0
	(16,9,20) 0.0985280519827
	(16,9,57) 0.901471948017
	(16,10,17) 0.277278149701
	(16,10,57) 0.722721850299
	(16,12,29) 1.0
	(16,13,0) 0.50058255172
	(16,13,2) 0.237932421776
	(16,13,5) 0.261485026504
	(16,15,33) 1.0
	(16,16,8) 0.0331099327163
	(16,16,44) 0.966890067284
	(16,18,32) 0.229502574385
	(16,18,48) 0.770497425615
	(16,20,9) 0.389180019204
	(16,20,38) 0.0381683907756
	(16,20,60) 0.57265159002
	(17,0,43) 1.0
	(17,3,57) 1.0
	(17,7,35) 1.0
	(17,10,6) 1.0
	(17,11,34) 1.0
	(17,14,53) 1.0
	(17,15,5) 0.573579667627
	(17,15,39) 0.426420332373
	(17,17,10) 1.0
	(17,18,1) 0.430565702848
	(17,18,9) 0.410041800418
	(17,18,20) 0.0519133602422
	(17,18,49) 0.107479136492
	(17,19,10) 1.0
	(18,2,2) 0.868830616129
	(18,2,25) 0.131169383871
	(18,6,23) 0.100296438839
	(18,6,24) 0.640650458117
	(18,6,51) 0.259053103045
	(18,12,10) 0.0544969940604
	(18,12,51) 0.0399140366511
	(18,12,59) 0.905588969288
	(18,15,2) 0.369825713149
	(18,15,39) 0.33013551668
	(18,15,53) 0.284211822632
	(18,15,61) 0.0158269475393
	(18,17,40) 1.0
	(18,18,62) 1.0
	(19,1,5) 0.405404648889
	(19,1,11) 0.407093023684
	(19,1,21) 0.100491647926
	(19,1,63) 0.0870106794999
	(19,4,35) 1.0
	(19,7,3) 1.0
	(19,17,1) 1.0
	(20,2,42) 1.0
	(20,3,47) 1.0
	(20,4,8) 1.0
	(20,6,9) 0.839728671081
	(20,6,35) 0.160271328919
	(20,7,41) 0.572475902492
	(20,7,45) 0.427524097508
	(20,9,5) 0.737179599987
	(20,9,40) 0.262820400013
	(20,11,2) 0.895107833501
	(20,11,60) 0.104892166499
	(20,12,62) 1.0
	(20,15,1) 0.543260466036
	(20,15,51) 0.456739533964
	(20,17,40) 1.0
	(21,1,22) 1.0
	(21,9,56) 1.0
	(21,14,23) 1.0
	(21,16,27) 0.838291863776
	(21,16,33) 0.161708136224
	(21,17,7) 0.491479637116
	(21,17,13) 0.508520362884
	(21,19,32) 0.894729024381
	(21,19,41) 0.105270975619
	(21,20,7) 0.955479716449
	(21,20,18) 0.0285143466099
	(21,20,24) 0.0160059369413
	(22,3,51) 1.0
	(22,4,20) 1.0
	(22,5,5) 0.683902259489
	(22,5,6) 0.316097740511
	(22,8,48) 0.785446651431
	(22,8,54) 0.214553348569
	(22,10,55) 1.0
	(22,12,20) 0.862799400878
	(22,12,51) 0.137200599122
	(22,19,17) 1.0
	(23,0,53) 1.0
	(23,2,59) 1.0
	(23,5,54) 1.0
	(23,8,18) 0.327538910503
	(23,8,55) 0.672461089497
	(23,11,36) 0.252816538716
	(23,11,41) 0.747183461284
	(23,12,49) 1.0
	(24,1,35) 1.0
	(24,4,47) 1.0
	(24,6,18) 0.97874601693
	(24,6,31) 0.0212539830698
	(24,9,6) 0.8299543818
	(24,9,23) 0.00582602130941
	(24,9,29) 0.164219596891
	(24,10,43) 1.0
	(24,14,59) 1.0
	(24,17,38) 1.0
	(24,18,16) 1.0
	(24,19,38) 0.198996223373
	(24,19,49) 0.801003776627
	(25,0,17) 0.273867746835
	(25,0,44) 0.726132253165
	(25,2,10) 0.213869693077
	(25,2,16) 0.385631540269
	(25,2,20) 0.400498766653
	(25,4,34) 1.0
	(25,5,38) 0.628119237721
	(25,5,45) 0.371880762279
	(25,6,6) 0.734098436809
	(25,6,63) 0.265901563191
	(25,7,24) 0.217351341092
	(25,7,57) 0.430213920017
	(25,7,58) 0.0820752573791
	(25,7,60) 0.270359481511
	(25,12,16) 0.480733218912
	(25,12,18) 0.519266781088
	(25,13,43) 1.0
	(25,15,37) 0.5285483447
	(25,15,59) 0.4714516553
	(25,16,59) 1.0
	(25,17,7) 0.052896722065
	(25,17,19) 0.0652980032368
	(25,17,59) 0.881805274698
	(25,18,44) 1.0
	(26,0,20) 1.0
	(26,1,7) 1.0
	(26,5,41) 1.0
	(26,12,23) 1.0
	(26,13,32) 1.0
	(26,14,4) 0.124817896991
	(26,14,24) 0.875182103009
	(26,19,13) 0.627647327323
	(26,19,24) 0.310703771776
	(26,19,26) 0.0616489009007
	(26,20,0) 0.533178107254
	(26,20,30) 0.12814570685
	(26,20,51) 0.338676185895
	(27,3,12) 1.0
	(27,7,18) 0.518426686093
	(27,7,38) 0.21384416411
	(27,7,63) 0.267729149796
	(27,18,13) 0.364549509091
	(27,18,14) 0.635450490909
	(27,19,31) 1.0
	(28,0,21) 1.0
	(28,3,4) 0.089557205413
	(28,3,35) 0.910442794587
	(28,4,5) 0.692374520169
	(28,4,13) 0.307625479831
	(28,9,52) 1.0
	(29,0,56) 1.0
	(29,2,5) 0.451102627327
	(29,2,24) 0.0253028605671
	(29,2,51) 0.311891893979
	(29,2,55) 0.125732017831
	(29,2,59) 0.0859706002965
	(29,3,55) 0.137447861452
	(29,3,59) 0.862552138548
	(29,4,48) 1.0
	(29,6,59) 1.0
	(29,8,22) 0.276064531592
	(29,8,46) 0.567314120867
	(29,8,55) 0.156621347542
	(29,10,7) 0.0195730555339
	(29,10,23) 0.630567146017
	(29,10,25) 0.255004159906
	(29,10,33) 0.0948556385438
	(29,13,1) 0.598198789354
	(29,13,40) 0.401801210646
	(29,14,46) 0.192572978547
	(29,14,49) 0.215328594738
	(29,14,53) 0.592098426715
	(29,17,45) 0.352951755489
	(29,17,48) 0.119877314054
	(29,17,59) 0.527170930457
	(30,1,20) 1.0
	(30,5,36) 1.0
	(30,7,42) 1.0
	(30,9,2) 0.38135601205
	(30,9,41) 0.61864398795
	(30,15,40) 1.0
	(30,18,15) 1.0
	(31,0,12) 0.0657489601776
	(31,0,26) 0.934251039822
	(31,4,8) 1.0
	(31,17,55) 1.0
	(31,18,1) 0.171033263921
	(31,18,45) 0.828966736079
	(32,0,13) 0.827380308488
	(32,0,36) 0.172619691512
	(32,2,36) 1.0
	(32,5,4) 1.0
	(32,8,17) 0.458715381384
	(32,8,59) 0.541284618616
	(32,9,33) 0.25928730857
	(32,9,34) 0.74071269143
	(32,11,37) 1.0
	(32,14,3) 1.0
	(32,16,23) 0.450254643434
	(32,16,35) 0.549745356566
	(32,18,20) 1.0
	(33,1,30) 0.749804893668
	(33,1,49) 0.250195106332
	(33,7,11) 0.822481100741
	(33,7,38) 0.177518899259
	(33,9,40) 1.0
	(33,10,30) 0.0769505071824
	(33,10,52) 0.923049492818
	(33,12,41) 0.172967981355
	(33,12,55) 0.827032018645
	(34,1,12) 0.874481847501
	(34,1,34) 0.125518152499
	(34,6,13) 0.579275805054
	(34,6,37) 0.420724194946
	(34,9,41) 1.0
	(34,10,0) 0.640648220783
	(34,10,11) 0.359351779217
	(34,14,15) 1.0
	(34,17,8) 0.343621887932
	(34,17,32) 0.656378112068
	(34,19,60) 1.0
	(35,4,63) 1.0
	(35,9,50) 1.0
	(35,10,10) 0.432235250746
	(35,10,11) 0.200667954518
	(35,10,12) 0.341859504986
	(35,10,29) 0.0252372897499
	(35,11,13) 1.0
	(35,12,18) 1.0
	(35,13,27) 0.691553694886
	(35,13,45) 0.308446305114
	(35,14,53) 1.0
	(35,17,33) 1.0
	(35,19,9) 0.518578168853
	(35,19,14) 0.384934487214
	(35,19,29) 0.0964873439328
	(36,2,15) 0.381391484944
	(36,2,38) 0.185177568847
	(36,2,53) 0.43343094621
	(36,4,28) 1.0
	(36,5,20) 0.155350828856
	(36,5,36) 0.780275754866
	(36,5,54) 0.0643734162772
	(36,11,38) 0.193528963682
	(36,11,51) 0.806471036318
	(36,13,26) 0.329235985985
	(36,13,34) 0.670764014015
	(36,19,5) 0.709622195747
	(36,19,32) 0.290377804253
	(37,0,15) 0.435191064785
	(37,0,40) 0.564808935215
	(37,6,16) 0.472056199159
	(37,6,26) 0.143140908268
	(37,6,62) 0.384802892573
	(37,11,56) 1.0
	(37,17,17) 1.0
	(37,20,7) 1.0
	(38,4,16) 0.566093719826
	(38,4,56) 0.433906280174
	(38,6,5) 1.0
	(38,9,25) 1.0
	(38,12,32) 0.0259825126403
	(38,12,59) 0.0325586592552
	(38,12,60) 0.941458828104
	(38,16,6) 1.0
	(38,19,24) 0.591434164588
	(38,19,39) 0.408565835412
	(39,0,6) 0.85090554912
	(39,0,34) 0.14909445088
	(39,1,8) 0.0466297965229
	(39,1,28) 0.953370203477
	(39,2,9) 0.337436332533
	(39,2,22) 0.662563667467
	(39,3,0) 0.271945391646
	(39,3,15) 0.728054608354
	(39,8,6) 0.706685304744
	(39,8,51) 0.293314695256
	(39,9,33) 0.34031301358
	(39,9,37) 0.550334472662
	(39,9,60) 0.109352513758
	(39,10,15) 1.0
	(39,14,52) 1.0
	(39,20,11) 0.20185961335
	(39,20,26) 0.251506477357
	(39,20,27) 0.530068750169
	(39,20,50) 0.0165651591238
	(40,0,16) 0.532524323347
	(40,0,31) 0.467475676653
	(40,3,59) 1.0
	(40,4,39) 0.0696837085658
	(40,4,46) 0.930316291434
	(40,12,4) 0.777190974057
	(40,12,54) 0.222809025943
	(40,13,12) 0.191792321557
	(40,13,57) 0.808207678443
	(40,16,32) 0.364767192874
	(40,16,34) 0.299847479423
	(40,16,41) 0.260314745806
	(40,16,53) 0.0750705818969
	(40,17,21) 1.0
	(41,0,6) 0.210249760018
	(41,0,18) 0.389384798722
	(41,0,27) 0.400365441261
	(41,1,53) 0.313877648695
	(41,1,56) 0.572832611803
	(41,1,58) 0.113289739502
	(41,2,56) 0.243004547303
	(41,2,62) 0.756995452697
	(41,4,61) 1.0
	(41,5,35) 0.0677403383061
	(41,5,49) 0.932259661694
	(41,6,15) 0.156656547106
	(41,6,29) 0.843343452894
	(41,8,5) 0.0651284965411
	(41,8,22) 0.0295076465378
	(41,8,51) 0.905363856921
	(41,9,19) 1.0
	(41,11,30) 1.0
	(41,14,23) 0.334509740416
	(41,14,31) 0.511499898661
	(41,14,40) 0.153990360923
	(41,16,61) 1.0
	(41,18,18) 0.502466859742
	(41,18,63) 0.497533140258
	(41,19,55) 1.0
	(42,2,20) 1.0
	(42,3,6) 0.26924692899
	(42,3,11) 0.73075307101
	(42,10,40) 1.0
	(42,12,8) 0.962766729211
	(42,12,44) 0.0372332707889
	(42,13,29) 0.223082614955
	(42,13,39) 0.776917385045
	(42,15,2) 0.271572939106
	(42,15,27) 0.728427060894
	(42,17,1) 0.0398245862219
	(42,17,17) 0.508176834125
	(42,17,19) 0.288550211291
	(42,17,31) 0.0293395226501
	(42,17,50) 0.134108845711
	(42,19,44) 1.0
	(42,20,29) 1.0
	(43,2,51) 0.0295482447471
	(43,2,53) 0.720880363054
	(43,2,63) 0.249571392199
	(43,4,13) 0.772195611384
	(43,4,58) 0.227804388616
	(43,6,11) 1.0
	(43,10,34) 0.0372496520362
	(43,10,35) 0.962750347964
	(43,13,20) 1.0
	(43,14,2) 0.98910129494
	(43,14,59) 0.0108987050597
	(43,17,56) 1.0
	(43,18,5) 0.747826913961
	(43,18,25) 0.252173086039
	(44,4,43) 1.0
	(44,5,3) 1.0
	(44,11,18) 0.571242838236
	(44,11,49) 0.0256792086254
	(44,11,50) 0.0321842807005
	(44,11,58) 0.370893672438
	(44,12,27) 0.0331504071978
	(44,12,29) 0.955676510269
	(44,12,41) 0.0111730825328
	(44,14,35) 1.0
	(44,16,37) 1.0
	(44,20,24) 1.0
	(45,0,6) 0.265255271112
	(45,0,26) 0.734744728888
	(45,1,22) 1.0
	(45,3,27) 0.0574905404276
	(45,3,42) 0.859523465821
	(45,3,62) 0.0829859937519
	(45,4,9) 0.142296309266
	(45,4,58) 0.857703690734
	(45,5,11) 0.603065724231
	(45,5,26) 0.396934275769
	(45,12,56) 1.0
	(45,15,22) 0.679898227302
	(45,15,58) 0.320101772698
	(45,17,1) 1.0
	(45,19,3) 1.0
	(46,0,19) 0.241575860975
	(46,0,27) 0.0722402320435
	(46,0,36) 0.686183906981
	(46,9,1) 0.620135224159
	(46,9,28) 0.379864775841
	(46,10,58) 1.0
	(46,11,4) 1.0
	(46,15,29) 0.272403717801
	(46,15,33) 0.727596282199
	(46,16,4) 0.0349925527201
	(46,16,47) 0.96500744728
	(46,17,23) 1.0
	(46,19,54) 1.0
	(46,20,13) 0.876517849505
	(46,20,54) 0.123482150495
	(47,1,1) 0.0250063810771
	(47,1,4) 0.0391117572218
	(47,1,27) 0.332364268113
	(47,1,47) 0.603517593588
	(47,5,25) 1.0
	(47,6,1) 0.440647458709
	(47,6,43) 0.559352541291
	(47,11,8) 0.301576246682
	(47,11,13) 0.39010121054
	(47,11,63) 0.308322542778
	(47,13,12) 0.0872482896854
	(47,13,46) 0.912751710315
	(47,14,45) 1.0
	(47,16,26) 0.716935240409
	(47,16,60) 0.283064759591
	(47,18,38) 1.0
	(48,0,2) 0.00793485165777
	(48,0,18) 0.305722269477
	(48,0,39) 0.463149286703
	(48,0,63) 0.223193592162
	(48,4,17) 1.0
	(48,6,38) 0.986626211457
	(48,6,63) 0.0133737885425
	(48,7,52) 1.0
	(48,8,14) 0.871375834191
	(48,8,43) 0.0181927722932
	(48,8,59) 0.110431393515
	(48,10,37) 0.388099877456
	(48,10,38) 0.611900122544
	(48,11,7) 0.232419292769
	(48,11,12) 0.614820604912
	(48,11,40) 0.152760102319
	(48,12,32) 0.408446656753
	(48,12,45) 0.591553343247
	(48,15,3) 0.538940785836
	(48,15,60) 0.461059214164
	(48,18,2) 0.750071710151
	(48,18,8) 0.249928289849
	(48,20,24) 0.858064515643
	(48,20,55) 0.141935484357
	(49,0,43) 1.0
	(49,4,1) 1.0
	(49,6,13) 0.265041745159
	(49,6,29) 0.734958254841
	(49,11,1) 0.281758660097
	(49,11,5) 0.115065341893
	(49,11,15) 0.526591420458
	(49,11,17) 0.0765845775517
	(49,14,27) 1.0
	(49,15,2) 0.271848278119
	(49,15,47) 0.307849330634
	(49,15,63) 0.420302391246
	(49,17,21) 1.0
	(49,18,44) 0.589630902959
	(49,18,61) 0.410369097041
	(49,20,56) 1.0
	(50,1,32) 0.196650238995
	(50,1,56) 0.803349761005
	(50,2,20) 0.674864338244
	(50,2,50) 0.325135661756
	(50,3,2) 0.196592839903
	(50,3,28) 0.704793930705
	(50,3,53) 0.0986132293924
	(50,6,25) 0.969871298043
	(50,6,51) 0.0301287019569
	(50,20,5) 0.451888537489
	(50,20,20) 0.0530456582709
	(50,20,34) 0.49506580424
	(51,0,23) 1.0
	(51,1,2) 0.0844748331759
	(51,1,43) 0.915525166824
	(51,3,9) 0.0986120418631
	(51,3,23) 0.754158306644
	(51,3,42) 0.147229651493
	(51,5,17) 1.0
	(51,6,14) 0.819739733518
	(51,6,29) 0.180260266482
	(51,8,14) 1.0
	(51,10,18) 0.401055677181
	(51,10,61) 0.598944322819
	(51,15,44) 1.0
	(51,16,36) 1.0
	(51,19,2) 0.241740931486
	(51,19,30) 0.72126739679
	(51,19,62) 0.0369916717236
	(51,20,3) 0.388310118836
	(51,20,14) 0.37438404746
	(51,20,30) 0.237305833703
	(52,0,44) 1.0
	(52,1,41) 1.0
	(52,3,27) 0.1077770191
	(52,3,32) 0.605190081752
	(52,3,48) 0.0452417526754
	(52,3,51) 0.179124817586
	(52,3,62) 0.0626663288862
	(52,4,37) 0.284774274378
	(52,4,55) 0.715225725622
	(52,7,45) 1.0
	(52,10,52) 1.0
	(52,15,4) 1.0
	(52,19,11) 0.182963537582
	(52,19,45) 0.213805201435
	(52,19,53) 0.603231260983
	(52,20,27) 0.839403730464
	(52,20,35) 0.160596269536
	(53,0,13) 1.0
	(53,2,6) 0.300762244819
	(53,2,40) 0.214691263364
	(53,2,41) 0.206613780542
	(53,2,48) 0.277932711275
	(53,5,30) 0.0332153197989
	(53,5,57) 0.966784680201
	(53,6,47) 1.0
	(53,8,27) 0.54688836754
	(53,8,42) 0.45311163246
	(53,14,34) 0.244002057426
	(53,14,62) 0.755997942574
	(53,15,1) 0.876538398084
	(53,15,7) 0.123461601916
	(53,18,21) 0.159409352275
	(53,18,34) 0.840590647725
	(54,0,57) 1.0
	(54,2,35) 0.0471675742087
	(54,2,61) 0.952832425791
	(54,4,12) 0.412220374284
	(54,4,48) 0.587779625716
	(54,5,46) 1.0
	(54,14,36) 1.0
	(54,17,16) 1.0
	(54,18,4) 1.0
	(54,19,40) 1.0
	(54,20,9) 0.226362242832
	(54,20,10) 0.773637757168
	(55,0,41) 1.0
	(55,1,27) 0.75594624622
	(55,1,51) 0.24405375378
	(55,3,17) 1.0
	(55,5,18) 0.266374595364
	(55,5,21) 0.733625404636
	(55,10,14) 1.0
	(55,12,44) 0.920768121186
	(55,12,46) 0.0792318788144
	(55,14,2) 1.0
	(55,15,21) 0.934818039012
	(55,15,35) 0.0651819609876
	(55,16,33) 1.0
	(55,17,46) 1.0
	(56,5,55) 1.0
	(56,7,16) 1.0
	(56,11,61) 1.0
	(56,13,8) 0.607366736155
	(56,13,11) 0.392633263845
	(56,16,2) 1.0
	(56,17,53) 1.0
	(57,2,12) 0.860120533342
	(57,2,34) 0.137994123388
	(57,2,54) 0.00188534326993
	(57,3,36) 1.0
	(57,4,15) 0.670661565652
	(57,4,62) 0.329338434348
	(57,5,30) 1.0
	(57,6,44) 0.646932634073
	(57,6,59) 0.353067365927
	(57,11,17) 0.486541612899
	(57,11,40) 0.481820578937
	(57,11,44) 0.031637808164
	(57,13,5) 1.0
	(57,16,16) 0.453866619983
	(57,16,51) 0.153375406116
	(57,16,63) 0.3927579739
	(58,0,39) 1.0
	(58,3,16) 0.59800210401
	(58,3,22) 0.40199789599
	(58,5,15) 1.0
	(58,20,58) 1.0
	(59,3,22) 0.0274410566103
	(59,3,27) 0.707343872722
	(59,3,62) 0.265215070667
	(59,6,55) 1.0
	(59,7,26) 0.537691072975
	(59,7,40) 0.462308927025
	(59,11,18) 1.0
	(59,12,45) 1.0
	(59,13,31) 0.494487768447
	(59,13,38) 0.505512231553
	(59,14,30) 1.0
	(59,20,12) 0.493549484623
	(59,20,48) 0.506450515377
	(60,5,8) 1.0
	(60,7,19) 1.0
	(60,8,50) 1.0
	(60,9,37) 0.158247259132
	(60,9,41) 0.564094161251
	(60,9,50) 0.277658579617
	(60,15,40) 1.0
	(60,18,18) 0.0546090264163
	(60,18,26) 0.945390973584
	(61,1,29) 1.0
	(61,3,27) 0.528614193883
	(61,3,36) 0.471385806117
	(61,4,22) 0.160817003679
	(61,4,52) 0.839182996321
	(61,5,5) 1.0
	(61,6,59) 1.0
	(61,8,8) 1.0
	(61,9,16) 0.178921772878
	(61,9,42) 0.821078227122
	(61,10,24) 1.0
	(61,14,44) 1.0
	(61,16,16) 0.0660741164349
	(61,16,25) 0.933925883565
	(61,17,16) 0.279185961876
	(61,17,19) 0.720814038124
	(61,18,5) 0.753495963446
	(61,18,61) 0.246504036554
	(61,20,26) 0.00842214901164
	(61,20,40) 0.0351128053524
	(61,20,58) 0.956465045636
	(62,1,9) 1.0
	(62,2,10) 0.890370224277
	(62,2,28) 0.0308898384975
	(62,2,42) 0.0787399372257
	(62,8,10) 0.622979859485
	(62,8,16) 0.377020140515
	(62,9,13) 0.0149960327763
	(62,9,53) 0.985003967224
	(62,16,22) 0.252485230995
	(62,16,24) 0.0997960465503
	(62,16,30) 0.647718722454
	(63,2,10) 0.594442242418
	(63,2,13) 0.405557757582
	(63,5,36) 0.717681294798
	(63,5,49) 0.282318705202
	(63,6,39) 0.331192076028
	(63,6,60) 0.668807923972
	(63,9,49) 0.995401822648
	(63,9,55) 0.00459817735156
	(63,10,14) 0.358443135205
	(63,10,18) 0.300434750541
	(63,10,30) 0.131809251364
	(63,10,48) 0.20931286289
	(63,15,38) 0.572644685621
	(63,15,46) 0.427355314379
	(63,16,6) 0.201164688113
	(63,16,33) 0.25970721346
	(63,16,37) 0.169594294807
	(63,16,55) 0.246198531963
	(63,16,63) 0.123335271658
	(63,19,12) 0.0195970377768
	(63,19,15) 0.686306781865
	(63,19,26) 0.294096180358
	(63,20,17) 0.774570292317
	(63,20,63) 0.225429707683
