I: (state)
	(23) 1.0
F: (state)
	(1) 0.0106528993382
	(6) 0.126416235042
	(10) 0.0144990187274
	(11) 0.0970171226412
	(13) 0.0897862664973
	(15) 0.0678465715604
	(17) 0.259591382218
	(24) 0.169600499171
	(30) 0.0920513014899
	(31) 0.0539665896167
	(32) 0.300770265415
	(33) 0.0199006707028
	(36) 0.0363622740908
	(41) 0.355115091123
	(42) 0.232344101994
	(45) 0.0449710321411
S: (state,symbol) 
	(0,2) 0.390308527521
	(0,8) 0.496924052198
	(0,9) 0.0289405050242
	(0,14) 0.0838269152566
	(1,1) 0.0338596222508
	(1,3) 0.0550355292607
	(1,4) 0.306112411806
	(1,5) 0.0591885377328
	(1,6) 0.0544956038472
	(1,9) 0.200227139436
	(1,13) 0.19614440353
	(1,14) 0.0265835194724
	(1,17) 0.0683532326638
	(2,4) 0.0300850750021
	(2,5) 0.267438261208
	(2,8) 0.0177268013446
	(2,10) 0.174539206466
	(2,13) 0.0397512438061
	(2,15) 0.11341665711
	(2,19) 0.357042755063
	(3,2) 0.110452128656
	(3,3) 0.206277354169
	(3,8) 0.164612276434
	(3,12) 0.0128040878198
	(3,13) 0.188740638196
	(3,14) 0.168683790655
	(3,17) 0.0433807861505
	(3,18) 0.105048937919
	(4,1) 0.0145556532991
	(4,2) 0.0317097865265
	(4,3) 0.118785172538
	(4,4) 0.0521177437024
	(4,7) 0.149024389717
	(4,9) 0.0272395416392
	(4,10) 0.0580170154229
	(4,14) 0.0555545046171
	(4,16) 0.429853871609
	(4,18) 0.0631423209292
	(5,2) 0.0811118028574
	(5,7) 0.0428316718175
	(5,8) 0.0111614765716
	(5,12) 0.126340343237
	(5,13) 0.1223753531
	(5,14) 0.233855757628
	(5,15) 0.158524176451
	(5,17) 0.163232972047
	(5,19) 0.0605664462907
	(6,0) 0.117809032786
	(6,2) 0.190284951347
	(6,3) 0.00808357277286
	(6,10) 0.0605304074895
	(6,13) 0.181117588046
	(6,15) 0.0219194964897
	(6,16) 0.190513320501
	(6,17) 0.0700191706171
	(6,19) 0.159722459951
	(7,5) 0.368064119797
	(7,6) 0.0165633062001
	(7,9) 0.168226520831
	(7,13) 0.0921733496222
	(7,18) 0.169110731276
	(7,19) 0.185861972274
	(8,0) 0.114373352133
	(8,2) 0.100071766427
	(8,7) 0.091734187117
	(8,10) 0.112263611183
	(8,11) 0.067928376133
	(8,15) 0.00776246255164
	(8,16) 0.22806063115
	(8,18) 0.277805613306
	(9,0) 0.0702169437176
	(9,1) 0.0536096439348
	(9,2) 0.068057995827
	(9,4) 0.0407703570534
	(9,6) 0.136172292847
	(9,8) 0.151349164699
	(9,9) 0.00183922630424
	(9,10) 0.0629307443422
	(9,11) 0.0681917391388
	(9,12) 0.0331243292674
	(9,13) 0.0476433303738
	(9,15) 0.0667930575345
	(9,17) 0.123729998812
	(9,18) 0.0254916653997
	(9,19) 0.050079510748
	(10,2) 0.0320638470027
	(10,3) 0.216571386404
	(10,4) 0.289981614487
	(10,5) 0.223761133327
	(10,10) 0.0487771714591
	(10,14) 0.073556704296
	(10,15) 0.00745902567365
	(10,16) 0.0836818074602
	(10,18) 0.0241473098898
	(11,3) 0.0774268008149
	(11,8) 0.227440438094
	(11,10) 0.675467347996
	(11,16) 0.0196654130945
	(12,7) 0.0387943350501
	(12,8) 0.39058994166
	(12,10) 0.0710427326056
	(12,15) 0.0452404518987
	(12,16) 0.13352824848
	(12,17) 0.108596402822
	(12,18) 0.212207887483
	(13,0) 0.026461191068
	(13,1) 0.0866014099924
	(13,3) 0.56907894821
	(13,7) 0.117184349872
	(13,10) 0.200674100857
	(14,3) 0.0267770397691
	(14,5) 0.0388852780786
	(14,6) 0.105816133232
	(14,9) 0.631469389679
	(14,10) 0.0546089010624
	(14,11) 0.142443258179
	(15,2) 0.0887039591945
	(15,4) 0.0127886229972
	(15,12) 0.319060845586
	(15,14) 0.103164041996
	(15,15) 0.198778494809
	(15,17) 0.137919620764
	(15,18) 0.139584414653
	(16,0) 0.0180366322535
	(16,1) 0.332129847362
	(16,6) 0.649833520384
	(17,0) 0.123760643536
	(17,3) 0.0516007419015
	(17,4) 0.239975036465
	(17,11) 0.561027050715
	(17,17) 0.023636527382
	(18,0) 0.0579778917275
	(18,1) 0.139323449948
	(18,2) 0.128732012031
	(18,4) 0.172031043562
	(18,7) 0.0334916465902
	(18,8) 0.296895672899
	(18,9) 0.0123914336821
	(18,12) 0.082352933733
	(18,15) 0.0598108941568
	(18,16) 0.0169930216708
	(19,0) 0.154854942322
	(19,5) 0.0668119839307
	(19,8) 0.0125445266035
	(19,10) 0.219352445161
	(19,11) 0.396954337977
	(19,12) 0.0597573161703
	(19,14) 0.0341503424475
	(19,17) 0.0456248492591
	(19,19) 0.00994925612961
	(20,4) 0.1899633961
	(20,15) 0.168218535058
	(20,18) 0.156990281107
	(20,19) 0.484827787734
	(21,1) 0.0221744779295
	(21,2) 0.0540012528135
	(21,3) 0.38190012134
	(21,5) 0.106705151268
	(21,6) 0.113121199241
	(21,9) 0.28647016993
	(21,11) 0.0356276274779
	(22,1) 0.217717730224
	(22,2) 0.123626590355
	(22,5) 0.300501964843
	(22,6) 0.183063759504
	(22,11) 0.0516044242004
	(22,16) 0.123485530873
	(23,1) 0.0141344237857
	(23,3) 0.0250121723933
	(23,4) 0.0303721872742
	(23,7) 0.291032523596
	(23,9) 0.322810838145
	(23,10) 0.143687225306
	(23,14) 0.0349426651239
	(23,15) 0.0714981324916
	(23,17) 0.00782217774333
	(23,19) 0.0586876541405
	(24,0) 0.221451350143
	(24,7) 0.539834183441
	(24,10) 0.238714466416
	(25,2) 0.0740420225453
	(25,3) 0.00505807905405
	(25,5) 0.031284680403
	(25,8) 0.144546240573
	(25,9) 0.224027984197
	(25,10) 0.106606011244
	(25,11) 0.183657272249
	(25,14) 0.185823059062
	(25,17) 0.00533318883162
	(25,19) 0.0396214618407
	(26,0) 0.193148859603
	(26,1) 0.00898121249063
	(26,2) 0.137798927648
	(26,3) 0.0359293791943
	(26,4) 0.0215339867107
	(26,10) 0.197104905792
	(26,13) 0.405502728561
	(27,14) 0.889747162391
	(27,19) 0.110252837609
	(28,0) 0.0553776344932
	(28,3) 0.0340391779687
	(28,4) 0.261651642359
	(28,6) 0.197018411066
	(28,7) 0.0406100526594
	(28,8) 0.042892899456
	(28,9) 0.0799330251251
	(28,16) 0.0158863892317
	(28,18) 0.27259076764
	(29,1) 0.201352295076
	(29,5) 0.371398530782
	(29,6) 0.301965918901
	(29,10) 0.00556086719741
	(29,11) 0.0710255791292
	(29,15) 0.0453402018467
	(29,17) 0.00335660706718
	(30,1) 0.29912896606
	(30,2) 0.35287266979
	(30,5) 0.00345251083153
	(30,8) 0.094234791418
	(30,9) 0.152653604816
	(30,13) 0.0976574570839
	(31,1) 0.0471525343183
	(31,2) 0.189877440299
	(31,4) 0.325877238475
	(31,6) 0.0438440647052
	(31,9) 0.0599522246117
	(31,10) 0.0103947786378
	(31,11) 0.187027105615
	(31,15) 0.069298097003
	(31,17) 0.0607550527212
	(31,18) 0.00582146361441
	(32,3) 0.0526669710924
	(32,4) 0.0194752026477
	(32,13) 0.727633430004
	(32,16) 0.200224396256
	(33,0) 0.137062511256
	(33,2) 0.383632017238
	(33,6) 0.117076856989
	(33,9) 0.0856555788823
	(33,10) 0.0962539748271
	(33,14) 0.142937139803
	(33,17) 0.0373819210035
	(34,1) 0.111200165094
	(34,4) 0.111725748851
	(34,8) 0.202001131874
	(34,11) 0.0426627381257
	(34,13) 0.0685586327757
	(34,16) 0.0142677360446
	(34,17) 0.397457380529
	(34,19) 0.0521264667053
	(35,3) 0.52711167541
	(35,5) 0.0761529579959
	(35,11) 0.127916615122
	(35,13) 0.215189360955
	(35,16) 0.0536293905172
	(36,0) 0.103937369526
	(36,1) 0.0732758357588
	(36,4) 0.522049407332
	(36,6) 0.145590953628
	(36,18) 0.127835971633
	(36,19) 0.0273104621217
	(37,1) 0.0401165903992
	(37,2) 0.0151059512222
	(37,3) 0.00136486797619
	(37,4) 0.25049574601
	(37,9) 0.0765193604069
	(37,10) 0.0762341907768
	(37,11) 0.05440574732
	(37,12) 0.110911887994
	(37,14) 0.0424466625024
	(37,15) 0.301222926343
	(37,16) 0.000134200383184
	(37,17) 0.0310418686666
	(38,2) 0.172829172823
	(38,5) 0.233359781069
	(38,6) 0.212078883197
	(38,8) 0.0414891250493
	(38,12) 0.149029692959
	(38,17) 0.191213344904
	(39,5) 0.318650755317
	(39,6) 0.322333316299
	(39,7) 0.0128614589262
	(39,8) 0.286570918995
	(39,9) 0.000743942890891
	(39,11) 0.0256332042189
	(39,19) 0.0332064033529
	(40,0) 0.173171046777
	(40,1) 0.150206422482
	(40,2) 0.178863497734
	(40,4) 0.21562755119
	(40,13) 0.129231852
	(40,14) 0.0733860181734
	(40,17) 0.0386487464389
	(40,19) 0.0408648652051
	(41,3) 0.387050420349
	(41,5) 0.116488513329
	(41,11) 0.121867871368
	(41,12) 0.044862791376
	(41,14) 0.212384539474
	(41,15) 0.117345864105
	(42,0) 0.0196585427966
	(42,3) 0.232411645667
	(42,5) 0.235783944266
	(42,6) 0.0235857419449
	(42,8) 0.038012467925
	(42,10) 0.337575980121
	(42,15) 0.112971677279
	(43,1) 0.0449357039092
	(43,2) 0.1734015288
	(43,5) 0.151606766863
	(43,7) 0.0241570963942
	(43,11) 0.266376175685
	(43,13) 0.0405775879955
	(43,16) 0.0195979861297
	(43,17) 0.156042752856
	(43,19) 0.123304401368
	(44,1) 0.51938394968
	(44,4) 0.192935275083
	(44,8) 0.281549750585
	(44,14) 0.00613102465185
	(45,1) 0.0807740412172
	(45,4) 0.0950458146375
	(45,9) 0.189967477394
	(45,10) 0.126451564954
	(45,11) 0.00398508655217
	(45,14) 0.145369556098
	(45,17) 0.102888711763
	(45,18) 0.255517747384
	(46,1) 0.0708295924387
	(46,5) 0.0152460638151
	(46,8) 0.0481874475568
	(46,9) 0.0142184168907
	(46,14) 0.304005293157
	(46,16) 0.547513186142
T: (state,symbol,state) 
	(0,2,24) 1.0
	(0,8,39) 1.0
	(0,9,2) 1.0
	(0,14,20) 1.0
	(1,1,4) 1.0
	(1,3,45) 1.0
	(1,4,32) 1.0
	(1,5,11) 1.0
	(1,6,6) 1.0
	(1,9,0) 1.0
	(1,13,33) 1.0
	(1,14,8) 1.0
	(1,17,32) 1.0
	(2,4,42) 1.0
	(2,5,38) 1.0
	(2,8,13) 1.0
	(2,10,19) 1.0
	(2,13,36) 1.0
	(2,15,2) 1.0
	(2,19,7) 1.0
	(3,2,26) 1.0
	(3,3,8) 1.0
	(3,8,18) 1.0
	(3,12,23) 1.0
	(3,13,33) 1.0
	(3,14,29) 1.0
	(3,17,17) 1.0
	(3,18,46) 1.0
	(4,1,21) 1.0
	(4,2,6) 1.0
	(4,3,41) 1.0
	(4,4,17) 1.0
	(4,7,13) 1.0
	(4,9,5) 1.0
	(4,10,3) 1.0
	(4,14,20) 1.0
	(4,16,37) 1.0
	(4,18,34) 1.0
	(5,2,26) 1.0
	(5,7,19) 1.0
	(5,8,25) 1.0
	(5,12,9) 1.0
	(5,13,19) 1.0
	(5,14,26) 1.0
	(5,15,31) 1.0
	(5,17,34) 1.0
	(5,19,33) 1.0
	(6,0,32) 1.0
	(6,2,16) 1.0
	(6,3,24) 1.0
	(6,10,15) 1.0
	(6,13,35) 1.0
	(6,15,3) 1.0
	(6,16,27) 1.0
	(6,17,41) 1.0
	(6,19,37) 1.0
	(7,5,4) 1.0
	(7,6,40) 1.0
	(7,9,15) 1.0
	(7,13,42) 1.0
	(7,18,36) 1.0
	(7,19,43) 1.0
	(8,0,17) 1.0
	(8,2,46) 1.0
	(8,7,35) 1.0
	(8,10,21) 1.0
	(8,11,36) 1.0
	(8,15,29) 1.0
	(8,16,31) 1.0
	(8,18,37) 1.0
	(9,0,30) 1.0
	(9,1,39) 1.0
	(9,2,2) 1.0
	(9,4,0) 1.0
	(9,6,2) 1.0
	(9,8,44) 1.0
	(9,9,40) 1.0
	(9,10,21) 1.0
	(9,11,18) 1.0
	(9,12,38) 1.0
	(9,13,40) 1.0
	(9,15,46) 1.0
	(9,17,17) 1.0
	(9,18,7) 1.0
	(9,19,39) 1.0
	(10,2,6) 1.0
	(10,3,42) 1.0
	(10,4,32) 1.0
	(10,5,5) 1.0
	(10,10,29) 1.0
	(10,14,14) 1.0
	(10,15,17) 1.0
	(10,16,9) 1.0
	(10,18,42) 1.0
	(11,3,9) 1.0
	(11,8,29) 1.0
	(11,10,25) 1.0
	(11,16,16) 1.0
	(12,7,0) 1.0
	(12,8,34) 1.0
	(12,10,1) 1.0
	(12,15,44) 1.0
	(12,16,20) 1.0
	(12,17,10) 1.0
	(12,18,15) 1.0
	(13,0,15) 1.0
	(13,1,12) 1.0
	(13,3,21) 1.0
	(13,7,26) 1.0
	(13,10,14) 1.0
	(14,3,5) 1.0
	(14,5,19) 1.0
	(14,6,21) 1.0
	(14,9,29) 1.0
	(14,10,42) 1.0
	(14,11,25) 1.0
	(15,2,15) 1.0
	(15,4,21) 1.0
	(15,12,10) 1.0
	(15,14,27) 1.0
	(15,15,10) 1.0
	(15,17,18) 1.0
	(15,18,12) 1.0
	(16,0,24) 1.0
	(16,1,16) 1.0
	(16,6,15) 1.0
	(17,0,15) 1.0
	(17,3,9) 1.0
	(17,4,14) 1.0
	(17,11,31) 1.0
	(17,17,39) 1.0
	(18,0,4) 1.0
	(18,1,2) 1.0
	(18,2,39) 1.0
	(18,4,37) 1.0
	(18,7,18) 1.0
	(18,8,27) 1.0
	(18,9,29) 1.0
	(18,12,29) 1.0
	(18,15,36) 1.0
	(18,16,34) 1.0
	(19,0,8) 1.0
	(19,5,12) 1.0
	(19,8,10) 1.0
	(19,10,38) 1.0
	(19,11,27) 1.0
	(19,12,5) 1.0
	(19,14,20) 1.0
	(19,17,8) 1.0
	(19,19,7) 1.0
	(20,4,20) 1.0
	(20,15,26) 1.0
	(20,18,22) 1.0
	(20,19,6) 1.0
	(21,1,42) 1.0
	(21,2,17) 1.0
	(21,3,45) 1.0
	(21,5,43) 1.0
	(21,6,10) 1.0
	(21,9,41) 1.0
	(21,11,28) 1.0
	(22,1,26) 1.0
	(22,2,32) 1.0
	(22,5,32) 1.0
	(22,6,23) 1.0
	(22,11,38) 1.0
	(22,16,37) 1.0
	(23,1,31) 1.0
	(23,3,5) 1.0
	(23,4,28) 1.0
	(23,7,29) 1.0
	(23,9,46) 1.0
	(23,10,22) 1.0
	(23,14,25) 1.0
	(23,15,20) 1.0
	(23,17,33) 1.0
	(23,19,24) 1.0
	(24,0,12) 1.0
	(24,7,38) 1.0
	(24,10,9) 1.0
	(25,2,9) 1.0
	(25,3,15) 1.0
	(25,5,11) 1.0
	(25,8,38) 1.0
	(25,9,22) 1.0
	(25,10,33) 1.0
	(25,11,19) 1.0
	(25,14,5) 1.0
	(25,17,16) 1.0
	(25,19,23) 1.0
	(26,0,31) 1.0
	(26,1,17) 1.0
	(26,2,46) 1.0
	(26,3,4) 1.0
	(26,4,26) 1.0
	(26,10,39) 1.0
	(26,13,38) 1.0
	(27,14,19) 1.0
	(27,19,15) 1.0
	(28,0,13) 1.0
	(28,3,3) 1.0
	(28,4,22) 1.0
	(28,6,33) 1.0
	(28,7,23) 1.0
	(28,8,7) 1.0
	(28,9,36) 1.0
	(28,16,1) 1.0
	(28,18,37) 1.0
	(29,1,4) 1.0
	(29,5,19) 1.0
	(29,6,15) 1.0
	(29,10,16) 1.0
	(29,11,10) 1.0
	(29,15,24) 1.0
	(29,17,16) 1.0
	(30,1,32) 1.0
	(30,2,46) 1.0
	(30,5,26) 1.0
	(30,8,29) 1.0
	(30,9,20) 1.0
	(30,13,7) 1.0
	(31,1,11) 1.0
	(31,2,20) 1.0
	(31,4,7) 1.0
	(31,6,39) 1.0
	(31,9,38) 1.0
	(31,10,40) 1.0
	(31,11,32) 1.0
	(31,15,22) 1.0
	(31,17,16) 1.0
	(31,18,42) 1.0
	(32,3,31) 1.0
	(32,4,4) 1.0
	(32,13,6) 1.0
	(32,16,9) 1.0
	(33,0,45) 1.0
	(33,2,8) 1.0
	(33,6,39) 1.0
	(33,9,43) 1.0
	(33,10,4) 1.0
	(33,14,19) 1.0
	(33,17,24) 1.0
	(34,1,43) 1.0
	(34,4,5) 1.0
	(34,8,20) 1.0
	(34,11,46) 1.0
	(34,13,5) 1.0
	(34,16,20) 1.0
	(34,17,15) 1.0
	(34,19,14) 1.0
	(35,3,22) 1.0
	(35,5,24) 1.0
	(35,11,11) 1.0
	(35,13,40) 1.0
	(35,16,9) 1.0
	(36,0,43) 1.0
	(36,1,2) 1.0
	(36,4,21) 1.0
	(36,6,12) 1.0
	(36,18,6) 1.0
	(36,19,16) 1.0
	(37,1,7) 1.0
	(37,2,41) 1.0
	(37,3,26) 1.0
	(37,4,41) 1.0
	(37,9,24) 1.0
	(37,10,7) 1.0
	(37,11,22) 1.0
	(37,12,46) 1.0
	(37,14,2) 1.0
	(37,15,10) 1.0
	(37,16,3) 1.0
	(37,17,44) 1.0
	(38,2,4) 1.0
	(38,5,0) 1.0
	(38,6,21) 1.0
	(38,8,40) 1.0
	(38,12,9) 1.0
	(38,17,30) 1.0
	(39,5,7) 1.0
	(39,6,0) 1.0
	(39,7,3) 1.0
	(39,8,26) 1.0
	(39,9,42) 1.0
	(39,11,20) 1.0
	(39,19,31) 1.0
	(40,0,17) 1.0
	(40,1,16) 1.0
	(40,2,4) 1.0
	(40,4,20) 1.0
	(40,13,6) 1.0
	(40,14,46) 1.0
	(40,17,26) 1.0
	(40,19,42) 1.0
	(41,3,35) 1.0
	(41,5,43) 1.0
	(41,11,14) 1.0
	(41,12,19) 1.0
	(41,14,14) 1.0
	(41,15,36) 1.0
	(42,0,6) 1.0
	(42,3,20) 1.0
	(42,5,39) 1.0
	(42,6,9) 1.0
	(42,8,18) 1.0
	(42,10,26) 1.0
	(42,15,0) 1.0
	(43,1,0) 1.0
	(43,2,8) 1.0
	(43,5,31) 1.0
	(43,7,13) 1.0
	(43,11,0) 1.0
	(43,13,14) 1.0
	(43,16,43) 1.0
	(43,17,22) 1.0
	(43,19,31) 1.0
	(44,1,41) 1.0
	(44,4,22) 1.0
	(44,8,27) 1.0
	(44,14,30) 1.0
	(45,1,6) 1.0
	(45,4,36) 1.0
	(45,9,23) 1.0
	(45,10,34) 1.0
	(45,11,17) 1.0
	(45,14,16) 1.0
	(45,17,40) 1.0
	(45,18,35) 1.0
	(46,1,27) 1.0
	(46,5,28) 1.0
	(46,8,33) 1.0
	(46,9,33) 1.0
	(46,14,38) 1.0
	(46,16,37) 1.0
