1000
3.56927778227e-05
0.0537317915756
2.27974493644e-36
3.21997050499e-09
0.141682474818
1.41138669944e-18
6.13820346303e-07
5.60207417789e-07
1.29560395809e-17
1.34255615061e-14
0.00183685185308
0.000130188671863
6.79858292737e-29
2.16102692251e-07
1.92668922145e-41
7.60537073785e-30
1.35704638208e-09
1.64484870885e-33
0.000146564774601
2.5249970652e-08
2.31550390828e-06
2.21636711378e-18
4.01571033983e-19
5.61715599292e-37
4.90597122844e-10
1.03003419444e-15
7.86030759496e-09
9.65619937422e-18
1.54083482017e-09
6.57017534342e-12
0.000447307436261
0.0481469642201
1.78705844718e-08
2.54058766163e-13
6.78347042247e-27
6.89216561498e-09
2.54829790247e-06
1.27626835926e-10
0.000180812136511
3.2955955943e-43
0.0896969831972
2.03222955196e-17
0.000348752812386
2.26057815029e-54
1.80341372437e-11
1.4098248759e-06
1.83210538509e-29
3.52209728846e-30
0.00881855814016
2.93100594781e-07
2.67059214494e-18
8.94923695386e-11
3.90790779105e-07
3.23630406567e-28
1.52232273412e-06
2.01464845935e-15
6.12175699404e-21
0.000347840303762
7.99813351174e-39
0.0206702204309
5.03596578881e-29
1.29544386326e-21
1.37612784955e-12
1.53674496998e-42
1.52994924615e-06
1.66610225005e-42
7.98257731376e-05
0.0250267709305
2.013857644e-06
1.92643452938e-40
1.91549862918e-05
1.61745867303e-14
4.40686340679e-08
8.58220511411e-49
1.32589421796e-35
2.10752158592e-49
3.84667959821e-09
2.17384974205e-62
4.49232246971e-39
7.35076813751e-17
0.00295397337062
0.117031920947
2.92644639674e-37
7.55673589675e-40
1.17562705621e-56
4.32953925117e-09
1.04233878885e-50
5.26580398575e-16
8.03894113022e-05
1.40838491432e-26
1.96345096495e-10
9.08317547585e-10
6.52048738416e-05
2.20827548896e-18
8.32596602566e-08
7.14032687543e-46
8.81102082483e-12
3.16740348277e-10
1.05416697582e-19
4.72192096614e-05
1.04887417956e-44
2.02576197998e-10
3.34203924105e-10
5.41865766515e-31
7.11772075576e-09
7.39583457636e-19
3.5091585724e-21
0.0394901709418
0.00430023918031
1.80294191653e-45
1.05095308552e-29
0.0412379528302
1.18100541185e-09
6.02418347516e-05
6.09870845604e-14
3.29203979532e-11
2.32257882624e-19
3.65581993828e-15
0.000475576280337
0.0116803032452
1.53003597967e-09
3.57968554614e-05
2.34138895525e-06
0.0237916446251
3.26062013942e-42
0.00647270343946
1.41687295594e-10
2.25237530562e-51
3.25596522651e-16
6.86177024529e-05
8.74375529989e-06
4.60659904927e-29
1.10383568256e-18
1.75134764638e-35
1.2185897965e-12
1.26454742716e-18
4.73724594825e-07
0.000103414981953
4.41549222026e-11
0.000174693896446
0.0201676855197
2.01344895223e-27
2.69340520357e-22
0.00914226152471
9.12154879938e-10
2.89319891516e-06
3.77225693743e-09
9.95622676457e-22
9.47347257906e-15
4.59021712473e-06
6.16385677831e-06
3.09344980964e-20
2.00553580889e-05
8.36320267679e-33
1.75267728645e-14
2.28251482045e-23
1.28120800822e-08
2.48530805673e-24
1.02779499397e-18
1.29060436008e-19
8.92029664668e-12
0.00330057283809
5.71357105985e-08
7.92117950044e-11
2.21894182775e-08
2.89369710698e-05
9.85698413667e-17
1.08758741732e-15
1.71023573447e-05
5.81556149777e-09
1.76230359323e-15
2.90926073896e-07
0.00111971538065
1.78550590949e-14
4.53688937848e-43
1.7018538029e-18
4.72346628656e-10
5.61768525854e-09
2.06013707327e-10
2.97152862789e-12
4.19593943531e-19
1.28032001993e-26
7.58183368181e-05
3.2872209881e-10
0.000129147541695
5.69493271329e-21
0.00678542113135
0.000107454619087
1.78062018268e-44
0.0046097153517
5.35784101501e-14
2.45218938774e-07
3.38879428941e-06
6.60454973724e-06
0.00011657389432
6.53737439378e-14
4.817352323e-27
2.84560670526e-07
0.0202454181649
3.37815120605e-13
1.31061213186e-05
2.19813309235e-40
8.47164871827e-11
0.000114925652185
7.58381296318e-26
1.4586503615e-29
2.80714101765e-05
0.00727696027298
6.63549998494e-20
3.8851881543e-19
2.7051525365e-08
4.57894008018e-12
2.70735727736e-05
1.31643246412e-06
5.12715286736e-13
0.00179809115229
1.51954520676e-18
9.6332735657e-13
3.32596948498e-49
3.61168551164e-14
1.27857514415e-08
1.11805540411e-06
3.40049242113e-06
2.88724097811e-06
1.16047141983e-14
0.00108471996303
5.08585410538e-10
1.34974889345e-12
8.5780253012e-21
1.05529825245e-13
5.1083107248e-57
0.000242980037366
1.13775707475e-18
2.2075670969e-21
0.00637594368361
1.56086683623e-09
3.17578228291e-05
4.69598264125e-19
5.46940325359e-31
2.17325768481e-20
2.90501148046e-06
3.75031830573e-07
5.1401588269e-09
0.0222758062069
8.31082224454e-26
1.26960837789e-11
6.46342226979e-05
2.18489824477e-09
1.69747017942e-48
1.73235525187e-10
3.47602222047e-10
1.07782297693e-11
2.26163095044e-18
3.96180092277e-37
0.0201926071363
5.7835401264e-38
0.000531144796556
0.0155661547935
4.99006838077e-40
1.86060402065e-12
4.33707378365e-12
9.0859441321e-09
3.09176678811e-16
3.68689199382e-49
0.000487144123486
1.24484790808e-07
8.80156879892e-07
1.10986415548e-23
9.69041264858e-06
6.65115212042e-18
0.00307839871405
1.50925951267e-13
8.15593134433e-59
1.38020809524e-09
7.37484453156e-18
2.27534605409e-12
2.14414513456e-05
4.43404808361e-11
4.60967912999e-15
1.00231804192e-11
2.52445087673e-13
1.91544734239e-10
2.6947208791e-27
1.74791990289e-07
3.38585540419e-11
2.01548666426e-11
0.0126131231872
1.90958488278e-26
1.33664601328e-45
1.67675827956e-21
2.62085267409e-28
8.6252346582e-09
3.77688382041e-11
6.46153579274e-11
6.80446581376e-49
1.50573463687e-30
9.61956141312e-37
3.62102102212e-06
1.00671313192e-18
6.15488766508e-06
1.42526963453e-08
1.19698569333e-06
2.10846777285e-10
1.69466702285e-12
0.000349408759749
1.02200263418e-05
2.70753949162e-09
3.79287026266e-10
2.42549228085e-11
6.69070568828e-07
1.86161761833e-30
9.54302585968e-21
2.01521674434e-14
4.39977013505e-09
2.68157368041e-13
4.83284646131e-28
0.00612801769175
1.46289533957e-05
1.30462072801e-10
0.00096042428975
5.95709181736e-11
0.000319769719134
2.37172975452e-42
4.8417291904e-05
1.16318137822e-19
2.04474263891e-07
4.01843637248e-08
8.75828053907e-21
4.74746454369e-22
2.10198011344e-41
1.02799445235e-18
2.29794663269e-31
1.49535075492e-33
1.69922079176e-15
0.00190150208264
2.03003367801e-21
1.26629989345e-20
3.47310749867e-10
3.8281567661e-23
2.23757191977e-08
3.5872488675e-06
3.44028490794e-11
2.42456539677e-21
2.12248663342e-06
0.0138135750293
2.31021820571e-42
0.000493629406348
1.0564239441e-31
3.04607184561e-05
1.20808944135e-11
2.41475698227e-21
1.08872297825e-11
2.19133222776e-21
2.57194463135e-11
3.47032590291e-06
0.000144517261479
2.90230878672e-38
1.54386552255e-14
3.36467894414e-09
1.21054492241e-05
2.068204501e-21
9.3233575897e-16
5.15231434434e-16
5.63895949548e-19
0.00123586806986
3.14992500655e-09
8.62773450246e-10
0.000507363284665
8.21283894165e-08
0.00372753077608
3.54332611693e-07
5.04635226521e-11
0.000650842555305
1.31042642777e-13
4.5290166072e-21
1.6591127327e-09
1.87287219419e-17
1.21386298441e-17
7.05656158871e-10
1.35526454143e-22
5.20653738178e-07
1.02953613803e-13
4.43531900448e-10
8.17487767261e-07
0.000324651111057
8.59540437597e-13
4.45409186014e-09
6.19546324769e-18
3.56224041112e-08
0.00687396066331
8.85978056968e-06
2.13973310564e-08
6.48693946747e-67
1.68213899027e-29
4.20952258177e-12
8.13168768897e-13
4.45053373979e-13
3.21936929227e-48
3.67729009496e-23
0.000438430200919
8.7263716329e-26
0.00250420442545
8.11416445541e-36
6.4620924391e-08
1.72290819846e-22
5.14974849527e-19
5.00183589764e-08
1.09211029957e-16
1.15673672425e-08
1.29388955575e-06
3.52775587012e-48
1.48318844557e-09
3.63229791406e-12
3.33488091751e-10
2.59744154881e-06
1.35855662714e-24
0.000129756270117
1.18779823348e-07
1.20479951591e-09
8.82528882628e-15
1.60784432056e-28
1.25922218015e-29
0.00911910384002
4.46131463188e-23
0.003390788689
0.00023200785355
5.34685860271e-20
2.64348905855e-18
9.72044429426e-31
1.0454582527e-18
0.00151525377898
1.13212755286e-33
7.67013665214e-05
0.0190800353496
1.47824443616e-11
1.91828641609e-06
2.46783116374e-38
2.61818369515e-14
6.12740115774e-32
0.00148360119478
1.20437057038e-09
1.18526479291e-12
1.24569250088e-10
8.06437052961e-10
1.39725502704e-18
4.91811763881e-16
2.02831926747e-06
3.90775807189e-07
5.12372603284e-10
0.00191650613779
2.6690969079e-07
0.000456022753291
7.9991241082e-13
2.37899746833e-63
3.37928023766e-20
1.2443251238e-15
1.30762359461e-19
7.60664031144e-18
1.44984804371e-09
0.000465696258478
4.11066200687e-28
2.28310114746e-17
1.01561194539e-05
1.57046013257e-11
2.08217098925e-08
1.39362744989e-15
1.32462128686e-05
2.09260399784e-07
0.00144953424462
7.49839870631e-05
9.66146858179e-23
1.10905106972e-06
1.00366726764e-05
3.6054833468e-21
4.4021265972e-18
4.20775434385e-25
3.12211193174e-28
7.47555949021e-46
2.2760742274e-61
1.74524797722e-05
1.17697843335e-13
1.09314121752e-17
3.35255289696e-05
1.91435905353e-06
9.57083707112e-10
1.91105870652e-55
8.12513786331e-10
3.24235912758e-14
2.03196347443e-60
1.13493098891e-22
4.6428667112e-10
3.73257174361e-10
0.000846852204232
4.79720299616e-13
1.49593685436e-31
1.15343795784e-23
7.05198736629e-43
0.000646567914998
1.07680277058e-05
7.65192222319e-10
9.90708795572e-10
0.000441587155722
2.31050329348e-33
9.62079611179e-05
3.09492713925e-13
5.32428580604e-22
2.36141212664e-32
3.14317822655e-28
8.81962719372e-24
0.00105211795343
6.21052086718e-06
1.4423928902e-07
3.035773327e-10
1.75215717878e-26
2.12765176064e-09
0.00372680500119
1.50621192732e-24
2.53193369808e-21
4.00642919249e-38
0.00131652285167
1.78094294969e-11
1.9169000797e-14
1.44924336032e-12
1.66201910973e-49
0.000376223009535
6.87413909207e-07
8.22421424161e-11
1.13670840341e-10
1.81312749028e-07
3.1130984758e-13
5.47609319377e-19
5.1877206376e-17
8.10839045825e-18
4.35628685548e-28
7.46318319358e-50
5.10827476446e-36
7.52447451945e-41
2.33295710954e-32
2.05523925926e-42
3.96534962121e-31
1.3119232708e-17
1.00426800058e-08
6.14832017893e-16
0.000992160046096
4.75613878675e-31
2.19983022419e-26
0.000202659785998
5.43740791032e-12
9.31643005877e-11
2.25178825513e-14
3.08737097115e-24
2.71405741259e-06
1.61679403929e-47
1.23239808561e-33
6.39915204865e-06
5.63636912038e-40
6.58660315815e-09
1.70327713842e-11
1.02915301753e-08
2.63086580777e-18
3.58506747003e-08
6.5265100187e-36
4.83560104813e-13
1.24005646126e-33
2.49861693683e-21
4.16565543222e-24
2.48018014168e-16
4.58154516547e-47
1.5937735752e-14
0.00342391659922
2.96854489043e-44
7.77403533466e-06
2.20666694851e-08
1.47325173665e-32
1.93380712733e-08
2.44035357746e-07
1.1623556348e-17
5.24575934973e-36
7.70026541014e-07
1.24304093182e-07
8.80149010639e-29
1.14824312252e-15
2.12726264407e-09
1.80915984865e-33
1.19883417099e-25
1.47657950929e-09
2.74034605261e-15
3.96275423191e-33
1.70939738871e-41
0.00750168698469
7.96205302199e-46
6.44904859754e-20
2.14612577638e-08
9.10802816947e-06
3.23164063546e-20
2.25783619628e-25
2.22334936764e-13
2.34893419495e-21
4.97891204403e-05
7.97218029663e-30
0.000704838641475
8.6577862663e-18
0.00367911786611
6.0611820289e-07
3.95523167078e-06
1.6511804631e-08
4.50082767709e-45
6.66335034652e-19
2.63164907156e-22
1.18911558481e-26
4.34466918271e-24
4.89766057932e-17
9.78883191069e-10
1.28132719945e-35
3.42123060029e-16
0.000120642171422
3.6842096435e-13
1.44780344529e-06
2.06519698605e-06
1.06043020102e-83
2.4353491569e-07
1.75478367422e-09
1.34835987859e-18
3.24811205449e-14
2.99047688521e-33
7.6213038567e-20
2.72294191439e-06
1.16553059277e-05
0.00185646186858
2.85806205373e-12
4.464995357e-13
6.07905101518e-49
1.12835417879e-11
5.46796133466e-05
5.64891060837e-11
3.60889369368e-15
4.24744572061e-08
1.67720979875e-33
3.26853054752e-06
1.3487730476e-06
1.25358290765e-14
4.45509635317e-09
0.00423322448316
0.000195542845171
7.89741586149e-09
9.28959934399e-09
8.4496760346e-07
0.000270706565619
9.31769227674e-07
0.0066368294189
2.0826087895e-24
1.59097063763e-06
6.56701815274e-26
9.22739948311e-61
2.59646429175e-08
1.22788745533e-17
7.53053348433e-08
2.09365963831e-42
5.631572373e-17
4.73042902479e-27
2.21394397407e-06
4.25702112218e-32
2.35282973153e-05
1.01327450817e-13
1.36958222932e-29
1.93004573431e-20
2.71210550223e-08
1.86694926402e-07
4.08984405598e-05
7.21789049949e-68
7.91076123806e-08
2.59621450275e-15
1.46472230306e-43
1.65520732835e-37
5.46175513332e-42
1.85985466391e-13
2.22102747467e-11
3.29353442577e-10
4.77224064091e-26
2.368144724e-07
1.75759070651e-08
6.99947359737e-51
1.84856642919e-07
2.79820498918e-29
7.06509103776e-19
1.00953466838e-09
1.26471105472e-15
8.9784248187e-15
4.87887050594e-08
1.19453220059e-19
2.97912730639e-05
1.10107043414e-41
1.46182210997e-13
0.000182640696617
0.01422353924
5.55593600143e-20
1.52243674817e-06
2.03366332532e-09
5.0367351837e-07
1.5184718146e-24
1.98021144576e-14
2.87123660043e-13
1.42804339827e-37
1.04892188976e-36
8.83558230501e-10
4.77939640732e-29
1.40424865885e-07
4.63748096908e-10
3.49884805522e-18
5.09139665437e-07
5.58841234815e-17
1.1278388625e-13
7.65863023576e-18
1.27161280169e-08
0.00265272446693
2.09397650491e-08
2.01144892979e-30
9.68382818369e-07
7.55310965958e-10
1.49905803636e-56
0.00366234578288
4.09993417785e-18
0.00714460044358
1.39387373993e-15
2.40021938855e-20
1.70118493254e-25
4.70603202638e-22
3.26280309671e-06
2.04360667236e-15
2.18828517939e-10
7.34100126141e-10
9.78620562056e-16
1.23932465348e-27
6.87774939771e-10
5.88288898819e-111
7.60789371879e-05
5.62606485418e-10
4.25880291987e-13
1.86611177201e-11
1.09690606141e-15
0.000388896240783
2.84476794092e-47
9.50248612684e-31
2.16695201596e-16
2.51832896477e-18
3.91839947254e-25
1.2511637552e-40
4.78669699594e-13
8.24017166962e-31
1.58150574651e-24
1.0939669456e-11
6.72818129594e-05
9.62076572096e-14
8.13015984592e-22
3.79277367915e-24
2.62528477249e-05
6.32393547067e-10
1.32885717103e-09
1.78249633381e-14
0.00587723909874
5.53865910139e-28
2.45154178054e-07
2.80269634536e-24
6.33181512033e-05
0.00164942678271
2.21694152963e-07
1.50821361157e-08
5.04215197644e-17
6.10468459163e-21
7.00354036928e-07
8.20266349569e-24
1.60164114054e-26
1.73314665269e-31
9.15196099368e-32
9.4218715904e-06
2.01894443144e-29
4.2048253875e-25
1.60057517922e-15
2.39448367302e-21
1.10541702287e-09
1.35762025512e-18
5.47879705352e-54
1.69081379157e-12
5.93218855097e-10
1.81558602205e-26
1.40016522329e-09
9.28787074306e-11
9.33943453765e-19
1.71065681716e-48
1.99206631403e-23
1.40263514279e-11
2.14077468698e-08
9.00561952123e-31
1.13728252853e-06
8.83668954126e-10
2.98416189751e-10
9.3656367317e-07
4.738314343e-12
1.83941373274e-14
7.61914506514e-22
5.07681427564e-05
0.00141335694357
2.05272816275e-41
9.54310589315e-70
3.01301108838e-34
2.22190445136e-25
3.44093337183e-13
3.11451721763e-44
0.000778230461563
5.91334093522e-06
1.76095260756e-07
3.42643579368e-23
1.83783119581e-06
6.86292094142e-07
1.432092447e-17
0.000185689191824
1.2254359917e-11
1.22181109231e-07
4.60798575988e-08
5.95190188641e-07
3.20989078785e-08
3.03257956241e-09
0.000905100630959
7.38569025956e-27
8.39447726023e-21
7.09070878253e-08
0.000183450871168
5.83845920796e-13
2.40965089675e-24
6.8857009155e-12
2.21515354109e-05
1.30822409481e-07
0.000128432739063
5.6138103565e-24
3.52830280909e-35
9.68637460151e-25
1.46924177403e-19
2.92308544152e-11
5.13824796821e-45
0.0038772712959
7.26741610138e-41
2.26935938827e-10
1.97133698379e-59
1.71967109844e-49
8.19232316456e-29
1.24153766193e-20
6.4791816238e-25
1.02768483391e-24
1.82795428035e-40
4.08873916112e-06
7.94232431077e-14
0.00966950418231
8.48652971214e-24
7.35098280643e-15
2.20060813552e-33
2.84946940619e-06
6.02047012704e-10
2.88780975051e-05
2.95696202467e-26
0.00138415968028
3.07886399634e-35
2.87831678105e-15
2.67878729023e-11
5.48114820322e-11
7.02140127219e-08
5.94280604982e-12
1.504020324e-05
2.60833381051e-07
1.14408745333e-14
7.31231594227e-10
4.28599943939e-19
6.53494274926e-17
0.00028859832054
4.35693462402e-47
4.65154057357e-08
1.88795622904e-22
8.02784713956e-16
3.66547031201e-13
2.55294866644e-44
5.27999738314e-38
1.08862428114e-13
7.85223319072e-21
0.0001313229203
4.75001227417e-08
1.67818138408e-43
9.56239923534e-39
0.00270084014111
3.22970550697e-10
5.62848253985e-10
6.77832812926e-05
5.23049512695e-16
4.02353735842e-18
0.000384898745406
1.65254948815e-15
0.00022823893935
1.04081256784e-07
2.4963433459e-13
5.7123125429e-16
0.000185200890053
1.18469623048e-31
6.25150104829e-21
2.76535340788e-08
1.35749102486e-05
4.73364718412e-38
5.51466898307e-18
4.10980017394e-08
3.4227191676e-10
6.32160849956e-17
7.84087912529e-14
7.17628276149e-08
9.68239158966e-27
3.55772849363e-33
1.64353488372e-29
1.3501798341e-20
1.4336927303e-27
5.31151781775e-09
2.27956506987e-35
6.25341398846e-05
3.73675741891e-24
2.74547390874e-14
2.528276463e-09
2.14772145784e-07
8.07440648498e-19
2.01048204539e-39
0.000175875115002
9.63160078721e-72
1.8482851154e-24
5.14751636537e-11
2.97115342779e-15
1.06246124521e-20
2.41565155407e-18
1.58850441341e-05
3.21667252391e-12
3.10484001431e-32
7.72355054579e-19
1.50256373986e-18
1.30833643141e-05
6.38312955929e-09
5.13174981739e-30
1.92579905391e-26
1.04644081673e-19
2.67960400126e-19
2.16026032018e-07
1.77678940068e-46
1.65483609585e-19
9.80228100144e-13
0.000261050788294
5.65982143353e-37
9.12111502639e-11
9.10491508707e-37
4.30871240402e-28
8.64671475979e-26
2.30728078972e-09
1.65220155471e-07
3.07623865934e-26
3.06725213845e-05
7.60272008079e-25
3.51785587766e-29
3.9394492124e-22
2.69017881483e-28
1.15809414803e-59
7.36212719253e-07
3.75577176635e-12
9.36738996905e-07
9.85178116007e-78
9.68446892636e-11
2.38019802415e-07
1.5815917092e-28
5.25955345662e-11
2.75361355764e-05
1.21971239729e-08
1.3706124267e-08
4.54066656109e-09
1.67071883944e-41
2.85571014123e-09
3.25719527208e-19
0.000112823993001
1.17929658453e-25
0.0136613742107
1.84494800032e-24
2.28912041468e-13
7.1206317884e-10
0.00860377046137
1.34289984236e-16
0.00245720842031
2.32674128461e-11
1.58804850211e-26
1.49522310836e-25
7.71784374024e-05
1.30678710436e-08
2.34615706178e-34
3.04312337744e-11
5.04003163616e-10
1.03274883054e-11
1.0189361631e-10
6.90320814136e-30
1.14470776394e-25
1.5243426939e-20
9.22464428626e-10
1.90048852667e-05
