1000
0.0078861197221
1.03846872955e-13
6.33752221096e-11
2.59506933174e-10
1.91661279873e-12
4.28901750431e-08
4.56475714068e-23
0.0115578354082
4.70158987937e-11
1.05940849034e-07
3.47003439962e-05
2.09333278944e-12
0.000837994948483
1.2677746403e-55
2.87449581095e-16
1.12094568075e-31
4.67502591745e-07
1.87382458402e-05
1.41968495456e-05
0.034509010702
0.000425184550307
7.87571072365e-05
7.41426762281e-23
3.15388854346e-08
0.00579548460437
2.14218482494e-23
2.30238177474e-07
3.67380460637e-05
0.0398850482542
6.33896347826e-20
5.69808877113e-05
0.313094161423
1.54644558218e-06
1.32731286542e-08
0.00181183227752
1.99199492996e-10
2.67838128614e-29
2.1093989838e-13
0.000419739004124
2.46271924069e-06
9.3135929816e-30
2.32212756109e-26
3.03671823316e-18
2.51490639856e-09
0.000144002532183
3.60612782203e-07
5.08478964987e-07
1.17806351985e-07
2.53418287134e-08
3.80015897862e-15
3.37046604404e-11
3.55841342027e-14
5.82944675112e-11
2.42007233284e-07
5.77565943453e-06
1.71958029736e-06
0.000389312578919
0.00153325776635
2.36886714084e-58
4.57325936949e-07
1.38071268084e-55
6.07597796212e-10
0.00041266768567
8.41602595348e-28
0.00343297168805
1.60805110901e-07
3.96394097673e-16
0.000208153376099
1.12130636278e-05
0.000392050893754
1.22263737718e-35
4.6505962621e-10
3.81621747161e-24
0.000493646090813
1.64744980952e-05
0.000112034595929
3.99147483251e-07
3.12121496726e-05
1.9329735953e-13
9.73113225482e-21
3.10691939304e-53
1.2594277816e-11
3.74824715032e-15
5.30995826669e-08
7.86946677971e-05
6.68759917443e-14
0.0440111422399
0.00271270114985
0.00283666433222
0.00178615503159
8.35493737579e-24
1.00197701206e-24
0.00105469193638
2.17358693998e-08
2.91667701148e-08
1.31980245779e-20
0.00479076268873
1.52728368188e-05
8.41432087326e-09
0.00111760357292
3.95979310216e-12
7.72634891432e-05
3.31238145689e-13
5.7585563449e-09
1.21160928888e-30
9.1252208616e-15
0.00209447293399
8.32023463339e-15
9.73118938467e-10
2.70217522156e-05
0.000311894130516
0.0504582390844
3.14921240486e-38
9.71732830369e-34
8.54932904372e-05
0.00148332470939
4.73407681417e-05
2.7402815075e-09
2.61807696601e-11
2.66363282831e-13
7.3612418045e-19
5.2085742196e-45
0.000110048207628
2.96299808243e-05
1.87229627026e-07
1.23099830922e-15
1.04951379172e-16
3.06473360123e-12
3.65644522845e-05
9.88582346532e-07
7.81527360119e-22
2.16857691446e-26
1.46225774482e-10
3.52803470505e-21
0.00024430021126
4.88161850789e-10
5.19762517656e-21
2.90717470492e-12
1.94311999789e-08
1.82087611187e-06
1.09966869077e-25
1.21681902292e-41
7.09928286348e-42
0.000294112864356
0.02398552512
1.28787801632e-12
1.79415797267e-18
7.09833864152e-08
1.24241941457e-06
0.000115300708171
2.95541103501e-10
0.010001047839
1.19938226836e-10
5.74568105241e-14
1.8790303095e-16
1.98943923268e-05
2.21709355857e-21
3.90659164054e-19
5.29588935996e-12
2.95522520077e-05
1.89638337652e-34
4.35824399698e-08
2.19272200552e-30
3.77229962518e-38
1.42726747868e-20
2.42050609779e-08
6.0738848886e-11
7.06893264936e-07
2.03438475221e-13
3.0740220654e-08
0.000431355112717
0.0111154241912
1.51091717868e-12
4.79301369058e-29
1.74913389117e-05
7.36700491999e-17
0.00617029959694
3.77319587505e-19
7.77745825074e-13
7.009045236e-10
0.000778535141835
1.16861741079e-24
3.15970323201e-09
4.00828503982e-14
4.97344148333e-14
0.00104089824517
1.64179790759e-06
5.55079452963e-12
2.25152053792e-11
5.86633818644e-14
2.55543354868e-07
1.0486035076e-25
1.15156604515e-16
3.75550045244e-13
0.00498554876139
3.50359961824e-05
2.56980578525e-12
0.00306855910597
2.34831415237e-10
3.46142163141e-21
4.01677911925e-19
1.8470894061e-08
6.08154614181e-09
1.35675712669e-12
5.80279801456e-26
0.00180199728647
0.000143448422004
2.93226919131e-18
1.45944844219e-12
1.02043058562e-27
3.05224474965e-84
0.00214613277743
1.46698566644e-15
7.41824148185e-05
5.22124642839e-32
2.39682830487e-18
3.74203621612e-09
2.87080125701e-06
2.97273886722e-16
1.61397023191e-49
1.35538082394e-12
1.27287569151e-11
1.0159068137e-09
0.0036701855618
7.39630242672e-12
1.58236903098e-28
0.00496958970672
1.08254770811e-07
0.00449731573018
1.10287527749e-40
3.48651830491e-25
1.97117614452e-23
2.07690239652e-08
6.77029861013e-21
0.00903186225834
6.15851097346e-18
1.09701898795e-11
0.000117658768151
6.2326407592e-15
7.5943987769e-06
3.26041780392e-12
5.15592298504e-12
6.11292874766e-07
1.68674394994e-15
1.53157153023e-06
0.00129898695507
6.52611700668e-10
0.000524505952187
1.90689392206e-13
0.00128406955738
6.18895146884e-31
2.44594214517e-18
3.49832243997e-40
2.85515808985e-16
6.44748286168e-62
0.00436847919499
1.1008841825e-10
1.34767313284e-07
0.00249649850304
1.71545051666e-22
0.00574044410512
1.66483599937e-08
0.00314690533963
6.05280291625e-48
0.000448000415843
1.91271382181e-13
0.000168634744549
4.48586262528e-17
0.000803816407058
6.15950099387e-07
1.91364419908e-10
1.88239443382e-20
1.58028773974e-19
2.07125502792e-22
3.03131594855e-14
6.61377086596e-17
7.38546701077e-28
3.10572980908e-17
4.54560845814e-17
6.43875113877e-08
4.16647071303e-22
8.0327481268e-08
0.000330077301401
1.41096078267e-05
1.73456361442e-21
0.000790883935391
0.000223999901522
0.00465315169137
5.83792641704e-16
8.51342382336e-21
1.72735488552e-07
4.96397264421e-10
2.35316833594e-06
1.25587934758e-08
4.58044977147e-13
8.85857508713e-08
0.0128165411426
5.12941078801e-10
4.29109461001e-26
0.00226378368371
7.92951826303e-08
4.63664627425e-06
1.93292919925e-36
4.43354196934e-06
0.000171425125797
5.04262351699e-19
3.93694214559e-17
0.00312646220367
2.10785307034e-37
9.56012397988e-07
3.76881193151e-17
9.291946095e-06
7.48645703645e-26
3.84141512789e-07
0.00033973289855
3.37550824868e-11
5.13030642122e-35
0.00434404318619
2.39662445192e-10
1.61716676461e-16
3.88144415228e-07
1.359595975e-23
0.00465776777387
8.70669074002e-14
6.74690735776e-32
1.79725409218e-06
1.07913251033e-27
1.98749699319e-08
2.89575427781e-12
1.70147451054e-05
3.64951898399e-22
4.98959082465e-18
1.49554899049e-13
1.14067204733e-15
1.97104162457e-16
6.00454914011e-20
3.61992575847e-11
0.000538165003981
6.76145347213e-16
0.00215454832787
4.21965605417e-08
2.87159686037e-13
7.39669593192e-27
0.000400601052833
2.19142378657e-22
5.03024491831e-11
1.3366079048e-10
5.52019951277e-08
0.000279412979102
5.11420792537e-05
2.18295951654e-07
1.21903564839e-44
0.000659718480141
2.56387350416e-09
4.53796961742e-60
0.000219278378032
3.57066653235e-31
3.56450127585e-35
5.85378347246e-17
3.23578905793e-11
5.91488188359e-34
5.2097802797e-28
2.85094962124e-29
0.000110647999665
3.43842068405e-08
4.15771431074e-12
4.49096197761e-05
2.86470848587e-06
0.000414457073051
9.46139395637e-32
2.20503788836e-24
0.000135493927808
8.01763287188e-23
3.12207869019e-22
1.41404732148e-09
2.64740184039e-10
2.84781297173e-06
0.0193477335665
2.28678830214e-15
0.000163413148059
2.95430456918e-05
1.88425577671e-23
0.000266292777038
0.000515371661895
7.2924634458e-14
2.40821931044e-05
8.69604451202e-24
4.82089079825e-07
3.61174072987e-09
1.6032104757e-22
4.38230013307e-11
1.53787500187e-09
7.03196749122e-09
2.93032934696e-12
3.89813233761e-06
0.000770593291491
7.24578582016e-34
2.69559308886e-29
3.50540461221e-21
1.08205425723e-07
2.77982322083e-20
2.88070617271e-09
4.13225447075e-22
0.000466428289037
1.56346224254e-15
1.50220425563e-17
1.13744105663e-19
1.39867951294e-36
1.12859826042e-13
1.26983994979e-12
0.000411764484346
2.72548368464e-21
0.0055314083983
9.95205924467e-18
6.18049579352e-11
0.000174343838137
3.44308617339e-16
7.11767814611e-08
1.04304855631e-12
0.000102770516433
4.23246205174e-07
3.6220133746e-06
2.267683922e-35
2.24663899909e-06
1.76952622801e-15
0.00439689724495
0.0100150794524
0.0213297026554
1.14996164613e-18
1.98035812243e-12
1.01737276468e-07
2.9203279484e-56
0.000123177419587
3.68832207956e-27
7.56636810168e-30
2.36036412883e-11
0.00280354629164
2.63194374772e-19
6.06867180317e-48
2.48294917371e-12
0.0004860587987
3.3039499938e-07
5.47615234307e-11
1.4774566427e-08
1.78943682383e-05
2.74099261158e-26
1.69440638716e-28
1.21403866155e-14
0.000408854931921
1.90909432193e-05
4.49212143328e-05
1.68558377815e-10
0.00159512097182
8.44201686047e-12
0.000231047321785
0.00168343077423
2.88238489613e-10
3.51363546755e-14
1.96923062018e-10
2.69372091826e-14
7.3857992255e-10
2.99884020955e-16
1.53326894666e-07
1.58804187764e-05
1.71359552917e-09
0.000624150022518
1.29035912845e-07
0.000817827201462
5.18344812604e-09
0.000691127927023
6.02602839763e-18
6.31751348523e-15
4.02647387863e-35
2.51011290605e-08
8.41582652492e-07
1.00999244175e-20
0.00346167818108
1.71473304119e-12
0.00309997332493
6.16288603184e-14
0.0049281134835
2.72139805288e-08
2.13508477385e-24
7.46571217896e-24
0.00760815521618
1.05351055401e-07
7.61506566339e-17
1.85519554682e-09
1.73637170549e-06
1.48569396528e-14
9.6713046866e-16
2.00953134129e-09
7.21595564123e-08
8.21964555036e-14
1.1764358602e-33
2.67470722676e-24
4.53810336372e-27
4.24712930477e-19
5.34725740969e-05
1.11551389487e-07
1.13653721345e-17
4.74084426676e-06
1.0320436749e-07
5.12972347291e-17
5.41400000188e-09
3.94259828986e-39
4.95825002546e-05
1.0807456702e-05
3.60503952651e-24
1.71015358148e-08
3.14251107624e-06
5.87921379418e-15
1.26089909942e-15
8.36516291799e-05
8.50303380485e-40
0.000395043330152
6.77677138131e-08
3.65129024066e-11
0.000540508515292
6.25789724632e-30
4.00189824672e-10
9.28872418683e-08
0.000231951217288
1.88175199932e-06
0.00279057838249
5.45209037464e-08
1.11006325931e-17
2.60527518315e-07
1.85774138197e-05
9.6946060602e-47
6.97786020887e-05
1.28816627128e-25
6.15099809853e-08
9.9096314287e-36
4.58018235654e-15
2.68759419166e-06
0.00046921901977
5.9224039758e-13
7.1031379882e-05
3.11207034656e-07
8.61323704784e-08
2.80859923074e-33
0.00532591549525
4.55148289481e-11
0.000284482313681
0.000825261540325
3.02492906451e-42
0.000121911100488
4.28151292687e-07
0.000709864782852
2.32804501702e-08
2.54144678237e-06
2.70019493534e-09
0.000372912180461
2.22165072309e-12
0.0137414527543
7.60391158111e-33
2.97439817803e-32
2.2037214071e-05
2.14076103026e-08
4.64274752813e-20
2.78512356405e-21
1.68252018915e-05
3.29666467432e-08
0.00229443302785
3.41392342887e-16
1.24742862113e-09
4.33197104015e-06
4.08057961582e-13
8.23724201771e-09
2.53206288968e-08
1.14794534395e-12
3.14041466404e-32
0.00470761923688
8.30980231624e-15
4.16377914919e-12
1.85375883246e-11
8.51864036051e-08
2.92875892929e-14
4.45921476375e-14
4.52369081622e-44
1.87746986945e-21
1.41148594745e-23
0.000263365518271
1.06971487997e-15
6.23856492479e-61
6.5990465811e-06
6.00587098028e-09
8.60849006954e-40
7.34065786894e-11
4.20988577046e-18
0.00133651493896
6.61763637099e-05
5.76215767846e-05
1.55935639979e-21
4.42698903084e-09
1.63546055617e-41
3.64696059051e-25
0.000235785005619
2.04465786775e-17
8.0493008608e-19
7.14592205898e-05
1.31155198259e-07
2.31755321608e-05
0.00011729095531
1.4481367628e-23
0.00147307511411
6.50169058485e-08
0.000353348521858
1.17323479878e-19
1.08884382015e-10
5.51419956325e-09
5.18199212691e-13
1.06097246683e-12
6.1838600096e-13
1.63557238888e-32
1.12824762523e-12
0.00164798745047
1.17362068461e-06
5.44214944485e-09
0.00152402283846
2.45690946297e-10
0.00296324509759
2.14292486785e-30
0.000233788768691
9.76583602186e-47
0.000562941557453
0.000822701021887
3.06975243129e-30
0.000724479092449
0.00227055703598
1.5451160245e-31
4.56048745828e-08
0.00205020945397
8.11440477163e-07
3.07959298455e-12
7.79438131729e-25
1.93582787524e-07
1.06762132323e-16
1.85156019336e-24
3.92713658319e-05
1.07892481884e-18
0.00604790175713
0.000714881934605
9.31135223827e-10
1.90192049202e-56
5.0449635679e-05
2.97855729969e-08
1.78086653103e-12
0.00182680523186
0.000357924883506
1.91037791578e-12
7.11777621195e-37
2.46936436043e-11
0.000121388072101
0.00334882058819
1.75125617494e-16
0.000180310026122
2.34829120586e-29
7.81226358149e-12
1.51092678415e-05
8.25405097893e-33
0.000231294368438
1.70241044658e-43
2.60404814279e-15
2.79203431115e-06
8.96064939395e-27
1.09101524512e-05
1.85100209542e-25
0.000157362320102
7.76815696724e-06
0.00115278378357
0.00786105043664
1.14349582575e-06
0.000891407551721
5.74612532545e-08
2.51227600277e-06
2.18860828976e-22
2.55362200767e-11
0.00560556513671
3.1284289049e-11
1.92763425178e-15
0.00256177914638
4.29403989643e-07
0.000176252617881
4.91267934456e-14
8.00148398353e-09
4.56530549e-10
4.14091610403e-27
3.78114483035e-10
0.00265535005957
3.00029098173e-06
7.99374135667e-05
1.55183542726e-11
3.21878155539e-05
1.49227869645e-17
5.06920130798e-11
1.06021040979e-06
1.97813506347e-10
0.00321532543924
1.64404732054e-11
1.92595958512e-46
7.02530258946e-27
1.1190946222e-15
0.0012178744023
2.43147519888e-07
5.40447003702e-23
1.03511543467e-32
9.32710806025e-09
2.45383232741e-12
2.23014279098e-10
3.34565925347e-15
0.00703697543429
0.00220533822782
6.29428402772e-06
5.66334018324e-05
0.000607904122039
3.78821932573e-08
2.44967206261e-07
1.93353751857e-11
7.74120822611e-43
1.80290015975e-26
5.68627368077e-12
5.51066902766e-13
2.48237457401e-13
2.69960673722e-19
0.000127117235192
3.90767626222e-25
1.14177478995e-10
1.32217830348e-12
1.1890750333e-25
1.4589858237e-06
1.31763745511e-05
8.86093209215e-16
6.71842816359e-12
9.04915646252e-34
0.000669711783916
4.53174862307e-07
7.87563789693e-05
0.000818541549159
9.23956434405e-05
2.80646726215e-11
1.71371468493e-35
0.000125727847592
0.00855544193523
2.47049691195e-06
0.0050126324856
3.564204356e-12
0.0010283474728
0.00241369134784
4.37361485609e-19
0.000209222451152
0.00483778633086
5.27008047281e-11
0.000111252826608
2.8669257588e-19
5.61665518988e-06
0.000349281578113
2.01006445003e-09
1.8078721266e-26
0.00010519971261
1.32988727465e-12
3.13469368028e-05
4.38092322682e-05
0.00224341702547
3.35379044319e-11
2.98929362468e-05
5.79291848192e-07
3.66024577885e-06
4.73118002133e-14
0.000205819298661
3.06570704103e-13
4.89787888187e-10
9.27947225952e-20
2.76478553197e-20
5.56822985713e-17
0.00167657463536
7.42317826566e-07
1.74751871443e-16
6.03202088675e-06
1.4957526706e-27
4.22232687907e-15
8.75729572661e-13
0.000976779445726
4.761414861e-26
7.19229341815e-11
1.52501064026e-09
4.76925148207e-25
1.27214295909e-05
7.03488822443e-31
0.0117133164546
4.66273618319e-07
1.28151322412e-06
5.31461768488e-23
2.88703136412e-10
1.79397143097e-09
1.63727278059e-06
5.19284977198e-19
0.00767357965969
3.84449357857e-09
3.74141544355e-06
6.9306891606e-22
4.8612975685e-09
7.29820173811e-59
0.000142663981161
0.000710695916785
1.89927650893e-07
1.64840935702e-10
0.000330748270197
2.87746068284e-08
0.00117926682622
0.00241971095427
8.24692481105e-11
0.00067382593086
1.54880940763e-30
1.72092206524e-37
0.00028649858162
9.98103936448e-06
0.000115077845182
2.35822745478e-05
3.54105358253e-23
1.30126219029e-19
4.37240305187e-17
3.33048623817e-07
1.87985207399e-15
6.65332101767e-09
2.49652776188e-12
0.00021458865405
5.08530748148e-14
0.00457536881292
2.09558141274e-11
7.08393828638e-05
1.85090217347e-06
0.000190221316893
2.56150059555e-05
1.84088149488e-49
1.29113199496e-13
3.40511991238e-14
2.70583093257e-09
5.05477300491e-05
3.95589844223e-13
5.73241347072e-13
9.72868000432e-21
4.54785787464e-29
0.000519790254345
0.00509128190663
0.00494810472244
9.71769106698e-05
2.96941070528e-46
5.33489805992e-17
3.83629166362e-09
9.51077051258e-13
5.65755127365e-42
8.09791098555e-12
4.40202820604e-06
5.19115159378e-25
0.00116141890157
0.0149710759398
1.23215960348e-42
0.000158846771863
4.82097219467e-14
1.17126316266e-09
1.77211885518e-24
2.46760062588e-08
4.96930072686e-41
6.90037513173e-13
6.48162828031e-09
8.85103576155e-25
2.3947941267e-13
5.27747074485e-30
0.000223768329492
3.90150229056e-14
3.12416144696e-06
6.24554456629e-05
1.31348402591e-15
1.46513665342e-07
3.6977262575e-06
0.00338178503784
3.82936010018e-27
5.96104142169e-25
1.81983744648e-07
5.42775452378e-49
2.46567046601e-08
1.27106767114e-09
1.39972361442e-06
2.01884682241e-16
1.87655208855e-08
2.02940823683e-13
5.52296345423e-33
5.5862191273e-09
2.51196913305e-37
2.9955402017e-05
1.48154105991e-08
1.16993344272e-10
1.02775149998e-05
0.00204189621694
1.25006870855e-17
2.0666246795e-08
8.29249321565e-25
0.00154442008477
1.72953370457e-28
4.80309545352e-21
4.8683359853e-07
2.575266551e-22
5.89289841977e-11
1.30020183875e-15
7.29115438408e-12
0.00179746206279
3.8553028779e-13
2.23256849443e-14
8.31142935565e-11
3.77271564895e-14
1.9726587117e-21
4.62310390485e-26
9.53614712609e-17
2.54068561194e-06
0.00261073546036
0.00489398143997
5.65143961163e-07
2.73428812258e-12
1.54386686877e-26
0.00441240620518
1.23496372859e-13
2.63862027475e-18
1.34056416611e-08
4.67330571489e-10
6.22240135412e-07
9.43155343054e-09
0.000239132527575
0.000335498615126
4.95653866251e-27
2.62129068117e-19
3.85484851389e-07
4.02319214848e-21
9.0906677314e-06
0.0044745972653
1.54063080246e-33
1.4972468181e-17
4.61605000121e-10
3.2800754991e-11
7.49475423572e-11
3.86111985473e-19
4.7319695074e-10
1.04022705869e-17
8.90787161737e-29
2.98987059691e-08
9.38010574497e-10
3.25894835759e-07
2.65266683949e-12
9.45170607514e-11
1.08636823832e-11
0.000105146046525
5.38512126895e-10
1.24689917948e-12
2.25103110898e-05
1.59478676193e-09
0.00123605201598
6.0689614298e-18
5.24104794143e-14
1.33777690996e-22
3.03276555672e-11
7.54802979634e-31
5.02728979978e-11
3.53539822622e-09
1.07325094786e-17
8.32531649351e-06
0.000584827712854
1.01747808721e-09
3.61158898341e-11
2.58712182941e-44
5.51328593214e-17
3.44142203795e-10
7.99937309179e-31
3.57952312839e-24
9.90204031555e-06
4.87884982337e-24
2.34015703364e-19
3.97533859245e-09
3.61814139732e-08
5.77089698693e-12
6.46493830683e-08
6.85336218675e-07
0.00740030792222
1.12961090303e-16
1.8372131309e-14
0.00186140559369
9.64647375246e-08
1.55551437452e-09
8.85705500941e-08
1.26055804334e-13
4.3617239254e-09
9.51628776041e-05
2.20513004762e-20
3.77560352405e-09
6.74579913718e-07
3.33665245907e-06
4.35614384266e-19
1.45400798526e-11
8.1946633286e-18
2.43648736782e-12
