I: (state)
	(20) 0.0374364137715
	(22) 0.195945018134
	(30) 0.398715007128
	(34) 0.367903560967
F: (state)
	(0) 0.309945416794
	(2) 0.0311270226473
	(3) 0.217042139779
	(6) 0.0124999706818
	(7) 0.0527961745659
	(9) 0.0928230504811
	(10) 0.102260660027
	(12) 0.293285301564
	(13) 0.152683252093
	(14) 0.0618426587316
	(15) 0.047030255316
	(16) 0.0163737682403
	(18) 0.0614189610143
	(19) 0.134043591432
	(21) 0.244327050434
	(22) 0.173803218797
	(23) 0.0147142946117
	(24) 0.119470206213
	(25) 0.0559419557385
	(27) 0.0927863439832
	(29) 0.00668364928705
	(30) 0.0275527714835
	(31) 0.201479743099
	(32) 0.0670200454098
	(33) 0.675601963748
	(34) 0.0388405722846
	(38) 0.0975614552097
	(39) 0.32726508182
	(41) 0.224174453373
	(44) 0.0907792794173
	(45) 0.376539099912
	(46) 0.20168563229
	(47) 0.0688132703565
	(51) 0.0647021402806
S: (state,symbol) 
	(0,0) 0.132883670083
	(0,1) 0.0463432512834
	(0,2) 0.106497627674
	(0,3) 0.122781006654
	(0,4) 0.167620811632
	(0,5) 0.0429581666702
	(0,6) 0.135696711937
	(0,7) 0.204614087328
	(0,8) 0.0406046667382
	(1,0) 0.475797436795
	(1,1) 0.0157637878762
	(1,2) 0.15886585277
	(1,3) 0.0193945082024
	(1,4) 0.232014163399
	(1,5) 0.0818664421165
	(1,7) 0.0107198217624
	(1,8) 0.00557798707871
	(2,0) 0.459683640337
	(2,1) 0.12888639996
	(2,8) 0.411429959702
	(3,2) 0.0837927655213
	(3,4) 0.237410665341
	(3,6) 0.350292483455
	(3,7) 0.22076264306
	(3,8) 0.107741442622
	(4,0) 0.0179751135437
	(4,5) 0.279568308692
	(4,6) 0.0547567621456
	(4,7) 0.647699815618
	(5,1) 0.488882292835
	(5,2) 0.167184538838
	(5,6) 0.247484743843
	(5,7) 0.0964484244838
	(6,0) 0.150884067946
	(6,1) 0.287253421498
	(6,3) 0.0454988102182
	(6,4) 0.0741228353593
	(6,5) 0.00907758974647
	(6,6) 0.433163275232
	(7,0) 0.111807409386
	(7,1) 0.0367427958421
	(7,2) 0.0689778516001
	(7,5) 0.187288038517
	(7,6) 0.171904463065
	(7,7) 0.137000503584
	(7,8) 0.286278938005
	(8,0) 0.0424596385114
	(8,3) 0.0400070682155
	(8,4) 0.704487703501
	(8,6) 0.0732079649394
	(8,7) 0.139837624832
	(9,0) 0.0683532433515
	(9,1) 0.357702818956
	(9,3) 0.186347679098
	(9,4) 0.0933078052567
	(9,5) 0.0551464375793
	(9,6) 0.0472426904084
	(9,7) 0.19189932535
	(10,0) 0.195814181617
	(10,1) 0.239189308348
	(10,3) 0.0944856367296
	(10,5) 0.169279142345
	(10,6) 0.0126933263521
	(10,7) 0.28490962023
	(10,8) 0.00362878437941
	(11,0) 0.198238707122
	(11,1) 0.139280621271
	(11,2) 0.0379266222397
	(11,3) 0.206284629466
	(11,4) 0.010084592236
	(11,6) 0.25320068321
	(11,7) 0.0319793442954
	(11,8) 0.123004800161
	(12,0) 0.0202892267282
	(12,1) 0.0170794858192
	(12,3) 0.395240491605
	(12,5) 0.315857484256
	(12,6) 0.0868346368232
	(12,7) 0.0224710056391
	(12,8) 0.142227669129
	(13,0) 0.0839508867425
	(13,2) 0.198834805566
	(13,4) 0.12935381582
	(13,5) 0.465839673444
	(13,6) 0.122020818427
	(14,0) 0.062904878269
	(14,2) 0.434917393267
	(14,5) 0.221395651869
	(14,7) 0.173728224186
	(14,8) 0.107053852408
	(15,1) 0.0567445533246
	(15,2) 0.512021171278
	(15,3) 0.188374095344
	(15,5) 0.0332168411377
	(15,6) 0.160629114253
	(15,8) 0.0490142246623
	(16,0) 0.0340879692777
	(16,2) 0.0434112069481
	(16,3) 0.276024642544
	(16,4) 0.099430157505
	(16,5) 0.205832004478
	(16,6) 0.0951092374117
	(16,7) 0.00916852159626
	(16,8) 0.236936260239
	(17,2) 0.637604036873
	(17,6) 0.178491512256
	(17,7) 0.183904450872
	(18,1) 0.291058403345
	(18,4) 0.0887489159263
	(18,7) 0.224416931026
	(18,8) 0.395775749703
	(19,0) 0.528003567443
	(19,2) 0.182512671112
	(19,4) 0.22366168111
	(19,6) 0.0600832899498
	(19,8) 0.00573879038449
	(20,2) 0.15356272915
	(20,5) 0.387552330445
	(20,6) 0.118971351133
	(20,8) 0.339913589272
	(21,0) 0.110565723735
	(21,1) 0.588823483126
	(21,3) 0.119603747524
	(21,5) 0.0900130380605
	(21,6) 0.0393970247411
	(21,8) 0.0515969828134
	(22,2) 0.157486153377
	(22,4) 0.104008246697
	(22,5) 0.0419938427894
	(22,6) 0.434027948148
	(22,7) 0.262483808989
	(23,0) 0.0545721716369
	(23,1) 0.0354036411182
	(23,2) 0.329795433178
	(23,3) 0.0849825598824
	(23,5) 0.144012275179
	(23,6) 0.146082928835
	(23,7) 0.00580230013519
	(23,8) 0.199348690036
	(24,0) 0.677336475296
	(24,1) 0.169323865698
	(24,3) 0.0636777126672
	(24,4) 0.0896619463388
	(25,0) 0.0705019219087
	(25,1) 0.146349359146
	(25,2) 0.0480291939997
	(25,3) 0.00697493454085
	(25,4) 0.175232156769
	(25,5) 0.170914890367
	(25,6) 0.0841322853899
	(25,7) 0.123862408805
	(25,8) 0.174002849074
	(26,0) 0.0735428276611
	(26,1) 0.197593916349
	(26,2) 0.20688898555
	(26,3) 0.315820870448
	(26,5) 0.193962293608
	(26,6) 0.0121911063845
	(27,0) 0.0788227130822
	(27,3) 0.088695775663
	(27,4) 0.595468452655
	(27,5) 0.00430376963628
	(27,6) 0.172051561279
	(27,8) 0.0606577276852
	(28,1) 0.260856541926
	(28,2) 0.0595480655499
	(28,4) 0.0550921402764
	(28,5) 0.1312057977
	(28,6) 0.215449318456
	(28,8) 0.277848136093
	(29,0) 0.0968313367961
	(29,1) 0.0532618921268
	(29,2) 0.24596573385
	(29,3) 0.0860238191874
	(29,4) 0.378069720595
	(29,6) 0.129684565891
	(29,8) 0.0101629315528
	(30,0) 0.101541836489
	(30,2) 0.292954385886
	(30,4) 0.220485574535
	(30,5) 0.221358414317
	(30,6) 0.107181454928
	(30,7) 0.0564783338444
	(31,0) 0.0654121341952
	(31,6) 0.756295486032
	(31,7) 0.123330293429
	(31,8) 0.0549620863433
	(32,0) 0.0439129319159
	(32,1) 0.0541388820892
	(32,2) 0.29056531638
	(32,3) 0.0008789390234
	(32,5) 0.120466785534
	(32,7) 0.135289386856
	(32,8) 0.354747758202
	(33,1) 0.0043237686644
	(33,3) 0.582886741354
	(33,5) 0.170450314498
	(33,8) 0.242339175483
	(34,1) 0.283776043254
	(34,5) 0.594516140313
	(34,8) 0.121707816433
	(35,0) 0.0510492718677
	(35,6) 0.943340600427
	(35,7) 0.00561012770527
	(36,0) 0.363090102338
	(36,1) 0.0423055497518
	(36,2) 0.0646545892399
	(36,3) 0.076576171976
	(36,4) 0.0887202065097
	(36,5) 0.225580725981
	(36,7) 0.139072654204
	(37,0) 0.123353325159
	(37,1) 0.451787735718
	(37,2) 0.0220007090013
	(37,3) 0.116332491526
	(37,4) 0.00797349471514
	(37,6) 0.0347166132253
	(37,7) 0.127010286646
	(37,8) 0.116825344009
	(38,0) 0.0249946933472
	(38,2) 0.917386060834
	(38,6) 0.0576192458193
	(39,1) 0.30978246913
	(39,2) 0.36780415854
	(39,5) 0.196970870602
	(39,6) 0.11474622563
	(39,8) 0.010696276098
	(40,0) 0.160394065063
	(40,3) 0.338776826927
	(40,5) 0.272194479069
	(40,7) 0.22863462894
	(41,0) 0.0803919897851
	(41,1) 0.171597355419
	(41,2) 0.177248825775
	(41,4) 0.0140102208219
	(41,6) 0.0638874053718
	(41,7) 0.492864202827
	(42,0) 0.048260788254
	(42,1) 0.136869670974
	(42,2) 0.159520326319
	(42,4) 0.474884797748
	(42,5) 0.141474693409
	(42,7) 0.0389897232967
	(43,0) 0.0894173858297
	(43,2) 0.344506627052
	(43,4) 0.168439033807
	(43,6) 0.349695411602
	(43,7) 0.0479415417091
	(44,1) 0.0843895660918
	(44,2) 0.0937115179081
	(44,3) 0.0563798168736
	(44,4) 0.174627214524
	(44,5) 0.0624184373449
	(44,6) 0.213676955905
	(44,7) 0.239332583898
	(44,8) 0.0754639074551
	(45,0) 0.00395257238397
	(45,2) 0.18615511508
	(45,3) 0.172958081035
	(45,4) 0.0361821808358
	(45,5) 0.45822758905
	(45,6) 0.142524461615
	(46,1) 0.0216497236536
	(46,3) 0.0998315870838
	(46,4) 0.420875768296
	(46,5) 0.149854532539
	(46,6) 0.0647719832662
	(46,7) 0.134765392878
	(46,8) 0.108251012284
	(47,0) 0.0013276436416
	(47,1) 0.120892626955
	(47,3) 0.00950558556319
	(47,4) 0.1613505027
	(47,5) 0.0713039582384
	(47,7) 0.616178709603
	(47,8) 0.0194409733
	(48,0) 0.189143050226
	(48,5) 0.0756707222597
	(48,6) 0.12263279093
	(48,7) 0.612553436584
	(49,0) 0.0481316247424
	(49,3) 0.475125609043
	(49,7) 0.242098802282
	(49,8) 0.234643963932
	(50,1) 0.197727713255
	(50,2) 0.319211019595
	(50,3) 0.118214710987
	(50,6) 0.158431685168
	(50,7) 0.206414870994
	(51,0) 0.021712580195
	(51,1) 0.119539677561
	(51,2) 0.432888115587
	(51,5) 0.0546333251656
	(51,7) 0.146936159488
	(51,8) 0.224290142003
	(52,0) 0.484753624317
	(52,1) 0.00507324307431
	(52,2) 0.125567773101
	(52,5) 0.0491504068551
	(52,7) 0.0418189360082
	(52,8) 0.293636016644
	(53,0) 0.125906911352
	(53,2) 0.0145865123536
	(53,4) 0.150370460363
	(53,5) 0.129556674876
	(53,7) 0.540846719035
	(53,8) 0.038732722021
T: (state,symbol,state) 
	(0,0,2) 0.294111837153
	(0,0,4) 0.471829413998
	(0,0,33) 0.234058748849
	(0,1,2) 0.294111837153
	(0,1,4) 0.471829413998
	(0,1,33) 0.234058748849
	(0,2,2) 0.294111837153
	(0,2,4) 0.471829413998
	(0,2,33) 0.234058748849
	(0,3,2) 0.294111837153
	(0,3,4) 0.471829413998
	(0,3,33) 0.234058748849
	(0,4,2) 0.294111837153
	(0,4,4) 0.471829413998
	(0,4,33) 0.234058748849
	(0,5,2) 0.294111837153
	(0,5,4) 0.471829413998
	(0,5,33) 0.234058748849
	(0,6,2) 0.294111837153
	(0,6,4) 0.471829413998
	(0,6,33) 0.234058748849
	(0,7,2) 0.294111837153
	(0,7,4) 0.471829413998
	(0,7,33) 0.234058748849
	(0,8,2) 0.294111837153
	(0,8,4) 0.471829413998
	(0,8,33) 0.234058748849
	(1,0,2) 0.2276376891
	(1,0,11) 0.166408189225
	(1,0,21) 0.605954121675
	(1,1,2) 0.2276376891
	(1,1,11) 0.166408189225
	(1,1,21) 0.605954121675
	(1,2,2) 0.2276376891
	(1,2,11) 0.166408189225
	(1,2,21) 0.605954121675
	(1,3,2) 0.2276376891
	(1,3,11) 0.166408189225
	(1,3,21) 0.605954121675
	(1,4,2) 0.2276376891
	(1,4,11) 0.166408189225
	(1,4,21) 0.605954121675
	(1,5,2) 0.2276376891
	(1,5,11) 0.166408189225
	(1,5,21) 0.605954121675
	(1,6,2) 0.2276376891
	(1,6,11) 0.166408189225
	(1,6,21) 0.605954121675
	(1,7,2) 0.2276376891
	(1,7,11) 0.166408189225
	(1,7,21) 0.605954121675
	(1,8,2) 0.2276376891
	(1,8,11) 0.166408189225
	(1,8,21) 0.605954121675
	(2,0,9) 0.0751458415117
	(2,0,13) 0.160826724858
	(2,0,17) 0.138355057825
	(2,0,29) 0.212293303939
	(2,0,40) 0.205414358068
	(2,0,45) 0.0511041421508
	(2,0,52) 0.156860571648
	(2,1,9) 0.0751458415117
	(2,1,13) 0.160826724858
	(2,1,17) 0.138355057825
	(2,1,29) 0.212293303939
	(2,1,40) 0.205414358068
	(2,1,45) 0.0511041421508
	(2,1,52) 0.156860571648
	(2,2,9) 0.0751458415117
	(2,2,13) 0.160826724858
	(2,2,17) 0.138355057825
	(2,2,29) 0.212293303939
	(2,2,40) 0.205414358068
	(2,2,45) 0.0511041421508
	(2,2,52) 0.156860571648
	(2,3,9) 0.0751458415117
	(2,3,13) 0.160826724858
	(2,3,17) 0.138355057825
	(2,3,29) 0.212293303939
	(2,3,40) 0.205414358068
	(2,3,45) 0.0511041421508
	(2,3,52) 0.156860571648
	(2,4,9) 0.0751458415117
	(2,4,13) 0.160826724858
	(2,4,17) 0.138355057825
	(2,4,29) 0.212293303939
	(2,4,40) 0.205414358068
	(2,4,45) 0.0511041421508
	(2,4,52) 0.156860571648
	(2,5,9) 0.0751458415117
	(2,5,13) 0.160826724858
	(2,5,17) 0.138355057825
	(2,5,29) 0.212293303939
	(2,5,40) 0.205414358068
	(2,5,45) 0.0511041421508
	(2,5,52) 0.156860571648
	(2,6,9) 0.0751458415117
	(2,6,13) 0.160826724858
	(2,6,17) 0.138355057825
	(2,6,29) 0.212293303939
	(2,6,40) 0.205414358068
	(2,6,45) 0.0511041421508
	(2,6,52) 0.156860571648
	(2,7,9) 0.0751458415117
	(2,7,13) 0.160826724858
	(2,7,17) 0.138355057825
	(2,7,29) 0.212293303939
	(2,7,40) 0.205414358068
	(2,7,45) 0.0511041421508
	(2,7,52) 0.156860571648
	(2,8,9) 0.0751458415117
	(2,8,13) 0.160826724858
	(2,8,17) 0.138355057825
	(2,8,29) 0.212293303939
	(2,8,40) 0.205414358068
	(2,8,45) 0.0511041421508
	(2,8,52) 0.156860571648
	(3,0,1) 0.773343996334
	(3,0,27) 0.226656003666
	(3,1,1) 0.773343996334
	(3,1,27) 0.226656003666
	(3,2,1) 0.773343996334
	(3,2,27) 0.226656003666
	(3,3,1) 0.773343996334
	(3,3,27) 0.226656003666
	(3,4,1) 0.773343996334
	(3,4,27) 0.226656003666
	(3,5,1) 0.773343996334
	(3,5,27) 0.226656003666
	(3,6,1) 0.773343996334
	(3,6,27) 0.226656003666
	(3,7,1) 0.773343996334
	(3,7,27) 0.226656003666
	(3,8,1) 0.773343996334
	(3,8,27) 0.226656003666
	(4,0,5) 0.339302830816
	(4,0,8) 0.0590154252334
	(4,0,11) 0.31290001248
	(4,0,36) 0.258459625647
	(4,0,39) 0.0303221058231
	(4,1,5) 0.339302830816
	(4,1,8) 0.0590154252334
	(4,1,11) 0.31290001248
	(4,1,36) 0.258459625647
	(4,1,39) 0.0303221058231
	(4,2,5) 0.339302830816
	(4,2,8) 0.0590154252334
	(4,2,11) 0.31290001248
	(4,2,36) 0.258459625647
	(4,2,39) 0.0303221058231
	(4,3,5) 0.339302830816
	(4,3,8) 0.0590154252334
	(4,3,11) 0.31290001248
	(4,3,36) 0.258459625647
	(4,3,39) 0.0303221058231
	(4,4,5) 0.339302830816
	(4,4,8) 0.0590154252334
	(4,4,11) 0.31290001248
	(4,4,36) 0.258459625647
	(4,4,39) 0.0303221058231
	(4,5,5) 0.339302830816
	(4,5,8) 0.0590154252334
	(4,5,11) 0.31290001248
	(4,5,36) 0.258459625647
	(4,5,39) 0.0303221058231
	(4,6,5) 0.339302830816
	(4,6,8) 0.0590154252334
	(4,6,11) 0.31290001248
	(4,6,36) 0.258459625647
	(4,6,39) 0.0303221058231
	(4,7,5) 0.339302830816
	(4,7,8) 0.0590154252334
	(4,7,11) 0.31290001248
	(4,7,36) 0.258459625647
	(4,7,39) 0.0303221058231
	(4,8,5) 0.339302830816
	(4,8,8) 0.0590154252334
	(4,8,11) 0.31290001248
	(4,8,36) 0.258459625647
	(4,8,39) 0.0303221058231
	(5,0,26) 1.0
	(5,1,26) 1.0
	(5,2,26) 1.0
	(5,3,26) 1.0
	(5,4,26) 1.0
	(5,5,26) 1.0
	(5,6,26) 1.0
	(5,7,26) 1.0
	(5,8,26) 1.0
	(6,0,12) 0.416408142709
	(6,0,53) 0.583591857291
	(6,1,12) 0.416408142709
	(6,1,53) 0.583591857291
	(6,2,12) 0.416408142709
	(6,2,53) 0.583591857291
	(6,3,12) 0.416408142709
	(6,3,53) 0.583591857291
	(6,4,12) 0.416408142709
	(6,4,53) 0.583591857291
	(6,5,12) 0.416408142709
	(6,5,53) 0.583591857291
	(6,6,12) 0.416408142709
	(6,6,53) 0.583591857291
	(6,7,12) 0.416408142709
	(6,7,53) 0.583591857291
	(6,8,12) 0.416408142709
	(6,8,53) 0.583591857291
	(7,0,27) 0.369728164235
	(7,0,47) 0.630271835765
	(7,1,27) 0.369728164235
	(7,1,47) 0.630271835765
	(7,2,27) 0.369728164235
	(7,2,47) 0.630271835765
	(7,3,27) 0.369728164235
	(7,3,47) 0.630271835765
	(7,4,27) 0.369728164235
	(7,4,47) 0.630271835765
	(7,5,27) 0.369728164235
	(7,5,47) 0.630271835765
	(7,6,27) 0.369728164235
	(7,6,47) 0.630271835765
	(7,7,27) 0.369728164235
	(7,7,47) 0.630271835765
	(7,8,27) 0.369728164235
	(7,8,47) 0.630271835765
	(8,0,0) 0.0636856746997
	(8,0,6) 0.156443194477
	(8,0,15) 0.385419686649
	(8,0,17) 0.394451444175
	(8,1,0) 0.0636856746997
	(8,1,6) 0.156443194477
	(8,1,15) 0.385419686649
	(8,1,17) 0.394451444175
	(8,2,0) 0.0636856746997
	(8,2,6) 0.156443194477
	(8,2,15) 0.385419686649
	(8,2,17) 0.394451444175
	(8,3,0) 0.0636856746997
	(8,3,6) 0.156443194477
	(8,3,15) 0.385419686649
	(8,3,17) 0.394451444175
	(8,4,0) 0.0636856746997
	(8,4,6) 0.156443194477
	(8,4,15) 0.385419686649
	(8,4,17) 0.394451444175
	(8,5,0) 0.0636856746997
	(8,5,6) 0.156443194477
	(8,5,15) 0.385419686649
	(8,5,17) 0.394451444175
	(8,6,0) 0.0636856746997
	(8,6,6) 0.156443194477
	(8,6,15) 0.385419686649
	(8,6,17) 0.394451444175
	(8,7,0) 0.0636856746997
	(8,7,6) 0.156443194477
	(8,7,15) 0.385419686649
	(8,7,17) 0.394451444175
	(8,8,0) 0.0636856746997
	(8,8,6) 0.156443194477
	(8,8,15) 0.385419686649
	(8,8,17) 0.394451444175
	(9,0,45) 1.0
	(9,1,45) 1.0
	(9,2,45) 1.0
	(9,3,45) 1.0
	(9,4,45) 1.0
	(9,5,45) 1.0
	(9,6,45) 1.0
	(9,7,45) 1.0
	(9,8,45) 1.0
	(10,0,2) 0.138775916456
	(10,0,3) 0.371783279554
	(10,0,7) 0.299334486671
	(10,0,19) 0.190106317319
	(10,1,2) 0.138775916456
	(10,1,3) 0.371783279554
	(10,1,7) 0.299334486671
	(10,1,19) 0.190106317319
	(10,2,2) 0.138775916456
	(10,2,3) 0.371783279554
	(10,2,7) 0.299334486671
	(10,2,19) 0.190106317319
	(10,3,2) 0.138775916456
	(10,3,3) 0.371783279554
	(10,3,7) 0.299334486671
	(10,3,19) 0.190106317319
	(10,4,2) 0.138775916456
	(10,4,3) 0.371783279554
	(10,4,7) 0.299334486671
	(10,4,19) 0.190106317319
	(10,5,2) 0.138775916456
	(10,5,3) 0.371783279554
	(10,5,7) 0.299334486671
	(10,5,19) 0.190106317319
	(10,6,2) 0.138775916456
	(10,6,3) 0.371783279554
	(10,6,7) 0.299334486671
	(10,6,19) 0.190106317319
	(10,7,2) 0.138775916456
	(10,7,3) 0.371783279554
	(10,7,7) 0.299334486671
	(10,7,19) 0.190106317319
	(10,8,2) 0.138775916456
	(10,8,3) 0.371783279554
	(10,8,7) 0.299334486671
	(10,8,19) 0.190106317319
	(11,0,15) 0.0280390148997
	(11,0,24) 0.158361853908
	(11,0,37) 0.638488193984
	(11,0,50) 0.0370315320757
	(11,0,52) 0.138079405132
	(11,1,15) 0.0280390148997
	(11,1,24) 0.158361853908
	(11,1,37) 0.638488193984
	(11,1,50) 0.0370315320757
	(11,1,52) 0.138079405132
	(11,2,15) 0.0280390148997
	(11,2,24) 0.158361853908
	(11,2,37) 0.638488193984
	(11,2,50) 0.0370315320757
	(11,2,52) 0.138079405132
	(11,3,15) 0.0280390148997
	(11,3,24) 0.158361853908
	(11,3,37) 0.638488193984
	(11,3,50) 0.0370315320757
	(11,3,52) 0.138079405132
	(11,4,15) 0.0280390148997
	(11,4,24) 0.158361853908
	(11,4,37) 0.638488193984
	(11,4,50) 0.0370315320757
	(11,4,52) 0.138079405132
	(11,5,15) 0.0280390148997
	(11,5,24) 0.158361853908
	(11,5,37) 0.638488193984
	(11,5,50) 0.0370315320757
	(11,5,52) 0.138079405132
	(11,6,15) 0.0280390148997
	(11,6,24) 0.158361853908
	(11,6,37) 0.638488193984
	(11,6,50) 0.0370315320757
	(11,6,52) 0.138079405132
	(11,7,15) 0.0280390148997
	(11,7,24) 0.158361853908
	(11,7,37) 0.638488193984
	(11,7,50) 0.0370315320757
	(11,7,52) 0.138079405132
	(11,8,15) 0.0280390148997
	(11,8,24) 0.158361853908
	(11,8,37) 0.638488193984
	(11,8,50) 0.0370315320757
	(11,8,52) 0.138079405132
	(12,0,8) 0.0604500618476
	(12,0,12) 0.0484024669395
	(12,0,31) 0.585984729932
	(12,0,40) 0.305162741281
	(12,1,8) 0.0604500618476
	(12,1,12) 0.0484024669395
	(12,1,31) 0.585984729932
	(12,1,40) 0.305162741281
	(12,2,8) 0.0604500618476
	(12,2,12) 0.0484024669395
	(12,2,31) 0.585984729932
	(12,2,40) 0.305162741281
	(12,3,8) 0.0604500618476
	(12,3,12) 0.0484024669395
	(12,3,31) 0.585984729932
	(12,3,40) 0.305162741281
	(12,4,8) 0.0604500618476
	(12,4,12) 0.0484024669395
	(12,4,31) 0.585984729932
	(12,4,40) 0.305162741281
	(12,5,8) 0.0604500618476
	(12,5,12) 0.0484024669395
	(12,5,31) 0.585984729932
	(12,5,40) 0.305162741281
	(12,6,8) 0.0604500618476
	(12,6,12) 0.0484024669395
	(12,6,31) 0.585984729932
	(12,6,40) 0.305162741281
	(12,7,8) 0.0604500618476
	(12,7,12) 0.0484024669395
	(12,7,31) 0.585984729932
	(12,7,40) 0.305162741281
	(12,8,8) 0.0604500618476
	(12,8,12) 0.0484024669395
	(12,8,31) 0.585984729932
	(12,8,40) 0.305162741281
	(13,0,0) 0.0697443920299
	(13,0,9) 0.14656304716
	(13,0,20) 0.264396194346
	(13,0,50) 0.162741888861
	(13,0,51) 0.356554477603
	(13,1,0) 0.0697443920299
	(13,1,9) 0.14656304716
	(13,1,20) 0.264396194346
	(13,1,50) 0.162741888861
	(13,1,51) 0.356554477603
	(13,2,0) 0.0697443920299
	(13,2,9) 0.14656304716
	(13,2,20) 0.264396194346
	(13,2,50) 0.162741888861
	(13,2,51) 0.356554477603
	(13,3,0) 0.0697443920299
	(13,3,9) 0.14656304716
	(13,3,20) 0.264396194346
	(13,3,50) 0.162741888861
	(13,3,51) 0.356554477603
	(13,4,0) 0.0697443920299
	(13,4,9) 0.14656304716
	(13,4,20) 0.264396194346
	(13,4,50) 0.162741888861
	(13,4,51) 0.356554477603
	(13,5,0) 0.0697443920299
	(13,5,9) 0.14656304716
	(13,5,20) 0.264396194346
	(13,5,50) 0.162741888861
	(13,5,51) 0.356554477603
	(13,6,0) 0.0697443920299
	(13,6,9) 0.14656304716
	(13,6,20) 0.264396194346
	(13,6,50) 0.162741888861
	(13,6,51) 0.356554477603
	(13,7,0) 0.0697443920299
	(13,7,9) 0.14656304716
	(13,7,20) 0.264396194346
	(13,7,50) 0.162741888861
	(13,7,51) 0.356554477603
	(13,8,0) 0.0697443920299
	(13,8,9) 0.14656304716
	(13,8,20) 0.264396194346
	(13,8,50) 0.162741888861
	(13,8,51) 0.356554477603
	(14,0,0) 0.462577577545
	(14,0,9) 0.285002863755
	(14,0,29) 0.252419558701
	(14,1,0) 0.462577577545
	(14,1,9) 0.285002863755
	(14,1,29) 0.252419558701
	(14,2,0) 0.462577577545
	(14,2,9) 0.285002863755
	(14,2,29) 0.252419558701
	(14,3,0) 0.462577577545
	(14,3,9) 0.285002863755
	(14,3,29) 0.252419558701
	(14,4,0) 0.462577577545
	(14,4,9) 0.285002863755
	(14,4,29) 0.252419558701
	(14,5,0) 0.462577577545
	(14,5,9) 0.285002863755
	(14,5,29) 0.252419558701
	(14,6,0) 0.462577577545
	(14,6,9) 0.285002863755
	(14,6,29) 0.252419558701
	(14,7,0) 0.462577577545
	(14,7,9) 0.285002863755
	(14,7,29) 0.252419558701
	(14,8,0) 0.462577577545
	(14,8,9) 0.285002863755
	(14,8,29) 0.252419558701
	(15,0,11) 0.352672471846
	(15,0,34) 0.625840657472
	(15,0,39) 0.0214868706817
	(15,1,11) 0.352672471846
	(15,1,34) 0.625840657472
	(15,1,39) 0.0214868706817
	(15,2,11) 0.352672471846
	(15,2,34) 0.625840657472
	(15,2,39) 0.0214868706817
	(15,3,11) 0.352672471846
	(15,3,34) 0.625840657472
	(15,3,39) 0.0214868706817
	(15,4,11) 0.352672471846
	(15,4,34) 0.625840657472
	(15,4,39) 0.0214868706817
	(15,5,11) 0.352672471846
	(15,5,34) 0.625840657472
	(15,5,39) 0.0214868706817
	(15,6,11) 0.352672471846
	(15,6,34) 0.625840657472
	(15,6,39) 0.0214868706817
	(15,7,11) 0.352672471846
	(15,7,34) 0.625840657472
	(15,7,39) 0.0214868706817
	(15,8,11) 0.352672471846
	(15,8,34) 0.625840657472
	(15,8,39) 0.0214868706817
	(16,0,0) 0.392392172064
	(16,0,19) 0.0194497043583
	(16,0,31) 0.291073148267
	(16,0,39) 0.297084975311
	(16,1,0) 0.392392172064
	(16,1,19) 0.0194497043583
	(16,1,31) 0.291073148267
	(16,1,39) 0.297084975311
	(16,2,0) 0.392392172064
	(16,2,19) 0.0194497043583
	(16,2,31) 0.291073148267
	(16,2,39) 0.297084975311
	(16,3,0) 0.392392172064
	(16,3,19) 0.0194497043583
	(16,3,31) 0.291073148267
	(16,3,39) 0.297084975311
	(16,4,0) 0.392392172064
	(16,4,19) 0.0194497043583
	(16,4,31) 0.291073148267
	(16,4,39) 0.297084975311
	(16,5,0) 0.392392172064
	(16,5,19) 0.0194497043583
	(16,5,31) 0.291073148267
	(16,5,39) 0.297084975311
	(16,6,0) 0.392392172064
	(16,6,19) 0.0194497043583
	(16,6,31) 0.291073148267
	(16,6,39) 0.297084975311
	(16,7,0) 0.392392172064
	(16,7,19) 0.0194497043583
	(16,7,31) 0.291073148267
	(16,7,39) 0.297084975311
	(16,8,0) 0.392392172064
	(16,8,19) 0.0194497043583
	(16,8,31) 0.291073148267
	(16,8,39) 0.297084975311
	(17,0,5) 0.283741503982
	(17,0,9) 0.377423148274
	(17,0,13) 0.338835347744
	(17,1,5) 0.283741503982
	(17,1,9) 0.377423148274
	(17,1,13) 0.338835347744
	(17,2,5) 0.283741503982
	(17,2,9) 0.377423148274
	(17,2,13) 0.338835347744
	(17,3,5) 0.283741503982
	(17,3,9) 0.377423148274
	(17,3,13) 0.338835347744
	(17,4,5) 0.283741503982
	(17,4,9) 0.377423148274
	(17,4,13) 0.338835347744
	(17,5,5) 0.283741503982
	(17,5,9) 0.377423148274
	(17,5,13) 0.338835347744
	(17,6,5) 0.283741503982
	(17,6,9) 0.377423148274
	(17,6,13) 0.338835347744
	(17,7,5) 0.283741503982
	(17,7,9) 0.377423148274
	(17,7,13) 0.338835347744
	(17,8,5) 0.283741503982
	(17,8,9) 0.377423148274
	(17,8,13) 0.338835347744
	(18,0,5) 0.00456687516469
	(18,0,10) 0.470783177922
	(18,0,15) 0.0743284885055
	(18,0,17) 0.00363205606479
	(18,0,21) 0.323318569135
	(18,0,22) 0.109976022417
	(18,0,25) 0.0133948107907
	(18,1,5) 0.00456687516469
	(18,1,10) 0.470783177922
	(18,1,15) 0.0743284885055
	(18,1,17) 0.00363205606479
	(18,1,21) 0.323318569135
	(18,1,22) 0.109976022417
	(18,1,25) 0.0133948107907
	(18,2,5) 0.00456687516469
	(18,2,10) 0.470783177922
	(18,2,15) 0.0743284885055
	(18,2,17) 0.00363205606479
	(18,2,21) 0.323318569135
	(18,2,22) 0.109976022417
	(18,2,25) 0.0133948107907
	(18,3,5) 0.00456687516469
	(18,3,10) 0.470783177922
	(18,3,15) 0.0743284885055
	(18,3,17) 0.00363205606479
	(18,3,21) 0.323318569135
	(18,3,22) 0.109976022417
	(18,3,25) 0.0133948107907
	(18,4,5) 0.00456687516469
	(18,4,10) 0.470783177922
	(18,4,15) 0.0743284885055
	(18,4,17) 0.00363205606479
	(18,4,21) 0.323318569135
	(18,4,22) 0.109976022417
	(18,4,25) 0.0133948107907
	(18,5,5) 0.00456687516469
	(18,5,10) 0.470783177922
	(18,5,15) 0.0743284885055
	(18,5,17) 0.00363205606479
	(18,5,21) 0.323318569135
	(18,5,22) 0.109976022417
	(18,5,25) 0.0133948107907
	(18,6,5) 0.00456687516469
	(18,6,10) 0.470783177922
	(18,6,15) 0.0743284885055
	(18,6,17) 0.00363205606479
	(18,6,21) 0.323318569135
	(18,6,22) 0.109976022417
	(18,6,25) 0.0133948107907
	(18,7,5) 0.00456687516469
	(18,7,10) 0.470783177922
	(18,7,15) 0.0743284885055
	(18,7,17) 0.00363205606479
	(18,7,21) 0.323318569135
	(18,7,22) 0.109976022417
	(18,7,25) 0.0133948107907
	(18,8,5) 0.00456687516469
	(18,8,10) 0.470783177922
	(18,8,15) 0.0743284885055
	(18,8,17) 0.00363205606479
	(18,8,21) 0.323318569135
	(18,8,22) 0.109976022417
	(18,8,25) 0.0133948107907
	(19,0,28) 0.490466569067
	(19,0,39) 0.0822540971943
	(19,0,40) 0.101137751885
	(19,0,49) 0.326141581854
	(19,1,28) 0.490466569067
	(19,1,39) 0.0822540971943
	(19,1,40) 0.101137751885
	(19,1,49) 0.326141581854
	(19,2,28) 0.490466569067
	(19,2,39) 0.0822540971943
	(19,2,40) 0.101137751885
	(19,2,49) 0.326141581854
	(19,3,28) 0.490466569067
	(19,3,39) 0.0822540971943
	(19,3,40) 0.101137751885
	(19,3,49) 0.326141581854
	(19,4,28) 0.490466569067
	(19,4,39) 0.0822540971943
	(19,4,40) 0.101137751885
	(19,4,49) 0.326141581854
	(19,5,28) 0.490466569067
	(19,5,39) 0.0822540971943
	(19,5,40) 0.101137751885
	(19,5,49) 0.326141581854
	(19,6,28) 0.490466569067
	(19,6,39) 0.0822540971943
	(19,6,40) 0.101137751885
	(19,6,49) 0.326141581854
	(19,7,28) 0.490466569067
	(19,7,39) 0.0822540971943
	(19,7,40) 0.101137751885
	(19,7,49) 0.326141581854
	(19,8,28) 0.490466569067
	(19,8,39) 0.0822540971943
	(19,8,40) 0.101137751885
	(19,8,49) 0.326141581854
	(20,0,10) 0.18225438498
	(20,0,14) 0.380605807516
	(20,0,31) 0.115945757305
	(20,0,41) 0.202877260671
	(20,0,48) 0.0408447523582
	(20,0,53) 0.0774720371693
	(20,1,10) 0.18225438498
	(20,1,14) 0.380605807516
	(20,1,31) 0.115945757305
	(20,1,41) 0.202877260671
	(20,1,48) 0.0408447523582
	(20,1,53) 0.0774720371693
	(20,2,10) 0.18225438498
	(20,2,14) 0.380605807516
	(20,2,31) 0.115945757305
	(20,2,41) 0.202877260671
	(20,2,48) 0.0408447523582
	(20,2,53) 0.0774720371693
	(20,3,10) 0.18225438498
	(20,3,14) 0.380605807516
	(20,3,31) 0.115945757305
	(20,3,41) 0.202877260671
	(20,3,48) 0.0408447523582
	(20,3,53) 0.0774720371693
	(20,4,10) 0.18225438498
	(20,4,14) 0.380605807516
	(20,4,31) 0.115945757305
	(20,4,41) 0.202877260671
	(20,4,48) 0.0408447523582
	(20,4,53) 0.0774720371693
	(20,5,10) 0.18225438498
	(20,5,14) 0.380605807516
	(20,5,31) 0.115945757305
	(20,5,41) 0.202877260671
	(20,5,48) 0.0408447523582
	(20,5,53) 0.0774720371693
	(20,6,10) 0.18225438498
	(20,6,14) 0.380605807516
	(20,6,31) 0.115945757305
	(20,6,41) 0.202877260671
	(20,6,48) 0.0408447523582
	(20,6,53) 0.0774720371693
	(20,7,10) 0.18225438498
	(20,7,14) 0.380605807516
	(20,7,31) 0.115945757305
	(20,7,41) 0.202877260671
	(20,7,48) 0.0408447523582
	(20,7,53) 0.0774720371693
	(20,8,10) 0.18225438498
	(20,8,14) 0.380605807516
	(20,8,31) 0.115945757305
	(20,8,41) 0.202877260671
	(20,8,48) 0.0408447523582
	(20,8,53) 0.0774720371693
	(21,0,5) 0.455439131825
	(21,0,7) 0.10740183306
	(21,0,17) 0.0611855855457
	(21,0,19) 0.182616742125
	(21,0,24) 0.0627220996236
	(21,0,31) 0.0200489514693
	(21,0,53) 0.110585656351
	(21,1,5) 0.455439131825
	(21,1,7) 0.10740183306
	(21,1,17) 0.0611855855457
	(21,1,19) 0.182616742125
	(21,1,24) 0.0627220996236
	(21,1,31) 0.0200489514693
	(21,1,53) 0.110585656351
	(21,2,5) 0.455439131825
	(21,2,7) 0.10740183306
	(21,2,17) 0.0611855855457
	(21,2,19) 0.182616742125
	(21,2,24) 0.0627220996236
	(21,2,31) 0.0200489514693
	(21,2,53) 0.110585656351
	(21,3,5) 0.455439131825
	(21,3,7) 0.10740183306
	(21,3,17) 0.0611855855457
	(21,3,19) 0.182616742125
	(21,3,24) 0.0627220996236
	(21,3,31) 0.0200489514693
	(21,3,53) 0.110585656351
	(21,4,5) 0.455439131825
	(21,4,7) 0.10740183306
	(21,4,17) 0.0611855855457
	(21,4,19) 0.182616742125
	(21,4,24) 0.0627220996236
	(21,4,31) 0.0200489514693
	(21,4,53) 0.110585656351
	(21,5,5) 0.455439131825
	(21,5,7) 0.10740183306
	(21,5,17) 0.0611855855457
	(21,5,19) 0.182616742125
	(21,5,24) 0.0627220996236
	(21,5,31) 0.0200489514693
	(21,5,53) 0.110585656351
	(21,6,5) 0.455439131825
	(21,6,7) 0.10740183306
	(21,6,17) 0.0611855855457
	(21,6,19) 0.182616742125
	(21,6,24) 0.0627220996236
	(21,6,31) 0.0200489514693
	(21,6,53) 0.110585656351
	(21,7,5) 0.455439131825
	(21,7,7) 0.10740183306
	(21,7,17) 0.0611855855457
	(21,7,19) 0.182616742125
	(21,7,24) 0.0627220996236
	(21,7,31) 0.0200489514693
	(21,7,53) 0.110585656351
	(21,8,5) 0.455439131825
	(21,8,7) 0.10740183306
	(21,8,17) 0.0611855855457
	(21,8,19) 0.182616742125
	(21,8,24) 0.0627220996236
	(21,8,31) 0.0200489514693
	(21,8,53) 0.110585656351
	(22,0,12) 0.119539860581
	(22,0,20) 0.0981783943449
	(22,0,23) 0.35060317634
	(22,0,40) 0.0466204475757
	(22,0,44) 0.385058121158
	(22,1,12) 0.119539860581
	(22,1,20) 0.0981783943449
	(22,1,23) 0.35060317634
	(22,1,40) 0.0466204475757
	(22,1,44) 0.385058121158
	(22,2,12) 0.119539860581
	(22,2,20) 0.0981783943449
	(22,2,23) 0.35060317634
	(22,2,40) 0.0466204475757
	(22,2,44) 0.385058121158
	(22,3,12) 0.119539860581
	(22,3,20) 0.0981783943449
	(22,3,23) 0.35060317634
	(22,3,40) 0.0466204475757
	(22,3,44) 0.385058121158
	(22,4,12) 0.119539860581
	(22,4,20) 0.0981783943449
	(22,4,23) 0.35060317634
	(22,4,40) 0.0466204475757
	(22,4,44) 0.385058121158
	(22,5,12) 0.119539860581
	(22,5,20) 0.0981783943449
	(22,5,23) 0.35060317634
	(22,5,40) 0.0466204475757
	(22,5,44) 0.385058121158
	(22,6,12) 0.119539860581
	(22,6,20) 0.0981783943449
	(22,6,23) 0.35060317634
	(22,6,40) 0.0466204475757
	(22,6,44) 0.385058121158
	(22,7,12) 0.119539860581
	(22,7,20) 0.0981783943449
	(22,7,23) 0.35060317634
	(22,7,40) 0.0466204475757
	(22,7,44) 0.385058121158
	(22,8,12) 0.119539860581
	(22,8,20) 0.0981783943449
	(22,8,23) 0.35060317634
	(22,8,40) 0.0466204475757
	(22,8,44) 0.385058121158
	(23,0,7) 0.179134491193
	(23,0,17) 0.0623782997966
	(23,0,36) 0.154248401613
	(23,0,37) 0.0933085291302
	(23,0,43) 0.232346169004
	(23,0,45) 0.180972362218
	(23,0,50) 0.0976117470462
	(23,1,7) 0.179134491193
	(23,1,17) 0.0623782997966
	(23,1,36) 0.154248401613
	(23,1,37) 0.0933085291302
	(23,1,43) 0.232346169004
	(23,1,45) 0.180972362218
	(23,1,50) 0.0976117470462
	(23,2,7) 0.179134491193
	(23,2,17) 0.0623782997966
	(23,2,36) 0.154248401613
	(23,2,37) 0.0933085291302
	(23,2,43) 0.232346169004
	(23,2,45) 0.180972362218
	(23,2,50) 0.0976117470462
	(23,3,7) 0.179134491193
	(23,3,17) 0.0623782997966
	(23,3,36) 0.154248401613
	(23,3,37) 0.0933085291302
	(23,3,43) 0.232346169004
	(23,3,45) 0.180972362218
	(23,3,50) 0.0976117470462
	(23,4,7) 0.179134491193
	(23,4,17) 0.0623782997966
	(23,4,36) 0.154248401613
	(23,4,37) 0.0933085291302
	(23,4,43) 0.232346169004
	(23,4,45) 0.180972362218
	(23,4,50) 0.0976117470462
	(23,5,7) 0.179134491193
	(23,5,17) 0.0623782997966
	(23,5,36) 0.154248401613
	(23,5,37) 0.0933085291302
	(23,5,43) 0.232346169004
	(23,5,45) 0.180972362218
	(23,5,50) 0.0976117470462
	(23,6,7) 0.179134491193
	(23,6,17) 0.0623782997966
	(23,6,36) 0.154248401613
	(23,6,37) 0.0933085291302
	(23,6,43) 0.232346169004
	(23,6,45) 0.180972362218
	(23,6,50) 0.0976117470462
	(23,7,7) 0.179134491193
	(23,7,17) 0.0623782997966
	(23,7,36) 0.154248401613
	(23,7,37) 0.0933085291302
	(23,7,43) 0.232346169004
	(23,7,45) 0.180972362218
	(23,7,50) 0.0976117470462
	(23,8,7) 0.179134491193
	(23,8,17) 0.0623782997966
	(23,8,36) 0.154248401613
	(23,8,37) 0.0933085291302
	(23,8,43) 0.232346169004
	(23,8,45) 0.180972362218
	(23,8,50) 0.0976117470462
	(24,0,3) 0.182059304286
	(24,0,17) 0.677017699727
	(24,0,24) 0.140922995986
	(24,1,3) 0.182059304286
	(24,1,17) 0.677017699727
	(24,1,24) 0.140922995986
	(24,2,3) 0.182059304286
	(24,2,17) 0.677017699727
	(24,2,24) 0.140922995986
	(24,3,3) 0.182059304286
	(24,3,17) 0.677017699727
	(24,3,24) 0.140922995986
	(24,4,3) 0.182059304286
	(24,4,17) 0.677017699727
	(24,4,24) 0.140922995986
	(24,5,3) 0.182059304286
	(24,5,17) 0.677017699727
	(24,5,24) 0.140922995986
	(24,6,3) 0.182059304286
	(24,6,17) 0.677017699727
	(24,6,24) 0.140922995986
	(24,7,3) 0.182059304286
	(24,7,17) 0.677017699727
	(24,7,24) 0.140922995986
	(24,8,3) 0.182059304286
	(24,8,17) 0.677017699727
	(24,8,24) 0.140922995986
	(25,0,0) 0.21510566246
	(25,0,4) 0.190935085623
	(25,0,29) 0.462861828975
	(25,0,50) 0.131097422941
	(25,1,0) 0.21510566246
	(25,1,4) 0.190935085623
	(25,1,29) 0.462861828975
	(25,1,50) 0.131097422941
	(25,2,0) 0.21510566246
	(25,2,4) 0.190935085623
	(25,2,29) 0.462861828975
	(25,2,50) 0.131097422941
	(25,3,0) 0.21510566246
	(25,3,4) 0.190935085623
	(25,3,29) 0.462861828975
	(25,3,50) 0.131097422941
	(25,4,0) 0.21510566246
	(25,4,4) 0.190935085623
	(25,4,29) 0.462861828975
	(25,4,50) 0.131097422941
	(25,5,0) 0.21510566246
	(25,5,4) 0.190935085623
	(25,5,29) 0.462861828975
	(25,5,50) 0.131097422941
	(25,6,0) 0.21510566246
	(25,6,4) 0.190935085623
	(25,6,29) 0.462861828975
	(25,6,50) 0.131097422941
	(25,7,0) 0.21510566246
	(25,7,4) 0.190935085623
	(25,7,29) 0.462861828975
	(25,7,50) 0.131097422941
	(25,8,0) 0.21510566246
	(25,8,4) 0.190935085623
	(25,8,29) 0.462861828975
	(25,8,50) 0.131097422941
	(26,0,10) 0.194800678662
	(26,0,34) 0.568132669284
	(26,0,44) 0.0724430545948
	(26,0,46) 0.16462359746
	(26,1,10) 0.194800678662
	(26,1,34) 0.568132669284
	(26,1,44) 0.0724430545948
	(26,1,46) 0.16462359746
	(26,2,10) 0.194800678662
	(26,2,34) 0.568132669284
	(26,2,44) 0.0724430545948
	(26,2,46) 0.16462359746
	(26,3,10) 0.194800678662
	(26,3,34) 0.568132669284
	(26,3,44) 0.0724430545948
	(26,3,46) 0.16462359746
	(26,4,10) 0.194800678662
	(26,4,34) 0.568132669284
	(26,4,44) 0.0724430545948
	(26,4,46) 0.16462359746
	(26,5,10) 0.194800678662
	(26,5,34) 0.568132669284
	(26,5,44) 0.0724430545948
	(26,5,46) 0.16462359746
	(26,6,10) 0.194800678662
	(26,6,34) 0.568132669284
	(26,6,44) 0.0724430545948
	(26,6,46) 0.16462359746
	(26,7,10) 0.194800678662
	(26,7,34) 0.568132669284
	(26,7,44) 0.0724430545948
	(26,7,46) 0.16462359746
	(26,8,10) 0.194800678662
	(26,8,34) 0.568132669284
	(26,8,44) 0.0724430545948
	(26,8,46) 0.16462359746
	(27,0,28) 1.0
	(27,1,28) 1.0
	(27,2,28) 1.0
	(27,3,28) 1.0
	(27,4,28) 1.0
	(27,5,28) 1.0
	(27,6,28) 1.0
	(27,7,28) 1.0
	(27,8,28) 1.0
	(28,0,2) 0.137599828004
	(28,0,23) 0.829945969554
	(28,0,46) 0.0317030001738
	(28,0,50) 0.000751202267676
	(28,1,2) 0.137599828004
	(28,1,23) 0.829945969554
	(28,1,46) 0.0317030001738
	(28,1,50) 0.000751202267676
	(28,2,2) 0.137599828004
	(28,2,23) 0.829945969554
	(28,2,46) 0.0317030001738
	(28,2,50) 0.000751202267676
	(28,3,2) 0.137599828004
	(28,3,23) 0.829945969554
	(28,3,46) 0.0317030001738
	(28,3,50) 0.000751202267676
	(28,4,2) 0.137599828004
	(28,4,23) 0.829945969554
	(28,4,46) 0.0317030001738
	(28,4,50) 0.000751202267676
	(28,5,2) 0.137599828004
	(28,5,23) 0.829945969554
	(28,5,46) 0.0317030001738
	(28,5,50) 0.000751202267676
	(28,6,2) 0.137599828004
	(28,6,23) 0.829945969554
	(28,6,46) 0.0317030001738
	(28,6,50) 0.000751202267676
	(28,7,2) 0.137599828004
	(28,7,23) 0.829945969554
	(28,7,46) 0.0317030001738
	(28,7,50) 0.000751202267676
	(28,8,2) 0.137599828004
	(28,8,23) 0.829945969554
	(28,8,46) 0.0317030001738
	(28,8,50) 0.000751202267676
	(29,0,17) 0.865697826746
	(29,0,33) 0.134302173254
	(29,1,17) 0.865697826746
	(29,1,33) 0.134302173254
	(29,2,17) 0.865697826746
	(29,2,33) 0.134302173254
	(29,3,17) 0.865697826746
	(29,3,33) 0.134302173254
	(29,4,17) 0.865697826746
	(29,4,33) 0.134302173254
	(29,5,17) 0.865697826746
	(29,5,33) 0.134302173254
	(29,6,17) 0.865697826746
	(29,6,33) 0.134302173254
	(29,7,17) 0.865697826746
	(29,7,33) 0.134302173254
	(29,8,17) 0.865697826746
	(29,8,33) 0.134302173254
	(30,0,2) 0.802011438832
	(30,0,36) 0.0302729899326
	(30,0,40) 0.00389495601447
	(30,0,41) 0.163820615221
	(30,1,2) 0.802011438832
	(30,1,36) 0.0302729899326
	(30,1,40) 0.00389495601447
	(30,1,41) 0.163820615221
	(30,2,2) 0.802011438832
	(30,2,36) 0.0302729899326
	(30,2,40) 0.00389495601447
	(30,2,41) 0.163820615221
	(30,3,2) 0.802011438832
	(30,3,36) 0.0302729899326
	(30,3,40) 0.00389495601447
	(30,3,41) 0.163820615221
	(30,4,2) 0.802011438832
	(30,4,36) 0.0302729899326
	(30,4,40) 0.00389495601447
	(30,4,41) 0.163820615221
	(30,5,2) 0.802011438832
	(30,5,36) 0.0302729899326
	(30,5,40) 0.00389495601447
	(30,5,41) 0.163820615221
	(30,6,2) 0.802011438832
	(30,6,36) 0.0302729899326
	(30,6,40) 0.00389495601447
	(30,6,41) 0.163820615221
	(30,7,2) 0.802011438832
	(30,7,36) 0.0302729899326
	(30,7,40) 0.00389495601447
	(30,7,41) 0.163820615221
	(30,8,2) 0.802011438832
	(30,8,36) 0.0302729899326
	(30,8,40) 0.00389495601447
	(30,8,41) 0.163820615221
	(31,0,0) 0.147361382904
	(31,0,1) 0.0818726769627
	(31,0,9) 0.179388404847
	(31,0,14) 0.0305559521952
	(31,0,19) 0.0601634224951
	(31,0,21) 0.275619296492
	(31,0,24) 0.151456372091
	(31,0,26) 0.0176026631433
	(31,0,31) 0.0559798288699
	(31,1,0) 0.147361382904
	(31,1,1) 0.0818726769627
	(31,1,9) 0.179388404847
	(31,1,14) 0.0305559521952
	(31,1,19) 0.0601634224951
	(31,1,21) 0.275619296492
	(31,1,24) 0.151456372091
	(31,1,26) 0.0176026631433
	(31,1,31) 0.0559798288699
	(31,2,0) 0.147361382904
	(31,2,1) 0.0818726769627
	(31,2,9) 0.179388404847
	(31,2,14) 0.0305559521952
	(31,2,19) 0.0601634224951
	(31,2,21) 0.275619296492
	(31,2,24) 0.151456372091
	(31,2,26) 0.0176026631433
	(31,2,31) 0.0559798288699
	(31,3,0) 0.147361382904
	(31,3,1) 0.0818726769627
	(31,3,9) 0.179388404847
	(31,3,14) 0.0305559521952
	(31,3,19) 0.0601634224951
	(31,3,21) 0.275619296492
	(31,3,24) 0.151456372091
	(31,3,26) 0.0176026631433
	(31,3,31) 0.0559798288699
	(31,4,0) 0.147361382904
	(31,4,1) 0.0818726769627
	(31,4,9) 0.179388404847
	(31,4,14) 0.0305559521952
	(31,4,19) 0.0601634224951
	(31,4,21) 0.275619296492
	(31,4,24) 0.151456372091
	(31,4,26) 0.0176026631433
	(31,4,31) 0.0559798288699
	(31,5,0) 0.147361382904
	(31,5,1) 0.0818726769627
	(31,5,9) 0.179388404847
	(31,5,14) 0.0305559521952
	(31,5,19) 0.0601634224951
	(31,5,21) 0.275619296492
	(31,5,24) 0.151456372091
	(31,5,26) 0.0176026631433
	(31,5,31) 0.0559798288699
	(31,6,0) 0.147361382904
	(31,6,1) 0.0818726769627
	(31,6,9) 0.179388404847
	(31,6,14) 0.0305559521952
	(31,6,19) 0.0601634224951
	(31,6,21) 0.275619296492
	(31,6,24) 0.151456372091
	(31,6,26) 0.0176026631433
	(31,6,31) 0.0559798288699
	(31,7,0) 0.147361382904
	(31,7,1) 0.0818726769627
	(31,7,9) 0.179388404847
	(31,7,14) 0.0305559521952
	(31,7,19) 0.0601634224951
	(31,7,21) 0.275619296492
	(31,7,24) 0.151456372091
	(31,7,26) 0.0176026631433
	(31,7,31) 0.0559798288699
	(31,8,0) 0.147361382904
	(31,8,1) 0.0818726769627
	(31,8,9) 0.179388404847
	(31,8,14) 0.0305559521952
	(31,8,19) 0.0601634224951
	(31,8,21) 0.275619296492
	(31,8,24) 0.151456372091
	(31,8,26) 0.0176026631433
	(31,8,31) 0.0559798288699
	(32,0,12) 0.162906529237
	(32,0,27) 0.0210977891594
	(32,0,42) 0.333551779554
	(32,0,51) 0.482443902049
	(32,1,12) 0.162906529237
	(32,1,27) 0.0210977891594
	(32,1,42) 0.333551779554
	(32,1,51) 0.482443902049
	(32,2,12) 0.162906529237
	(32,2,27) 0.0210977891594
	(32,2,42) 0.333551779554
	(32,2,51) 0.482443902049
	(32,3,12) 0.162906529237
	(32,3,27) 0.0210977891594
	(32,3,42) 0.333551779554
	(32,3,51) 0.482443902049
	(32,4,12) 0.162906529237
	(32,4,27) 0.0210977891594
	(32,4,42) 0.333551779554
	(32,4,51) 0.482443902049
	(32,5,12) 0.162906529237
	(32,5,27) 0.0210977891594
	(32,5,42) 0.333551779554
	(32,5,51) 0.482443902049
	(32,6,12) 0.162906529237
	(32,6,27) 0.0210977891594
	(32,6,42) 0.333551779554
	(32,6,51) 0.482443902049
	(32,7,12) 0.162906529237
	(32,7,27) 0.0210977891594
	(32,7,42) 0.333551779554
	(32,7,51) 0.482443902049
	(32,8,12) 0.162906529237
	(32,8,27) 0.0210977891594
	(32,8,42) 0.333551779554
	(32,8,51) 0.482443902049
	(33,0,42) 0.530012770493
	(33,0,44) 0.0473407496154
	(33,0,53) 0.422646479892
	(33,1,42) 0.530012770493
	(33,1,44) 0.0473407496154
	(33,1,53) 0.422646479892
	(33,2,42) 0.530012770493
	(33,2,44) 0.0473407496154
	(33,2,53) 0.422646479892
	(33,3,42) 0.530012770493
	(33,3,44) 0.0473407496154
	(33,3,53) 0.422646479892
	(33,4,42) 0.530012770493
	(33,4,44) 0.0473407496154
	(33,4,53) 0.422646479892
	(33,5,42) 0.530012770493
	(33,5,44) 0.0473407496154
	(33,5,53) 0.422646479892
	(33,6,42) 0.530012770493
	(33,6,44) 0.0473407496154
	(33,6,53) 0.422646479892
	(33,7,42) 0.530012770493
	(33,7,44) 0.0473407496154
	(33,7,53) 0.422646479892
	(33,8,42) 0.530012770493
	(33,8,44) 0.0473407496154
	(33,8,53) 0.422646479892
	(34,0,5) 0.446105968552
	(34,0,16) 0.0412231531388
	(34,0,50) 0.512670878309
	(34,1,5) 0.446105968552
	(34,1,16) 0.0412231531388
	(34,1,50) 0.512670878309
	(34,2,5) 0.446105968552
	(34,2,16) 0.0412231531388
	(34,2,50) 0.512670878309
	(34,3,5) 0.446105968552
	(34,3,16) 0.0412231531388
	(34,3,50) 0.512670878309
	(34,4,5) 0.446105968552
	(34,4,16) 0.0412231531388
	(34,4,50) 0.512670878309
	(34,5,5) 0.446105968552
	(34,5,16) 0.0412231531388
	(34,5,50) 0.512670878309
	(34,6,5) 0.446105968552
	(34,6,16) 0.0412231531388
	(34,6,50) 0.512670878309
	(34,7,5) 0.446105968552
	(34,7,16) 0.0412231531388
	(34,7,50) 0.512670878309
	(34,8,5) 0.446105968552
	(34,8,16) 0.0412231531388
	(34,8,50) 0.512670878309
	(35,0,6) 0.135442070237
	(35,0,8) 0.00725014971159
	(35,0,22) 0.363035110425
	(35,0,23) 0.0404858317642
	(35,0,37) 0.227319940306
	(35,0,46) 0.00378803873301
	(35,0,51) 0.222678858823
	(35,1,6) 0.135442070237
	(35,1,8) 0.00725014971159
	(35,1,22) 0.363035110425
	(35,1,23) 0.0404858317642
	(35,1,37) 0.227319940306
	(35,1,46) 0.00378803873301
	(35,1,51) 0.222678858823
	(35,2,6) 0.135442070237
	(35,2,8) 0.00725014971159
	(35,2,22) 0.363035110425
	(35,2,23) 0.0404858317642
	(35,2,37) 0.227319940306
	(35,2,46) 0.00378803873301
	(35,2,51) 0.222678858823
	(35,3,6) 0.135442070237
	(35,3,8) 0.00725014971159
	(35,3,22) 0.363035110425
	(35,3,23) 0.0404858317642
	(35,3,37) 0.227319940306
	(35,3,46) 0.00378803873301
	(35,3,51) 0.222678858823
	(35,4,6) 0.135442070237
	(35,4,8) 0.00725014971159
	(35,4,22) 0.363035110425
	(35,4,23) 0.0404858317642
	(35,4,37) 0.227319940306
	(35,4,46) 0.00378803873301
	(35,4,51) 0.222678858823
	(35,5,6) 0.135442070237
	(35,5,8) 0.00725014971159
	(35,5,22) 0.363035110425
	(35,5,23) 0.0404858317642
	(35,5,37) 0.227319940306
	(35,5,46) 0.00378803873301
	(35,5,51) 0.222678858823
	(35,6,6) 0.135442070237
	(35,6,8) 0.00725014971159
	(35,6,22) 0.363035110425
	(35,6,23) 0.0404858317642
	(35,6,37) 0.227319940306
	(35,6,46) 0.00378803873301
	(35,6,51) 0.222678858823
	(35,7,6) 0.135442070237
	(35,7,8) 0.00725014971159
	(35,7,22) 0.363035110425
	(35,7,23) 0.0404858317642
	(35,7,37) 0.227319940306
	(35,7,46) 0.00378803873301
	(35,7,51) 0.222678858823
	(35,8,6) 0.135442070237
	(35,8,8) 0.00725014971159
	(35,8,22) 0.363035110425
	(35,8,23) 0.0404858317642
	(35,8,37) 0.227319940306
	(35,8,46) 0.00378803873301
	(35,8,51) 0.222678858823
	(36,0,4) 0.185054834306
	(36,0,20) 0.201263762766
	(36,0,41) 0.401914922867
	(36,0,50) 0.135376765261
	(36,0,53) 0.0763897148003
	(36,1,4) 0.185054834306
	(36,1,20) 0.201263762766
	(36,1,41) 0.401914922867
	(36,1,50) 0.135376765261
	(36,1,53) 0.0763897148003
	(36,2,4) 0.185054834306
	(36,2,20) 0.201263762766
	(36,2,41) 0.401914922867
	(36,2,50) 0.135376765261
	(36,2,53) 0.0763897148003
	(36,3,4) 0.185054834306
	(36,3,20) 0.201263762766
	(36,3,41) 0.401914922867
	(36,3,50) 0.135376765261
	(36,3,53) 0.0763897148003
	(36,4,4) 0.185054834306
	(36,4,20) 0.201263762766
	(36,4,41) 0.401914922867
	(36,4,50) 0.135376765261
	(36,4,53) 0.0763897148003
	(36,5,4) 0.185054834306
	(36,5,20) 0.201263762766
	(36,5,41) 0.401914922867
	(36,5,50) 0.135376765261
	(36,5,53) 0.0763897148003
	(36,6,4) 0.185054834306
	(36,6,20) 0.201263762766
	(36,6,41) 0.401914922867
	(36,6,50) 0.135376765261
	(36,6,53) 0.0763897148003
	(36,7,4) 0.185054834306
	(36,7,20) 0.201263762766
	(36,7,41) 0.401914922867
	(36,7,50) 0.135376765261
	(36,7,53) 0.0763897148003
	(36,8,4) 0.185054834306
	(36,8,20) 0.201263762766
	(36,8,41) 0.401914922867
	(36,8,50) 0.135376765261
	(36,8,53) 0.0763897148003
	(37,0,7) 0.616103460748
	(37,0,36) 0.231319250032
	(37,0,49) 0.15257728922
	(37,1,7) 0.616103460748
	(37,1,36) 0.231319250032
	(37,1,49) 0.15257728922
	(37,2,7) 0.616103460748
	(37,2,36) 0.231319250032
	(37,2,49) 0.15257728922
	(37,3,7) 0.616103460748
	(37,3,36) 0.231319250032
	(37,3,49) 0.15257728922
	(37,4,7) 0.616103460748
	(37,4,36) 0.231319250032
	(37,4,49) 0.15257728922
	(37,5,7) 0.616103460748
	(37,5,36) 0.231319250032
	(37,5,49) 0.15257728922
	(37,6,7) 0.616103460748
	(37,6,36) 0.231319250032
	(37,6,49) 0.15257728922
	(37,7,7) 0.616103460748
	(37,7,36) 0.231319250032
	(37,7,49) 0.15257728922
	(37,8,7) 0.616103460748
	(37,8,36) 0.231319250032
	(37,8,49) 0.15257728922
	(38,0,4) 0.253957000902
	(38,0,9) 0.32636218998
	(38,0,19) 0.189359335088
	(38,0,50) 0.23032147403
	(38,1,4) 0.253957000902
	(38,1,9) 0.32636218998
	(38,1,19) 0.189359335088
	(38,1,50) 0.23032147403
	(38,2,4) 0.253957000902
	(38,2,9) 0.32636218998
	(38,2,19) 0.189359335088
	(38,2,50) 0.23032147403
	(38,3,4) 0.253957000902
	(38,3,9) 0.32636218998
	(38,3,19) 0.189359335088
	(38,3,50) 0.23032147403
	(38,4,4) 0.253957000902
	(38,4,9) 0.32636218998
	(38,4,19) 0.189359335088
	(38,4,50) 0.23032147403
	(38,5,4) 0.253957000902
	(38,5,9) 0.32636218998
	(38,5,19) 0.189359335088
	(38,5,50) 0.23032147403
	(38,6,4) 0.253957000902
	(38,6,9) 0.32636218998
	(38,6,19) 0.189359335088
	(38,6,50) 0.23032147403
	(38,7,4) 0.253957000902
	(38,7,9) 0.32636218998
	(38,7,19) 0.189359335088
	(38,7,50) 0.23032147403
	(38,8,4) 0.253957000902
	(38,8,9) 0.32636218998
	(38,8,19) 0.189359335088
	(38,8,50) 0.23032147403
	(39,0,1) 0.342770490758
	(39,0,14) 0.0799612590305
	(39,0,28) 0.00763002637353
	(39,0,45) 0.569638223838
	(39,1,1) 0.342770490758
	(39,1,14) 0.0799612590305
	(39,1,28) 0.00763002637353
	(39,1,45) 0.569638223838
	(39,2,1) 0.342770490758
	(39,2,14) 0.0799612590305
	(39,2,28) 0.00763002637353
	(39,2,45) 0.569638223838
	(39,3,1) 0.342770490758
	(39,3,14) 0.0799612590305
	(39,3,28) 0.00763002637353
	(39,3,45) 0.569638223838
	(39,4,1) 0.342770490758
	(39,4,14) 0.0799612590305
	(39,4,28) 0.00763002637353
	(39,4,45) 0.569638223838
	(39,5,1) 0.342770490758
	(39,5,14) 0.0799612590305
	(39,5,28) 0.00763002637353
	(39,5,45) 0.569638223838
	(39,6,1) 0.342770490758
	(39,6,14) 0.0799612590305
	(39,6,28) 0.00763002637353
	(39,6,45) 0.569638223838
	(39,7,1) 0.342770490758
	(39,7,14) 0.0799612590305
	(39,7,28) 0.00763002637353
	(39,7,45) 0.569638223838
	(39,8,1) 0.342770490758
	(39,8,14) 0.0799612590305
	(39,8,28) 0.00763002637353
	(39,8,45) 0.569638223838
	(40,0,9) 0.395089004322
	(40,0,13) 0.176401028879
	(40,0,20) 0.0429639172918
	(40,0,22) 0.368570946581
	(40,0,51) 0.016975102926
	(40,1,9) 0.395089004322
	(40,1,13) 0.176401028879
	(40,1,20) 0.0429639172918
	(40,1,22) 0.368570946581
	(40,1,51) 0.016975102926
	(40,2,9) 0.395089004322
	(40,2,13) 0.176401028879
	(40,2,20) 0.0429639172918
	(40,2,22) 0.368570946581
	(40,2,51) 0.016975102926
	(40,3,9) 0.395089004322
	(40,3,13) 0.176401028879
	(40,3,20) 0.0429639172918
	(40,3,22) 0.368570946581
	(40,3,51) 0.016975102926
	(40,4,9) 0.395089004322
	(40,4,13) 0.176401028879
	(40,4,20) 0.0429639172918
	(40,4,22) 0.368570946581
	(40,4,51) 0.016975102926
	(40,5,9) 0.395089004322
	(40,5,13) 0.176401028879
	(40,5,20) 0.0429639172918
	(40,5,22) 0.368570946581
	(40,5,51) 0.016975102926
	(40,6,9) 0.395089004322
	(40,6,13) 0.176401028879
	(40,6,20) 0.0429639172918
	(40,6,22) 0.368570946581
	(40,6,51) 0.016975102926
	(40,7,9) 0.395089004322
	(40,7,13) 0.176401028879
	(40,7,20) 0.0429639172918
	(40,7,22) 0.368570946581
	(40,7,51) 0.016975102926
	(40,8,9) 0.395089004322
	(40,8,13) 0.176401028879
	(40,8,20) 0.0429639172918
	(40,8,22) 0.368570946581
	(40,8,51) 0.016975102926
	(41,0,0) 0.511006673781
	(41,0,14) 0.300463477987
	(41,0,51) 0.188529848232
	(41,1,0) 0.511006673781
	(41,1,14) 0.300463477987
	(41,1,51) 0.188529848232
	(41,2,0) 0.511006673781
	(41,2,14) 0.300463477987
	(41,2,51) 0.188529848232
	(41,3,0) 0.511006673781
	(41,3,14) 0.300463477987
	(41,3,51) 0.188529848232
	(41,4,0) 0.511006673781
	(41,4,14) 0.300463477987
	(41,4,51) 0.188529848232
	(41,5,0) 0.511006673781
	(41,5,14) 0.300463477987
	(41,5,51) 0.188529848232
	(41,6,0) 0.511006673781
	(41,6,14) 0.300463477987
	(41,6,51) 0.188529848232
	(41,7,0) 0.511006673781
	(41,7,14) 0.300463477987
	(41,7,51) 0.188529848232
	(41,8,0) 0.511006673781
	(41,8,14) 0.300463477987
	(41,8,51) 0.188529848232
	(42,0,2) 0.158039180446
	(42,0,31) 0.841960819554
	(42,1,2) 0.158039180446
	(42,1,31) 0.841960819554
	(42,2,2) 0.158039180446
	(42,2,31) 0.841960819554
	(42,3,2) 0.158039180446
	(42,3,31) 0.841960819554
	(42,4,2) 0.158039180446
	(42,4,31) 0.841960819554
	(42,5,2) 0.158039180446
	(42,5,31) 0.841960819554
	(42,6,2) 0.158039180446
	(42,6,31) 0.841960819554
	(42,7,2) 0.158039180446
	(42,7,31) 0.841960819554
	(42,8,2) 0.158039180446
	(42,8,31) 0.841960819554
	(43,0,0) 0.364347408531
	(43,0,3) 0.0014575145491
	(43,0,12) 0.169069924247
	(43,0,22) 0.197824860652
	(43,0,29) 0.144879419673
	(43,0,46) 0.122420872347
	(43,1,0) 0.364347408531
	(43,1,3) 0.0014575145491
	(43,1,12) 0.169069924247
	(43,1,22) 0.197824860652
	(43,1,29) 0.144879419673
	(43,1,46) 0.122420872347
	(43,2,0) 0.364347408531
	(43,2,3) 0.0014575145491
	(43,2,12) 0.169069924247
	(43,2,22) 0.197824860652
	(43,2,29) 0.144879419673
	(43,2,46) 0.122420872347
	(43,3,0) 0.364347408531
	(43,3,3) 0.0014575145491
	(43,3,12) 0.169069924247
	(43,3,22) 0.197824860652
	(43,3,29) 0.144879419673
	(43,3,46) 0.122420872347
	(43,4,0) 0.364347408531
	(43,4,3) 0.0014575145491
	(43,4,12) 0.169069924247
	(43,4,22) 0.197824860652
	(43,4,29) 0.144879419673
	(43,4,46) 0.122420872347
	(43,5,0) 0.364347408531
	(43,5,3) 0.0014575145491
	(43,5,12) 0.169069924247
	(43,5,22) 0.197824860652
	(43,5,29) 0.144879419673
	(43,5,46) 0.122420872347
	(43,6,0) 0.364347408531
	(43,6,3) 0.0014575145491
	(43,6,12) 0.169069924247
	(43,6,22) 0.197824860652
	(43,6,29) 0.144879419673
	(43,6,46) 0.122420872347
	(43,7,0) 0.364347408531
	(43,7,3) 0.0014575145491
	(43,7,12) 0.169069924247
	(43,7,22) 0.197824860652
	(43,7,29) 0.144879419673
	(43,7,46) 0.122420872347
	(43,8,0) 0.364347408531
	(43,8,3) 0.0014575145491
	(43,8,12) 0.169069924247
	(43,8,22) 0.197824860652
	(43,8,29) 0.144879419673
	(43,8,46) 0.122420872347
	(44,0,1) 0.407352773549
	(44,0,29) 0.0595164958401
	(44,0,40) 0.197306663756
	(44,0,49) 0.198915415688
	(44,0,51) 0.136908651167
	(44,1,1) 0.407352773549
	(44,1,29) 0.0595164958401
	(44,1,40) 0.197306663756
	(44,1,49) 0.198915415688
	(44,1,51) 0.136908651167
	(44,2,1) 0.407352773549
	(44,2,29) 0.0595164958401
	(44,2,40) 0.197306663756
	(44,2,49) 0.198915415688
	(44,2,51) 0.136908651167
	(44,3,1) 0.407352773549
	(44,3,29) 0.0595164958401
	(44,3,40) 0.197306663756
	(44,3,49) 0.198915415688
	(44,3,51) 0.136908651167
	(44,4,1) 0.407352773549
	(44,4,29) 0.0595164958401
	(44,4,40) 0.197306663756
	(44,4,49) 0.198915415688
	(44,4,51) 0.136908651167
	(44,5,1) 0.407352773549
	(44,5,29) 0.0595164958401
	(44,5,40) 0.197306663756
	(44,5,49) 0.198915415688
	(44,5,51) 0.136908651167
	(44,6,1) 0.407352773549
	(44,6,29) 0.0595164958401
	(44,6,40) 0.197306663756
	(44,6,49) 0.198915415688
	(44,6,51) 0.136908651167
	(44,7,1) 0.407352773549
	(44,7,29) 0.0595164958401
	(44,7,40) 0.197306663756
	(44,7,49) 0.198915415688
	(44,7,51) 0.136908651167
	(44,8,1) 0.407352773549
	(44,8,29) 0.0595164958401
	(44,8,40) 0.197306663756
	(44,8,49) 0.198915415688
	(44,8,51) 0.136908651167
	(45,0,13) 0.0019156246081
	(45,0,26) 0.0290036329485
	(45,0,37) 0.969080742443
	(45,1,13) 0.0019156246081
	(45,1,26) 0.0290036329485
	(45,1,37) 0.969080742443
	(45,2,13) 0.0019156246081
	(45,2,26) 0.0290036329485
	(45,2,37) 0.969080742443
	(45,3,13) 0.0019156246081
	(45,3,26) 0.0290036329485
	(45,3,37) 0.969080742443
	(45,4,13) 0.0019156246081
	(45,4,26) 0.0290036329485
	(45,4,37) 0.969080742443
	(45,5,13) 0.0019156246081
	(45,5,26) 0.0290036329485
	(45,5,37) 0.969080742443
	(45,6,13) 0.0019156246081
	(45,6,26) 0.0290036329485
	(45,6,37) 0.969080742443
	(45,7,13) 0.0019156246081
	(45,7,26) 0.0290036329485
	(45,7,37) 0.969080742443
	(45,8,13) 0.0019156246081
	(45,8,26) 0.0290036329485
	(45,8,37) 0.969080742443
	(46,0,0) 0.225110101475
	(46,0,21) 0.0154044650054
	(46,0,24) 0.0424371635366
	(46,0,28) 0.0149171368523
	(46,0,32) 0.663268428711
	(46,0,45) 0.0388627044198
	(46,1,0) 0.225110101475
	(46,1,21) 0.0154044650054
	(46,1,24) 0.0424371635366
	(46,1,28) 0.0149171368523
	(46,1,32) 0.663268428711
	(46,1,45) 0.0388627044198
	(46,2,0) 0.225110101475
	(46,2,21) 0.0154044650054
	(46,2,24) 0.0424371635366
	(46,2,28) 0.0149171368523
	(46,2,32) 0.663268428711
	(46,2,45) 0.0388627044198
	(46,3,0) 0.225110101475
	(46,3,21) 0.0154044650054
	(46,3,24) 0.0424371635366
	(46,3,28) 0.0149171368523
	(46,3,32) 0.663268428711
	(46,3,45) 0.0388627044198
	(46,4,0) 0.225110101475
	(46,4,21) 0.0154044650054
	(46,4,24) 0.0424371635366
	(46,4,28) 0.0149171368523
	(46,4,32) 0.663268428711
	(46,4,45) 0.0388627044198
	(46,5,0) 0.225110101475
	(46,5,21) 0.0154044650054
	(46,5,24) 0.0424371635366
	(46,5,28) 0.0149171368523
	(46,5,32) 0.663268428711
	(46,5,45) 0.0388627044198
	(46,6,0) 0.225110101475
	(46,6,21) 0.0154044650054
	(46,6,24) 0.0424371635366
	(46,6,28) 0.0149171368523
	(46,6,32) 0.663268428711
	(46,6,45) 0.0388627044198
	(46,7,0) 0.225110101475
	(46,7,21) 0.0154044650054
	(46,7,24) 0.0424371635366
	(46,7,28) 0.0149171368523
	(46,7,32) 0.663268428711
	(46,7,45) 0.0388627044198
	(46,8,0) 0.225110101475
	(46,8,21) 0.0154044650054
	(46,8,24) 0.0424371635366
	(46,8,28) 0.0149171368523
	(46,8,32) 0.663268428711
	(46,8,45) 0.0388627044198
	(47,0,7) 0.613698794025
	(47,0,23) 0.204753235276
	(47,0,38) 0.143684707448
	(47,0,39) 0.0378632632504
	(47,1,7) 0.613698794025
	(47,1,23) 0.204753235276
	(47,1,38) 0.143684707448
	(47,1,39) 0.0378632632504
	(47,2,7) 0.613698794025
	(47,2,23) 0.204753235276
	(47,2,38) 0.143684707448
	(47,2,39) 0.0378632632504
	(47,3,7) 0.613698794025
	(47,3,23) 0.204753235276
	(47,3,38) 0.143684707448
	(47,3,39) 0.0378632632504
	(47,4,7) 0.613698794025
	(47,4,23) 0.204753235276
	(47,4,38) 0.143684707448
	(47,4,39) 0.0378632632504
	(47,5,7) 0.613698794025
	(47,5,23) 0.204753235276
	(47,5,38) 0.143684707448
	(47,5,39) 0.0378632632504
	(47,6,7) 0.613698794025
	(47,6,23) 0.204753235276
	(47,6,38) 0.143684707448
	(47,6,39) 0.0378632632504
	(47,7,7) 0.613698794025
	(47,7,23) 0.204753235276
	(47,7,38) 0.143684707448
	(47,7,39) 0.0378632632504
	(47,8,7) 0.613698794025
	(47,8,23) 0.204753235276
	(47,8,38) 0.143684707448
	(47,8,39) 0.0378632632504
	(48,0,6) 0.0670217792287
	(48,0,26) 0.846243119414
	(48,0,29) 0.0867351013573
	(48,1,6) 0.0670217792287
	(48,1,26) 0.846243119414
	(48,1,29) 0.0867351013573
	(48,2,6) 0.0670217792287
	(48,2,26) 0.846243119414
	(48,2,29) 0.0867351013573
	(48,3,6) 0.0670217792287
	(48,3,26) 0.846243119414
	(48,3,29) 0.0867351013573
	(48,4,6) 0.0670217792287
	(48,4,26) 0.846243119414
	(48,4,29) 0.0867351013573
	(48,5,6) 0.0670217792287
	(48,5,26) 0.846243119414
	(48,5,29) 0.0867351013573
	(48,6,6) 0.0670217792287
	(48,6,26) 0.846243119414
	(48,6,29) 0.0867351013573
	(48,7,6) 0.0670217792287
	(48,7,26) 0.846243119414
	(48,7,29) 0.0867351013573
	(48,8,6) 0.0670217792287
	(48,8,26) 0.846243119414
	(48,8,29) 0.0867351013573
	(49,0,11) 0.426973315667
	(49,0,22) 0.573026684333
	(49,1,11) 0.426973315667
	(49,1,22) 0.573026684333
	(49,2,11) 0.426973315667
	(49,2,22) 0.573026684333
	(49,3,11) 0.426973315667
	(49,3,22) 0.573026684333
	(49,4,11) 0.426973315667
	(49,4,22) 0.573026684333
	(49,5,11) 0.426973315667
	(49,5,22) 0.573026684333
	(49,6,11) 0.426973315667
	(49,6,22) 0.573026684333
	(49,7,11) 0.426973315667
	(49,7,22) 0.573026684333
	(49,8,11) 0.426973315667
	(49,8,22) 0.573026684333
	(50,0,6) 0.105260904665
	(50,0,7) 0.100795524784
	(50,0,9) 0.198898931222
	(50,0,22) 0.358670850008
	(50,0,24) 0.00219070422528
	(50,0,40) 0.00197818976797
	(50,0,43) 0.232204895329
	(50,1,6) 0.105260904665
	(50,1,7) 0.100795524784
	(50,1,9) 0.198898931222
	(50,1,22) 0.358670850008
	(50,1,24) 0.00219070422528
	(50,1,40) 0.00197818976797
	(50,1,43) 0.232204895329
	(50,2,6) 0.105260904665
	(50,2,7) 0.100795524784
	(50,2,9) 0.198898931222
	(50,2,22) 0.358670850008
	(50,2,24) 0.00219070422528
	(50,2,40) 0.00197818976797
	(50,2,43) 0.232204895329
	(50,3,6) 0.105260904665
	(50,3,7) 0.100795524784
	(50,3,9) 0.198898931222
	(50,3,22) 0.358670850008
	(50,3,24) 0.00219070422528
	(50,3,40) 0.00197818976797
	(50,3,43) 0.232204895329
	(50,4,6) 0.105260904665
	(50,4,7) 0.100795524784
	(50,4,9) 0.198898931222
	(50,4,22) 0.358670850008
	(50,4,24) 0.00219070422528
	(50,4,40) 0.00197818976797
	(50,4,43) 0.232204895329
	(50,5,6) 0.105260904665
	(50,5,7) 0.100795524784
	(50,5,9) 0.198898931222
	(50,5,22) 0.358670850008
	(50,5,24) 0.00219070422528
	(50,5,40) 0.00197818976797
	(50,5,43) 0.232204895329
	(50,6,6) 0.105260904665
	(50,6,7) 0.100795524784
	(50,6,9) 0.198898931222
	(50,6,22) 0.358670850008
	(50,6,24) 0.00219070422528
	(50,6,40) 0.00197818976797
	(50,6,43) 0.232204895329
	(50,7,6) 0.105260904665
	(50,7,7) 0.100795524784
	(50,7,9) 0.198898931222
	(50,7,22) 0.358670850008
	(50,7,24) 0.00219070422528
	(50,7,40) 0.00197818976797
	(50,7,43) 0.232204895329
	(50,8,6) 0.105260904665
	(50,8,7) 0.100795524784
	(50,8,9) 0.198898931222
	(50,8,22) 0.358670850008
	(50,8,24) 0.00219070422528
	(50,8,40) 0.00197818976797
	(50,8,43) 0.232204895329
	(51,0,36) 0.121723747836
	(51,0,51) 0.878276252164
	(51,1,36) 0.121723747836
	(51,1,51) 0.878276252164
	(51,2,36) 0.121723747836
	(51,2,51) 0.878276252164
	(51,3,36) 0.121723747836
	(51,3,51) 0.878276252164
	(51,4,36) 0.121723747836
	(51,4,51) 0.878276252164
	(51,5,36) 0.121723747836
	(51,5,51) 0.878276252164
	(51,6,36) 0.121723747836
	(51,6,51) 0.878276252164
	(51,7,36) 0.121723747836
	(51,7,51) 0.878276252164
	(51,8,36) 0.121723747836
	(51,8,51) 0.878276252164
	(52,0,2) 0.0609971568437
	(52,0,7) 0.712200097416
	(52,0,22) 0.207385459347
	(52,0,49) 0.0194172863931
	(52,1,2) 0.0609971568437
	(52,1,7) 0.712200097416
	(52,1,22) 0.207385459347
	(52,1,49) 0.0194172863931
	(52,2,2) 0.0609971568437
	(52,2,7) 0.712200097416
	(52,2,22) 0.207385459347
	(52,2,49) 0.0194172863931
	(52,3,2) 0.0609971568437
	(52,3,7) 0.712200097416
	(52,3,22) 0.207385459347
	(52,3,49) 0.0194172863931
	(52,4,2) 0.0609971568437
	(52,4,7) 0.712200097416
	(52,4,22) 0.207385459347
	(52,4,49) 0.0194172863931
	(52,5,2) 0.0609971568437
	(52,5,7) 0.712200097416
	(52,5,22) 0.207385459347
	(52,5,49) 0.0194172863931
	(52,6,2) 0.0609971568437
	(52,6,7) 0.712200097416
	(52,6,22) 0.207385459347
	(52,6,49) 0.0194172863931
	(52,7,2) 0.0609971568437
	(52,7,7) 0.712200097416
	(52,7,22) 0.207385459347
	(52,7,49) 0.0194172863931
	(52,8,2) 0.0609971568437
	(52,8,7) 0.712200097416
	(52,8,22) 0.207385459347
	(52,8,49) 0.0194172863931
	(53,0,4) 0.020502136287
	(53,0,12) 0.749380797496
	(53,0,16) 0.0853280326372
	(53,0,36) 0.12084464866
	(53,0,47) 0.0239443849204
	(53,1,4) 0.020502136287
	(53,1,12) 0.749380797496
	(53,1,16) 0.0853280326372
	(53,1,36) 0.12084464866
	(53,1,47) 0.0239443849204
	(53,2,4) 0.020502136287
	(53,2,12) 0.749380797496
	(53,2,16) 0.0853280326372
	(53,2,36) 0.12084464866
	(53,2,47) 0.0239443849204
	(53,3,4) 0.020502136287
	(53,3,12) 0.749380797496
	(53,3,16) 0.0853280326372
	(53,3,36) 0.12084464866
	(53,3,47) 0.0239443849204
	(53,4,4) 0.020502136287
	(53,4,12) 0.749380797496
	(53,4,16) 0.0853280326372
	(53,4,36) 0.12084464866
	(53,4,47) 0.0239443849204
	(53,5,4) 0.020502136287
	(53,5,12) 0.749380797496
	(53,5,16) 0.0853280326372
	(53,5,36) 0.12084464866
	(53,5,47) 0.0239443849204
	(53,6,4) 0.020502136287
	(53,6,12) 0.749380797496
	(53,6,16) 0.0853280326372
	(53,6,36) 0.12084464866
	(53,6,47) 0.0239443849204
	(53,7,4) 0.020502136287
	(53,7,12) 0.749380797496
	(53,7,16) 0.0853280326372
	(53,7,36) 0.12084464866
	(53,7,47) 0.0239443849204
	(53,8,4) 0.020502136287
	(53,8,12) 0.749380797496
	(53,8,16) 0.0853280326372
	(53,8,36) 0.12084464866
	(53,8,47) 0.0239443849204
