1000
0.392868783789
4.61777202464e-05
0.000501763937742
0.063125684495
2.75270103229e-21
4.4876140293e-19
7.84268538723e-05
2.01997424775e-20
3.3027609165e-26
1.7892633206e-10
3.55347354648e-10
0.00814671166853
0.0513617144497
1.18039959288e-25
1.40419221341e-23
2.12147383683e-10
1.04120996269e-06
4.06737896404e-05
0.0609486691928
3.87796954299e-06
5.3784311407e-18
6.32454142081e-07
4.00393506408e-06
4.29826267534e-08
0.00351239122383
8.39800583722e-05
9.33019787608e-06
0.00096714495976
1.25744471268e-05
0.000395007695924
5.7547718719e-07
0.00048910729515
8.35916806332e-10
0.000405664474731
7.28678603742e-10
0.0334063367564
3.71626571346e-05
7.718464744e-08
5.42428494567e-09
2.05817884084e-05
2.13000313754e-16
4.3194033137e-15
9.13288621587e-06
2.02134485687e-14
1.99835074211e-06
1.90352282068e-05
0.00186384788694
0.00241436095791
0.0161871046176
0.00556827726585
1.03863484712e-11
6.69266970876e-10
7.56396165685e-09
5.97774289872e-09
2.06873848045e-12
1.52479856218e-26
1.27827845974e-15
0.00367514897731
5.58750047211e-17
6.65331538189e-20
6.73609016637e-06
3.84966259093e-07
6.49427720941e-09
0.00501776115653
4.89104185698e-15
0.000117479225636
1.16857229796e-06
7.06255204647e-15
6.23569466067e-05
3.752507222e-14
4.71355515027e-10
2.11599458256e-11
3.86166806684e-16
9.65192926078e-05
3.58473718359e-09
2.87809042454e-06
1.07509329437e-32
4.17721057069e-05
0.00386370033633
8.72565984069e-24
0.00053571315061
4.35828485988e-10
6.14872696025e-14
2.4690983639e-10
1.16990651813e-27
2.71083990977e-08
8.44161757815e-08
4.57811480663e-14
0.000133475949886
3.89492416222e-07
7.98769323279e-05
3.14682708145e-10
0.000444761962433
1.34505602932e-10
0.00253531754691
9.35883991219e-14
7.42585169098e-07
1.17087078396e-11
0.0511287877564
0.000319011336454
3.51342152475e-10
1.20709129575e-08
1.3904193576e-15
8.31117801638e-16
0.00224826655267
1.64006555914e-23
9.82474693679e-08
2.59037466384e-07
1.00873574635e-17
3.14263023241e-05
5.24290669046e-17
1.27828577094e-10
6.39407103539e-06
9.58990249182e-07
3.42607041937e-07
0.00108034177443
5.2752950056e-07
0.000191657061261
6.67344647624e-08
1.54605280763e-10
0.000187001629731
1.10701357798e-05
0.000920248880187
2.07695974291e-20
1.55859655298e-14
1.4829078642e-08
4.31113373116e-12
0.000513901059759
1.72697170343e-12
1.18742473563e-06
3.86351178071e-10
1.15917482276e-07
9.29988942724e-20
3.4426883128e-16
6.06235112198e-21
2.22857308567e-05
2.34776512448e-21
5.25975692363e-17
4.73748985047e-11
0.00865839576358
2.93078352666e-09
0.00352584055806
1.05492165446e-11
0.000349026703701
5.56170345588e-06
9.39415259222e-07
6.27353562441e-07
4.07132063869e-05
1.98299469586e-06
0.00011784786938
2.1740620093e-08
8.24683051457e-08
2.7112308262e-05
4.66051735258e-14
4.11477581464e-11
8.1095321359e-06
3.8420576428e-06
6.28728012287e-08
1.19334034617e-07
4.57153101176e-11
1.62536126899e-06
4.78023810443e-10
5.28626563449e-12
6.80343009198e-05
0.000125443281612
1.81874064888e-34
0.000326982914951
0.00828713808889
4.56467079357e-29
5.90828620739e-08
7.46492331845e-05
2.34720614321e-06
0.0086690208714
1.33351909251e-08
1.46340385053e-17
6.7334696707e-05
4.91219395797e-11
9.26412656001e-06
1.45953379722e-09
1.10860768131e-05
1.59459898337e-07
0.00014636885074
8.33940621839e-08
2.65890911414e-10
2.33556936885e-05
8.94601452422e-08
0.000471110169708
9.85606820885e-05
1.02335161453e-05
1.65588132519e-25
0.00233420809617
0.0334576304531
1.53245832899e-11
0.000141589907812
3.96054365533e-18
4.08658588472e-05
4.68319402958e-12
1.28187528896e-12
8.68117303089e-07
3.33092137894e-09
2.01595944063e-09
1.36971155237e-05
0.000164190252439
5.67888915482e-05
3.20358110362e-14
7.90892597633e-08
0.000235025763179
1.90687765095e-26
1.61916110985e-07
4.06785599878e-05
1.00258625118e-05
9.41219853193e-06
2.54945627377e-05
1.43785714936e-07
3.41803545117e-09
8.65306288022e-07
9.83597967318e-05
4.67557340811e-29
0.000218980991475
4.72414841064e-08
1.90726562116e-10
1.12972297931e-22
7.61498932075e-06
1.42818027982e-05
3.35069748548e-07
1.26808232906e-12
2.0972965146e-14
0.00211341943671
1.02607016859e-12
9.95456123822e-06
0.000852522302237
0.00919198673236
1.4280660111e-09
0.00096337269219
1.6612962706e-17
1.54337030545e-14
0.00244846814978
1.45865897713e-05
4.46300422262e-13
5.51469139796e-29
4.74929383208e-06
3.38302053772e-11
8.79078972783e-05
1.21720903063e-15
0.00227675612777
0.00438981045896
0.000733137987959
9.9376331508e-07
1.06003333409e-06
1.07457764006e-15
6.93423296361e-06
1.3008535473e-12
1.92876497934e-40
0.00119294307806
0.00803574615874
4.40872133638e-05
0.000132823769547
1.43260967929e-10
1.58707141051e-09
5.04439280367e-07
0.00295806907553
7.41564071586e-09
8.03380056273e-17
1.33395327138e-08
0.000488896177077
1.8803608981e-08
6.13953788659e-09
9.99792120995e-10
3.23547222037e-08
7.53225591524e-05
8.91056145133e-07
1.04336549631e-13
0.00390735100706
9.27723580913e-34
3.8338005297e-10
0.00056117530923
3.90908786422e-17
1.30537266591e-05
0.000130419772668
1.22190613251e-11
0.000890835549858
1.10677978156e-06
2.51843297601e-07
5.70787627172e-25
1.46938084566e-06
3.97115427336e-11
2.18273365717e-05
2.63941632018e-13
2.80970982279e-06
1.8897299319e-20
1.21545452788e-18
0.00311769826757
2.0361078837e-06
1.11429177087e-13
4.01592629063e-09
0.00144970167944
7.70654775466e-06
0.000128923470689
6.46469962834e-11
3.61427503692e-09
0.0103854060626
1.84868317813e-11
4.71775282125e-13
9.40722923997e-16
2.37334615062e-05
1.20583990737e-14
2.25347967409e-14
9.7706088289e-09
2.98655468673e-14
1.09976912872e-14
2.11410635042e-16
7.77307263326e-20
5.094051778e-11
1.5090512164e-15
5.59008613198e-08
4.13160421045e-11
1.03317758457e-14
4.38563374901e-16
2.29224194305e-13
9.08688201617e-07
1.22381038442e-05
1.48549240988e-09
5.73718901813e-09
2.84878977032e-24
0.001331349816
0.000267883413771
8.21125279429e-14
5.32225453168e-08
1.19879198917e-05
0.000886938985971
0.00903670013492
9.90619191826e-05
1.02473356178e-13
5.80951543272e-07
9.19257857581e-09
3.34107886089e-08
3.65978803012e-07
4.34350648466e-08
0.00611442969724
8.16701994981e-06
8.49549029547e-06
3.50647782023e-14
3.79362754808e-08
0.000211104145784
0.000628986873327
7.49651799012e-06
2.56316782199e-48
2.00384132748e-06
0.0028905504535
8.23024307308e-10
4.341983457e-14
1.40620810617e-10
4.27202221674e-07
1.03584824538e-07
4.00588291784e-06
2.54221152585e-26
1.18639466479e-10
2.09578695212e-10
5.94817765054e-06
1.45336260413e-19
1.46160585769e-12
6.10834215105e-19
3.73235476667e-08
1.05994399226e-05
7.27433791764e-09
0.00702331353405
5.95528048876e-11
0.00552285319867
1.10193937302e-27
9.99457457492e-05
1.28926885713e-22
1.07492160995e-05
1.28143008956e-05
1.75618506541e-14
4.90537255669e-05
4.93810692558e-09
2.1188139149e-06
0.00163317599189
0.00256230904665
3.16564861829e-06
3.39809269563e-14
2.71341257807e-17
2.81733317856e-11
1.82038910424e-07
7.30809306391e-07
1.24356719062e-20
0.000144477639117
5.08668401082e-22
2.16458577062e-05
0.000530373913798
4.58130728088e-06
3.57495035276e-13
2.66542897912e-07
3.37331916301e-29
5.58706833449e-05
0.000603757671079
1.89984070087e-22
4.12804531682e-08
2.64085893219e-06
9.09343012835e-13
3.43911737746e-16
1.29475582387e-05
0.000335486927875
1.70729408591e-10
1.07347882197e-05
1.16329075913e-23
6.47327888867e-18
1.19030611041e-07
2.5618581721e-09
4.05334983567e-06
6.84028333832e-11
8.27812987412e-11
0.00298987508
2.16627592677e-24
2.08727778542e-14
8.02535352182e-08
6.66857004107e-07
1.04344541093e-17
2.04298999654e-11
1.25176537685e-05
3.12436037351e-12
1.76852743891e-07
1.17098057845e-05
3.32522345392e-18
2.680978307e-14
1.39932915895e-08
0.00355336231918
7.50606317748e-08
3.47068685616e-07
0.0045161465341
2.19437980753e-14
6.09339553625e-33
4.43760300022e-19
7.84431357039e-08
1.49468960207e-07
1.24270665249e-07
4.18638447639e-12
0.00368872625524
4.55188274505e-05
1.27233333299e-16
3.37474331442e-05
4.80445270825e-07
4.92660468521e-08
2.18676649537e-16
1.38455544504e-05
2.11679737781e-13
2.16982665449e-09
9.86192998258e-08
0.000151856358635
1.74325877731e-12
1.07896143337e-09
2.14716469517e-17
5.07581830606e-12
5.4099519388e-07
6.30169613255e-14
1.57576333992e-16
1.20613884799e-22
6.52531236513e-11
5.96809118473e-13
1.22448870474e-07
3.0805097656e-11
2.27068485573e-46
1.87935557698e-15
0.000156722805533
4.39045433606e-08
1.97345405245e-07
1.9547048039e-28
1.67969482878e-09
0.000138816602573
0.00100877224514
3.29720090036e-17
0.000640595951709
7.99883576378e-08
1.12861925156e-05
0.00011091826421
0.000635899729103
1.19723675306e-21
7.84796046623e-06
4.58354412086e-11
7.01449191108e-05
1.03434624289e-07
1.56599514578e-09
6.81991382989e-10
0.000635755059202
7.97991505851e-05
7.10705851613e-11
1.49033634657e-05
3.41306791304e-13
1.58162634489e-13
5.33200310844e-07
0.000320552604889
0.000206692034665
2.87732042499e-06
0.00030964139518
5.03332749929e-06
7.95496633161e-06
1.63984179877e-11
1.327034637e-10
1.50456391887e-19
8.47509625275e-10
6.88994287194e-12
6.91327748057e-08
1.31074311155e-08
2.0210942623e-12
3.91385306005e-08
7.12890744426e-34
5.12397935896e-11
3.85448352574e-12
1.80392889435e-16
2.75975264649e-18
1.49727859243e-18
2.8255449867e-05
4.17547861873e-12
1.58115692562e-08
5.70171742353e-05
4.29900356104e-13
0.00111392177006
8.79426170842e-12
5.9433876705e-19
6.40546065588e-11
0.00013313735616
7.82624817555e-06
1.56160874713e-19
5.73939971739e-05
3.93440404988e-16
4.56936729675e-06
0.000450903878192
1.84584233346e-06
1.19984182962e-10
0.000308909415482
0.000392010692955
6.89025978425e-23
7.49989646491e-07
6.77588331771e-08
1.77818821934e-12
0.000305815791823
8.6842051857e-09
0.000178417161336
1.07980207731e-09
3.78814218979e-25
0.000780065896744
3.25695425974e-05
4.98260513907e-07
1.39458667351e-09
1.97679749347e-45
1.09393431904e-15
2.53739645638e-12
8.41198195068e-13
0.000218109211737
1.32561503359e-05
3.44658431702e-05
6.43871220944e-05
2.82606027589e-24
1.18681616763e-06
7.75347259863e-08
1.27574523026e-17
3.76723728639e-05
4.1595495108e-17
4.28944493447e-13
8.94577400677e-07
0.000107641980257
1.17095022098e-09
4.44695266129e-12
2.92683152747e-08
5.1268490272e-06
4.07039112714e-09
5.29711792676e-17
7.07134718967e-11
0.00385320036965
2.1207005236e-07
0.00398682254574
0.000650534578493
0.00409631523667
4.99519046284e-07
1.18586609792e-38
1.62738340442e-08
4.86131245462e-06
4.66034769967e-17
9.48424842969e-10
8.82319841617e-11
1.64291879437e-07
2.38635536628e-15
2.90861806955e-05
3.22462076419e-25
0.00120762224699
0.000885375385649
2.25221890153e-18
2.68498108672e-15
1.63731088494e-05
8.95078542309e-05
4.08588326159e-05
1.33280928999e-07
3.39896140146e-05
1.52680873069e-06
2.46907668205e-09
9.64849564402e-05
1.93757816278e-06
1.47046898335e-15
1.32066188177e-08
0.000110626153945
2.12789434952e-05
8.81928348447e-09
3.33448598675e-06
0.000514635130731
2.0643785818e-13
4.02733026834e-08
2.45115692168e-20
1.20478824239e-11
6.37465536406e-07
0.00617326052756
7.22326720286e-09
1.41449676267e-09
5.04776833393e-08
0.00290029498701
4.00339253546e-20
0.000224931765231
0.000134495650224
3.3017867404e-23
8.50670087852e-06
1.54229306469e-37
2.83619002949e-05
5.1611278127e-10
3.18122605947e-15
2.0363403032e-26
2.82544009172e-07
1.14620035013e-08
2.74755146978e-10
0.00221288508074
5.16158238588e-31
7.41797316906e-09
2.28934712088e-10
6.64805847697e-07
3.63404853181e-10
7.98820285486e-27
2.60620474132e-07
2.5705934416e-09
5.62557908688e-05
5.47763215397e-18
3.77376216401e-05
6.8655708079e-10
8.47447846702e-14
0.000310477896811
9.70261592696e-06
9.28543006923e-09
2.4853051463e-06
2.0690644242e-06
8.88207460571e-13
0.000421792270079
0.000407585476699
1.74012734109e-05
1.12690713055e-05
1.75495466258e-22
4.70396193369e-05
0.000571297259925
1.13534516648e-17
0.00035639422316
1.85864000861e-09
2.3343487766e-10
1.87504676804e-08
2.17754685849e-08
0.000880469983942
1.84839339302e-05
3.92567652527e-07
4.85743995086e-10
0.000220673324008
1.33425727098e-08
6.84787064906e-09
0.000967261906197
3.20651802463e-07
1.75061474345e-09
9.81619735638e-05
3.30526559228e-06
6.02543436003e-06
2.19181067548e-22
1.53013475549e-05
2.55510673365e-09
0.000111275522004
2.42237782951e-12
7.25082276575e-08
1.4693235428e-10
5.52439659225e-10
4.61170990317e-05
3.58136342926e-13
8.05316489902e-09
2.03863927099e-08
9.30557588161e-11
0.00468453236348
3.23912271611e-15
3.66066584605e-13
0.00276246618171
3.3632494157e-05
0.000531956897486
2.43842250452e-05
5.64799694339e-09
3.86106623758e-08
1.53336282776e-05
0.000621504015117
4.85603722315e-09
9.54679901236e-17
1.23965802912e-05
5.58545177111e-06
8.71485780253e-06
2.83040236033e-13
1.43900164615e-37
7.47703882887e-06
5.95226248778e-05
7.97548767282e-06
4.41878223696e-10
2.8966910257e-09
2.30171435633e-08
0.000886036083503
6.32560494822e-05
3.23228329801e-09
2.10905279156e-12
1.87193712365e-05
1.72337482917e-29
4.83883406425e-11
1.04479734463e-08
1.71471818372e-09
0.000276510886685
1.53423608085e-08
5.24896234057e-09
1.60219893048e-10
3.24266865408e-11
3.36994229907e-26
1.38529591076e-11
9.71006078898e-08
4.69858933046e-12
0.000176601011548
2.14241455967e-05
3.17236906569e-08
7.09362701878e-15
1.28763027853e-12
7.33056493526e-07
0.000335088993929
0.00536926305769
3.86871448085e-18
1.19683772143e-05
4.44127077067e-16
1.16217418942e-44
9.31257009167e-11
7.36022844923e-06
4.74953060732e-07
5.27872796825e-05
1.18138017945e-06
3.49901441432e-06
4.33069488125e-06
9.54513292097e-12
3.89118836154e-13
4.93640763878e-14
0.000993093856582
7.9143038527e-14
3.54092610736e-30
8.03239737321e-05
2.65704179369e-17
4.22962818869e-06
0.00222376857007
5.12693212116e-29
7.90062247804e-06
7.74571880822e-55
0.000581084706768
3.41327044015e-11
7.56282431387e-06
3.41553648891e-05
3.2591336144e-16
7.47934547601e-05
8.52642046903e-20
2.63942957703e-14
6.93145787869e-18
5.9778064526e-07
4.12412464993e-22
1.44015970841e-11
6.78216053334e-06
1.1205334402e-10
7.18477229681e-05
4.25331168635e-07
1.25328647639e-38
4.50170344339e-05
4.46431370787e-10
1.11252499915e-16
1.47451120618e-05
2.58293919777e-07
1.09121769864e-15
1.81344137551e-10
3.7808501415e-12
1.49115218772e-14
9.13425447542e-08
2.0471107181e-17
8.99956112995e-05
0.00083404927337
3.46847740137e-08
1.18546080526e-07
1.83357272513e-06
9.11326332294e-07
2.53953925533e-15
3.21494031143e-08
3.92356360635e-05
0.000568280727525
4.0994188428e-07
0.000129722100968
3.79783387126e-22
6.60899217889e-06
0.0028082926724
0.000392884809995
9.31906302019e-06
5.02695588651e-21
2.84994578442e-12
3.25247449565e-15
9.57800197744e-06
8.7665693854e-14
0.00469254815514
9.31492455254e-07
0.000777152511348
0.00178717795401
2.98373630293e-08
0.000376029839247
9.81485904672e-32
4.08424690515e-12
5.97607233882e-05
4.23441669756e-17
2.54170707484e-05
2.0863674047e-06
7.7211207057e-07
0.000467975097518
0.000904213825973
3.59532021193e-13
0.000580176896613
5.15467865582e-06
7.58621032315e-10
4.38917444023e-05
0.0026885376375
6.91957302782e-07
2.92527622722e-14
7.14233747427e-07
6.0664087152e-05
2.28667427272e-15
8.37840098318e-17
0.00101533126025
2.62159382264e-09
6.3965986359e-21
3.31374235744e-22
3.72890814784e-09
8.85378140862e-06
0.000140045582897
0.00149692372523
3.05228535714e-05
2.51952630739e-13
0.000257173203767
1.23230941501e-10
9.73063917866e-07
8.07492693774e-05
4.90935647525e-06
2.59357799523e-12
4.59759228649e-16
2.26869533045e-07
0.000589601422328
0.000132519993215
5.85054234497e-11
3.33606146822e-07
7.00882996247e-07
0.000231660904297
1.85670238555e-09
4.31112324442e-06
5.63114289195e-06
4.28986079146e-10
5.60205299367e-06
1.67850771501e-20
2.85992567286e-06
4.23973371006e-09
0.000126103199308
5.84354571041e-22
8.18997668905e-12
1.51683409667e-05
0.000461573164181
9.90315791067e-07
1.6413180767e-08
1.62375465274e-09
5.55470529738e-08
7.676860444e-11
1.06124339434e-13
1.1186986687e-06
1.48049022693e-36
1.51731940665e-07
1.00281589943e-10
1.04673885868e-13
2.45821404423e-08
1.26620468763e-14
5.16595888543e-10
0.000409781438696
5.10838359261e-17
4.93970611176e-12
4.92047801666e-08
0.00445160819164
1.26598517034e-18
1.27471921946e-07
4.06727662143e-07
1.03888516358e-06
4.66963849809e-32
3.56538649751e-27
5.80297670654e-05
4.16657020019e-10
0.000560054299784
2.66954968393e-15
8.26931642558e-21
1.08442416128e-11
2.4807052999e-14
3.25323826849e-07
1.30316725286e-06
1.17192839625e-18
4.3648820823e-12
7.83545006652e-08
4.95087165557e-06
1.30786424739e-05
1.71027236198e-08
1.0153276983e-19
0.00245527661878
1.23225795477e-13
6.86183052987e-26
2.94911685539e-10
4.96256803899e-11
1.16259424608e-13
2.58213442319e-09
7.18503307669e-17
3.65571394716e-07
1.20455317977e-14
3.3827072885e-11
0.000672697889652
0.000688994108006
8.10311318289e-23
5.24036839083e-20
2.47089522581e-08
0.00017026990489
5.94928816711e-11
1.07830174534e-05
5.55411721053e-24
0.000145732709748
1.81900120986e-18
1.04997725055e-13
3.46391056834e-13
1.22344868779e-05
0.000189114457794
1.13216024389e-06
3.44994622353e-09
6.52203494847e-23
0.000656167785141
3.55251536729e-08
5.09538612084e-09
0.00197867032181
4.01066962611e-05
2.08542774663e-09
0.000450273196627
0.000615473308347
1.73492341073e-17
8.45039717008e-09
6.67572777567e-36
2.86612922428e-12
8.69554976324e-20
0.00500188223515
2.70140278883e-14
1.35922062065e-20
0.000777029663353
1.06128467666e-27
0.000313728759525
3.40529892644e-12
2.35060422098e-06
1.22892240276e-11
3.8285487382e-05
3.82882293623e-09
7.13082984477e-09
0.000543021717723
3.67698954509e-16
1.07384407761e-06
1.49247332122e-10
3.50442733119e-11
1.10993444733e-19
1.95145122425e-05
2.9266863387e-15
6.89933344515e-07
0.00102224936678
3.81224031303e-07
1.92678863285e-06
5.4775353792e-11
4.89058419123e-09
7.62123188857e-12
1.24395000944e-05
2.13759654567e-06
1.49555178531e-09
1.50793374691e-09
0.000177779432227
2.86267532343e-11
1.04659162032e-28
2.06096589151e-21
3.29717288673e-08
9.48969359184e-19
1.04576332161e-11
1.21929371897e-06
3.88495419773e-20
1.75284201179e-05
3.49697833104e-09
2.85401815646e-11
