1000
0.178251933959
0.000407601474163
6.44527029806e-34
6.23779072064e-08
1.02944379999e-05
5.53212958295e-05
8.13499366943e-30
1.78228473134e-06
9.00973807102e-15
0.136941950742
4.37095874911e-08
4.58701019912e-13
0.0040824685448
1.15407013821e-07
3.89130637294e-15
0.000289746037058
2.25266900653e-43
1.06526236645e-13
1.31212237493e-05
1.05011631572e-18
0.0178714318324
9.73837268555e-07
0.000138066920007
0.0269911934522
3.81255990087e-12
1.6930322419e-08
1.72459851599e-13
0.0876011782565
6.69357992407e-07
2.26912244376e-12
1.79015874746e-08
4.41257991268e-08
0.00767323280272
4.49663354746e-32
0.137489186645
1.29609710224e-06
4.05905862067e-06
1.44966715714e-13
0.00215086757703
5.76261282971e-13
4.33076836707e-06
5.82373027037e-06
1.54367286203e-14
9.67171367041e-15
0.054653781698
8.79668095983e-24
0.00581008885704
2.31622392929e-10
8.96710115258e-13
4.15213437053e-13
4.51555694324e-10
0.000123186723799
7.92031689074e-10
0.0682292433315
2.96468456414e-06
6.09327325849e-15
4.97905009394e-16
5.23729282417e-06
2.13693729666e-07
1.89145955347e-11
1.34608869112e-05
4.63328951389e-30
2.69848988998e-32
1.10250808116e-17
0.000954957252074
5.73926760151e-35
0.00215639239718
0.00813111146224
0.000619343030446
5.63235103212e-09
0.00464371534006
1.72284451553e-17
9.28708314588e-10
1.37228289933e-21
3.16438846132e-07
6.28943433908e-14
3.22422116501e-17
4.15424752722e-05
1.25002765391e-05
2.30739047523e-11
1.94039008174e-12
3.22527695827e-17
1.72471794449e-06
1.18041688682e-15
7.06628164602e-16
4.36768291171e-07
0.00026812206929
1.65200154463e-11
0.000348560069055
0.00358226182074
1.14678726822e-09
5.96084301911e-13
0.0579607684553
1.35271814701e-21
0.00622738410309
1.16094693013e-13
0.00106813451306
2.42136409091e-07
4.23461293894e-08
8.2168849197e-06
0.00193892612799
1.61703521437e-11
5.50179673838e-06
1.95272191728e-08
1.55486387167e-18
4.35770395854e-08
2.80231859248e-32
0.000409378528953
4.79507209232e-07
5.74816192887e-07
0.0011008747215
1.19646542678e-15
4.13324650253e-11
2.42333196432e-10
2.6778015552e-13
3.06262033323e-11
6.1191943669e-38
0.00356800366465
4.5931142488e-09
5.43445355401e-22
0.000271421271193
1.26874060273e-07
6.8760825108e-08
5.3635378956e-05
1.76334135234e-08
2.68648558699e-07
4.44144238104e-10
3.85147476162e-16
0.0015814266346
5.57776152845e-13
0.00625226945157
0.000349030650005
6.47840292064e-27
0.00018042374015
4.89744499416e-11
1.02874145598e-06
0.0225080394107
8.8170650043e-18
7.56162804462e-24
3.1864799218e-11
2.61324472389e-07
1.53062419723e-12
1.50307871471e-16
3.0689180604e-36
2.10007607696e-32
2.54258798275e-06
1.21832973183e-16
3.45259481109e-15
9.54296990677e-08
0.00103698058272
8.16578741807e-19
0.000125193539772
1.55241670016e-07
6.57733406839e-06
0.00160216765681
2.66351269305e-08
1.1020856449e-12
8.3211284058e-18
2.89337228103e-20
4.08455372256e-11
0.000202521228909
1.14354898099e-09
6.45303821872e-08
8.6254655112e-06
2.80110063829e-05
0.0002455928528
5.02772244734e-06
1.15467453201e-06
9.55803771203e-18
0.0021985688591
1.39738302805e-29
1.85919955864e-20
4.63170287237e-07
7.25660240892e-07
0.0222660698741
1.1529277709e-13
0.00821741351254
1.22263999344e-10
1.42018076537e-05
5.86284789992e-07
0.000176164286748
2.48865093858e-22
0.00023999973505
8.34261978366e-09
5.61055519034e-20
3.9885615308e-08
2.38937937426e-11
1.80689976771e-05
1.05626307809e-09
1.2462223177e-35
0.000152257853693
4.28648408959e-07
6.02559037215e-33
0.00193120879386
0.00134525391929
0.00245912383403
0.000298441709484
0.000697948100574
8.6315584454e-08
1.18402204905e-05
6.39677238904e-12
3.05933580173e-06
0.00114516575429
0.000550763016771
2.27539166383e-12
5.12518327716e-08
7.74102177776e-13
0.00252555882691
5.07125876622e-15
3.1283385432e-08
3.25880772083e-06
6.502814954e-11
7.68901086273e-05
1.21588768395e-25
0.00183328499111
0.00290189964425
2.82089577348e-14
0.00164901841291
1.66061968061e-11
6.63728623482e-39
4.93892078511e-20
6.52580264564e-11
8.80609932214e-26
1.04181943698e-10
1.16648216556e-05
1.49981788318e-06
1.71356596048e-07
3.45048607443e-12
6.92710589404e-10
0.000122885049459
5.01824344012e-07
1.4885022022e-08
9.57283333298e-09
1.18296822675e-06
3.4913135976e-12
0.000780961457565
1.92793355951e-21
2.16823013936e-41
2.03512554107e-61
7.35624866714e-09
2.1837233275e-10
5.52825721203e-11
0.000155114998371
6.35133886426e-16
9.70236353579e-09
7.86209869048e-12
7.60435406437e-15
4.36916704844e-10
0.000179204820184
2.1500036554e-08
9.84603673135e-06
2.96594136166e-10
0.000530362073842
2.31473722476e-20
1.48334753618e-08
2.90598871932e-06
8.67337095283e-07
6.64757608701e-19
7.45006398234e-36
1.49768861676e-06
1.86209585051e-19
1.46004840634e-09
6.25465469799e-13
5.28339809983e-05
5.33572088184e-18
3.15010954495e-15
2.61231066983e-07
3.97868222268e-18
7.02837204593e-05
6.1460394164e-13
0.000151203804253
1.468132575e-32
1.04074926124e-17
5.45679011483e-10
8.51611078209e-09
1.17391323695e-19
1.75904690546e-12
1.14410898849e-15
4.99251766447e-15
3.831919521e-08
2.67035194712e-11
3.00493000534e-25
0.00122741444909
8.65560763771e-05
5.53622408995e-08
8.16699486253e-14
5.88311508669e-20
0.000188256883125
2.58842527384e-13
1.69691066833e-08
6.80371796152e-10
7.36347147865e-13
3.61089536892e-26
7.32891768783e-10
5.4741859214e-15
2.57158278099e-11
1.66692335174e-15
6.2879254013e-06
8.77080022841e-11
1.20232480004e-06
3.54107392112e-21
4.10714988124e-09
1.46100356276e-08
3.16246552858e-14
9.29678765561e-11
4.19015857156e-06
3.86998096107e-07
2.02205628571e-11
3.24169427175e-10
4.68347892548e-18
2.67658221604e-10
1.05316730232e-09
4.42180542889e-25
2.53408345064e-08
1.07195048182e-11
0.00102354469218
8.39187201051e-12
0.000635563145799
5.67073018846e-05
2.58177293347e-09
6.62515855349e-21
0.000964444269768
4.28436951547e-05
4.84081091494e-11
0.00249964149144
1.12947884319e-07
1.49415571485e-09
1.02145452536e-11
6.08954938203e-15
9.2662099119e-26
1.10951552299e-08
2.0843392692e-05
2.32573421031e-14
5.17253345245e-06
2.88888988135e-20
1.71272254072e-10
4.19497722217e-08
0.00139511398412
1.36483479166e-06
6.30387244527e-23
9.52774960933e-30
1.60131608696e-21
3.22739351931e-26
7.97315611651e-07
1.70869531802e-05
3.40324537139e-06
0.00207319634376
5.93419751109e-15
1.4421312962e-39
4.563261634e-08
0.000162653868989
0.000263335322497
1.44552799473e-18
1.79882154659e-11
2.06098662304e-07
1.1163685342e-09
2.34867595862e-05
0.000281831169082
0.00023349047112
2.2922981386e-15
1.10648058931e-05
1.41195864356e-26
8.60735986881e-05
3.95409285315e-05
0.000703251827721
1.04763465465e-19
1.05025053453e-10
2.27739853263e-06
0.000210490098475
0.000138453929606
0.00346418226425
7.12541639918e-15
5.83325607239e-08
8.76638586855e-07
5.77189868504e-12
1.71752045673e-08
3.43928138382e-32
7.13143444468e-11
3.80424396629e-15
6.33473562534e-20
1.59826237778e-09
2.45184959751e-11
4.86996516728e-05
0.00010088091121
1.68809224151e-06
1.10236275765e-07
0.00310750450652
2.23218048739e-05
1.11433625899e-06
3.29413555765e-11
7.54815503803e-05
9.57139726614e-12
1.95617781063e-06
3.05269602393e-24
1.68097309452e-09
6.89483206517e-16
3.07659094882e-08
0.000215040763403
0.000100700680917
1.25031651105e-10
9.96402156536e-08
1.6249256114e-14
6.55200935179e-07
2.06776310688e-11
4.98741160562e-18
0.000109709197834
0.00080480797829
0.000811792938393
0.00102793287271
1.16463610096e-05
0.0106776127902
5.50180306827e-11
1.21190734277e-16
3.23711077069e-07
3.53168843098e-07
4.18774184813e-05
1.22943778715e-06
2.40312003778e-14
4.9668470063e-22
1.87568730336e-07
2.22885676107e-08
0.000396491695056
1.01855906464e-43
0.00013880363556
4.28342222784e-11
1.62990236705e-12
0.000188518192076
4.09140156188e-12
7.37745541582e-09
0.000580635446184
4.78144645903e-12
6.83485686662e-06
2.01506505319e-05
0.000172242803663
1.57491972346e-18
1.01120413053e-07
2.3368825301e-09
8.42380440537e-29
4.80734239113e-06
9.14015393988e-10
9.4766408793e-15
4.90083103001e-06
6.14980587413e-05
4.352318772e-07
1.82169824435e-06
8.28113563007e-14
2.17746288498e-06
2.2919313658e-14
1.07506874012e-12
1.74592971052e-11
7.11355618438e-05
3.83879105989e-21
1.49693122025e-11
2.8039141825e-12
9.95937933662e-12
2.865360925e-07
7.97886304769e-07
1.11175838148e-23
9.42522452164e-07
9.50994628615e-24
7.87682937391e-13
4.24418064776e-16
9.99256891502e-18
2.55728214573e-14
6.54184246767e-14
6.18668430776e-05
2.3103636488e-15
9.10337383683e-13
1.5130978861e-08
0.000798107033518
1.3361401402e-18
1.070498054e-09
6.70569624002e-19
2.08565555434e-06
7.3052889555e-16
6.50489782387e-08
1.00105302268e-12
1.42455955363e-07
0.00015150527112
0.000103741361721
1.43314263349e-05
1.64359199691e-08
1.84843066505e-11
1.14590770553e-07
1.47626770942e-16
7.74279354134e-29
0.000227254545973
7.69197569043e-17
4.17193347512e-08
1.27334581692e-14
1.49706887243e-13
1.17929921504e-10
4.95196732902e-22
1.85893191681e-22
5.84444498875e-05
1.49945347827e-18
1.38097916381e-06
6.129635241e-05
0.000489608980037
2.54802953018e-07
1.82353466332e-17
1.62997525058e-07
0.000148069732008
4.53364982979e-26
5.77646716601e-15
6.02303954807e-07
1.58816062971e-10
1.61279977115e-13
9.28242062641e-21
2.74825482469e-05
0.00583330664537
9.98578830739e-18
2.78193373385e-09
1.88084251334e-14
1.04073007028e-06
0.000679661731615
1.62936861852e-08
2.55892465993e-11
1.49151381534e-08
0.000660625679045
6.68281159487e-06
1.11457450428e-06
2.64427166802e-23
2.30438886923e-07
1.46149331072e-19
5.10736866016e-06
7.63757031394e-17
4.20683288139e-17
2.69019421451e-17
1.05072093254e-08
4.75134104495e-06
3.85075542546e-34
0.00263574431448
8.99809263557e-10
1.30225258806e-05
3.90736105101e-12
4.55631796137e-15
2.38726368482e-08
1.43873235903e-12
5.97425915444e-12
3.32881882497e-19
8.22737720236e-44
5.04224819156e-18
9.21549299745e-05
8.61906726974e-16
3.15678240476e-07
1.0447796939e-07
3.97342699641e-08
1.40446324601e-15
0.000102367392647
0.000366964848847
3.84682373736e-07
0.000211264256111
8.34969332178e-16
0.000273970904721
5.75650535223e-10
1.07239118341e-15
3.66669622086e-08
0.000311845342877
0.000489066296797
2.36629418525e-07
7.18713707153e-15
1.089683e-09
1.81755547729e-10
2.57575840925e-12
5.65686884639e-05
4.27363525963e-15
4.27887826939e-10
2.14842950415e-09
1.22128425265e-06
4.38021678399e-09
0.000926841911605
0.00161320175939
2.00849599519e-13
1.1820262224e-16
1.50943359739e-08
3.46355084428e-08
1.64270619821e-06
8.63745111136e-11
0.00018033276079
0.000150484303929
0.000128443985121
7.62565752364e-08
9.59369380612e-21
1.62630851327e-07
0.000187575857595
8.05338578827e-19
0.00011636817474
9.31508441133e-14
3.25043277291e-15
1.6013981301e-09
9.73957147152e-10
3.00005334661e-10
4.73911094073e-11
5.44291894847e-12
0.000812696692941
2.39678940814e-05
0.000712241154309
5.59377125561e-07
4.06086173153e-06
3.708503761e-21
0.000330542437649
4.32440591331e-10
7.69990589101e-11
1.71306665517e-11
3.9050119518e-05
1.79160298567e-11
0.000131511589504
6.44115430817e-07
0.00328009301405
0.000119591196183
0.000678118488015
8.77614145084e-12
2.44609417773e-07
1.07357044017e-14
0.000285779372567
8.47902469795e-07
0.000134014934141
1.61107739997e-12
3.01540121256e-09
3.12535701801e-08
6.48206320802e-10
3.61578482293e-11
1.30366142262e-05
6.11216531167e-10
5.33093089546e-06
1.4564163446e-08
4.45330783246e-13
1.36045056534e-17
2.01823603737e-05
2.08329469702e-08
3.43876581338e-05
1.01631021402e-10
1.7534431741e-16
1.44896892539e-27
1.1789910054e-22
3.06572007949e-09
9.92319092423e-05
7.59110640363e-08
5.95457353787e-16
3.24268324846e-08
8.37030874241e-13
0.000928011022165
0.00033645480129
1.59792117183e-05
2.60057357482e-28
3.64088042852e-08
6.74476282821e-15
0.000487222438587
2.24533639923e-24
1.32891527934e-05
1.78152619749e-07
6.8369780362e-08
0.00818470647704
4.88707218484e-09
6.95394245478e-11
2.10825444612e-36
2.10109807235e-07
8.25041217467e-12
3.5897140583e-15
9.69751866545e-05
6.93749815668e-12
1.97436357876e-12
1.90529084432e-06
2.62292093015e-08
0.000175064640378
3.87952688255e-10
2.75846127944e-08
1.12929987325e-09
7.28832326657e-06
1.78798775753e-17
4.60991559399e-06
2.47538713965e-29
2.43000733151e-05
7.33573953377e-09
6.10666145068e-06
0.000639499332128
1.01238325248e-05
1.7963031102e-08
7.95275765465e-44
2.01686837832e-14
1.06915167451e-08
1.07077105779e-05
7.56596222385e-08
9.28309672345e-24
2.64174433064e-18
2.09386546954e-10
2.00853989013e-05
2.97117566075e-10
1.1049143277e-09
1.13216992103e-06
4.70985771102e-05
1.09070889817e-16
7.56597547428e-06
3.39768540825e-10
2.50629231849e-13
3.23746461636e-08
0.000298730785047
5.35477201244e-16
1.19357769721e-12
0.00238149286992
2.83628453621e-08
8.43834106922e-07
5.25164416381e-14
1.21847335777e-08
0.000206294610111
1.34367092775e-16
1.51197738318e-15
8.30133430548e-09
6.6383893662e-14
0.000108942715901
3.92392713989e-09
4.31707488391e-53
3.32679142287e-24
1.13797287583e-08
1.88089114762e-08
2.16759636216e-06
2.83744308624e-11
5.34945048704e-07
5.86141449966e-10
2.09970746331e-05
1.22707215211e-05
5.31229925515e-20
0.000105578188547
1.43927717549e-07
4.13073032857e-12
2.88675176876e-11
7.608892584e-23
5.58925759129e-12
2.44320037305e-06
5.47372044948e-42
3.62289139308e-10
2.33203834769e-11
2.57912812228e-09
8.87804669914e-17
1.2083849624e-09
8.10677355326e-13
0.000251182958489
0.000315786484226
3.7232289651e-13
0.000566619286448
8.1946787471e-10
1.87336002369e-08
1.47159126796e-05
4.99972847659e-06
5.12986208708e-29
0.000119738704094
1.20453207334e-14
4.05507570523e-08
0.000120794474083
7.92375286822e-15
2.0135976739e-12
1.13533962348e-17
2.56173593068e-28
5.76299651053e-12
3.87425394343e-12
2.31965496214e-07
7.8795651648e-19
3.06710670737e-05
0.000161210515123
5.28620029672e-14
5.77870032283e-07
2.90250502396e-07
6.72937066618e-09
2.17700149467e-09
7.99342474466e-05
2.9681903062e-13
1.87089050307e-10
4.87207166194e-05
1.89336809404e-08
1.58845497717e-27
2.35179834026e-08
1.65260603817e-16
3.64202261282e-19
4.18512894317e-12
1.66278985108e-06
0.000144262994598
3.97544580854e-18
8.21614683447e-36
1.5605582447e-12
1.49197728592e-05
7.45290909635e-07
1.57098958527e-06
7.51371669392e-08
4.82447053734e-13
1.72282304924e-09
6.27341594592e-14
4.83670651829e-09
7.87889540896e-30
2.16230178242e-17
6.6931761124e-20
1.64354866135e-13
2.03932765649e-16
1.3687731981e-05
1.76567968289e-22
1.57501893819e-08
3.85061392055e-09
2.28586515948e-05
3.83982716767e-06
0.00059157600364
0.00151015983878
1.49145508293e-08
3.96161158238e-09
0.000537993904117
2.57046497534e-10
0.000491020662391
9.28194157507e-10
3.7692692197e-20
1.47121406724e-07
5.77562287055e-68
7.35366773696e-06
2.64845762164e-17
2.21864242292e-08
2.69766210984e-11
3.58818632976e-09
7.58297523447e-16
0.000752491014294
6.40808777627e-07
1.09117918405e-10
8.07723699925e-11
6.14775402125e-08
1.41155686975e-06
1.15502877436e-19
3.26225957357e-05
0.000296347331488
1.66519942124e-09
7.82106875308e-05
9.37449301666e-29
1.77904303287e-07
1.99643122724e-10
0.000282100250329
1.42578353083e-05
8.0727283658e-08
0.0010125412178
1.00261582245e-07
3.99572346216e-30
6.04836534832e-14
3.51387293733e-11
7.65127197458e-05
1.0341257912e-06
1.0263000216e-10
5.10963708924e-05
1.19149457216e-07
3.35797199222e-09
3.00515497438e-12
0.000197820826028
1.74654603108e-07
8.23667749651e-19
1.39180839949e-07
4.85190225466e-13
6.2181101896e-05
0.000378834924609
7.59559055183e-08
1.25335573485e-06
0.000219867919464
5.70653804686e-11
0.000777432742334
0.000120069096461
6.54555900987e-05
4.24326630112e-10
9.62460051769e-06
1.61529307098e-05
2.51810509681e-06
1.61858357789e-11
0.000707202662103
0.000189507514953
1.26481847295e-10
0.000147266776193
0.000115504561831
1.97612361144e-13
6.46371212486e-12
1.08848820995e-05
1.98424259877e-09
6.02333071222e-09
0.000224409454881
1.90192201257e-09
9.02287268244e-11
3.92384977498e-07
1.63848302464e-22
1.70702629724e-12
2.52861673364e-11
1.31247014188e-05
1.10905499466e-15
0.000217935585473
3.55204670369e-06
7.49059063655e-09
1.22803218358e-12
0.000221008607645
0.000110829374352
2.78860342201e-14
0.000124929963453
2.42009557335e-07
0.000109150539465
7.7390067181e-22
8.28434711109e-17
1.30742172613e-07
5.08320495807e-07
0.000249474519454
3.62072158621e-05
1.05201151828e-06
6.00444873229e-06
0.000283227555619
9.65506050218e-12
3.99803840266e-14
6.15660897953e-19
3.24608392867e-11
2.3760064188e-11
7.78548307411e-23
1.11041725333e-17
0.00142364825531
7.87337845029e-22
2.38371678919e-14
1.75843695974e-09
2.03438442388e-15
4.53694592743e-09
4.18819900445e-07
4.76980470302e-19
4.60566259837e-27
3.45827945739e-45
2.15672208804e-06
7.17151965797e-09
3.54338208203e-06
6.44990410234e-19
1.30385007923e-47
5.54717761858e-09
7.57811954576e-10
2.84582640441e-07
4.48591355543e-20
1.95435397645e-05
5.09758901552e-11
1.01135546202e-05
7.59571699677e-08
6.9406756855e-26
9.58785796843e-06
3.11446314434e-08
0.000149366751416
7.03834229661e-18
6.12981657491e-19
1.49908505698e-06
3.97463119347e-10
3.89656680608e-22
3.87257733004e-21
2.18279089281e-05
4.99599429136e-05
1.30563395792e-08
1.39542060418e-09
5.06864194421e-09
1.10772780701e-05
1.17876587026e-05
1.19657827957e-27
2.07533540452e-13
8.85018565355e-12
6.08739822176e-10
9.1534130134e-17
9.8243615969e-11
1.11716591703e-08
8.71376102422e-23
2.15565604311e-07
7.44682930489e-14
5.07379570752e-07
0.000203804411266
6.10866368862e-27
5.18390989652e-08
4.15318335401e-29
1.12947913261e-06
1.66795493593e-11
0.000183759528229
5.58919698635e-08
2.43309706901e-06
1.355555186e-14
2.78059085177e-06
0.000147863216641
5.54256016443e-05
2.50086880722e-12
4.65371756714e-38
0.000160954641361
0.000152252178909
1.20541591421e-17
1.40561769701e-10
0.000721748340232
3.246537147e-11
5.73762747245e-13
1.21804143023e-09
4.35246115303e-35
5.02445170438e-10
9.30079383435e-45
7.34872359543e-30
1.24575489054e-07
9.66740322961e-09
1.83898628259e-08
1.12865461293e-20
3.67952575629e-34
0.000817914274893
1.2185092785e-06
2.19235195534e-18
0.00158774619868
5.71366857797e-05
1.12504412361e-07
2.47049805891e-07
1.69335462372e-08
