I: (state)
	(1) 1.0
F: (state)
	(1) 0.290199516853
	(5) 0.139196039708
S: (state,symbol) 
	(0,2) 0.249168058328
	(0,7) 0.0688633937886
	(0,9) 0.0878551201135
	(0,10) 0.59411342777
	(1,3) 0.162607871028
	(1,6) 0.453246005106
	(1,10) 0.11090611509
	(1,11) 0.273240008776
	(2,0) 0.00885880261766
	(2,3) 0.196312280586
	(2,5) 0.01425338581
	(2,6) 0.123774991445
	(2,9) 0.405797092922
	(2,10) 0.0858297758179
	(2,11) 0.165173670802
	(3,0) 0.1550358742
	(3,3) 0.0913911512725
	(3,4) 0.0700969888679
	(3,5) 0.135321618338
	(3,7) 0.0684216817869
	(3,10) 0.15340254138
	(3,11) 0.326330144154
	(4,0) 0.0507803515473
	(4,1) 0.115490651504
	(4,3) 0.608459246938
	(4,4) 0.143626946181
	(4,7) 0.00872236637775
	(4,10) 0.072920437453
	(5,1) 0.293139254851
	(5,2) 0.0770640307973
	(5,3) 0.00945948907647
	(5,4) 0.0145055114147
	(5,7) 0.186912171874
	(5,8) 0.121535929551
	(5,9) 0.297383612435
T: (state,symbol,state) 
	(0,2,0) 1.0
	(0,7,1) 1.0
	(0,9,0) 0.492078789271
	(0,9,4) 0.507921210729
	(0,10,1) 1.0
	(1,3,2) 1.0
	(1,6,0) 1.0
	(1,10,0) 1.0
	(1,11,3) 1.0
	(2,0,1) 1.0
	(2,3,4) 1.0
	(2,5,5) 1.0
	(2,6,5) 1.0
	(2,9,5) 1.0
	(2,10,2) 1.0
	(2,11,2) 1.0
	(3,0,5) 1.0
	(3,3,0) 0.562133805826
	(3,3,3) 0.437866194174
	(3,4,0) 1.0
	(3,5,1) 1.0
	(3,7,3) 1.0
	(3,10,1) 1.0
	(3,11,2) 1.0
	(4,0,3) 1.0
	(4,1,1) 1.0
	(4,3,3) 1.0
	(4,4,4) 1.0
	(4,7,3) 1.0
	(4,10,4) 1.0
	(5,1,3) 1.0
	(5,2,0) 0.502659579327
	(5,2,4) 0.497340420673
	(5,3,1) 1.0
	(5,4,0) 1.0
	(5,7,3) 1.0
	(5,8,0) 1.0
	(5,9,1) 1.0
