1000
3.49181657126e-13
0.564691104753
0.0206295727689
0.00108884460811
9.19126414054e-08
3.25994959342e-06
0.00164390245479
2.27979337027e-21
5.53702764856e-05
1.54306965687e-15
2.81204916816e-14
5.43204403495e-07
0.10793209086
0.0081443030329
5.62296001503e-13
3.64186209724e-07
7.34284644758e-14
4.25457322088e-33
1.55336207343e-16
0.000244075350275
0.00466608141919
7.68826465246e-25
6.73206633928e-06
2.96902816371e-13
2.90828755526e-07
1.53681300673e-19
3.81852135108e-21
2.86179148956e-07
0.0268932295108
1.36642867107e-17
3.70838233892e-06
5.94215235228e-06
0.00658058443689
2.65989542756e-07
2.0999253589e-05
0.00677047317241
4.29783412686e-06
0.000705814737773
0.000405556590711
1.70809156701e-07
0.0016396714468
3.31293652837e-08
5.18489638542e-26
0.00670093377937
1.77374676787e-06
9.84401983938e-07
4.74517585804e-14
0.000113878385054
9.05316584067e-14
3.37458227622e-10
0.014820358554
2.1525420251e-15
0.0038694737089
1.48740516238e-13
0.000982476668241
6.19180088494e-23
0.000103485056679
3.45239618704e-14
0.000457034444214
4.91745774174e-06
2.58292459693e-16
0.000282437750801
1.62345138866e-08
2.94562660355e-10
0.0168005725491
0.000150184418572
2.67241657554e-10
2.24219406607e-15
1.58391944847e-06
1.76410156742e-11
1.54333308088e-07
2.03432010225e-10
0.000767418747029
1.42375399742e-15
5.71762389095e-08
5.39128932208e-06
7.36270501928e-12
0.0012577783347
0.026410224814
5.0515771074e-07
7.33381537319e-10
4.00073262852e-16
0.000891850286745
4.38209259004e-13
0.00102378443601
4.35056811497e-15
0.000800121782818
2.53070287158e-11
3.14743765789e-06
0.0050479116109
0.0126860940476
8.17674893798e-06
1.37583589297e-11
8.46456459017e-06
0.000201360644032
9.48842603958e-17
1.56310364634e-05
0.0125103553091
1.17423446796e-09
6.89161312625e-10
5.46376856705e-11
3.56546285302e-09
6.5481049179e-07
3.71929395799e-12
2.13751948947e-05
2.98275429255e-10
0.000236087445619
7.72042650402e-14
1.95545423605e-05
0.00456100195618
2.59994604033e-22
1.21337363812e-08
0.00242475336317
8.03413113965e-05
2.28222713665e-12
3.6685993761e-18
7.11792124621e-09
1.32115800565e-08
2.22005015296e-11
1.94399527902e-17
0.00514023059094
2.58963075155e-06
2.69319566802e-05
3.65076975912e-19
7.78056885663e-23
3.68882393122e-09
5.61942675862e-18
5.28646100141e-09
1.33513497638e-10
3.45139780039e-25
1.48841149848e-27
7.59562890807e-11
8.02332813914e-11
7.05507689721e-20
2.6626341227e-28
1.14046973753e-06
0.0012577783347
0.000103373925964
9.51538774748e-10
4.32997930368e-07
1.84053195e-05
4.63938031198e-05
2.30638096104e-18
4.92364502971e-09
7.11414026752e-05
2.62910692298e-06
1.65898609798e-16
2.86693180755e-05
4.44841644979e-10
0.000189788322662
0.00239116358404
3.94615326423e-06
0.00401506666474
0.000387457259308
5.42332129279e-06
0.00695645285721
2.23636622845e-18
0.00514023059094
0.000762752289806
1.4310244028e-14
5.95044346286e-15
8.42363949645e-10
5.44201968338e-08
4.16287582642e-11
0.000134905720608
2.60720291064e-08
1.24656193906e-07
2.53220667737e-05
1.87508128393e-19
2.33911788509e-08
8.75801981513e-21
0.00113645600145
0.000313398185463
1.6316560848e-06
4.85970916503e-16
7.07010779709e-06
4.51676382567e-19
0.000132482802354
3.52638545633e-16
5.68764302794e-05
2.94629585174e-18
7.19276302886e-11
0.000170463578003
7.47447387282e-18
3.04798948037e-05
0.00209540872198
6.36378259629e-05
6.91728841693e-34
3.85550551933e-05
1.82683721703e-18
3.30104826244e-05
2.1971240894e-06
0.00123518852848
5.20982096148e-10
2.57606561379e-28
5.35384172394e-11
4.43969895924e-22
1.52277004345e-14
7.39218623076e-08
0.000593320123139
1.47154763932e-08
2.51280299884e-16
6.27056811353e-11
0.000577382778776
0.0012577783347
1.93272244033e-06
6.40583159245e-30
0.0039430281507
1.07209737679e-13
7.01815109224e-15
0.000767418747029
0.000319129783609
5.61419857337e-11
3.3267238228e-17
2.98289048619e-13
4.73335045127e-18
1.66190909982e-06
3.33251058221e-17
1.9998614694e-09
6.45589920413e-27
2.53910295078e-21
9.86203739845e-05
4.62355504329e-17
4.92613054021e-15
5.44706663785e-15
0.00017152848271
6.1629788433e-05
4.44751361412e-10
1.49537379942e-06
5.43758215951e-05
9.77402312838e-19
0.00311718094136
1.17110814279e-05
0.00434655339818
7.20651927161e-06
8.94664461311e-08
1.28021886832e-13
1.69753995073e-09
0.000275465443195
2.46518785413e-23
1.63554182085e-14
1.22988721113e-09
2.11476819769e-06
3.81055386933e-05
1.50078961737e-19
0.00132961984973
0.000226236869018
3.51959724948e-07
1.33169484437e-06
2.42701134406e-13
5.41233460536e-05
4.30398419615e-06
2.27469918789e-06
0.000597070789222
5.47913405519e-30
0.00166965865879
9.34552886144e-05
3.07455910945e-18
9.84592858748e-06
1.29690789683e-06
1.06061952281e-17
5.63088268022e-21
1.7933990678e-08
0.000756673803
2.72360265032e-18
1.37874141317e-08
2.66637365968e-14
2.65168867679e-06
4.51090011886e-15
1.8981197849e-08
3.69001958443e-06
6.45057735004e-08
2.59365996209e-05
5.36456424841e-11
5.78886552505e-05
1.82282212207e-05
0.000195784182391
7.35275418127e-10
1.10170745665e-07
3.65480672903e-05
1.58539922279e-05
7.73454194134e-11
1.62060404711e-09
2.1677818188e-10
4.5650122361e-16
3.98227980878e-07
7.59009334993e-10
2.2527717642e-05
0.00321117316637
2.53660800247e-12
2.39259786394e-10
4.49577937054e-05
3.58923201562e-05
2.06058420759e-17
8.3367528384e-13
3.96230471056e-10
1.31995873303e-05
0.00306119610566
5.4700967732e-08
0.00371260667533
0.0012807812757
3.46097117749e-08
1.22798777746e-06
5.55979414347e-08
2.48680155012e-08
1.4816155665e-25
1.55559601213e-10
0.000832908158301
5.6503828123e-15
0.00155665929132
8.4759258019e-14
3.12179570194e-05
2.30890249473e-07
4.08343354334e-20
0.0050479116109
1.81551080043e-06
0.000903115199154
0.000964831303443
5.52604246576e-05
0.000277935933534
6.48624050044e-11
5.87825391003e-07
5.12575348622e-11
0.000201433712639
7.26761278515e-06
1.24193972752e-05
5.53702764856e-05
9.86156210037e-07
1.08647446505e-23
2.11205228729e-19
1.1064533416e-05
0.000222220604267
1.58376948413e-07
0.000178949761237
3.61400472523e-05
7.01720298605e-19
0.000964831303443
3.81055386933e-05
0.00101403385695
2.44356220641e-08
6.31284252043e-05
7.08062161781e-06
1.27136147497e-11
1.08904004486e-05
1.15007140303e-06
1.68954487069e-12
4.52051529704e-26
8.81565065571e-21
0.000639135176571
8.20624382834e-25
0.000982476668241
3.41143204766e-10
1.52011140855e-09
2.66497690141e-07
5.39904069742e-06
9.64537208979e-20
1.15885837894e-10
2.63072964562e-12
3.25815126792e-05
5.54088944364e-07
4.07304388448e-09
2.07734809152e-11
1.94572389975e-05
1.62301217274e-06
1.70936002978e-06
7.88077969791e-07
0.000709608133785
4.80913713245e-12
0.00239116358404
1.84452607305e-12
9.06732899942e-09
1.62534034212e-14
0.000613766767428
0.00018043160912
0.0012807812757
0.000440932231787
1.6990176191e-11
6.16442343269e-20
2.26068457942e-18
5.55377715525e-09
4.0771909701e-05
3.43733090121e-18
6.64725889805e-08
3.82544498972e-11
4.42694234806e-06
1.62866538724e-07
4.34318522348e-23
6.87360346564e-08
2.56057935788e-15
3.452438014e-08
0.000604171087424
1.75307032979e-12
3.71538724239e-08
8.10903212012e-06
2.9284176568e-20
2.20471099312e-11
2.47566203379e-17
1.2495861218e-05
9.45759950656e-21
4.70760430508e-08
1.80840680203e-06
1.14575984245e-08
2.7434891749e-07
7.53871608729e-17
1.13037494348e-06
2.99730668566e-08
2.10000723669e-19
1.94572389975e-05
2.11084698992e-12
2.40752077622e-05
3.19498099148e-12
3.01378928455e-16
1.24251245749e-25
3.08282461995e-13
8.34057364254e-05
0.0011417573615
7.35145272913e-06
2.90533286368e-07
1.97583490793e-05
6.94312805775e-06
6.7049129923e-10
2.82009098894e-10
0.000240405142492
5.39809107432e-11
3.2762061825e-07
2.54765935318e-24
0.00206510907449
0.000217216229146
1.08206485838e-18
1.82210863095e-06
0.00212183603063
0.000901438211456
8.21201975536e-11
5.26510175094e-05
9.18776535997e-25
0.000111833119541
1.27184781096e-15
5.19451767823e-26
2.00743564488e-08
3.96884683122e-20
2.87054606929e-05
5.36556856237e-14
0.000154115579654
4.38938140158e-09
8.91161158787e-06
4.32417264894e-05
2.70095955816e-08
1.57650475319e-10
1.64976036467e-07
1.8279158526e-08
2.17441921198e-07
3.77024701659e-21
5.66683139884e-07
0.000213747817353
1.18867097832e-05
7.80888173552e-05
4.45008793951e-13
1.28908095847e-22
6.87714422408e-05
0.000247342251036
4.87739007069e-16
0.000613766767428
6.45253266149e-07
5.05805854613e-13
5.57131843228e-11
1.40940479575e-09
2.9330056488e-08
1.42817833796e-11
3.65628676492e-07
1.86253417654e-18
1.48320335622e-20
4.73931114224e-10
5.29600073465e-13
6.07571599798e-07
1.12264258063e-09
4.12160448887e-23
3.79485667689e-10
2.92304419242e-05
3.16753720076e-15
1.94606833347e-11
3.79045290306e-05
1.6022347327e-17
3.88389540027e-08
0.00116263844722
2.91679839551e-08
0.000126829733183
1.84122906407e-14
8.78689706162e-11
1.06138984005e-14
5.27255889073e-06
9.87558901408e-24
4.09394706457e-10
1.0395543738e-08
9.08050401909e-07
2.76187728273e-05
4.36854680043e-07
6.23885396608e-70
4.42620163001e-08
2.03317295993e-29
1.04683766233e-13
6.65302426992e-06
1.14467447402e-11
1.1897704846e-08
1.77170404042e-05
4.87777769398e-05
9.59321480297e-06
3.57814809409e-06
6.88068355423e-12
1.36850844646e-18
5.65421755894e-15
2.16698529918e-13
2.18131218971e-06
8.92997825879e-06
3.38343492747e-05
2.26969629409e-10
1.61321667322e-08
1.83272295642e-25
5.71212690119e-11
0.000400505413785
8.02716371394e-09
0.000499847147585
3.46754042846e-16
1.1325421692e-18
0.0012807812757
3.31263201395e-10
3.62811732786e-09
6.26288564548e-06
1.60065216429e-07
1.44833527535e-07
0.000124770458493
3.90626974872e-09
1.47046685798e-21
2.80357185597e-05
1.60946897018e-06
0.000228265334895
2.35871674243e-12
0.0003224415745
5.81044852063e-28
0.00119426394052
8.49901477051e-07
5.81391132863e-09
1.10257121741e-16
1.17795939565e-05
5.05793986202e-10
4.76799737082e-06
0.00034610635044
7.74453598528e-12
2.46385186724e-10
8.67372877824e-10
7.79402632073e-08
5.20150479365e-10
0.000138259717991
5.65549500098e-17
5.06701216062e-14
7.22500255969e-06
0.000753649683947
2.8015428717e-06
3.89537215695e-24
1.38487307034e-14
2.78550931641e-05
5.46514601651e-12
1.51170490273e-06
3.05510197949e-12
5.82175944819e-17
3.26343802018e-09
7.44802390176e-10
2.57574804142e-05
2.52872303564e-14
0.000523958682318
1.44637295334e-07
4.05243699501e-07
3.8245030724e-05
0.000167210504514
1.55328457641e-05
2.43840082825e-06
3.19081800729e-10
2.06239116767e-25
1.25240800224e-10
5.78118237255e-12
0.000187785428408
8.08650201824e-15
2.56697113395e-18
3.69755093713e-06
9.59071154534e-10
1.22583421458e-19
6.01618384066e-21
8.99343567316e-13
2.0639929814e-16
1.90084504876e-07
9.83027596541e-23
0.00065278794736
2.18222206922e-08
0.000325348641621
8.11060226977e-16
4.9407119131e-06
2.79559185283e-09
0.000657255941501
0.00018778197915
2.46271334324e-06
8.80486208443e-09
6.58071158184e-12
3.58916608831e-05
1.81431633064e-23
7.80888173552e-05
8.11396115289e-08
0.000107753743239
6.0590614973e-17
6.03156699356e-08
6.41456726092e-06
3.66240891306e-15
2.69562707682e-06
3.62270762771e-11
4.97516349231e-15
1.00255414098e-07
0.000871765950276
0.00015240689622
1.83814681451e-15
1.00796287167e-17
7.14009912788e-10
2.02281413392e-06
6.16870601885e-17
2.17855144313e-06
8.7382296669e-06
3.92953528204e-10
0.000871765950276
2.29150022771e-15
0.000561394873656
4.50365245309e-06
0.000110817613414
4.78960837421e-08
0.000166624763454
4.90139210818e-12
3.65480672903e-05
1.53560161449e-05
9.24805655946e-10
1.57461883575e-06
1.95499661144e-08
2.75722124952e-20
2.7411397233e-14
0.000440932231787
3.17924759114e-12
1.33923480696e-07
4.30478598053e-08
1.54649435285e-08
3.84870155459e-05
9.2958343577e-10
7.41353905511e-05
3.45788004406e-08
5.99012825668e-05
1.29470068722e-07
2.98039358751e-06
5.98841798577e-05
8.11603253361e-32
1.24467768809e-09
7.83936784964e-08
1.59326244345e-09
2.27427501459e-19
2.50278481935e-10
9.16492726999e-11
0.000312071424475
2.32824555061e-06
2.68275891645e-12
3.3304957762e-06
0.000785751527322
4.45631921144e-07
4.19216492816e-18
1.97000310519e-09
1.49365412124e-08
2.88991224898e-16
7.80524479611e-06
4.00515161859e-05
5.38839294633e-09
2.94685339812e-11
2.8788688667e-07
2.14360866409e-32
3.55401316373e-06
9.07333945919e-10
9.46056624301e-08
1.83622412998e-06
3.49704185665e-19
4.11838631937e-11
5.4685014734e-05
2.90495221613e-06
1.45922028215e-24
0.000190543921081
3.5406042194e-20
7.35237816756e-06
3.29586914651e-11
1.37767263681e-15
1.90457116104e-17
2.01260777807e-05
3.8305657307e-07
2.33037622706e-09
4.0848700358e-13
1.07290913228e-14
7.42084512157e-15
8.47105010694e-15
8.71075218702e-10
1.34431210322e-14
4.22325793255e-05
6.1685358234e-34
0.000316650496307
1.05562509076e-09
4.30323703181e-10
1.54073049902e-15
0.0002873141141
3.75011033667e-05
2.47485536152e-09
1.37886056099e-05
5.73069213424e-07
1.40985364776e-06
1.5256545957e-22
4.45851207097e-14
9.05334241321e-06
1.87896393017e-09
2.1535521009e-07
1.02343805799e-05
1.07470619721e-10
4.40565462913e-08
9.52118888899e-09
0.000800121782818
1.22757676932e-07
6.2398685163e-07
4.80040205041e-35
4.60971664333e-09
7.42516008844e-08
2.57306008602e-09
5.42234282212e-08
5.07159699366e-06
0.000654877755921
0.00321117316637
3.38506113778e-15
1.57223052451e-08
6.76376041821e-09
3.74422547283e-32
9.05123622638e-06
4.61163600182e-49
9.05123622638e-06
3.2964415772e-10
2.65651433309e-10
1.39976278232e-10
9.20566482916e-09
5.13799918351e-24
2.54312076228e-06
1.89014912716e-11
9.54938075011e-14
0.0012577783347
1.5504822264e-23
1.10472712372e-08
6.64908627111e-06
0.000237808914667
3.20273661452e-13
8.68825647134e-09
8.97230009338e-10
3.68959648143e-06
4.80742691987e-12
7.46407534991e-09
0.000244341342441
6.3439786648e-18
0.00116263844722
2.08122130483e-05
4.54043639732e-11
1.48143493841e-14
4.85254012285e-08
7.28754178378e-06
0.000278377038946
8.21991744159e-19
2.04471991514e-21
4.22611841967e-10
5.09251178663e-07
3.29626687549e-17
1.84347820426e-09
1.83431008222e-09
1.37223638244e-14
1.95846981466e-05
0.000240405142492
0.000158790423413
2.89296654491e-07
2.12645657407e-06
7.43902974012e-07
7.9820782605e-07
1.88751585914e-11
1.13979874881e-05
7.37042319788e-35
2.71162919228e-05
0.000195680778107
9.19251595305e-06
4.96753378849e-05
2.09414049488e-11
8.75077829047e-14
1.41768875548e-15
1.9294439365e-11
1.59085180449e-11
1.15880270554e-09
4.78994766509e-11
0.00040960798274
1.26633186164e-05
0.00283268546743
5.31777240063e-20
7.97246738925e-06
9.7445871417e-08
7.6686335532e-05
9.50107401651e-09
2.22021610787e-16
0.000423908658126
3.61720952973e-07
3.45035209802e-23
2.54344563389e-22
6.08620776804e-07
0.00283268546743
2.51956737889e-08
2.31773060738e-06
2.10481202145e-16
1.26280147929e-05
0.000196202439153
2.19231183212e-09
1.21322093413e-08
2.27893780576e-10
3.45905777804e-05
3.36711575679e-07
1.94293331191e-06
1.63508597637e-10
2.82968871346e-08
9.82327659865e-12
5.70085551656e-06
3.46697679989e-07
6.78847663373e-06
8.98866153348e-23
1.42011612238e-07
1.09657129825e-09
8.5802237947e-07
0.00147768920488
6.14962090535e-12
0.000185152766789
2.61229742577e-06
1.03576159839e-08
0.00010867874758
7.41174727848e-11
2.01783178916e-06
0.000170463578003
3.01296473832e-10
7.9454272935e-14
5.56091478722e-12
2.32550554188e-13
1.5198451759e-05
4.32093647972e-13
0.00052866348259
2.23860595136e-06
1.01798667856e-06
1.56355339385e-06
2.54566697592e-08
4.21614425462e-15
1.89694323738e-10
0.000541424617239
1.32113352966e-10
2.32240572565e-08
2.99546300099e-17
3.48174250222e-06
4.14725529535e-07
7.14229249562e-25
4.19249289413e-15
0.000316650496307
2.96734839095e-08
2.75138052987e-25
4.39637060981e-12
2.01131280283e-06
9.40105947814e-20
4.6793922177e-16
0.000216442508388
9.08358599622e-06
0.000232451421608
3.38399380222e-10
2.63321885358e-07
0.000113878385054
0.000240405142492
0.000145788465152
1.68712878152e-08
2.11121139199e-05
1.64863416428e-15
2.29783056334e-11
0.000130403140454
2.1568149108e-14
2.08172898966e-19
9.64415705964e-12
4.22640101158e-06
0.00027115898717
7.44206084883e-08
0.000830777379619
3.93492207507e-12
3.59507322839e-07
8.04429863385e-11
4.02307604133e-20
7.12670723052e-40
2.72117590626e-07
3.42298981834e-08
5.86816053099e-13
5.25219637268e-10
9.6574240094e-08
2.17127496521e-07
1.96772661449e-13
2.34248634305e-09
4.14374365429e-08
0.000380903598873
1.35982982107e-10
2.2527717642e-05
8.12713574427e-31
5.2018557062e-18
2.83748560893e-05
2.21791417142e-09
2.76122095628e-05
7.2521832505e-07
1.07459114787e-07
7.86563049047e-13
2.23376601256e-10
9.25078179502e-07
1.06782939984e-11
2.25983463874e-18
2.20279354812e-06
1.125576313e-12
2.69041063251e-06
0.000830777379619
3.93007594607e-12
5.32325203678e-11
3.75011033667e-05
2.56152914522e-18
2.47884161411e-07
6.14406965785e-05
7.11414026752e-05
3.22984634196e-06
1.04232742846e-12
5.55735788656e-21
2.99207741734e-18
4.86221582509e-12
1.47937514632e-05
9.49090101411e-05
2.85465343154e-06
0.000314206878101
2.67681056163e-08
5.87251281252e-09
1.78278222475e-07
1.06415847656e-10
1.63532379482e-09
3.99065955663e-05
1.25386064943e-16
0.000585100940027
3.61701402474e-07
3.31193588189e-07
6.66675576201e-07
6.85446035179e-40
5.64798052342e-18
1.0903431432e-26
0.00081029474106
4.45473925807e-09
8.95926994706e-13
1.06594749149e-11
5.32601580829e-06
1.22547331463e-26
1.54610029621e-10
4.991303892e-13
2.3115638042e-06
0.000281051963957
5.08779759136e-08
5.23252535895e-15
6.77755475126e-12
6.70275322774e-16
1.35487178868e-05
3.20850210201e-07
3.20218694464e-08
4.1126309127e-10
0.000101288603269
1.01449891024e-08
0.000145241049892
6.16054356205e-10
3.7994050672e-07
0.000195762559885
1.49255045737e-13
7.80870063127e-06
1.94512747135e-08
8.13232057378e-12
2.47757412138e-14
8.46397171169e-06
3.2970226345e-06
3.21202149407e-06
6.69532060241e-11
1.89052753527e-07
2.31408436467e-28
8.08245660911e-34
8.45960117647e-06
1.19502344241e-10
1.19881044544e-14
5.53961440088e-13
2.90853789913e-11
0.000150540136751
1.31894595098e-05
1.83136628067e-22
3.39486953207e-17
1.45953715386e-05
5.01635020218e-37
5.35286195325e-06
0.000541424617239
