I: (state)
	(11) 1.0
F: (state)
	(1) 0.303468669656
	(3) 0.0885141529554
	(4) 0.994038692404
	(5) 0.812479617269
	(6) 0.521263139771
S: (state,symbol) 
	(0,3) 1.0
	(1,0) 0.960532610468
	(1,2) 0.039467389532
	(2,3) 1.0
	(3,0) 0.236611880034
	(3,2) 0.763388119966
	(4,3) 1.0
	(5,0) 1.0
	(6,1) 1.0
	(7,0) 0.311143619952
	(7,1) 0.688856380048
	(8,0) 0.135157328985
	(8,1) 0.852049582364
	(8,3) 0.0127930886516
	(9,0) 1.0
	(10,0) 0.222283686319
	(10,2) 0.509018236275
	(10,3) 0.268698077405
	(11,0) 0.48446625294
	(11,1) 0.182799542263
	(11,2) 0.332734204797
T: (state,symbol,state) 
	(0,3,3) 1.0
	(1,0,8) 0.668975718356
	(1,0,9) 0.331024281644
	(1,2,3) 0.102594255639
	(1,2,7) 0.246191446654
	(1,2,8) 0.106815345525
	(1,2,11) 0.544398952182
	(2,3,2) 0.734216070434
	(2,3,8) 0.265783929566
	(3,0,0) 1.0
	(3,2,2) 0.656913722569
	(3,2,8) 0.343086277431
	(4,3,2) 0.873440223788
	(4,3,9) 0.126559776212
	(5,0,7) 1.0
	(6,1,7) 1.0
	(7,0,2) 1.0
	(7,1,5) 0.779499097597
	(7,1,10) 0.220500902403
	(8,0,6) 0.919778127302
	(8,0,7) 0.0802218726982
	(8,1,4) 0.651377801168
	(8,1,8) 0.348622198832
	(8,3,6) 0.168362144596
	(8,3,7) 0.13621419832
	(8,3,8) 0.42132562874
	(8,3,9) 0.274098028344
	(9,0,0) 0.588766097513
	(9,0,8) 0.411233902487
	(10,0,11) 1.0
	(10,2,2) 0.416871444825
	(10,2,4) 0.583128555175
	(10,3,11) 1.0
	(11,0,4) 0.158079444013
	(11,0,8) 0.297339513753
	(11,0,9) 0.544581042235
	(11,1,7) 1.0
	(11,2,11) 1.0
