1000
0.000147824587277
8.9582294128e-05
0.0686265636682
1.31201251751e-08
0.00259645555664
0.0091030060069
0.0092869961731
1.81089239638e-07
0.0231914976524
0.010008913668
0.00260280852063
0.000223642120789
0.0299760830177
0.0070054318419
2.90111192256e-05
1.56233473943e-05
0.0862983288462
0.0105817139498
0.0904049159403
4.87880886822e-07
0.000157583690289
8.58666866666e-05
0.00233094679317
0.0077166045294
0.00514384553143
0.00796993574867
0.00317903076321
0.02283440509
0.00759778761964
3.73215736295e-05
0.000228800114761
0.00346156432198
0.00874607958172
0.00319338623007
0.00137007412425
0.00503511524844
0.0119591488924
0.00102818239434
0.000236965229884
0.00140305528354
6.95699495205e-05
0.0267606920402
0.00688888128864
0.0900901758387
0.0243954901541
0.00471463982713
0.000154347728962
0.0287144058239
0.00104669679928
0.00523202575212
1.20381558243e-06
0.000787720547681
0.00642132611894
0.00356180368465
0.0157243399587
3.23712483887e-08
0.00890419758579
0.00264493311552
0.000268119807128
0.000882367933405
0.000290910603113
0.00109145040409
6.15593579728e-05
0.00213659483993
0.000274574130432
0.00811721401704
0.0030901012866
3.19523078266e-09
0.00955426498803
1.22951900962e-05
0.00397921789674
9.03477354757e-05
0.00272400172317
0.00296273110306
0.0099740681458
0.000880059716931
1.08975101847e-06
0.00110424954165
4.36575914034e-05
0.00110810736088
2.91437152207e-10
0.000273276653387
4.73401203645e-07
0.007949086921
0.00149480202641
0.00199211083291
6.25630246213e-05
0.0300808078151
0.00945422643183
0.00174087392811
6.78701017451e-05
9.94939767221e-05
3.68814840146e-05
0.000328545490532
0.00208475639475
3.67177839996e-05
6.94941677219e-06
0.000100048033707
5.01104184614e-05
0.000367421593138
0.00032420813778
0.00089867341257
7.09670773084e-05
1.57842744643e-06
0.000159131074316
0.000334707464936
0.000841166650749
1.33780803204e-05
0.00252804382183
0.00314322827802
0.000916595270287
2.47498619509e-06
0.00256757827182
0.000635840894798
0.00338413673645
0.00167535506825
0.000509344459516
2.97080755363e-06
5.8968357742e-05
3.8744140879e-06
0.00598709361465
0.000497653163866
0.000557447936386
0.000173676422803
0.000953341761912
0.000442768034473
3.51083725577e-06
0.00104585956158
0.00100593043971
0.0023612237973
2.47016741745e-10
0.00265187023361
0.00331871363308
1.25117293888e-07
2.65204226996e-07
2.45594972259e-05
0.00057924830212
7.03841483382e-06
0.000340585840887
0.00029796176151
0.00203591570194
0.000518244732051
6.98894876514e-05
0.000126233541444
7.40718466953e-05
6.83063701843e-05
0.000220767379724
6.48296814303e-05
7.44133832198e-05
5.82304912333e-09
0.000732818757829
1.48239832325e-08
0.000223619079201
0.00314574451376
0.000205288092416
0.00052826989296
7.03952495992e-05
1.68246263922e-06
2.31035216817e-05
7.67976020081e-05
0.000223831786855
8.94823519979e-05
2.50678057833e-06
0.000120003353283
2.6973763856e-08
0.00139413665911
0.000607838930739
0.000906368547223
0.000122780895924
0.000680872909484
0.00177842663693
2.59962236847e-07
0.000556031230509
3.60771307075e-05
0.0033303079302
0.000341171348416
8.34617354439e-07
2.93889358107e-05
0.00149564774734
0.000114140023825
0.000405135965001
0.000985801977603
0.000348271827171
0.000218076664139
5.76919584735e-12
2.93479181706e-05
1.69239437082e-07
4.37649186377e-05
0.00291011983471
0.00270087475112
0.000863929574929
0.00112601804593
0.000775585727648
3.96359200958e-10
4.49294956586e-05
1.46080701854e-05
2.47185023562e-08
4.44204493544e-06
0.000368705221552
0.000620894233457
3.73003832705e-06
7.27820274782e-07
0.00189886480494
4.71378980135e-06
8.9212630815e-05
0.000321546828868
0.00191095741175
1.09987536971e-06
0.000444272290452
3.83212244211e-06
0.00352089817647
0.00156872193378
1.9193087308e-06
8.45233593992e-06
0.00108596337288
2.21003020329e-07
1.79610872946e-05
0.00102535700718
0.000773304609878
4.21951739728e-05
1.09490938498e-05
3.14551899509e-05
0.000677418792119
0.00012660660706
0.000342111451366
0.000124477226999
0.000219795146976
0.000117636960065
9.77071264786e-06
7.12813639876e-05
0.000304858196205
7.68752481384e-10
0.000328010037105
0.000353546339299
0.00204629671272
1.52371681085e-05
0.000705816775186
1.27871313053e-05
2.57249648115e-06
0.000234208030793
2.45519962015e-05
0.000234849383423
0.000407727802918
0.00100781246567
0.000551793921865
4.1055843055e-06
0.000968296409066
0.000186330566199
2.38697337838e-06
0.000113236173346
0.00186603668786
0.00105239305718
7.46031860815e-05
1.64801747294e-07
2.40665480598e-06
1.85405842781e-08
9.47083564191e-06
1.09395587389e-07
1.56993535042e-05
0.00117152325492
9.85113772451e-06
2.21040042766e-05
0.00115178085203
0.000230807656385
0.000222615666281
7.10697452396e-05
0.000373969108411
7.18337326711e-05
1.35690749065e-05
0.000247791107389
0.000208888502853
0.000933675211277
0.00236741680394
3.27708523696e-07
6.21011836076e-05
0.000935121514914
2.65525708452e-11
5.25235176692e-06
0.000229448594671
3.10764331547e-05
3.33182670253e-05
0.000459241420007
1.71142415149e-05
0.000854321114527
7.38111587923e-05
7.74988422082e-06
0.000332611674116
0.000821306164041
0.00377669591199
0.000241239554032
0.000398143480246
1.79610872946e-05
1.30432700612e-05
6.61878838242e-05
0.000167984837446
0.00118513391665
0.000571257573423
0.000693669761201
1.69465527388e-06
0.000217701446115
0.00103014573496
0.000591409093914
0.000542270179419
4.38404516144e-06
0.0015307847891
2.78621675576e-05
9.49138021249e-05
8.45235534436e-06
1.36307275806e-07
0.000300684547199
0.00125942569897
0.000752816187858
8.3345824215e-05
1.58056339579e-05
1.11173233156e-05
8.05891850383e-06
3.3250986698e-06
8.45759473932e-05
2.70944396361e-06
1.14858639852e-06
0.000306994646645
0.00125663591104
0.000834191597228
3.92437235082e-06
1.21902117537e-05
0.000167231063856
0.000751541602113
7.16586170831e-05
4.60377934104e-06
1.925410189e-08
0.000325864532073
3.9300824399e-06
5.04489266524e-07
5.80708103909e-07
0.000310914374894
0.000214628495118
0.000342764721945
9.68205888208e-06
0.00102359732176
0.000212990593237
0.000729841040049
8.49491501929e-05
0.00106254882787
2.33162520164e-06
0.000631817270889
7.25638318832e-06
2.76850537535e-05
0.00302888146496
0.000418125750577
0.000605879215868
5.93056356397e-05
4.7392960061e-05
5.7571157687e-05
0.000559998231359
0.000281378680407
0.000100982631191
6.11832772667e-10
3.56569609958e-08
0.000185656964574
1.30173882406e-05
8.6330210508e-05
0.000409543282818
6.19549365639e-08
0.000444846257032
0.000180431836934
6.57080519855e-07
0.000434389403131
4.28033575866e-06
0.00254153615401
2.47685346207e-07
8.85219449154e-05
3.14269131222e-06
0.00280831555345
3.66364851524e-05
5.41852456047e-05
0.000521967445184
4.5154472055e-05
0.000122941774939
0.000109152105232
0.000224423439542
1.94771494619e-05
0.000809146730507
6.8948672561e-06
7.26684703908e-05
0.000591637013439
4.59694054379e-05
5.81303799645e-07
0.00229216643751
9.44703862714e-05
5.37999732211e-05
5.66847021194e-05
0.000284117127765
6.1481058704e-05
0.000183912060359
0.000347993249552
0.000701385942355
5.0958371749e-09
0.000325087407322
2.43376004928e-05
6.57984299788e-06
3.99975549361e-07
1.01242571465e-06
3.94326581789e-08
0.000674482623989
0.00046613766245
0.0017115333525
0.000236546796973
1.40141171992e-07
0.00112392745627
0.00277291084175
0.00105777227302
4.4454282965e-07
0.000979353872777
0.000170360309527
6.46297809233e-08
2.41367465107e-05
0.000591743372829
0.000405822990685
0.000866043423348
5.22753054789e-07
0.00132402190259
9.36243114718e-05
1.52083422883e-05
1.25323993253e-07
6.26137950056e-06
4.10177568473e-05
6.05599789873e-05
2.25188591546e-05
3.55991089299e-05
8.56141394395e-05
2.55482999747e-05
5.38018585734e-06
3.83134891742e-05
7.2561565427e-05
0.000257304894433
3.47961261309e-07
6.20854310683e-06
2.6573496257e-05
0.000363162882279
2.80885019751e-05
9.76887636806e-05
0.000112166327031
4.95903326594e-05
2.14750063356e-05
0.000107875136913
1.31666263186e-08
0.000185656964574
3.2132906585e-05
0.000785659922542
0.000256291250773
6.09157307363e-12
0.000243833866646
8.87424845771e-05
0.000497371763587
0.000643844670178
1.77389742041e-05
2.9684093772e-05
0.000443390718909
9.47048766945e-06
8.27263307082e-07
4.06779981733e-05
0.000478252827699
4.77120647193e-05
1.8157493177e-07
1.50173841467e-06
0.000609736576763
0.000299019383303
1.24034583565e-07
0.000770258203328
3.65195080769e-07
3.77913188806e-05
1.92088393866e-05
5.85810406005e-05
0.00014801556559
3.6410017988e-05
6.9687238826e-05
0.00029359399266
3.99595383717e-07
1.99257996766e-06
8.75276197139e-06
1.70748158054e-05
4.14178311407e-05
9.72659745892e-05
0.000136269058538
9.08141243847e-06
0.000805807768672
9.77723183681e-05
0.000177223612397
9.04721508116e-05
0.000845656011166
0.000172437748809
8.59161136366e-05
2.75079361254e-06
7.46733546938e-05
9.27957251789e-07
3.60042845309e-07
2.03077601145e-06
0.000307935967021
0.000329856075768
1.57166728017e-05
2.02453464649e-05
0.000269230793939
4.02729918778e-07
1.0930745591e-06
1.74199133637e-10
0.000190076934427
0.000455870524243
3.15810684742e-05
0.000333953039935
7.0216185925e-08
0.00053813131293
3.41694614141e-05
3.47013514321e-09
0.000226549706105
0.000196893260602
5.04703607484e-05
3.10882684374e-09
2.92315427623e-06
1.01666055674e-06
3.82037191345e-05
1.96606739783e-05
4.40900424723e-06
0.000239804712228
7.27917008854e-05
3.4948121597e-08
1.63725784159e-08
1.38976941693e-07
8.93722947482e-09
2.59143883727e-12
0.000108675406931
1.3667382105e-07
0.000333129805361
2.12073791376e-05
0.000277342058243
0.000825205603973
4.45266833252e-07
2.4860143891e-07
8.53331396576e-08
8.23845828121e-06
0.000672134447151
0.000113832181722
2.6234906626e-05
4.45133182096e-06
0.000234167702135
1.23028933378e-05
0.000181118225206
0.000165492598246
0.000185010609325
6.61131961631e-06
0.000247453906095
4.90886959032e-05
0.000211566014508
0.000310665678962
3.73135456314e-07
3.16958017508e-07
9.79479401882e-05
2.03853417223e-06
3.83766125475e-05
0.000111117599182
0.000122253731618
6.49942345429e-05
0.000555323997032
3.60666446523e-06
0.000109754399068
0.000565522876653
4.77483800514e-08
8.70677375637e-07
0.0009226422839
4.57011311284e-07
0.000383236885899
8.64410888208e-05
1.05053238416e-05
2.17114881622e-05
0.000202248803264
0.000102460829115
2.34694097326e-05
5.13957751035e-05
0.000322185335678
0.000287458920114
0.000738570294571
0.000166934741717
6.93225310806e-05
3.46783259273e-08
0.000129272302728
3.18825050614e-05
0.000196857871195
9.50463547135e-06
0.000100345920863
2.05544633381e-05
7.93503261738e-05
1.31472025882e-07
0.000160145384414
5.41043419273e-05
0.000109140158861
4.38231864032e-05
3.95306362337e-06
3.33830674187e-08
2.81303795325e-05
0.00024574759965
1.03288354876e-06
0.000121878921421
6.412976759e-05
1.52254481397e-06
0.000317209413049
3.95812205657e-08
0.000395105110744
4.68930952788e-05
1.48625119319e-05
2.68371984302e-05
0.000603048446375
3.99131388197e-11
2.55916983629e-05
1.43520389672e-06
1.07665767813e-05
4.80132922251e-05
6.41322001352e-08
7.61296242423e-05
0.000242843078089
1.68123773313e-05
3.62611811697e-06
7.97912302295e-05
5.73187904429e-05
0.000350167167015
8.70106151326e-06
4.90612937643e-05
4.59304016937e-05
0.000326613270785
1.71629407482e-05
3.14520785696e-06
6.10029231213e-05
0.00111046425192
3.56697993284e-05
2.1984261739e-05
2.57490881392e-09
0.000262101570034
0.000581787383989
4.90197572321e-05
4.25877813359e-08
4.70722923262e-06
2.91047785542e-05
4.18395442483e-06
0.000120866987459
0.000662843413856
0.000253770447626
3.48743074891e-06
0.000463876952645
6.01076312017e-06
0.000210227217206
2.90289304481e-09
9.09284899541e-05
4.32707031616e-05
0.000181696817245
3.11554555816e-06
7.89170600811e-06
1.43976430075e-05
0.000243963574519
0.00041488872117
4.66117782299e-05
0.000115031882676
9.78650184283e-08
0.000565096789669
1.93387509634e-06
2.94542789485e-05
1.5402785219e-05
1.12044285324e-05
2.41437147712e-05
2.6945206892e-07
0.00011057436837
1.18733466779e-05
0.000220550676214
0.000224212554664
2.92206589259e-06
7.16246062589e-06
5.39332059374e-05
5.44118311294e-06
1.78446551039e-05
3.28117864172e-05
0.000108426275951
5.87012469277e-05
1.27137146205e-06
1.9302974212e-05
0.000176068473483
5.28011132822e-05
7.60249324373e-05
5.62014632562e-08
0.000389805858626
9.66569381497e-05
0.000206592749032
2.43426495141e-05
0.000557973787778
1.14831106175e-05
2.07081822421e-06
0.000134565378469
6.33826418567e-06
1.16864021101e-08
5.8968357742e-05
0.000616973216029
0.000223642120789
8.28118412231e-07
9.51194915823e-06
3.70561499421e-05
2.38248495833e-05
0.000288162269787
2.45025996716e-05
1.0600963638e-06
6.00324644075e-06
1.33684323125e-09
3.09866331766e-05
3.76452492529e-06
0.000201596739095
3.92002681815e-05
5.50650480769e-05
1.49802682616e-06
0.000101342696947
6.30248611722e-06
0.000156381116406
1.26843350897e-07
7.5189716097e-06
7.4486620439e-06
2.07946114518e-05
0.00140093100057
2.6241479559e-05
2.16303360384e-06
9.20457982504e-06
1.63285966623e-07
0.000756349553482
1.71974706381e-05
3.17475100227e-05
0.000312606410702
4.6598077654e-05
2.19127580559e-05
0.000179302052711
3.63845315418e-08
9.31272851722e-05
2.85872297501e-05
0.000224423439542
0.000214229144344
3.29324907572e-07
7.37886151997e-05
0.000419054008446
0.000415215913763
1.7407125557e-06
7.9914672032e-08
3.26794089897e-07
9.57007023762e-06
3.21167383526e-05
0.000162090957767
2.52327215809e-05
1.46137765918e-10
6.08412673824e-05
5.44594314821e-05
4.85500269282e-05
3.85270464065e-05
0.000152805328696
0.000369489439819
5.9947570482e-10
5.66847021194e-05
5.7662915047e-05
9.96971103871e-05
0.000140932596057
1.00187761673e-06
9.05561147886e-05
0.000138463115618
1.45041867739e-06
0.000223655348867
9.67720701775e-06
0.000380503733113
2.86762998193e-13
1.35022298767e-06
8.85630759125e-08
0.000139433602267
9.89742302261e-05
3.86216636677e-05
2.0297759115e-05
6.93170339077e-06
3.42130574649e-05
3.75915382451e-06
1.52483908845e-05
8.33813190886e-05
0.000552729649395
6.84615561444e-07
0.000102147619628
2.21866017787e-06
3.459386184e-05
0.000277564077752
8.60575936512e-07
9.87811069549e-06
5.48776383459e-06
0.000512001192157
0.000244208837054
0.000143136550206
0.000466844484056
0.000150733880508
5.22123468153e-05
7.76518762499e-05
1.88147289022e-05
2.87525855711e-05
0.000301579817813
3.99500408369e-06
7.56406353613e-06
4.37616424534e-05
0.000108167699965
0.00109750766991
0.000107202081464
1.2678249927e-06
2.05946025806e-05
7.35866533075e-05
2.75079361254e-06
4.3215892708e-06
3.53464873261e-07
1.6500399903e-05
0.000148046675216
0.000251663367226
0.000955723437472
1.58044415501e-06
0.000710918185035
1.16852608381e-05
0.000304617888783
9.2682694756e-05
1.05514768399e-05
2.03722886404e-05
2.07652353718e-05
2.94494973819e-05
8.38526900882e-06
1.47504287261e-12
1.42608724826e-05
1.45996420497e-05
0.00023398718888
0.000569485689025
8.95533240267e-14
7.88464373298e-05
5.20793051165e-05
2.70563241167e-09
0.000322578251379
0.000199653100711
8.73042230469e-06
1.86289945686e-05
0.000180554541981
6.41789550672e-07
1.16578926989e-05
3.72339688927e-09
1.36909871057e-05
8.71996630657e-07
0.00014492166449
7.1791782546e-05
0.000304156684865
5.09382566433e-08
2.69712173701e-06
1.99895636676e-05
9.45354865759e-05
0.000299360305265
0.000532628175409
8.1787395787e-06
1.70185519091e-07
3.56222114109e-08
5.16070566776e-05
4.48016483491e-05
0.000126813454597
0.000361337159313
0.000304982598379
0.000218768313675
1.58206773252e-05
9.65237053768e-05
3.2324656222e-07
7.30758753828e-07
2.75226196268e-08
1.36852096061e-05
7.53978657689e-08
3.43682307809e-05
0.00014732406986
5.1618860252e-06
2.7244806728e-06
0.000703225534096
8.94577712219e-06
3.30314357146e-05
4.46103228617e-09
6.45912053344e-07
0.000415947975137
0.000117108137881
0.000290092524259
5.01543178667e-05
1.94319218653e-06
3.12169567419e-09
0.000128668371717
0.000196782034573
2.1444078545e-06
9.47851697551e-06
5.63724173023e-06
5.14733619477e-06
5.43834828907e-05
2.31602553018e-05
6.18866349082e-05
0.000261415929568
9.96074131201e-05
4.62772665044e-05
5.8934562655e-05
0.000127516020478
7.92444928134e-06
0.000934422642494
0.000115700477848
2.37177479632e-05
8.74183522541e-07
3.61600251061e-05
1.99845693455e-05
9.79815698996e-05
2.06789496539e-06
5.49298476385e-06
1.37274345991e-09
2.73306197225e-06
1.58423263767e-05
7.05350078058e-05
3.75654101277e-05
2.12107808759e-12
0.000198845999074
0.000107332817957
1.40062989873e-09
8.77046626131e-16
9.25186200963e-06
5.89771992413e-06
9.81239187907e-07
1.86940770439e-05
2.87265670616e-06
9.80443701136e-06
0.00012150732517
6.53515714374e-06
7.1394884434e-05
0.000140932596057
3.3526542843e-06
8.27234272768e-06
3.69519872587e-05
1.37724047955e-05
1.41490123304e-08
1.21072957648e-06
0.000131646448562
1.32974443143e-06
6.81561904378e-05
6.27157122279e-07
1.44126330164e-05
0.000250594371984
0.000292825970087
8.23363786683e-05
1.40905270146e-14
3.04372270699e-06
7.53808363076e-05
3.91736276401e-05
1.98846668247e-05
7.68392750773e-06
8.43008747959e-05
0.000164620460283
1.83830163807e-05
1.97847691693e-05
1.43601281774e-06
4.96449870178e-05
8.17686321504e-05
4.23160316223e-06
2.56310291821e-06
5.7571157687e-05
0.000123337146309
3.48297976195e-06
4.6973951561e-06
4.91899714942e-05
1.53390660328e-05
7.09453552101e-07
2.3482479149e-09
2.48230317961e-05
0.000762682176848
2.91488597196e-05
2.47573269104e-05
4.74233349372e-05
0.000423559087179
9.70496950949e-05
6.86736941797e-09
0.000250063597351
0.000394334591335
3.37201816805e-05
0.000374104090305
0.000124432313906
6.91186452643e-06
4.04596443622e-07
4.2204129949e-05
3.26669153562e-10
2.26138023432e-05
2.34261607509e-07
2.38875816764e-05
7.79960254055e-07
1.47329551925e-12
5.7908238893e-09
6.95043498881e-05
3.18281740578e-06
4.28738549187e-06
1.04012148261e-05
1.17130097055e-07
0.000110843680881
9.3488447147e-09
2.20329307223e-06
7.58353552203e-06
3.30089924196e-05
2.01305902824e-06
0.00015691908455
1.37710423422e-07
