I: (state)
	(47) 1.0
F: (state)
	(0) 0.164765586738
	(1) 0.42774955677
	(4) 0.129046743762
	(5) 0.101396900283
	(6) 0.0482074629966
	(7) 0.108926790134
	(8) 0.131005013922
	(9) 0.0871919508068
	(10) 0.00500619460825
	(11) 0.0589464939836
	(13) 0.0187080046664
	(15) 0.0163657680714
	(16) 0.193976508208
	(18) 0.0544746640874
	(20) 0.113442780832
	(24) 0.0401155633368
	(26) 0.0308202267299
	(28) 0.0535229675713
	(29) 0.0257684242561
	(30) 0.142809957683
	(31) 0.0630440000871
	(32) 0.0131799026005
	(33) 0.0209349571817
	(34) 0.161725818206
	(37) 0.120393887487
	(39) 0.0688515773326
	(41) 0.0953011131516
	(42) 0.0652569103517
	(45) 0.233461253778
	(47) 0.256726090175
	(49) 0.120276756652
	(50) 0.381421942207
	(51) 0.0868844039827
	(52) 0.0755469837169
	(53) 0.165660895953
	(54) 0.0246746238308
	(55) 0.0842256322161
	(58) 0.0257630054739
	(61) 0.222913878892
	(62) 0.102281554283
	(63) 0.0280360220986
	(64) 0.110185883684
S: (state,symbol) 
	(0,0) 0.0657211507787
	(0,2) 0.100197059053
	(0,4) 0.246409356765
	(0,5) 0.0960628829872
	(0,6) 0.0942962912723
	(0,7) 0.055767938411
	(0,8) 0.0964794814779
	(0,10) 0.106043819377
	(0,11) 0.0428147762906
	(0,13) 0.096207243587
	(1,2) 0.151203547369
	(1,4) 0.12528207444
	(1,6) 0.353956767196
	(1,8) 0.121655947587
	(1,9) 0.109225353416
	(1,10) 0.138676309992
	(2,5) 0.297679276732
	(2,7) 0.157588325418
	(2,8) 0.104473230285
	(2,10) 0.0345563081552
	(2,11) 0.145218248527
	(2,12) 0.192632722111
	(2,13) 0.0678518887719
	(3,0) 0.143708495443
	(3,1) 0.065358074661
	(3,2) 0.0947997002146
	(3,3) 0.101196018083
	(3,4) 0.143533840386
	(3,6) 0.0287821301533
	(3,7) 0.112381635107
	(3,8) 0.0756992029214
	(3,9) 0.107079689635
	(3,10) 0.0682403009054
	(3,11) 0.0160021110873
	(3,12) 0.00967547152189
	(3,13) 0.0335433298819
	(4,0) 0.112980237865
	(4,1) 0.00635887523924
	(4,2) 0.0443660854242
	(4,3) 0.15093618003
	(4,4) 0.11323862648
	(4,6) 0.271387557281
	(4,9) 0.0167369347326
	(4,11) 0.0604123700403
	(4,13) 0.223583132907
	(5,0) 0.14022766613
	(5,1) 0.0445123173004
	(5,2) 0.0263606442362
	(5,3) 0.111187869686
	(5,4) 0.0476381444326
	(5,5) 0.0447330559231
	(5,6) 0.0349895286568
	(5,8) 0.129979223587
	(5,10) 0.0746606829471
	(5,11) 0.241242770637
	(5,12) 0.088422161597
	(5,13) 0.0160459348674
	(6,0) 0.193855792179
	(6,1) 0.0120777993519
	(6,2) 0.198184069111
	(6,3) 0.0446195591082
	(6,4) 0.0699762391943
	(6,6) 0.114305648348
	(6,8) 0.0741555116689
	(6,9) 0.0661307817406
	(6,10) 0.0491323903879
	(6,11) 0.0610961154319
	(6,12) 0.00865312897229
	(6,13) 0.107812964506
	(7,0) 0.351159154909
	(7,1) 0.117302699783
	(7,3) 0.0323734460314
	(7,4) 0.00373350069525
	(7,5) 0.00702751983019
	(7,8) 0.0222503992767
	(7,9) 0.114480890511
	(7,10) 0.0216834918666
	(7,11) 0.0272337720219
	(7,13) 0.302755125076
	(8,1) 0.0456440845302
	(8,2) 0.128164361273
	(8,3) 0.0978146495858
	(8,4) 0.0509713708465
	(8,5) 0.049289049378
	(8,6) 0.0504798187286
	(8,11) 0.0165471232835
	(8,13) 0.561089542374
	(9,4) 0.1276182264
	(9,5) 0.0458729220456
	(9,6) 0.0560156118823
	(9,7) 0.0978879478335
	(9,9) 0.245712474391
	(9,11) 0.23993686602
	(9,12) 0.186955951428
	(10,0) 0.245680213184
	(10,2) 0.173736790305
	(10,4) 0.0472614786128
	(10,5) 0.126058322562
	(10,6) 0.0948490780499
	(10,7) 0.0136106406848
	(10,8) 0.106463631827
	(10,9) 0.0418937190375
	(10,12) 0.0427158671772
	(10,13) 0.10773025856
	(11,0) 0.0363750896764
	(11,1) 0.0220728484541
	(11,2) 0.0738011069979
	(11,3) 0.0697398836751
	(11,4) 0.0233479219665
	(11,7) 0.00622886730041
	(11,8) 0.00261066137342
	(11,9) 0.196285416171
	(11,10) 0.157971371089
	(11,11) 0.0711255120351
	(11,12) 0.162749875669
	(11,13) 0.177691445591
	(12,7) 0.57296152051
	(12,9) 0.241842602242
	(12,12) 0.185195877248
	(13,0) 0.0116131247262
	(13,1) 0.135248746141
	(13,3) 0.198099004936
	(13,4) 0.125578308994
	(13,6) 0.113417217285
	(13,10) 0.0947380449119
	(13,11) 0.321305553006
	(14,0) 0.30699190914
	(14,1) 0.0313034601794
	(14,2) 0.0461759974387
	(14,3) 0.0856612851409
	(14,4) 0.00471386915184
	(14,5) 0.0502745739277
	(14,8) 0.0586850314426
	(14,9) 0.254671652915
	(14,10) 0.00651392362331
	(14,11) 0.136510251814
	(14,12) 0.0184980452263
	(15,0) 0.169755078329
	(15,1) 0.0249939708739
	(15,2) 0.0813963033526
	(15,3) 0.111243073189
	(15,4) 0.0429564138216
	(15,5) 0.0506079311339
	(15,6) 0.0650765305822
	(15,7) 0.0551551321815
	(15,8) 0.028506415703
	(15,9) 0.126324762102
	(15,10) 0.168078229264
	(15,11) 0.0201224258879
	(15,12) 0.055783733579
	(16,1) 0.196780073991
	(16,5) 0.465513933107
	(16,7) 0.0555642276741
	(16,8) 0.144938229629
	(16,9) 0.129739686349
	(16,11) 0.00746384925039
	(17,0) 0.0408635704246
	(17,2) 0.305464174658
	(17,7) 0.000239755063691
	(17,8) 0.0558923749905
	(17,9) 0.202632578343
	(17,10) 0.375709331576
	(17,12) 0.0191982149454
	(18,0) 0.00901082258054
	(18,2) 0.0538843328778
	(18,3) 0.249821957681
	(18,6) 0.0113428826241
	(18,7) 0.154573844855
	(18,9) 0.208111274214
	(18,10) 0.0132468980876
	(18,12) 0.134680552769
	(18,13) 0.165327434311
	(19,0) 0.000469850971514
	(19,1) 0.00762176361436
	(19,2) 0.0680511359914
	(19,3) 0.0173978377504
	(19,4) 0.034800790813
	(19,5) 0.10144912066
	(19,6) 0.046039476904
	(19,7) 0.0710380920227
	(19,8) 0.113708025804
	(19,9) 0.173220129574
	(19,10) 0.0737727597207
	(19,11) 0.134612283311
	(19,12) 0.0829260516521
	(19,13) 0.0748926812105
	(20,1) 0.0510496008832
	(20,3) 0.0499188860833
	(20,5) 0.155288230902
	(20,11) 0.635708782957
	(20,13) 0.108034499174
	(21,0) 0.112008892091
	(21,1) 0.00826615682307
	(21,5) 0.0501557500566
	(21,7) 0.336996979759
	(21,8) 0.0657985930062
	(21,10) 0.188960085133
	(21,11) 0.0483300315194
	(21,13) 0.189483511612
	(22,4) 0.685549534711
	(22,5) 0.0248358989747
	(22,7) 0.139924696053
	(22,11) 0.0219386442992
	(22,12) 0.110635553993
	(22,13) 0.0171156719688
	(23,0) 0.145947595296
	(23,3) 0.0605463649014
	(23,8) 0.294587776836
	(23,9) 0.0445897592413
	(23,10) 0.39244673907
	(23,12) 0.0618817646559
	(24,0) 0.0162017400959
	(24,1) 0.00537458615254
	(24,2) 0.0550037115855
	(24,3) 0.0781417971513
	(24,4) 0.0390234148121
	(24,5) 0.0202961298603
	(24,6) 0.0648493579431
	(24,7) 0.0755309956902
	(24,8) 0.19666941595
	(24,9) 0.240779382051
	(24,10) 0.00309102845892
	(24,11) 0.0850690357339
	(24,12) 0.0798704416738
	(24,13) 0.0400989628422
	(25,0) 0.0200461922454
	(25,1) 0.106205920204
	(25,2) 0.0662583506603
	(25,3) 0.155065186635
	(25,4) 0.0325453372318
	(25,5) 0.0433597704478
	(25,6) 0.018920500114
	(25,8) 0.177599687898
	(25,9) 0.0567085751565
	(25,10) 0.108638508887
	(25,11) 0.146225837205
	(25,12) 0.0238164740233
	(25,13) 0.0446096592923
	(26,0) 0.0602649826622
	(26,1) 0.0744987946626
	(26,3) 0.017527479518
	(26,5) 0.077232287574
	(26,6) 0.255230552778
	(26,8) 0.0333232405861
	(26,9) 0.0765023408855
	(26,10) 0.0734576590137
	(26,11) 0.121902137081
	(26,12) 0.0385256238538
	(26,13) 0.171534901385
	(27,0) 0.0479266828419
	(27,2) 0.349403851025
	(27,3) 0.0158481323358
	(27,4) 0.0548116350292
	(27,6) 0.00496763480124
	(27,7) 0.46992321158
	(27,8) 0.0245130893318
	(27,12) 0.0326057630541
	(28,0) 0.0742190281704
	(28,1) 0.00601062280456
	(28,3) 0.0201658030838
	(28,4) 0.0596632168143
	(28,5) 0.0997423110171
	(28,6) 0.041663047459
	(28,7) 0.0104004141284
	(28,8) 0.0214586065085
	(28,9) 0.0280902600227
	(28,10) 0.245917803234
	(28,11) 0.369410364181
	(28,12) 0.0232585225758
	(29,0) 0.295782194809
	(29,2) 0.153889349564
	(29,4) 0.0565022322604
	(29,6) 0.149281164212
	(29,10) 0.188136532384
	(29,11) 0.131484555737
	(29,12) 0.024923971034
	(30,1) 0.488142271685
	(30,6) 0.280918879237
	(30,8) 0.179822101547
	(30,13) 0.0511167475308
	(31,0) 0.414253398233
	(31,3) 0.0185040748338
	(31,5) 0.0328516324649
	(31,8) 0.220571209535
	(31,9) 0.0675267257488
	(31,10) 0.0735838576035
	(31,11) 0.067385403035
	(31,12) 0.105323698547
	(32,1) 0.0827367607455
	(32,2) 0.0922736453327
	(32,3) 0.166881159446
	(32,4) 0.22845539799
	(32,6) 0.0201063023285
	(32,7) 0.108481587338
	(32,8) 0.0174448277832
	(32,9) 0.195985334107
	(32,10) 0.0559246948879
	(32,11) 0.0249466240688
	(32,12) 0.00556595656807
	(32,13) 0.00119770940492
	(33,0) 0.247433256635
	(33,2) 0.000107596328447
	(33,3) 0.0644826440074
	(33,4) 0.0154454597164
	(33,5) 0.0208288357915
	(33,6) 0.0472079526427
	(33,7) 0.111070676155
	(33,8) 0.15209209912
	(33,9) 0.217432028368
	(33,10) 0.0388267704354
	(33,11) 0.0672412146544
	(33,13) 0.0178314661457
	(34,3) 0.0384980733327
	(34,4) 0.111115586778
	(34,5) 0.16428639645
	(34,9) 0.000766397120665
	(34,10) 0.231798896591
	(34,11) 0.294180835479
	(34,12) 0.0416617192018
	(34,13) 0.117692095047
	(35,0) 0.0316124240187
	(35,2) 0.123105908082
	(35,3) 0.0392741923914
	(35,6) 0.0161498897077
	(35,7) 0.214846144714
	(35,9) 0.128453092841
	(35,10) 0.224353619293
	(35,12) 0.00487481114982
	(35,13) 0.217329917802
	(36,3) 0.334500483529
	(36,5) 0.0403294803289
	(36,6) 0.0144903913745
	(36,7) 0.235699817896
	(36,8) 0.0751098983815
	(36,9) 0.105887612012
	(36,10) 0.121492387459
	(36,11) 0.0323118518647
	(36,13) 0.0401780771546
	(37,1) 0.347323156928
	(37,3) 0.144759376767
	(37,4) 0.0257011763874
	(37,5) 0.0538007102766
	(37,6) 0.00957522372482
	(37,8) 0.168738909753
	(37,9) 0.0866365162528
	(37,10) 0.163464929911
	(38,0) 0.121422611559
	(38,1) 0.0327470469451
	(38,2) 0.578437887743
	(38,3) 0.04563677376
	(38,6) 0.110507217457
	(38,9) 0.101369489268
	(38,10) 0.00987897326713
	(39,0) 0.039656591699
	(39,1) 0.0159029733688
	(39,4) 0.140934785849
	(39,5) 0.10943762397
	(39,6) 0.276756389527
	(39,7) 0.0510597477975
	(39,8) 0.0508994906251
	(39,9) 0.11166428213
	(39,10) 0.0787613224495
	(39,11) 0.107100654912
	(39,13) 0.0178261376729
	(40,0) 0.00379198145202
	(40,1) 0.380902626858
	(40,3) 0.158555760113
	(40,6) 0.268541248925
	(40,7) 0.174103609292
	(40,8) 0.00325615834418
	(40,10) 0.0108486150156
	(41,0) 0.198835262312
	(41,1) 0.0597471069551
	(41,4) 0.231762579746
	(41,6) 0.254330146863
	(41,7) 0.137795991036
	(41,8) 0.0386688113695
	(41,10) 0.038481299678
	(41,11) 0.00577930420667
	(41,12) 0.0345994978338
	(42,0) 0.136519168377
	(42,2) 0.198428053347
	(42,3) 0.225338287425
	(42,4) 0.152025635647
	(42,6) 0.0922223513012
	(42,9) 0.0942066763295
	(42,10) 0.00721340670467
	(42,11) 0.0940464208688
	(43,0) 0.123309496282
	(43,1) 0.0178670951643
	(43,3) 0.032198094439
	(43,4) 0.1911537155
	(43,5) 0.0820365379324
	(43,6) 0.0355050362071
	(43,7) 0.0562027420555
	(43,9) 0.00197899411719
	(43,10) 0.155036772339
	(43,11) 0.18473935855
	(43,12) 0.0782397105215
	(43,13) 0.0417324468927
	(44,3) 0.0664332503392
	(44,5) 0.169004419121
	(44,9) 0.166583874116
	(44,10) 0.2287276872
	(44,12) 0.237409580616
	(44,13) 0.131841188608
	(45,3) 0.0237872291661
	(45,6) 0.749610719699
	(45,7) 0.0214266296064
	(45,8) 0.0105188200355
	(45,9) 0.0745528701636
	(45,12) 0.0912509739532
	(45,13) 0.0288527573764
	(46,0) 0.15428166883
	(46,2) 0.00665761254488
	(46,3) 0.0481482474793
	(46,4) 0.187756623886
	(46,7) 0.146995112738
	(46,8) 0.153652579469
	(46,9) 0.065186851024
	(46,13) 0.237321304029
	(47,0) 0.129206504268
	(47,2) 0.166322150366
	(47,4) 0.0137757258882
	(47,5) 0.201181081747
	(47,7) 0.16609280006
	(47,8) 0.103026188136
	(47,9) 0.00110310377274
	(47,10) 0.00993836937582
	(47,11) 0.0417604207902
	(47,12) 0.16067414702
	(47,13) 0.00691950857549
	(48,0) 0.0378498353669
	(48,1) 0.186620843389
	(48,2) 0.189271545463
	(48,4) 0.182190494547
	(48,5) 0.00307933665018
	(48,10) 0.16463193488
	(48,13) 0.236356009704
	(49,1) 0.0242107903095
	(49,3) 0.078146491818
	(49,4) 0.144830325648
	(49,5) 0.0209151193356
	(49,6) 0.22855747053
	(49,7) 0.00941083299813
	(49,8) 0.140621047335
	(49,10) 0.0423174954411
	(49,12) 0.0223040036959
	(49,13) 0.288686422889
	(50,0) 0.0039959195302
	(50,3) 0.0623649539486
	(50,4) 0.161861827283
	(50,8) 0.560341813056
	(50,9) 0.186270805117
	(50,12) 0.0251646810654
	(51,0) 0.00197048061957
	(51,2) 0.0783052516018
	(51,3) 0.396497752469
	(51,4) 0.119012418493
	(51,8) 0.0342678923461
	(51,9) 0.0479014804174
	(51,11) 0.322044724053
	(52,0) 0.0355837404433
	(52,3) 0.00455406970351
	(52,4) 0.119825143192
	(52,6) 0.189677546429
	(52,7) 0.134597775655
	(52,8) 0.0152194939025
	(52,9) 0.101116499048
	(52,11) 0.0172039373814
	(52,12) 0.167758778498
	(52,13) 0.214463015748
	(53,0) 0.0257841806338
	(53,1) 0.062826214687
	(53,2) 0.0658478598729
	(53,3) 0.115827612644
	(53,4) 0.146382568099
	(53,6) 0.115015056086
	(53,7) 0.0583644974277
	(53,8) 0.0135630425488
	(53,9) 0.00611429659529
	(53,10) 0.00125720199282
	(53,11) 0.322793736723
	(53,12) 0.0219539779856
	(53,13) 0.0442697547035
	(54,0) 0.0421831197491
	(54,1) 0.00678345966885
	(54,2) 0.208970881056
	(54,3) 0.019329148261
	(54,4) 0.0774412926897
	(54,5) 0.0314239925021
	(54,6) 0.0182496886166
	(54,7) 0.234930446603
	(54,8) 0.0420812967699
	(54,9) 0.0346279750775
	(54,10) 0.161064829427
	(54,11) 0.0639136683225
	(54,12) 4.55429341855e-05
	(54,13) 0.0589546583229
	(55,4) 0.118959910618
	(55,5) 0.200212190986
	(55,6) 0.244596391126
	(55,8) 0.0631579824235
	(55,10) 0.346650527601
	(55,11) 0.0264229972454
	(56,2) 0.0679435834277
	(56,5) 0.0493891897459
	(56,8) 0.222680129748
	(56,9) 0.257754907584
	(56,12) 0.163673582557
	(56,13) 0.238558606937
	(57,0) 0.0815927399057
	(57,1) 0.367978706964
	(57,4) 0.0741922502037
	(57,5) 0.0444503247843
	(57,8) 0.104605898719
	(57,10) 0.0870119015335
	(57,13) 0.24016817789
	(58,1) 0.081466914133
	(58,2) 0.0336322177935
	(58,3) 0.0562733587849
	(58,5) 0.015407046388
	(58,7) 0.321891844401
	(58,9) 0.194442607854
	(58,11) 0.165204200847
	(58,13) 0.131681809798
	(59,0) 0.0360665859133
	(59,2) 0.277705544116
	(59,4) 0.0804221469567
	(59,6) 0.210544738129
	(59,7) 0.0714863459704
	(59,9) 0.0400115536769
	(59,10) 0.191022594812
	(59,11) 0.0774003618923
	(59,13) 0.0153401285333
	(60,2) 0.0303939795672
	(60,4) 0.129167878342
	(60,6) 0.0241702846998
	(60,9) 0.250559854478
	(60,10) 0.143807324042
	(60,11) 0.193087894335
	(60,13) 0.228812784535
	(61,0) 0.102766573341
	(61,1) 0.0442056688701
	(61,2) 0.0244876581192
	(61,3) 0.00539403095335
	(61,4) 0.175266658192
	(61,5) 0.00675779277239
	(61,6) 0.0053671769476
	(61,7) 0.0205190580303
	(61,8) 0.160496573667
	(61,9) 0.034775490256
	(61,10) 0.0826874843453
	(61,11) 0.112328683643
	(61,12) 0.215925567843
	(61,13) 0.00902158301965
	(62,0) 0.141057577414
	(62,1) 0.456121974575
	(62,2) 0.0626759033456
	(62,4) 0.0108417151645
	(62,5) 0.18765840665
	(62,6) 0.00491789348991
	(62,7) 0.0326063979355
	(62,8) 0.0326595225626
	(62,12) 0.00361946004407
	(62,13) 0.0678411488196
	(63,0) 0.142855161637
	(63,1) 0.0816395884902
	(63,2) 0.0313465487621
	(63,3) 0.0453771800969
	(63,4) 0.028825748426
	(63,5) 0.00458578819067
	(63,6) 0.165900708448
	(63,7) 0.12877202185
	(63,8) 0.00055339118793
	(63,11) 0.276309950839
	(63,12) 0.0259986950109
	(63,13) 0.06783521706
	(64,1) 0.158431085227
	(64,2) 0.151634619985
	(64,4) 0.00688807535581
	(64,6) 0.0828408723782
	(64,7) 0.158952753486
	(64,8) 0.0445073134827
	(64,9) 0.0107582374829
	(64,10) 0.205013629104
	(64,11) 0.0364277953183
	(64,12) 0.117159366759
	(64,13) 0.0273862514209
T: (state,symbol,state) 
	(0,0,4) 1.0
	(0,2,47) 1.0
	(0,4,17) 1.0
	(0,5,54) 1.0
	(0,6,54) 1.0
	(0,7,30) 1.0
	(0,8,0) 1.0
	(0,10,7) 1.0
	(0,11,17) 1.0
	(0,13,20) 1.0
	(1,2,2) 1.0
	(1,4,0) 1.0
	(1,6,52) 1.0
	(1,8,51) 1.0
	(1,9,49) 1.0
	(1,10,40) 1.0
	(2,5,47) 1.0
	(2,7,63) 1.0
	(2,8,35) 1.0
	(2,10,58) 1.0
	(2,11,5) 1.0
	(2,12,40) 1.0
	(2,13,29) 1.0
	(3,0,14) 1.0
	(3,1,5) 1.0
	(3,2,55) 1.0
	(3,3,20) 1.0
	(3,4,63) 1.0
	(3,6,30) 1.0
	(3,7,48) 1.0
	(3,8,58) 1.0
	(3,9,20) 1.0
	(3,10,58) 1.0
	(3,11,63) 1.0
	(3,12,51) 1.0
	(3,13,51) 1.0
	(4,0,31) 1.0
	(4,1,7) 1.0
	(4,2,31) 1.0
	(4,3,30) 1.0
	(4,4,56) 1.0
	(4,6,37) 1.0
	(4,9,32) 1.0
	(4,11,30) 1.0
	(4,13,43) 1.0
	(5,0,17) 1.0
	(5,1,39) 1.0
	(5,2,9) 1.0
	(5,3,25) 1.0
	(5,4,53) 1.0
	(5,5,17) 1.0
	(5,6,53) 1.0
	(5,8,44) 1.0
	(5,10,38) 1.0
	(5,11,40) 1.0
	(5,12,57) 1.0
	(5,13,56) 1.0
	(6,0,54) 1.0
	(6,1,16) 1.0
	(6,2,50) 1.0
	(6,3,26) 1.0
	(6,4,22) 1.0
	(6,6,1) 1.0
	(6,8,4) 1.0
	(6,9,20) 1.0
	(6,10,15) 1.0
	(6,11,9) 1.0
	(6,12,64) 1.0
	(6,13,19) 1.0
	(7,0,59) 1.0
	(7,1,4) 1.0
	(7,3,9) 1.0
	(7,4,53) 1.0
	(7,5,25) 1.0
	(7,8,17) 1.0
	(7,9,31) 1.0
	(7,10,44) 1.0
	(7,11,40) 1.0
	(7,13,42) 1.0
	(8,1,47) 1.0
	(8,2,42) 1.0
	(8,3,22) 1.0
	(8,4,42) 1.0
	(8,5,0) 1.0
	(8,6,44) 1.0
	(8,11,22) 1.0
	(8,13,9) 1.0
	(9,4,17) 1.0
	(9,5,53) 1.0
	(9,6,1) 1.0
	(9,7,61) 1.0
	(9,9,14) 1.0
	(9,11,62) 1.0
	(9,12,19) 1.0
	(10,0,52) 1.0
	(10,2,13) 1.0
	(10,4,5) 1.0
	(10,5,39) 1.0
	(10,6,9) 1.0
	(10,7,11) 1.0
	(10,8,63) 1.0
	(10,9,53) 1.0
	(10,12,59) 1.0
	(10,13,41) 1.0
	(11,0,39) 1.0
	(11,1,14) 1.0
	(11,2,58) 1.0
	(11,3,0) 1.0
	(11,4,39) 1.0
	(11,7,56) 1.0
	(11,8,40) 1.0
	(11,9,12) 1.0
	(11,10,44) 1.0
	(11,11,64) 1.0
	(11,12,29) 1.0
	(11,13,34) 1.0
	(12,7,50) 1.0
	(12,9,3) 1.0
	(12,12,41) 1.0
	(13,0,29) 1.0
	(13,1,50) 1.0
	(13,3,51) 1.0
	(13,4,23) 1.0
	(13,6,11) 1.0
	(13,10,19) 1.0
	(13,11,56) 1.0
	(14,0,1) 1.0
	(14,1,7) 1.0
	(14,2,56) 1.0
	(14,3,38) 1.0
	(14,4,2) 1.0
	(14,5,64) 1.0
	(14,8,23) 1.0
	(14,9,17) 1.0
	(14,10,16) 1.0
	(14,11,48) 1.0
	(14,12,32) 1.0
	(15,0,13) 1.0
	(15,1,41) 1.0
	(15,2,25) 1.0
	(15,3,62) 1.0
	(15,4,11) 1.0
	(15,5,1) 1.0
	(15,6,24) 1.0
	(15,7,20) 1.0
	(15,8,35) 1.0
	(15,9,9) 1.0
	(15,10,53) 1.0
	(15,11,4) 1.0
	(15,12,60) 1.0
	(16,1,38) 1.0
	(16,5,64) 1.0
	(16,7,6) 1.0
	(16,8,50) 1.0
	(16,9,29) 1.0
	(16,11,2) 1.0
	(17,0,22) 1.0
	(17,2,19) 1.0
	(17,7,7) 1.0
	(17,8,46) 1.0
	(17,9,29) 1.0
	(17,10,51) 1.0
	(17,12,36) 1.0
	(18,0,10) 1.0
	(18,2,21) 1.0
	(18,3,1) 1.0
	(18,6,18) 1.0
	(18,7,48) 1.0
	(18,9,53) 1.0
	(18,10,59) 1.0
	(18,12,47) 1.0
	(18,13,9) 1.0
	(19,0,40) 1.0
	(19,1,31) 1.0
	(19,2,15) 1.0
	(19,3,42) 1.0
	(19,4,6) 1.0
	(19,5,26) 1.0
	(19,6,21) 1.0
	(19,7,32) 1.0
	(19,8,62) 1.0
	(19,9,48) 1.0
	(19,10,1) 1.0
	(19,11,27) 1.0
	(19,12,38) 1.0
	(19,13,44) 1.0
	(20,1,61) 1.0
	(20,3,22) 1.0
	(20,5,55) 1.0
	(20,11,58) 1.0
	(20,13,59) 1.0
	(21,0,54) 1.0
	(21,1,21) 1.0
	(21,5,36) 1.0
	(21,7,29) 1.0
	(21,8,60) 1.0
	(21,10,64) 1.0
	(21,11,44) 1.0
	(21,13,48) 1.0
	(22,4,9) 1.0
	(22,5,8) 1.0
	(22,7,50) 1.0
	(22,11,17) 1.0
	(22,12,25) 1.0
	(22,13,26) 1.0
	(23,0,24) 1.0
	(23,3,42) 1.0
	(23,8,42) 1.0
	(23,9,14) 1.0
	(23,10,11) 1.0
	(23,12,29) 1.0
	(24,0,12) 1.0
	(24,1,48) 1.0
	(24,2,56) 1.0
	(24,3,56) 1.0
	(24,4,34) 1.0
	(24,5,24) 1.0
	(24,6,9) 1.0
	(24,7,5) 1.0
	(24,8,20) 1.0
	(24,9,34) 1.0
	(24,10,11) 1.0
	(24,11,5) 1.0
	(24,12,24) 1.0
	(24,13,59) 1.0
	(25,0,4) 1.0
	(25,1,61) 1.0
	(25,2,15) 1.0
	(25,3,12) 1.0
	(25,4,46) 1.0
	(25,5,9) 1.0
	(25,6,10) 1.0
	(25,8,40) 1.0
	(25,9,30) 1.0
	(25,10,6) 1.0
	(25,11,36) 1.0
	(25,12,17) 1.0
	(25,13,8) 1.0
	(26,0,20) 1.0
	(26,1,57) 1.0
	(26,3,6) 1.0
	(26,5,0) 1.0
	(26,6,57) 1.0
	(26,8,22) 1.0
	(26,9,46) 1.0
	(26,10,14) 1.0
	(26,11,6) 1.0
	(26,12,9) 1.0
	(26,13,43) 1.0
	(27,0,26) 1.0
	(27,2,30) 1.0
	(27,3,56) 1.0
	(27,4,1) 1.0
	(27,6,40) 1.0
	(27,7,30) 1.0
	(27,8,17) 1.0
	(27,12,47) 1.0
	(28,0,7) 1.0
	(28,1,58) 1.0
	(28,3,25) 1.0
	(28,4,55) 1.0
	(28,5,2) 1.0
	(28,6,24) 1.0
	(28,7,4) 1.0
	(28,8,10) 1.0
	(28,9,63) 1.0
	(28,10,30) 1.0
	(28,11,47) 1.0
	(28,12,61) 1.0
	(29,0,61) 1.0
	(29,2,14) 1.0
	(29,4,1) 1.0
	(29,6,18) 1.0
	(29,10,24) 1.0
	(29,11,24) 1.0
	(29,12,39) 1.0
	(30,1,37) 1.0
	(30,6,49) 1.0
	(30,8,34) 1.0
	(30,13,43) 1.0
	(31,0,6) 1.0
	(31,3,42) 1.0
	(31,5,43) 1.0
	(31,8,53) 1.0
	(31,9,33) 1.0
	(31,10,22) 1.0
	(31,11,35) 1.0
	(31,12,20) 1.0
	(32,1,48) 1.0
	(32,2,58) 1.0
	(32,3,12) 1.0
	(32,4,43) 1.0
	(32,6,43) 1.0
	(32,7,24) 1.0
	(32,8,13) 1.0
	(32,9,29) 1.0
	(32,10,24) 1.0
	(32,11,22) 1.0
	(32,12,63) 1.0
	(32,13,46) 1.0
	(33,0,62) 1.0
	(33,2,39) 1.0
	(33,3,16) 1.0
	(33,4,59) 1.0
	(33,5,33) 1.0
	(33,6,17) 1.0
	(33,7,15) 1.0
	(33,8,29) 1.0
	(33,9,0) 1.0
	(33,10,50) 1.0
	(33,11,25) 1.0
	(33,13,49) 1.0
	(34,3,6) 1.0
	(34,4,11) 1.0
	(34,5,3) 1.0
	(34,9,49) 1.0
	(34,10,46) 1.0
	(34,11,20) 1.0
	(34,12,46) 1.0
	(34,13,56) 1.0
	(35,0,34) 1.0
	(35,2,32) 1.0
	(35,3,34) 1.0
	(35,6,48) 1.0
	(35,7,63) 1.0
	(35,9,64) 1.0
	(35,10,52) 1.0
	(35,12,14) 1.0
	(35,13,22) 1.0
	(36,3,25) 1.0
	(36,5,7) 1.0
	(36,6,51) 1.0
	(36,7,7) 1.0
	(36,8,7) 1.0
	(36,9,7) 1.0
	(36,10,34) 1.0
	(36,11,58) 1.0
	(36,13,60) 1.0
	(37,1,60) 1.0
	(37,3,18) 1.0
	(37,4,59) 1.0
	(37,5,44) 1.0
	(37,6,11) 1.0
	(37,8,53) 1.0
	(37,9,44) 1.0
	(37,10,53) 1.0
	(38,0,19) 1.0
	(38,1,10) 1.0
	(38,2,42) 1.0
	(38,3,6) 1.0
	(38,6,47) 1.0
	(38,9,49) 1.0
	(38,10,25) 1.0
	(39,0,3) 1.0
	(39,1,48) 1.0
	(39,4,38) 1.0
	(39,5,59) 1.0
	(39,6,11) 1.0
	(39,7,0) 1.0
	(39,8,21) 1.0
	(39,9,22) 1.0
	(39,10,53) 1.0
	(39,11,18) 1.0
	(39,13,22) 1.0
	(40,0,18) 1.0
	(40,1,11) 1.0
	(40,3,32) 1.0
	(40,6,36) 1.0
	(40,7,1) 1.0
	(40,8,17) 1.0
	(40,10,32) 1.0
	(41,0,42) 1.0
	(41,1,55) 1.0
	(41,4,24) 1.0
	(41,6,14) 1.0
	(41,7,63) 1.0
	(41,8,43) 1.0
	(41,10,63) 1.0
	(41,11,40) 1.0
	(41,12,3) 1.0
	(42,0,7) 1.0
	(42,2,50) 1.0
	(42,3,16) 1.0
	(42,4,26) 1.0
	(42,6,14) 1.0
	(42,9,0) 1.0
	(42,10,49) 1.0
	(42,11,22) 1.0
	(43,0,10) 1.0
	(43,1,24) 1.0
	(43,3,63) 1.0
	(43,4,7) 1.0
	(43,5,30) 1.0
	(43,6,7) 1.0
	(43,7,61) 1.0
	(43,9,29) 1.0
	(43,10,55) 1.0
	(43,11,42) 1.0
	(43,12,8) 1.0
	(43,13,33) 1.0
	(44,3,53) 1.0
	(44,5,11) 1.0
	(44,9,63) 1.0
	(44,10,39) 1.0
	(44,12,0) 1.0
	(44,13,28) 1.0
	(45,3,57) 1.0
	(45,6,51) 1.0
	(45,7,48) 1.0
	(45,8,50) 1.0
	(45,9,26) 1.0
	(45,12,64) 1.0
	(45,13,37) 1.0
	(46,0,51) 1.0
	(46,2,15) 1.0
	(46,3,0) 1.0
	(46,4,30) 1.0
	(46,7,15) 1.0
	(46,8,55) 1.0
	(46,9,8) 1.0
	(46,13,0) 1.0
	(47,0,14) 1.0
	(47,2,6) 1.0
	(47,4,61) 1.0
	(47,5,59) 1.0
	(47,7,15) 1.0
	(47,8,55) 1.0
	(47,9,53) 1.0
	(47,10,33) 1.0
	(47,11,30) 1.0
	(47,12,31) 1.0
	(47,13,1) 1.0
	(48,0,33) 1.0
	(48,1,43) 1.0
	(48,2,33) 1.0
	(48,4,29) 1.0
	(48,5,16) 1.0
	(48,10,2) 1.0
	(48,13,40) 1.0
	(49,1,42) 1.0
	(49,3,29) 1.0
	(49,4,59) 1.0
	(49,5,64) 1.0
	(49,6,25) 1.0
	(49,7,19) 1.0
	(49,8,28) 1.0
	(49,10,45) 1.0
	(49,12,60) 1.0
	(49,13,5) 1.0
	(50,0,32) 1.0
	(50,3,39) 1.0
	(50,4,57) 1.0
	(50,8,14) 1.0
	(50,9,7) 1.0
	(50,12,22) 1.0
	(51,0,45) 1.0
	(51,2,53) 1.0
	(51,3,46) 1.0
	(51,4,48) 1.0
	(51,8,14) 1.0
	(51,9,48) 1.0
	(51,11,53) 1.0
	(52,0,57) 1.0
	(52,3,55) 1.0
	(52,4,3) 1.0
	(52,6,1) 1.0
	(52,7,47) 1.0
	(52,8,46) 1.0
	(52,9,25) 1.0
	(52,11,8) 1.0
	(52,12,3) 1.0
	(52,13,27) 1.0
	(53,0,40) 1.0
	(53,1,61) 1.0
	(53,2,40) 1.0
	(53,3,40) 1.0
	(53,4,34) 1.0
	(53,6,64) 1.0
	(53,7,33) 1.0
	(53,8,32) 1.0
	(53,9,45) 1.0
	(53,10,52) 1.0
	(53,11,6) 1.0
	(53,12,36) 1.0
	(53,13,63) 1.0
	(54,0,22) 1.0
	(54,1,15) 1.0
	(54,2,4) 1.0
	(54,3,13) 1.0
	(54,4,18) 1.0
	(54,5,15) 1.0
	(54,6,16) 1.0
	(54,7,59) 1.0
	(54,8,64) 1.0
	(54,9,22) 1.0
	(54,10,52) 1.0
	(54,11,39) 1.0
	(54,12,56) 1.0
	(54,13,25) 1.0
	(55,4,7) 1.0
	(55,5,45) 1.0
	(55,6,30) 1.0
	(55,8,57) 1.0
	(55,10,6) 1.0
	(55,11,17) 1.0
	(56,2,13) 1.0
	(56,5,2) 1.0
	(56,8,17) 1.0
	(56,9,22) 1.0
	(56,12,17) 1.0
	(56,13,10) 1.0
	(57,0,61) 1.0
	(57,1,19) 1.0
	(57,4,20) 1.0
	(57,5,44) 1.0
	(57,8,59) 1.0
	(57,10,33) 1.0
	(57,13,47) 1.0
	(58,1,56) 1.0
	(58,2,21) 1.0
	(58,3,54) 1.0
	(58,5,21) 1.0
	(58,7,53) 1.0
	(58,9,60) 1.0
	(58,11,49) 1.0
	(58,13,38) 1.0
	(59,0,14) 1.0
	(59,2,1) 1.0
	(59,4,33) 1.0
	(59,6,52) 1.0
	(59,7,35) 1.0
	(59,9,11) 1.0
	(59,10,61) 1.0
	(59,11,54) 1.0
	(59,13,35) 1.0
	(60,2,60) 1.0
	(60,4,1) 1.0
	(60,6,46) 1.0
	(60,9,31) 1.0
	(60,10,19) 1.0
	(60,11,10) 1.0
	(60,13,1) 1.0
	(61,0,45) 1.0
	(61,1,7) 1.0
	(61,2,5) 1.0
	(61,3,33) 1.0
	(61,4,31) 1.0
	(61,5,29) 1.0
	(61,6,64) 1.0
	(61,7,19) 1.0
	(61,8,22) 1.0
	(61,9,15) 1.0
	(61,10,38) 1.0
	(61,11,34) 1.0
	(61,12,47) 1.0
	(61,13,4) 1.0
	(62,0,0) 1.0
	(62,1,37) 1.0
	(62,2,64) 1.0
	(62,4,61) 1.0
	(62,5,5) 1.0
	(62,6,5) 1.0
	(62,7,60) 1.0
	(62,8,9) 1.0
	(62,12,46) 1.0
	(62,13,35) 1.0
	(63,0,64) 1.0
	(63,1,9) 1.0
	(63,2,12) 1.0
	(63,3,31) 1.0
	(63,4,15) 1.0
	(63,5,62) 1.0
	(63,6,8) 1.0
	(63,7,9) 1.0
	(63,8,18) 1.0
	(63,11,19) 1.0
	(63,12,26) 1.0
	(63,13,40) 1.0
	(64,1,27) 1.0
	(64,2,16) 1.0
	(64,4,52) 1.0
	(64,6,54) 1.0
	(64,7,7) 1.0
	(64,8,16) 1.0
	(64,9,16) 1.0
	(64,10,3) 1.0
	(64,11,46) 1.0
	(64,12,14) 1.0
	(64,13,4) 1.0
