1000
0.62954657654
0.00539475304146
0.0100263019278
0.0435580075407
1.61139378575e-07
1.76850460614e-08
9.37646315315e-15
1.35061769292e-24
6.03894309409e-05
1.24397170543e-26
3.77211011535e-49
9.64110572146e-12
0.00559703921823
1.18234692339e-05
0.0108700140393
0.00600691379123
1.1032583558e-12
1.12939032894e-19
0.00383441917448
8.545594427e-08
5.83773588272e-06
1.30920100479e-06
1.47173577809e-17
3.47382269476e-09
0.000649807363255
0.00803800358443
8.1359475135e-07
4.35288897658e-44
5.00531059821e-28
0.00338814108692
1.60288978822e-10
4.57617024981e-18
8.17248839213e-17
2.34688939751e-07
5.56977066898e-25
1.2160326368e-20
7.13199105612e-15
1.24626234658e-09
1.33928381303e-07
3.37045542082e-46
1.29103184953e-10
0.0218108981272
1.41361794104e-08
3.52661107261e-36
1.64096876108e-06
5.18225239835e-12
5.10153215705e-25
7.36254683542e-05
8.71039156716e-19
2.69057737892e-10
9.21698764937e-15
1.66927172102e-05
1.23432869058e-11
3.07778053389e-13
1.02961720643e-05
3.93106650908e-06
0.000281021923107
0.000225947384826
3.90813197368e-20
0.0158160729587
8.68745899865e-19
0.0141077058033
5.33719142242e-05
1.49746725203e-24
0.000415000120709
0.00246621544346
5.06719852976e-18
1.34057947333e-23
7.49680959803e-27
1.51344864993e-20
4.20087025105e-13
0.000584821398978
2.58938938211e-06
0.0146140677483
1.80772129819e-11
1.24539010434e-23
2.63223315142e-24
3.99120241173e-05
0.000262394070447
2.46354254777e-15
3.81270703525e-18
0.00220450641778
1.55811452815e-12
5.09427911303e-21
4.44312615368e-07
1.62193626854e-09
2.6742097973e-14
0.000160776208366
0.000435584903132
0.000111359299244
0.000215592406593
1.48043925663e-08
4.79307634327e-18
7.63923485388e-15
0.000765543269146
3.20625714002e-34
1.93898411817e-14
4.7042396608e-09
7.59272865594e-05
1.45405044352e-06
6.84219232257e-16
4.74632769946e-09
1.4359273885e-11
4.09660606824e-16
3.14065233986e-21
3.61529698339e-05
1.15908378241e-18
2.6345358788e-07
1.03179316884e-05
6.02489716876e-05
6.94003385671e-07
1.04203473728e-10
1.08676947207e-05
0.000359203312066
6.28925735647e-09
4.46167442603e-05
1.71166896538e-07
1.44932509924e-09
2.18740771143e-44
0.000758626461051
2.26760646034e-13
0.00428895449785
1.866398324e-07
4.17684634339e-06
4.3181810519e-08
2.54047690314e-27
4.47667474262e-15
1.02428796042e-20
9.93893189997e-17
5.94175385213e-08
4.50761990926e-05
4.19334365253e-24
3.75190551779e-23
0.0184627552454
3.50980571063e-18
1.96114119506e-08
5.19438950377e-07
2.49762233266e-15
1.66342896465e-15
5.70799084289e-10
0.0156140561434
0.030924851508
5.80819257466e-25
5.01971451132e-07
1.33254486589e-07
0.0052897796622
4.56335739513e-08
5.95628284032e-11
0.000123056025384
3.37642468041e-05
6.07514809363e-10
1.81287320956e-19
2.11940953583e-24
1.60980269194e-16
3.66979722709e-21
2.57574774195e-08
0.0028737501425
2.31770337068e-13
3.08214005454e-52
4.84453187008e-12
6.07541522496e-08
3.61544447008e-15
5.1647860363e-08
8.74685936069e-05
0.00195778745008
0.00130456427929
1.30868582589e-26
4.01598115094e-07
5.40815136859e-22
5.61634041948e-05
6.58023391043e-11
0.00817814369933
3.15627502876e-32
0.00121823945728
1.21551237867e-07
5.38367735773e-17
5.28074346004e-15
0.000691141938207
4.75524302932e-18
3.977785716e-09
5.73464109004e-05
3.94572911455e-11
7.5105337055e-18
1.49711783913e-05
2.93600968846e-15
3.81400674813e-09
6.01562786561e-05
5.51942070656e-05
0.0021189508438
1.33409721769e-18
2.81305814995e-09
0.00117274929455
2.34638173845e-06
9.03490281706e-21
2.46474637755e-12
7.50193926292e-32
9.89501440017e-12
5.36163952904e-16
0.000576328790987
6.43126954356e-11
1.01867806852e-09
6.73913473958e-12
7.32654893672e-05
4.58920138921e-15
0.000163902334193
3.67472628833e-05
7.24538902424e-08
0.000328223091764
0.00327849792643
0.00055162184037
3.75568693798e-09
6.383361711e-12
4.65036810366e-31
1.49352909929e-05
1.39353401522e-15
2.17226092504e-20
2.76156224693e-18
1.61549624878e-26
5.32756015057e-33
0.000663812287247
2.72982747507e-07
6.11283978731e-05
1.60747111991e-09
7.80257817063e-05
0.000192054076975
4.35506425323e-07
7.83828861245e-16
0.000615941898566
0.000269420844189
7.01785425442e-24
5.06996546103e-24
0.00171887822044
1.81653065035e-07
5.86800159263e-10
3.05210838655e-05
0.000360142928115
1.1029685519e-19
6.43509840774e-14
7.16170913894e-10
7.69098607627e-21
1.29021452706e-09
0.000975917495116
0.00155823130309
7.9653174903e-21
5.88018673119e-18
1.21627741156e-21
2.23029470534e-07
0.00579066731749
1.26268198308e-05
1.63809792618e-06
1.09004656353e-07
4.90332194014e-06
1.35335609081e-06
5.59462706081e-13
3.41981336783e-34
1.96309015492e-17
5.27861411663e-38
1.79408598083e-17
0.000193033911298
2.73166282102e-24
4.351980023e-19
1.49507941191e-12
1.12568556457e-11
9.21111163673e-05
9.04365966419e-09
3.47443113115e-20
1.03421964786e-15
1.08032110168e-05
9.90631091911e-16
2.02446882572e-11
3.60821633232e-10
1.11581185899e-27
3.29582572342e-12
1.41899918739e-25
2.54436442153e-24
2.76123846932e-16
5.98728480603e-17
7.92160350729e-10
0.000517499155273
4.87068722921e-33
1.26216075284e-10
4.00489025265e-08
7.09951103384e-32
2.36040778955e-06
1.80669125227e-09
1.22309980524e-21
1.29719183473e-18
1.60326085124e-08
0.000519201450886
1.68812569204e-16
2.14067793628e-36
3.8095924477e-11
1.72336336263e-07
4.62891811068e-06
0.00301732337465
1.08220319726e-39
1.22003028198e-06
9.38385901511e-15
3.17596954989e-06
2.77667118208e-06
7.40023250229e-23
9.11327030344e-05
5.48644013635e-31
5.91733570363e-13
0.000825531122019
1.19731844469e-09
0.000132196171492
3.3321135345e-16
2.76379996456e-05
4.17797565569e-14
0.00583250888433
1.48399840167e-21
5.71465118159e-07
2.25702790855e-34
1.56367823467e-12
5.83946122229e-06
0.000335110196127
3.18600740975e-16
9.60350424684e-29
1.74103330079e-14
9.7805788159e-17
1.63967714026e-11
5.80326717693e-06
9.15732302796e-10
7.07219630927e-05
1.43878089127e-08
2.21448046098e-16
0.000406145554612
3.18234561524e-15
9.97849567546e-32
8.90482349005e-07
1.44211744915e-24
0.00026093693121
3.60958141707e-06
1.63650846636e-06
2.1481979659e-06
9.17464363089e-19
3.06503383087e-08
3.16895953477e-07
4.61241229214e-29
4.31190618307e-05
3.27735010157e-25
3.85295103852e-16
5.74900022003e-14
6.86337094782e-05
5.23712031993e-05
1.33572075767e-09
2.04894669407e-23
5.33017178662e-13
1.31062599963e-06
4.64057731043e-10
3.97412866068e-14
5.57021804774e-06
6.20222305376e-06
5.99620355877e-07
3.55626504167e-09
1.26713099142e-27
1.33315122075e-06
4.87385161778e-24
1.64027124937e-09
3.30052447549e-07
7.59132423938e-09
3.90415874866e-07
1.29152404996e-13
1.19422513891e-08
0.000103885527091
0.000601816644662
7.67342810867e-16
1.88160883524e-06
1.15845039279e-23
0.000184181200407
3.86122199932e-05
2.56585963197e-19
3.15608502284e-18
1.18049135205e-09
4.54664938771e-14
7.01448139625e-11
0.00110629650859
1.0528047976e-05
9.24994930882e-15
0.00103531095463
6.24723337547e-14
0.00829130057547
3.02016176387e-06
3.53631828585e-06
0.00103435858027
1.17094160937e-07
1.19529453433e-36
4.82455771027e-08
1.11223846051e-11
7.88382115666e-08
2.81403808345e-13
8.88098759066e-06
3.90738187431e-10
1.03362037657e-10
2.240676565e-08
3.4010262498e-12
1.12771186751e-11
1.25571653111e-10
8.02022647176e-09
2.98440047902e-12
7.00455448752e-11
0.000139111886736
1.54962007271e-07
3.23955868705e-22
1.4386335512e-11
1.74635071488e-09
1.66867144021e-55
2.67434605217e-07
1.00489450413e-16
1.42181483439e-08
8.07283427245e-38
0.000167130689264
0.00222832328714
5.32705322338e-06
0.000289293152621
4.55504369798e-07
1.16278285555e-34
0.00153705400762
1.87801875022e-14
0.000194839520716
2.74529899375e-08
0.0064461341796
2.57136469561e-10
5.44981116326e-17
7.66057494624e-06
9.26424077571e-13
1.06776977423e-16
8.22259955333e-06
0.000111373466396
5.75738346384e-22
4.12998151009e-17
1.67604605617e-07
8.33133354075e-28
3.51805632684e-17
1.04735861699e-13
6.4119956823e-40
3.62314952498e-12
0.00120688243871
2.32423529749e-05
5.54466330351e-07
0.000108599869743
0.000746481805549
0.000116394154769
1.05544191882e-06
2.01244845365e-18
9.55264502028e-15
5.64086431856e-05
1.4476739453e-10
0.000864843015476
5.73024939017e-23
3.52108524069e-06
1.85537502933e-10
9.2645630206e-17
5.97847349006e-06
1.13826492111e-05
2.43288923392e-07
2.95269479399e-09
0.000275104865107
1.41815577853e-14
4.77033612575e-05
0.0054796434966
4.30034678447e-20
3.91606161504e-06
1.51788431657e-08
9.48437131118e-07
6.01341386094e-13
4.62428844267e-12
1.20680508975e-17
0.00067335666632
0.000425654809499
7.23396814953e-10
2.81544565698e-08
3.90515877363e-05
1.260841919e-05
6.02637913846e-19
7.26596586719e-14
1.5791323581e-12
1.31869763032e-23
1.40074354266e-19
4.87036327021e-41
4.68016271807e-08
8.50516862092e-10
1.25275690693e-07
6.67430358111e-08
2.41523685639e-06
4.97638336834e-12
1.22946319218e-16
2.90589102038e-11
1.66997226288e-09
6.00316271921e-12
1.47864600173e-24
2.38291565342e-10
7.32266630073e-10
3.64793716103e-20
1.7436685906e-13
0.000952328941327
1.78542580204e-10
2.0930611129e-14
5.45436343591e-07
2.35366835968e-19
1.71583159697e-20
0.00119545185576
0.000234336499556
3.41633882003e-34
2.21506468239e-07
2.93838779436e-38
9.81400184764e-12
0.000754010139936
6.13734591545e-05
2.806187095e-31
2.08356867254e-33
1.66421623062e-05
2.16108821646e-18
3.57407937893e-09
0.000471983442584
0.000396770612335
1.01749540229e-13
5.89406489218e-23
1.5754846418e-09
2.59725132377e-09
3.69300230463e-10
0.000981647852994
5.78458263065e-18
1.71402551267e-18
1.37981686359e-13
3.83491745248e-40
5.07568520608e-07
6.04203362923e-21
4.51565868016e-16
1.25866125205e-19
1.9936822365e-12
2.28245206389e-06
1.87452133128e-11
0.000186861775527
3.22081881605e-10
3.43490850864e-22
3.01063975707e-11
1.29736289653e-05
1.96045654491e-16
5.35735630333e-08
2.47062044432e-17
4.46522236175e-12
0.00138015688786
1.62365747779e-12
9.13701143692e-18
1.67756908742e-06
0.000405580573737
7.5110756441e-07
2.61788810274e-15
7.24124471717e-05
1.79644612244e-10
3.10398181669e-13
3.20707255549e-15
3.22520065904e-05
1.3092962864e-16
8.19071068284e-24
2.61729754291e-07
2.3675620625e-10
2.81223002698e-13
1.08935306115e-06
4.72277567675e-17
5.47865151426e-09
3.15059531397e-09
8.14005485245e-05
6.69482832369e-16
4.50432406691e-06
6.60916125912e-11
3.04294499471e-05
3.88710731316e-07
2.75861760457e-12
2.05973612608e-15
3.12441827472e-16
0.000148464032465
1.86205893157e-07
8.81782419554e-19
1.3109581099e-05
5.44817639338e-34
4.0473614198e-06
1.04651702962e-16
8.0619704042e-14
9.65773070507e-08
1.81811921141e-17
6.12209988725e-20
8.30662688384e-07
6.41045256586e-21
1.11715659397e-09
3.1102365581e-16
8.30322629937e-16
3.05896421906e-11
2.9697962468e-13
5.60278362115e-08
6.15962608279e-05
5.63604325165e-23
6.16017824569e-12
8.36342863762e-08
6.14600104777e-05
1.41321976893e-25
1.51844741989e-05
7.3056451368e-19
2.0987924799e-32
0.000158779401012
7.5586035605e-20
6.21647350753e-07
7.06229075368e-07
2.18005423633e-10
4.33650869851e-11
3.45242849442e-17
5.34303892293e-17
1.8523801798e-11
0.00016220082003
3.31622010767e-10
0.000269105808844
4.64734118895e-12
4.06450158078e-37
1.42499995234e-24
4.64927968827e-11
1.96290235991e-07
2.88757937704e-05
1.11913079551e-12
0.000627292227428
7.5691402075e-10
2.25246455104e-19
3.20251602887e-08
3.50320718729e-07
5.29509616075e-40
1.64072375959e-43
2.97834001344e-13
8.89128874047e-10
1.68843013339e-08
6.28984617859e-69
8.4027121349e-10
5.60165676663e-07
2.40148215586e-08
1.12714230183e-09
2.9592990662e-09
2.35513277709e-23
7.65383612664e-06
0.000573827961058
3.48958029273e-19
1.95844806895e-09
2.31196328971e-06
0.000803004865486
1.11060574466e-10
2.39000150496e-07
0.000969810900451
1.2572452699e-09
5.10998713324e-17
2.02595880872e-16
3.54498546828e-14
0.000601437976289
7.00927860188e-32
5.29330409981e-09
1.27723010241e-24
0.00276114758942
5.18773985936e-13
2.48328742607e-46
2.13104949698e-07
7.85908489803e-19
3.94305589965e-17
4.79996335443e-11
4.66343570192e-11
3.23831883596e-07
1.23232819114e-12
5.40642184342e-11
1.94401068451e-06
3.17021751238e-31
6.81516437251e-06
1.1284083102e-21
1.69333668043e-17
5.43616483882e-30
1.44943822328e-06
4.87284762376e-47
0.000319002024851
1.48561209101e-18
1.02692817062e-36
6.13111446918e-08
8.49363651755e-05
2.83058731595e-05
1.0823562541e-11
0.00109770506745
2.16931937657e-07
1.43207014568e-09
3.7771892884e-08
6.21699821388e-05
3.49606442412e-06
1.60522120384e-07
0.000159911843309
5.895753481e-06
1.19017080695e-23
2.63521505126e-08
4.21621848435e-05
2.43815532624e-08
7.02660483923e-10
9.99942991736e-27
7.45258797087e-22
3.29579376254e-05
1.24307497636e-26
6.37508650668e-09
4.41100096019e-10
1.52915152752e-26
5.9928485851e-17
6.60455445154e-05
3.28062478122e-11
4.4238617758e-05
1.21079103848e-13
4.65952251283e-07
5.99089713004e-06
1.28798002483e-12
1.63480382338e-11
2.40011621289e-08
6.429827465e-09
4.31804331967e-11
2.02708616582e-10
1.73422124437e-11
0.00173666246955
3.73253423001e-07
5.3142404344e-35
1.37274531562e-11
3.4154479674e-28
5.35123072631e-05
5.11586674821e-08
2.77716553355e-17
1.8309335497e-06
9.05786539807e-17
0.000331626469858
1.48955772342e-14
1.44904672555e-05
8.37778139934e-18
6.68418850789e-20
1.4582731294e-05
1.30265536221e-14
1.39665725789e-10
5.36705621203e-05
2.59770804146e-06
1.99829144119e-15
2.79612000988e-11
5.76149217174e-36
4.11488409397e-06
5.17073679995e-08
3.0001832123e-07
2.00232724507e-07
1.56221418456e-11
5.43106716335e-07
7.14776145664e-12
2.31899630922e-18
2.52431696464e-27
2.27071954571e-22
8.87037393779e-10
5.04998246914e-06
7.56763778455e-34
2.63826444883e-05
2.30214267825e-06
1.40823924471e-06
0.00091778902881
1.00964747323e-09
1.78184647776e-14
6.16851855231e-23
2.51325924003e-20
1.54797490875e-11
1.3545954465e-13
2.51549494533e-26
3.17807164633e-08
0.00162580562593
9.54519244681e-05
0.000537602429361
7.10618700083e-37
4.42816425979e-07
3.62546989956e-12
2.32153411736e-05
4.15528251346e-09
7.06244834239e-18
1.08135672654e-06
3.22407553405e-22
6.48491938649e-14
1.98754759602e-06
7.70950456158e-22
2.24197466079e-10
0.000170636192597
2.07528052886e-09
1.9567089247e-10
5.14397317744e-16
2.77616134978e-07
1.65562185831e-17
7.157096346e-08
0.000565874840213
1.05037554573e-05
1.94472727183e-15
1.16013719084e-18
5.80528924953e-21
2.50026296992e-14
5.75394895486e-18
0.000437299886431
3.71633577583e-13
1.45602380688e-15
3.06480786308e-23
0.000126118674883
5.2200068037e-05
1.13805234642e-13
1.27632211885e-29
1.05713172413e-06
7.94066662402e-08
5.44600210592e-20
1.8172854542e-23
3.3347480926e-15
6.49311559391e-56
4.4896228963e-05
1.30327450996e-10
1.61910528647e-20
1.40745175075e-05
3.95559142662e-05
2.51288617544e-26
5.682203278e-05
1.82864553726e-06
6.13554307522e-19
1.82849656781e-17
0.00260274676614
1.57059185355e-14
1.12378343966e-14
2.56969594737e-06
2.09796779675e-47
1.7136226545e-20
1.53692602043e-12
5.28122591353e-17
1.29441734129e-05
7.17864924451e-17
1.83386592527e-08
1.70663023591e-08
1.15138062721e-09
3.35102401456e-05
5.35306508738e-35
5.69626099114e-25
4.31964495754e-05
3.07734455754e-11
6.44867314307e-21
1.49003953814e-10
3.45578553018e-35
7.18386988357e-06
0.000385559001287
0.000360209116383
1.82103053446e-11
4.08179939954e-21
4.98081381432e-19
6.6172337739e-07
6.61861661898e-16
3.46828819972e-18
9.27325542737e-16
3.13076460947e-12
1.91323147351e-24
4.22822529375e-15
6.5357729228e-13
3.14919305794e-26
8.68039055103e-15
8.22497957772e-13
8.27762817834e-06
1.27834418778e-05
0.000511811223194
3.71186632879e-08
1.12422118102e-08
1.11220098644e-13
3.64700778846e-05
7.1617453556e-09
0.000854003474481
1.06289597698e-09
3.07357091721e-36
4.59757809197e-12
0.00011974794868
5.82018341963e-15
3.34140947205e-13
0.000501064366923
1.27955697889e-05
3.35123031129e-06
1.48354419488e-05
6.30319898267e-08
4.67252372014e-10
3.37523309644e-07
3.19096314047e-06
1.23132881289e-13
2.26125006893e-06
1.68199611734e-06
3.85847127053e-13
7.8102600683e-11
5.61591302735e-25
0.0025588872
1.01131275605e-36
1.85346247531e-08
2.0042967167e-12
4.69064718048e-08
4.66854348839e-35
6.85019409841e-10
9.49023562935e-05
7.15288252511e-14
4.68898670316e-15
2.30046376854e-25
4.31890051927e-15
1.22744683263e-07
1.46510373923e-16
1.63075704096e-06
2.20676399231e-24
1.94337985613e-05
4.08554193001e-27
4.06493694284e-09
2.68148802845e-05
8.84803445831e-08
0.00108159450094
2.05518945316e-10
2.94876108191e-14
1.74675807164e-32
1.66595859593e-33
2.55475630507e-13
9.55626624489e-06
9.40545701439e-06
3.32623827967e-45
2.68248073979e-11
1.7911182017e-15
2.46048313339e-14
3.10817897891e-15
2.76759495928e-09
1.71228419509e-17
3.59916450227e-32
2.96087183144e-32
2.42558486535e-05
5.16524706914e-06
2.89261758535e-23
0.0003459229705
4.49919280023e-06
0.000592260518823
3.99916813402e-09
5.01473911963e-20
2.08890553015e-07
1.3540421891e-18
8.6219591798e-18
6.35984813398e-06
7.99800055933e-09
1.68670509974e-12
7.71247438752e-08
1.28660470424e-08
8.06825494245e-23
9.49980487205e-21
3.06656925883e-08
1.48881296752e-08
0.000331333869206
7.92539024e-18
4.11412552942e-19
3.94060556053e-05
0.000141648733288
2.16402510262e-14
4.47923606507e-11
5.71449750192e-18
2.90536123578e-06
2.09837354154e-15
1.26051795125e-13
0.00216460997475
4.52950459859e-14
2.84404250718e-06
6.15332096041e-16
9.11015320275e-13
1.13100564294e-23
2.86558475089e-20
1.75613715093e-05
0.000334408613197
0.000476769903186
1.51516499295e-08
1.46800258383e-09
2.76226941966e-21
2.64181895491e-15
5.23526560829e-06
1.11811471992e-10
1.23091243252e-27
3.34547255904e-13
1.38223959155e-05
4.90654747533e-18
3.38932791098e-20
1.45073785346e-28
3.07350041396e-10
7.67130034749e-05
5.01104895505e-13
8.42298156959e-06
2.63181634042e-07
9.62494993567e-08
0.000963751878594
9.52378601104e-13
5.67423673257e-13
8.47453861528e-05
2.32344676089e-07
7.05764691611e-05
5.67141287888e-05
6.48687100439e-11
3.31935343642e-14
5.92068517999e-11
3.22493136364e-12
8.57452132963e-10
0.000126402004143
2.15923073452e-05
5.04960269534e-07
1.89382877485e-16
7.1222204081e-06
2.20448657145e-20
8.43766201994e-06
4.29430352704e-28
