1000
0.0923272693821
0.000119933483411
0.458947938077
0.000384845299483
0.000213624353301
2.83906145621e-07
8.78989735125e-05
1.36433929194e-09
0.00602394310024
6.93246860884e-05
2.24609452796e-26
0.00429746409849
0.000184176165443
5.89370217407e-08
1.69373186322e-23
1.28810393193e-10
1.21683576499e-13
2.77908313697e-05
0.0852459420735
1.96934602179e-19
1.84846438226e-05
2.82098210542e-06
1.70471600618e-15
1.61513050231e-23
4.36793397477e-06
8.76621325151e-05
1.50571398442e-10
2.32847811629e-15
6.60163580758e-10
4.62102600598e-06
7.98000063518e-19
5.5282149802e-09
6.35540548286e-05
7.21475808636e-06
2.88861532658e-11
0.000961939107185
0.0279027792249
7.56903080695e-13
0.000339778368068
0.0278230221414
7.92966971299e-08
9.46038571118e-27
2.03992256029e-06
1.27770318594e-15
2.59030338196e-18
9.947748897e-27
2.88235002058e-11
1.32068055119e-19
2.48525321759e-09
0.000957197440453
4.01978944703e-10
0.000405049503595
3.83547333641e-08
4.32487918773e-05
6.73849414253e-05
3.91805171092e-08
0.000212610626591
4.74800712479e-12
8.39071823345e-21
0.000567876536983
4.40000328237e-34
1.10171638108e-21
1.0528270507e-06
2.71620281581e-05
1.31189027987e-07
2.67613849324e-06
3.60380731897e-07
9.91407996282e-12
1.6587621834e-06
6.86513977896e-21
3.20612031907e-09
3.20845353221e-06
0.00397388408637
8.47602028941e-24
5.5641843274e-05
2.77162463555e-09
0.000131563817166
1.82224367835e-06
2.21675776478e-08
2.81559385211e-07
0.000223873563418
1.72091739717e-09
3.251868342e-30
9.85933825172e-12
3.26015474832e-18
0.00222700194151
0.00142157271047
6.55785119681e-10
0.000175198154401
9.46415833257e-14
5.83946035408e-08
0.00631657284617
0.0503080851072
4.6351716566e-10
0.00113885371171
1.51201181289e-10
1.00096377323e-05
9.00092502976e-16
2.05614150787e-06
3.98748053274e-14
5.96885665313e-14
0.00446775631922
9.90232798463e-06
2.68001246302e-15
1.40116946506e-08
1.0207487646e-05
0.000163038193958
1.36986839901e-12
2.28156670878e-06
1.65454939101e-21
0.00427355163319
1.66401244401e-09
5.77864795383e-12
5.64747696393e-18
3.53585118831e-09
2.45388887504e-11
0.00117659818753
0.000637637895322
3.57875317932e-06
0.00673944814936
2.94610470799e-34
4.45377141648e-10
0.00361215943824
0.00875547220149
0.00237191830524
7.07427757989e-14
0.00733461584871
1.69285013429e-05
2.79118844511e-17
2.06855772663e-12
3.07696992325e-08
1.82383133739e-12
7.72459518458e-06
0.00079204914796
1.92653920819e-06
0.0017522035605
6.66270366483e-18
2.62168083836e-06
1.80223758094e-57
2.16410435231e-05
3.87571077386e-08
7.82972915004e-05
1.4701914342e-19
5.88506436761e-12
7.97561972233e-05
1.43072079056e-15
0.00392957450962
1.53864035357e-14
8.37597270051e-06
1.24186531423e-10
2.01435555108e-06
1.80819276209e-22
1.7192243481e-24
4.35961303807e-08
2.46658785476e-05
8.73051749572e-08
0.000590550130708
1.00602631853e-06
8.28218133486e-13
5.38480675563e-10
1.04607961643e-07
7.98607079138e-09
1.41392371565e-06
3.1182570716e-10
1.44451822935e-06
0.000264783075131
0.000106378569214
0.00221320321495
0.000172582266488
7.72793196062e-06
0.0277330031858
6.72329410434e-10
1.05972760285e-05
7.78874634269e-05
5.27234604513e-07
0.000164277665588
8.08444535889e-11
2.81470846159e-12
9.65693362443e-10
9.2008033262e-07
1.07747459819e-08
3.58491218019e-21
3.82588003609e-06
2.33658282273e-10
1.26131583724e-10
3.14747707822e-19
7.29614919661e-23
2.46701786222e-28
8.71596202526e-05
5.59836116756e-16
0.00478086795788
8.19518619284e-09
5.38247318143e-17
1.56370924992e-22
3.07790454285e-07
0.000102435952542
4.63093252815e-09
9.34239655481e-06
1.78936657419e-06
0.000734891338234
5.40035324982e-09
9.89991818906e-09
1.26138137907e-06
2.90627829138e-09
8.16617106876e-09
0.00629075825645
2.8267840311e-12
9.97320230665e-19
5.59706055661e-16
0.00112381672908
1.79055752601e-07
0.000241217193932
9.38730273534e-09
2.21537705996e-07
1.97540006594e-21
3.39131859344e-11
0.000556394373235
0.000160985808467
0.000337480150426
6.24786179236e-06
7.43584823134e-05
5.54014989105e-12
3.47463196455e-05
0.000104064481095
2.64152790384e-06
5.97466120809e-06
0.00046412141702
1.92217369265e-15
5.28943324738e-23
3.19697199079e-13
5.45987162956e-35
5.50603791182e-07
5.861541965e-10
8.99427576453e-07
2.2676454412e-12
5.02280017368e-08
0.000243638099046
1.3138418168e-12
0.00122893926814
1.30265554865e-09
6.01533456791e-24
1.07528875537e-24
1.66881845031e-16
1.23071730564e-05
2.81015363698e-12
1.2947365147e-11
2.24447683656e-08
2.76374066472e-34
3.36441371902e-36
0.000387332546964
6.10481458839e-05
1.14539570209e-05
2.91151344871e-23
3.57477586637e-10
2.53488154044e-07
1.35580808862e-14
1.58396058765e-11
1.94748369404e-16
2.42071431745e-07
8.8633680578e-06
0.00104976017503
0.00145390278563
8.95181258371e-09
1.54053963767e-05
9.17361958713e-06
3.02399593271e-09
6.8632461727e-21
4.72125171237e-06
8.53309594549e-07
1.96817429596e-13
0.00143937577993
2.48994352072e-30
7.9020586402e-28
2.08313882956e-12
1.37402415776e-05
2.36647006022e-15
0.000379065623884
6.02642886596e-16
2.47696254217e-17
1.82734207241e-07
9.24395755383e-06
8.47608535838e-05
2.30802779919e-11
1.05234726495e-18
7.20601647423e-11
9.78892000475e-06
4.72901186556e-09
1.82930301146e-19
0.000477355119451
2.64731534123e-09
1.89639435316e-09
2.01176021911e-15
4.27564091046e-09
4.32321842824e-05
5.49235698903e-35
8.80467229574e-13
6.38673052303e-19
0.000995349278489
0.00056938370701
3.57206782717e-10
2.53224940845e-06
1.40686037099e-07
5.12762550296e-27
1.44448289079e-09
2.24637478626e-35
2.32626369554e-26
2.68529853262e-12
8.58329895197e-15
0.000134979162557
5.18832405309e-14
1.03491179579e-09
1.9220940098e-08
8.96418025626e-05
2.38310108772e-05
1.23828848508e-10
3.91099557091e-05
0.000595463700163
5.1484367901e-22
1.64708007144e-08
0.00119342232648
2.33325998443e-09
1.07874952094e-07
1.66058525667e-16
0.000237571818858
1.82051900395e-09
8.72302001607e-09
1.0765857937e-13
9.1334499656e-08
1.35060304274e-20
4.48680196673e-17
8.91926206296e-08
4.89057816244e-15
1.4026559981e-09
1.66735361059e-06
0.000285324889417
3.23278706698e-07
0.000714347690399
1.08459509663e-21
0.00390285798449
1.06681736311e-14
3.66127653797e-16
2.79193691389e-08
1.00983144838e-05
4.91265851622e-05
2.58527504603e-10
0.00402347766135
0.00185914896433
1.42494802442e-12
2.31486526258e-10
0.000455838091712
1.27828609654e-07
6.30698617861e-14
4.99955166058e-08
9.24005880523e-20
1.59435108199e-10
3.7078350542e-08
0.000203575528669
1.37747779697e-08
1.16417514863e-11
8.21548711308e-05
5.31951972849e-18
6.46683554586e-31
4.59956837581e-06
8.0361740416e-07
2.901356337e-12
2.3057663144e-12
2.91714752963e-29
1.82714492446e-09
2.81170549518e-13
2.39799843187e-07
0.00178083604602
9.0743857554e-07
9.68479506156e-07
5.82586260118e-06
8.17787148742e-08
6.63702277151e-11
2.60418770887e-21
4.04510297596e-07
7.53810542296e-12
5.03041486348e-18
7.41489240882e-08
2.92576356754e-32
1.85411197526e-14
1.92293259475e-14
1.29863879228e-08
2.30079338656e-09
1.5480132594e-10
0.00281132098055
0.000100254675231
3.56724404434e-17
4.8161565591e-07
1.80477096378e-06
0.000623612325685
0.000665200530085
2.57886473078e-08
1.97686177533e-20
0.00157436952072
4.15174594102e-10
1.33829898168e-10
4.99054570528e-05
1.35802890447e-24
3.20796859637e-07
2.32129056623e-06
0.00054755023331
1.49833056456e-32
0.000144107507626
1.19091055855e-17
1.81132072045e-13
5.63046833999e-20
0.00679612520362
0.000270999991416
0.00852990161337
7.75038368377e-06
3.71926190192e-06
0.00444799801602
5.35458174363e-11
1.7732957662e-21
2.73974796056e-34
5.7009635025e-06
0.00184226038195
1.05740960944e-10
0.000116114928486
8.85619874863e-10
0.00354848148882
3.9908434093e-17
0.000763636263825
0.00178161076859
0.000894901336196
2.51021112023e-14
0.000103904999851
3.74597183163e-26
3.91759149574e-05
3.84090582987e-09
1.59868958382e-19
3.4117574156e-09
1.76727730692e-10
3.73583390269e-08
1.29238756493e-10
0.000358943470547
6.99723824198e-09
1.61632812596e-07
1.08158957851e-09
0.000589776545503
1.95120208425e-10
1.51837196525e-13
3.17336970118e-07
2.43120356712e-12
4.81085832628e-09
0.000362614250835
0.00120116310723
8.46233360575e-05
4.34691278409e-07
5.93719940257e-16
8.18975373897e-05
2.27615514574e-12
2.06920471473e-08
5.79371058098e-07
2.12456660295e-13
1.91611204542e-10
7.17276714775e-06
1.23444030944e-10
2.96258635613e-06
1.0982888137e-08
1.27963722498e-08
7.55044578502e-10
0.000183939390083
6.77283033825e-05
1.381711885e-08
5.9876538764e-06
1.51101312437e-08
6.16260819622e-07
2.99543919572e-07
3.69250157198e-09
2.01451419339e-42
0.00027664993386
5.48898580559e-26
0.000291150239689
2.38566692707e-05
3.54056245457e-12
0.000966513677547
1.04499463053e-07
1.517694735e-05
8.26078494084e-07
8.76116539196e-17
3.56596856761e-11
3.61652395463e-06
1.14879435433e-13
1.8960750066e-06
1.20539427238e-06
1.31359900984e-21
0.000201423607308
4.35767765233e-11
3.96165113674e-06
2.43819920846e-09
5.14956281945e-12
2.0326035057e-06
4.1671616046e-25
0.00131176511197
0.00208640874635
1.46623708942e-18
0.00022387886743
2.33320611031e-14
1.11004705005e-11
2.11892798556e-06
2.21743883729e-07
1.83994168755e-13
2.17165233355e-20
7.60289210927e-28
2.27688584004e-17
0.000163885988118
1.68898051941e-06
1.73772988666e-09
6.23878819452e-07
5.24518150525e-11
9.52969904509e-16
0.000331068395919
1.22190711069e-10
2.77377289782e-28
7.37549819425e-15
4.14857610048e-50
7.18821335986e-09
0.000145433027223
6.07637432089e-12
3.76785153874e-12
0.000166447935937
0.000385230981663
2.96789387653e-14
1.92977980732e-05
0.00162357397884
7.51944758062e-20
0.000222111848679
2.1870667217e-12
4.80398006447e-09
6.67013271129e-13
0.000912810729011
3.25659670765e-20
4.8695469724e-08
3.51044794172e-10
1.7547161402e-06
2.06638004698e-05
1.97284685351e-11
1.82179967782e-09
4.80110144207e-05
9.45065053833e-18
5.29134160921e-28
5.51136968226e-13
3.56191376681e-08
7.32544104676e-09
2.54405527734e-06
3.84828239581e-18
0.00034113266625
1.90972863444e-09
4.55678349048e-07
2.34422260884e-06
0.00180311567158
1.6218783677e-23
1.14227687146e-05
3.45577451906e-09
8.14999891714e-07
2.54992350444e-06
7.43973004949e-17
1.62722762359e-08
2.35613372576e-13
1.15022926744e-09
1.77419258956e-08
4.95224954819e-05
1.09832389333e-12
3.7872244341e-09
2.63219017305e-19
1.48281014701e-16
5.5664514671e-07
5.99476629791e-09
2.08901527029e-09
5.2898003454e-33
1.04402757312e-06
2.91175266158e-07
2.98191280219e-05
0.000311534385687
2.65512073484e-08
2.01091143115e-09
7.88731386748e-16
2.45247002366e-06
8.88742509308e-07
4.08174373847e-72
0.000883566867615
1.90224332561e-24
2.75829075342e-05
1.41463845663e-16
8.73561233596e-15
1.05232245523e-06
3.02032017262e-05
3.46131756394e-10
2.34279556774e-14
2.64519902591e-05
7.47117689409e-08
1.07259843573e-21
8.47961610049e-15
0.000271162242599
0.000997644999205
5.58073899778e-08
0.00146224449981
1.68542863811e-11
0.000398282825453
0.00113941851346
1.02908389464e-06
1.43699857733e-05
3.0406528071e-06
0.00021190062959
4.58066386866e-14
3.0627810185e-16
2.0922255612e-07
1.2078106002e-07
9.86818987272e-23
1.191362326e-12
7.99669351047e-05
3.58723177666e-13
0.000136525093735
0.00053960717361
8.57888098975e-07
1.92492302138e-09
1.3272282874e-05
3.38020959941e-46
2.52489283985e-07
1.32207720961e-18
1.40471609446e-06
9.13977023545e-06
7.80411878047e-05
1.63210244473e-27
0.000435187843409
2.77933146633e-14
3.49204708428e-06
7.11633310559e-14
1.39946767356e-07
0.00317029904128
2.16528793219e-08
3.69022349485e-12
1.17859347267e-08
0.0015976316287
5.68072797811e-06
0.00041993708096
0.00328480035864
5.87721010514e-12
3.43805138688e-07
0.00477064218362
9.96597246594e-07
1.27463465385e-05
4.91831992121e-17
0.00245016385727
2.62579010277e-16
7.46810890602e-40
4.53557986639e-16
5.63053120704e-06
0.000538509049499
0.00235709447579
3.45213242018e-05
1.13362814538e-27
1.97682884638e-06
4.10468737022e-21
7.93469803785e-24
4.75374224237e-08
4.23989722167e-10
0.000842020185954
5.94052556068e-15
0.000449403230765
5.89447905313e-08
3.86904175712e-12
2.17240385966e-13
4.82390875066e-06
3.98263773599e-09
9.75373828201e-05
8.63180662404e-15
4.14373442565e-06
4.4351907039e-10
4.99490681403e-05
1.19530307289e-11
0.00110319028855
7.03210005685e-21
1.44406372603e-07
2.74333271408e-06
3.95542313159e-10
3.56109922839e-22
9.81436616995e-16
9.57311987515e-11
8.57148084118e-20
2.80323913342e-14
1.91113653158e-06
1.7144228963e-10
2.00186228754e-17
2.96494395602e-16
2.94437389966e-15
2.41534657914e-13
6.68947087637e-11
5.90963411269e-07
1.03147426132e-07
1.93880831137e-23
1.8034132967e-31
0.000229384135333
5.0973023042e-06
1.82135604836e-12
9.9372970582e-10
6.76813749825e-27
2.30598516841e-23
7.36883104895e-13
4.16174000678e-06
0.000219381160844
4.24997467849e-10
1.08594066312e-38
2.88657567673e-11
1.97444833587e-23
4.63609176603e-25
5.36424188788e-19
8.43315758228e-06
1.01166945982e-23
4.02254274714e-05
8.42290206792e-09
2.72676710288e-13
1.19381700473e-18
2.10716616281e-28
1.22093642831e-08
5.38604874431e-22
2.87455914791e-08
6.31028738105e-11
1.67226926326e-23
3.73724741668e-06
2.43042236823e-16
2.98489381342e-08
3.93509456315e-07
2.68402804741e-08
1.33376019145e-26
1.06538569624e-05
0.00020157489981
9.6530564661e-09
2.81816073649e-12
0.00139586970905
3.04890159034e-07
5.11247658016e-07
4.95760836235e-23
4.52312041432e-16
0.000159415893397
1.9486806659e-14
2.19412262098e-10
7.88824769729e-25
9.3435928834e-14
0.00248915935233
2.98133529659e-11
0.000144134420436
1.1149939164e-15
2.06082934713e-15
7.17609143737e-07
7.74808219148e-10
5.62980807276e-05
7.1518651077e-14
3.16120306559e-06
3.50491288071e-05
1.40165374906e-08
2.83470427333e-24
5.08683984071e-05
1.42707196974e-20
1.93314813719e-08
0.00168309279381
8.57656413378e-18
7.04100115611e-05
4.482123351e-10
1.87052369387e-09
4.16435164489e-06
4.76194805555e-05
1.73042184576e-15
1.18913850399e-05
1.15517101069e-16
8.79096972221e-07
1.10239701952e-12
2.83011332419e-11
8.98333673782e-30
4.89463916586e-06
2.01535706733e-20
2.75596509447e-06
3.86579806751e-37
1.08785234398e-07
2.11829601084e-10
1.42732482787e-07
5.0382588661e-05
2.3032845123e-06
7.88327620802e-12
9.45711170861e-07
8.54199717329e-08
2.53657275253e-22
1.78067414101e-06
5.41831638407e-07
9.72794721559e-23
0.000207619076273
8.83405752872e-14
2.54827777009e-08
1.2739970951e-10
5.93734196124e-12
3.22978323317e-36
0.00233453813576
1.11197752894e-06
7.86374066537e-30
2.14144995849e-05
2.63728171276e-09
1.97519180767e-08
1.24747549761e-05
2.18231395904e-07
1.04547524784e-07
1.86922550267e-14
9.92725057187e-15
1.80899178564e-06
3.8424245863e-06
1.66153951187e-15
4.32937591902e-11
4.75600924002e-24
0.000761656944877
7.70230110072e-10
1.03640882986e-06
2.91079559042e-10
1.7895508098e-15
1.82884510278e-06
2.4356652734e-25
2.51588750152e-12
2.35777480444e-06
4.26512741579e-12
6.01332621596e-10
8.41155332938e-05
2.16781194821e-17
5.48749478786e-05
1.71968014045e-06
5.31953333946e-18
1.52908296313e-13
2.55265622153e-07
3.76727857536e-05
7.63238050435e-09
1.00805563623e-07
1.38219746314e-05
6.37180084167e-09
2.68430101118e-18
1.1891134896e-14
0.000785081704655
2.20560004267e-11
2.4870986994e-12
2.46475665224e-10
1.14422513596e-05
2.31004577726e-13
4.91654312796e-14
0.000209580255071
2.35550137478e-11
1.6207553869e-07
7.01629492952e-08
3.4734944605e-17
2.41443841546e-07
4.61424812613e-25
3.34492634397e-14
0.00122558463102
1.79126130843e-18
1.97386240062e-20
2.66428284678e-13
1.13432099661e-08
1.97057614636e-06
1.10207594148e-09
1.37141776901e-24
3.71041182838e-19
4.37835635453e-05
0.000436321457021
1.62486344634e-07
4.07729459336e-29
1.6652347057e-22
5.95282884731e-38
9.07060297598e-18
7.15848379985e-17
2.75256536297e-24
5.54320403285e-06
1.16299095362e-12
5.1730995775e-05
3.57618413808e-08
1.6563010685e-20
1.93067987437e-13
4.88305261926e-05
8.19700779692e-13
0.000448812475064
2.05235012513e-15
1.10413609016e-12
7.54752385125e-07
1.35487088623e-15
3.78389174757e-17
3.61306592113e-06
9.35930453706e-05
1.21131059233e-11
1.2180219557e-12
8.27487813053e-14
1.24105160994e-33
3.66716989233e-08
2.26135275081e-20
3.85566712776e-26
2.99208392601e-09
0.000213896618487
9.00310610891e-08
3.13275445842e-06
3.76915660708e-42
9.25327522971e-21
4.25676116379e-39
4.33680674259e-20
7.48119786657e-11
6.38472346329e-09
0.00246787194341
1.08629821872e-06
0.000377246864736
2.59217176545e-17
1.00580099011e-14
2.0126542755e-36
4.01740521934e-08
6.74741867173e-05
5.42174529963e-11
1.16519206883e-05
1.83885656188e-14
2.73823491441e-10
3.06815913321e-06
9.19623103595e-10
6.77884686416e-16
0.0017345433816
2.57210448955e-13
2.60942713013e-09
9.6742015731e-05
0.000133120380303
1.40516583572e-05
1.85831245959e-17
1.29785910638e-22
1.44733867212e-06
0.00100343319254
7.71981472268e-10
1.80060205079e-21
3.34367776757e-13
3.11620466404e-06
0.000368636605928
1.48393197955e-07
1.05441644788e-24
9.5400645045e-07
0.000355017421987
1.2767224125e-25
0.000235917416818
2.92809321445e-11
1.19105417535e-07
0.00229744871914
0.000677534104751
3.77126693711e-07
0.00254072948029
4.25549853746e-24
1.57654187921e-16
1.22304016138e-23
0.000204654704394
6.16562792619e-14
2.47913087882e-14
3.2125917443e-08
2.33359089124e-05
0.00328170269434
3.04244405791e-12
0.000178420817284
1.08111641203e-31
0.000264347772528
1.72520931069e-08
8.56182212389e-10
5.95934198289e-07
3.15031311293e-19
1.355551003e-18
6.99749743355e-09
9.91890595223e-15
2.12884990158e-05
2.96788585593e-14
6.47106668056e-11
5.4324875544e-08
9.74715976524e-10
1.39033097663e-06
1.24521209094e-16
2.48133859158e-14
0.000138891679207
1.25856292004e-27
8.41290206895e-06
4.1946425295e-24
5.01726036095e-16
7.29865602507e-10
3.68398908882e-06
1.31757888045e-05
0.000154369243236
4.76870406363e-13
8.76166062548e-13
2.83283875364e-21
5.60957027964e-07
2.21801522189e-37
7.89867216436e-09
6.28379379918e-14
1.89733608651e-08
1.7615651738e-06
7.2362222011e-15
2.98283498553e-11
0.000245298842928
6.56686342456e-10
1.76457530097e-11
9.38175677989e-11
1.71699259734e-17
3.27524525005e-09
3.66351385797e-15
1.66623385327e-06
