I: (state)
	(9) 0.209836650307
	(13) 0.368976521535
	(16) 0.0251399872495
	(20) 0.0587872452171
	(30) 0.169845951166
	(34) 0.1272472488
	(49) 0.0401663957254
F: (state)
	(0) 0.343162113154
	(2) 0.0590723096344
	(3) 0.112091872658
	(4) 0.305133147551
	(5) 0.120218835485
	(6) 0.24931582278
	(8) 0.0889373856485
	(9) 0.139237756206
	(10) 0.146989375981
	(11) 0.0477152419177
	(12) 0.178051912077
	(13) 0.167321720651
	(14) 0.223130340788
	(15) 0.345203533835
	(16) 0.00455155849403
	(17) 0.228096674048
	(20) 0.110931368607
	(21) 0.330870784065
	(25) 0.0112508192014
	(26) 0.279636987845
	(30) 0.045315865775
	(31) 0.0843805386967
	(32) 0.205403871228
	(33) 0.0505648706012
	(34) 0.363494028552
	(37) 0.513225720446
	(38) 0.050885604303
	(39) 0.349489844989
	(41) 0.338240368396
	(42) 0.230428009536
	(44) 0.00745044173221
	(46) 0.0205300318845
	(47) 0.0713110741823
	(48) 0.0169085911963
	(49) 0.609655420048
	(50) 0.182769064964
	(52) 0.00211895253697
S: (state,symbol) 
	(0,0) 0.0374328421688
	(0,1) 0.482820683291
	(0,2) 0.0143956493261
	(0,4) 0.292683709172
	(0,6) 0.172667116042
	(1,0) 0.00149649027508
	(1,1) 0.584930374501
	(1,3) 0.084396461305
	(1,4) 0.0588589171297
	(1,6) 0.27031775679
	(2,1) 0.111566358247
	(2,2) 0.117426263415
	(2,3) 0.117611038243
	(2,4) 0.117200293294
	(2,6) 0.536196046801
	(3,1) 0.122354895462
	(3,2) 0.0509204442002
	(3,3) 0.0423365676429
	(3,4) 0.0152430195279
	(3,5) 0.449967518758
	(3,6) 0.319177554409
	(4,1) 0.0280151389693
	(4,2) 0.048246038232
	(4,3) 0.471280150159
	(4,4) 0.24961530756
	(4,5) 0.185218623867
	(4,6) 0.0176247412117
	(5,1) 0.206362839952
	(5,4) 0.130870602057
	(5,5) 0.572406993915
	(5,6) 0.0903595640752
	(6,0) 0.0177208719402
	(6,1) 0.114045597129
	(6,2) 0.116631367039
	(6,3) 0.160725215443
	(6,5) 0.59087694845
	(7,0) 0.201148735235
	(7,1) 0.148295051642
	(7,2) 0.123025882171
	(7,4) 0.290717144323
	(7,5) 0.236813186629
	(8,0) 0.064919080802
	(8,1) 0.365012346559
	(8,2) 0.354759103382
	(8,3) 0.0120449372678
	(8,4) 0.123385562365
	(8,5) 0.00628861478153
	(8,6) 0.0735903548429
	(9,1) 0.572290220608
	(9,3) 0.0377793897861
	(9,6) 0.389930389606
	(10,1) 0.609899377975
	(10,2) 0.0160018742584
	(10,3) 0.198943452426
	(10,4) 0.103267034206
	(10,5) 0.0718882611343
	(11,0) 0.284539275889
	(11,1) 0.0273786618565
	(11,2) 0.0101654822447
	(11,4) 0.0956767640666
	(11,5) 0.395107613613
	(11,6) 0.18713220233
	(12,0) 0.234029358643
	(12,1) 0.608938105835
	(12,2) 0.0525575561567
	(12,3) 0.0806778519655
	(12,6) 0.0237971273998
	(13,1) 0.260446250681
	(13,2) 0.0945645588241
	(13,3) 0.417226995422
	(13,4) 0.203594353984
	(13,6) 0.024167841088
	(14,0) 0.174322381354
	(14,1) 0.217449266658
	(14,4) 0.0363447472649
	(14,5) 0.304087984129
	(14,6) 0.267795620594
	(15,0) 0.245928185077
	(15,4) 0.754071814923
	(16,0) 0.0070158775664
	(16,1) 0.195643136037
	(16,2) 0.0893492807088
	(16,3) 0.260439554172
	(16,5) 0.447552151516
	(17,0) 0.170536211714
	(17,2) 0.559183019939
	(17,3) 0.0177174666939
	(17,4) 0.0620314381567
	(17,6) 0.190531863496
	(18,0) 0.195570551106
	(18,5) 0.0336731489939
	(18,6) 0.7707562999
	(19,0) 0.240283769647
	(19,1) 0.33616171345
	(19,2) 0.221880577481
	(19,4) 0.128397811733
	(19,5) 0.0732761276897
	(20,0) 0.85476027833
	(20,3) 0.14523972167
	(21,2) 0.228241616181
	(21,3) 0.141524698042
	(21,5) 0.570737827097
	(21,6) 0.0594958586806
	(22,0) 0.104567767535
	(22,1) 0.105492881329
	(22,2) 0.153448677297
	(22,3) 0.106684125284
	(22,4) 0.416631718909
	(22,5) 0.113174829646
	(23,0) 0.0882580394503
	(23,1) 0.0213781730498
	(23,2) 0.000980732869224
	(23,3) 0.0104288718486
	(23,4) 0.727659549919
	(23,5) 0.142119225591
	(23,6) 0.00917540727269
	(24,0) 0.157842047479
	(24,2) 0.528677915165
	(24,5) 0.267454989279
	(24,6) 0.0460250480772
	(25,0) 0.283122338393
	(25,1) 0.321394836983
	(25,3) 0.0125808980868
	(25,4) 0.0839541579621
	(25,5) 0.00450127909334
	(25,6) 0.294446489482
	(26,0) 0.146364416388
	(26,1) 0.12816918903
	(26,2) 0.0293696068671
	(26,3) 0.00636816309094
	(26,4) 0.316848961268
	(26,5) 0.288349096369
	(26,6) 0.0845305669874
	(27,0) 0.086779952378
	(27,1) 0.770343393126
	(27,2) 0.0537833263445
	(27,4) 0.0890933281518
	(28,1) 0.0387313607702
	(28,2) 0.407748590773
	(28,3) 0.144331911712
	(28,5) 0.409188136745
	(29,0) 0.0958660483291
	(29,1) 0.0694752300239
	(29,3) 0.179257406164
	(29,4) 0.240249273068
	(29,5) 0.245157875768
	(29,6) 0.169994166647
	(30,0) 0.204931273217
	(30,2) 0.181040782059
	(30,3) 0.0660052156227
	(30,4) 0.47792119337
	(30,6) 0.0701015357314
	(31,0) 0.383682152638
	(31,1) 0.150575522452
	(31,2) 0.179800256581
	(31,4) 0.0334351863225
	(31,5) 0.126099706458
	(31,6) 0.126407175548
	(32,0) 0.359803802884
	(32,1) 0.212704889093
	(32,2) 0.0479521668816
	(32,3) 0.0334332000346
	(32,4) 0.0053681580571
	(32,5) 0.147487295005
	(32,6) 0.193250488045
	(33,0) 0.0447698147198
	(33,1) 0.298096783618
	(33,2) 0.0993646891688
	(33,3) 0.0209554469978
	(33,4) 0.379953493804
	(33,6) 0.156859771692
	(34,0) 0.027158336447
	(34,1) 0.658249293519
	(34,2) 0.185369437383
	(34,4) 0.00235293700589
	(34,5) 0.115650476762
	(34,6) 0.0112195188826
	(35,1) 0.0720435621905
	(35,2) 0.0400576518234
	(35,4) 0.887898785986
	(36,0) 0.0775532432528
	(36,3) 0.0302839465296
	(36,4) 0.0545005768845
	(36,5) 0.420034354491
	(36,6) 0.417627878842
	(37,0) 0.362045578493
	(37,3) 0.115123490776
	(37,4) 0.522830930731
	(38,0) 0.0551155910152
	(38,1) 0.165229072696
	(38,3) 0.0446176155953
	(38,4) 0.582269049496
	(38,5) 0.112444226981
	(38,6) 0.040324444217
	(39,0) 0.0404964056714
	(39,2) 0.405402167502
	(39,6) 0.554101426826
	(40,0) 0.101923776001
	(40,1) 0.258645535088
	(40,4) 0.0497333460365
	(40,6) 0.589697342875
	(41,0) 0.256799654871
	(41,2) 0.208791238899
	(41,3) 0.150100418251
	(41,4) 0.3239757527
	(41,5) 0.0603329352792
	(42,0) 0.118007824007
	(42,1) 0.556831449939
	(42,2) 0.0183323105241
	(42,4) 0.101579575411
	(42,6) 0.205248840118
	(43,0) 0.0956990089364
	(43,1) 0.0445968745057
	(43,2) 0.00291716798661
	(43,3) 0.210035192917
	(43,4) 0.130859606126
	(43,5) 0.00985337255576
	(43,6) 0.506038776973
	(44,0) 0.222619676744
	(44,1) 0.0479705839694
	(44,3) 0.0240993219009
	(44,4) 0.173407296291
	(44,5) 0.398612106688
	(44,6) 0.133291014407
	(45,3) 0.305735958374
	(45,5) 0.694264041626
	(46,0) 0.262641420577
	(46,1) 0.0451554647847
	(46,2) 0.00120925104986
	(46,3) 0.488140957425
	(46,4) 0.133239458855
	(46,5) 0.0138865460318
	(46,6) 0.0557269012767
	(47,0) 0.308004127407
	(47,4) 0.611464735691
	(47,6) 0.0805311369014
	(48,1) 0.221405236502
	(48,2) 0.304003234336
	(48,5) 0.474591529161
	(49,2) 0.649798112927
	(49,5) 0.350201887073
	(50,0) 0.0176878888205
	(50,1) 0.111676121115
	(50,2) 0.434071831356
	(50,3) 0.00583213949799
	(50,4) 0.142951673319
	(50,5) 0.220194954665
	(50,6) 0.0675853912258
	(51,1) 0.537836032124
	(51,5) 0.462163967876
	(52,0) 0.195464066789
	(52,1) 0.155783087029
	(52,2) 0.206191628846
	(52,3) 0.0385765862395
	(52,4) 0.0653718520723
	(52,5) 0.167358672296
	(52,6) 0.171254106728
	(53,2) 0.219356314215
	(53,3) 0.0526419863121
	(53,4) 0.131821343658
	(53,5) 0.0270707435808
	(53,6) 0.569109612234
T: (state,symbol,state) 
	(0,0,7) 0.234156496623
	(0,0,12) 0.0116155486147
	(0,0,13) 0.183616955947
	(0,0,16) 0.0118478664317
	(0,0,26) 0.0719510594408
	(0,0,37) 0.0994857825974
	(0,0,39) 0.0635662734178
	(0,0,42) 0.0839123252333
	(0,0,46) 0.0398294614493
	(0,0,48) 0.054675829898
	(0,0,49) 0.0977921474064
	(0,0,50) 0.0475502529408
	(0,1,7) 0.234156496623
	(0,1,12) 0.0116155486147
	(0,1,13) 0.183616955947
	(0,1,16) 0.0118478664317
	(0,1,26) 0.0719510594408
	(0,1,37) 0.0994857825974
	(0,1,39) 0.0635662734178
	(0,1,42) 0.0839123252333
	(0,1,46) 0.0398294614493
	(0,1,48) 0.054675829898
	(0,1,49) 0.0977921474064
	(0,1,50) 0.0475502529408
	(0,2,7) 0.234156496623
	(0,2,12) 0.0116155486147
	(0,2,13) 0.183616955947
	(0,2,16) 0.0118478664317
	(0,2,26) 0.0719510594408
	(0,2,37) 0.0994857825974
	(0,2,39) 0.0635662734178
	(0,2,42) 0.0839123252333
	(0,2,46) 0.0398294614493
	(0,2,48) 0.054675829898
	(0,2,49) 0.0977921474064
	(0,2,50) 0.0475502529408
	(0,3,7) 0.234156496623
	(0,3,12) 0.0116155486147
	(0,3,13) 0.183616955947
	(0,3,16) 0.0118478664317
	(0,3,26) 0.0719510594408
	(0,3,37) 0.0994857825974
	(0,3,39) 0.0635662734178
	(0,3,42) 0.0839123252333
	(0,3,46) 0.0398294614493
	(0,3,48) 0.054675829898
	(0,3,49) 0.0977921474064
	(0,3,50) 0.0475502529408
	(0,4,7) 0.234156496623
	(0,4,12) 0.0116155486147
	(0,4,13) 0.183616955947
	(0,4,16) 0.0118478664317
	(0,4,26) 0.0719510594408
	(0,4,37) 0.0994857825974
	(0,4,39) 0.0635662734178
	(0,4,42) 0.0839123252333
	(0,4,46) 0.0398294614493
	(0,4,48) 0.054675829898
	(0,4,49) 0.0977921474064
	(0,4,50) 0.0475502529408
	(0,5,7) 0.234156496623
	(0,5,12) 0.0116155486147
	(0,5,13) 0.183616955947
	(0,5,16) 0.0118478664317
	(0,5,26) 0.0719510594408
	(0,5,37) 0.0994857825974
	(0,5,39) 0.0635662734178
	(0,5,42) 0.0839123252333
	(0,5,46) 0.0398294614493
	(0,5,48) 0.054675829898
	(0,5,49) 0.0977921474064
	(0,5,50) 0.0475502529408
	(0,6,7) 0.234156496623
	(0,6,12) 0.0116155486147
	(0,6,13) 0.183616955947
	(0,6,16) 0.0118478664317
	(0,6,26) 0.0719510594408
	(0,6,37) 0.0994857825974
	(0,6,39) 0.0635662734178
	(0,6,42) 0.0839123252333
	(0,6,46) 0.0398294614493
	(0,6,48) 0.054675829898
	(0,6,49) 0.0977921474064
	(0,6,50) 0.0475502529408
	(1,0,11) 0.0569200300619
	(1,0,16) 0.567280614105
	(1,0,27) 0.0837797525219
	(1,0,35) 0.0936530426458
	(1,0,40) 0.198366560665
	(1,1,11) 0.0569200300619
	(1,1,16) 0.567280614105
	(1,1,27) 0.0837797525219
	(1,1,35) 0.0936530426458
	(1,1,40) 0.198366560665
	(1,2,11) 0.0569200300619
	(1,2,16) 0.567280614105
	(1,2,27) 0.0837797525219
	(1,2,35) 0.0936530426458
	(1,2,40) 0.198366560665
	(1,3,11) 0.0569200300619
	(1,3,16) 0.567280614105
	(1,3,27) 0.0837797525219
	(1,3,35) 0.0936530426458
	(1,3,40) 0.198366560665
	(1,4,11) 0.0569200300619
	(1,4,16) 0.567280614105
	(1,4,27) 0.0837797525219
	(1,4,35) 0.0936530426458
	(1,4,40) 0.198366560665
	(1,5,11) 0.0569200300619
	(1,5,16) 0.567280614105
	(1,5,27) 0.0837797525219
	(1,5,35) 0.0936530426458
	(1,5,40) 0.198366560665
	(1,6,11) 0.0569200300619
	(1,6,16) 0.567280614105
	(1,6,27) 0.0837797525219
	(1,6,35) 0.0936530426458
	(1,6,40) 0.198366560665
	(2,0,1) 0.324376170205
	(2,0,13) 0.0565463593707
	(2,0,27) 0.0652624890582
	(2,0,31) 0.34062946245
	(2,0,32) 0.0712084227026
	(2,0,37) 0.0567252815256
	(2,0,46) 0.0338840163561
	(2,0,50) 0.0513677983314
	(2,1,1) 0.324376170205
	(2,1,13) 0.0565463593707
	(2,1,27) 0.0652624890582
	(2,1,31) 0.34062946245
	(2,1,32) 0.0712084227026
	(2,1,37) 0.0567252815256
	(2,1,46) 0.0338840163561
	(2,1,50) 0.0513677983314
	(2,2,1) 0.324376170205
	(2,2,13) 0.0565463593707
	(2,2,27) 0.0652624890582
	(2,2,31) 0.34062946245
	(2,2,32) 0.0712084227026
	(2,2,37) 0.0567252815256
	(2,2,46) 0.0338840163561
	(2,2,50) 0.0513677983314
	(2,3,1) 0.324376170205
	(2,3,13) 0.0565463593707
	(2,3,27) 0.0652624890582
	(2,3,31) 0.34062946245
	(2,3,32) 0.0712084227026
	(2,3,37) 0.0567252815256
	(2,3,46) 0.0338840163561
	(2,3,50) 0.0513677983314
	(2,4,1) 0.324376170205
	(2,4,13) 0.0565463593707
	(2,4,27) 0.0652624890582
	(2,4,31) 0.34062946245
	(2,4,32) 0.0712084227026
	(2,4,37) 0.0567252815256
	(2,4,46) 0.0338840163561
	(2,4,50) 0.0513677983314
	(2,5,1) 0.324376170205
	(2,5,13) 0.0565463593707
	(2,5,27) 0.0652624890582
	(2,5,31) 0.34062946245
	(2,5,32) 0.0712084227026
	(2,5,37) 0.0567252815256
	(2,5,46) 0.0338840163561
	(2,5,50) 0.0513677983314
	(2,6,1) 0.324376170205
	(2,6,13) 0.0565463593707
	(2,6,27) 0.0652624890582
	(2,6,31) 0.34062946245
	(2,6,32) 0.0712084227026
	(2,6,37) 0.0567252815256
	(2,6,46) 0.0338840163561
	(2,6,50) 0.0513677983314
	(3,0,4) 0.253848611918
	(3,0,19) 0.0491620791778
	(3,0,23) 0.153349977542
	(3,0,27) 0.0110327242651
	(3,0,28) 0.465589381022
	(3,0,38) 0.0670172260756
	(3,1,4) 0.253848611918
	(3,1,19) 0.0491620791778
	(3,1,23) 0.153349977542
	(3,1,27) 0.0110327242651
	(3,1,28) 0.465589381022
	(3,1,38) 0.0670172260756
	(3,2,4) 0.253848611918
	(3,2,19) 0.0491620791778
	(3,2,23) 0.153349977542
	(3,2,27) 0.0110327242651
	(3,2,28) 0.465589381022
	(3,2,38) 0.0670172260756
	(3,3,4) 0.253848611918
	(3,3,19) 0.0491620791778
	(3,3,23) 0.153349977542
	(3,3,27) 0.0110327242651
	(3,3,28) 0.465589381022
	(3,3,38) 0.0670172260756
	(3,4,4) 0.253848611918
	(3,4,19) 0.0491620791778
	(3,4,23) 0.153349977542
	(3,4,27) 0.0110327242651
	(3,4,28) 0.465589381022
	(3,4,38) 0.0670172260756
	(3,5,4) 0.253848611918
	(3,5,19) 0.0491620791778
	(3,5,23) 0.153349977542
	(3,5,27) 0.0110327242651
	(3,5,28) 0.465589381022
	(3,5,38) 0.0670172260756
	(3,6,4) 0.253848611918
	(3,6,19) 0.0491620791778
	(3,6,23) 0.153349977542
	(3,6,27) 0.0110327242651
	(3,6,28) 0.465589381022
	(3,6,38) 0.0670172260756
	(4,0,0) 0.0337513004343
	(4,0,1) 0.305064001168
	(4,0,10) 0.0852414931115
	(4,0,15) 0.293895828654
	(4,0,18) 0.0258449483508
	(4,0,19) 0.00666083317227
	(4,0,22) 0.12322160302
	(4,0,35) 0.100003749906
	(4,0,51) 0.0263162421831
	(4,1,0) 0.0337513004343
	(4,1,1) 0.305064001168
	(4,1,10) 0.0852414931115
	(4,1,15) 0.293895828654
	(4,1,18) 0.0258449483508
	(4,1,19) 0.00666083317227
	(4,1,22) 0.12322160302
	(4,1,35) 0.100003749906
	(4,1,51) 0.0263162421831
	(4,2,0) 0.0337513004343
	(4,2,1) 0.305064001168
	(4,2,10) 0.0852414931115
	(4,2,15) 0.293895828654
	(4,2,18) 0.0258449483508
	(4,2,19) 0.00666083317227
	(4,2,22) 0.12322160302
	(4,2,35) 0.100003749906
	(4,2,51) 0.0263162421831
	(4,3,0) 0.0337513004343
	(4,3,1) 0.305064001168
	(4,3,10) 0.0852414931115
	(4,3,15) 0.293895828654
	(4,3,18) 0.0258449483508
	(4,3,19) 0.00666083317227
	(4,3,22) 0.12322160302
	(4,3,35) 0.100003749906
	(4,3,51) 0.0263162421831
	(4,4,0) 0.0337513004343
	(4,4,1) 0.305064001168
	(4,4,10) 0.0852414931115
	(4,4,15) 0.293895828654
	(4,4,18) 0.0258449483508
	(4,4,19) 0.00666083317227
	(4,4,22) 0.12322160302
	(4,4,35) 0.100003749906
	(4,4,51) 0.0263162421831
	(4,5,0) 0.0337513004343
	(4,5,1) 0.305064001168
	(4,5,10) 0.0852414931115
	(4,5,15) 0.293895828654
	(4,5,18) 0.0258449483508
	(4,5,19) 0.00666083317227
	(4,5,22) 0.12322160302
	(4,5,35) 0.100003749906
	(4,5,51) 0.0263162421831
	(4,6,0) 0.0337513004343
	(4,6,1) 0.305064001168
	(4,6,10) 0.0852414931115
	(4,6,15) 0.293895828654
	(4,6,18) 0.0258449483508
	(4,6,19) 0.00666083317227
	(4,6,22) 0.12322160302
	(4,6,35) 0.100003749906
	(4,6,51) 0.0263162421831
	(5,0,8) 0.265565929559
	(5,0,17) 0.0140259233468
	(5,0,18) 0.149018580735
	(5,0,19) 0.183050760555
	(5,0,20) 0.0538479049809
	(5,0,22) 0.00738835059482
	(5,0,23) 0.0502669143205
	(5,0,35) 0.0728393626172
	(5,0,36) 0.166458491148
	(5,0,42) 0.0375377821423
	(5,1,8) 0.265565929559
	(5,1,17) 0.0140259233468
	(5,1,18) 0.149018580735
	(5,1,19) 0.183050760555
	(5,1,20) 0.0538479049809
	(5,1,22) 0.00738835059482
	(5,1,23) 0.0502669143205
	(5,1,35) 0.0728393626172
	(5,1,36) 0.166458491148
	(5,1,42) 0.0375377821423
	(5,2,8) 0.265565929559
	(5,2,17) 0.0140259233468
	(5,2,18) 0.149018580735
	(5,2,19) 0.183050760555
	(5,2,20) 0.0538479049809
	(5,2,22) 0.00738835059482
	(5,2,23) 0.0502669143205
	(5,2,35) 0.0728393626172
	(5,2,36) 0.166458491148
	(5,2,42) 0.0375377821423
	(5,3,8) 0.265565929559
	(5,3,17) 0.0140259233468
	(5,3,18) 0.149018580735
	(5,3,19) 0.183050760555
	(5,3,20) 0.0538479049809
	(5,3,22) 0.00738835059482
	(5,3,23) 0.0502669143205
	(5,3,35) 0.0728393626172
	(5,3,36) 0.166458491148
	(5,3,42) 0.0375377821423
	(5,4,8) 0.265565929559
	(5,4,17) 0.0140259233468
	(5,4,18) 0.149018580735
	(5,4,19) 0.183050760555
	(5,4,20) 0.0538479049809
	(5,4,22) 0.00738835059482
	(5,4,23) 0.0502669143205
	(5,4,35) 0.0728393626172
	(5,4,36) 0.166458491148
	(5,4,42) 0.0375377821423
	(5,5,8) 0.265565929559
	(5,5,17) 0.0140259233468
	(5,5,18) 0.149018580735
	(5,5,19) 0.183050760555
	(5,5,20) 0.0538479049809
	(5,5,22) 0.00738835059482
	(5,5,23) 0.0502669143205
	(5,5,35) 0.0728393626172
	(5,5,36) 0.166458491148
	(5,5,42) 0.0375377821423
	(5,6,8) 0.265565929559
	(5,6,17) 0.0140259233468
	(5,6,18) 0.149018580735
	(5,6,19) 0.183050760555
	(5,6,20) 0.0538479049809
	(5,6,22) 0.00738835059482
	(5,6,23) 0.0502669143205
	(5,6,35) 0.0728393626172
	(5,6,36) 0.166458491148
	(5,6,42) 0.0375377821423
	(6,0,2) 0.080783624875
	(6,0,8) 0.018750740047
	(6,0,24) 0.148124177534
	(6,0,31) 0.262864123055
	(6,0,32) 0.112892245406
	(6,0,47) 0.376585089084
	(6,1,2) 0.080783624875
	(6,1,8) 0.018750740047
	(6,1,24) 0.148124177534
	(6,1,31) 0.262864123055
	(6,1,32) 0.112892245406
	(6,1,47) 0.376585089084
	(6,2,2) 0.080783624875
	(6,2,8) 0.018750740047
	(6,2,24) 0.148124177534
	(6,2,31) 0.262864123055
	(6,2,32) 0.112892245406
	(6,2,47) 0.376585089084
	(6,3,2) 0.080783624875
	(6,3,8) 0.018750740047
	(6,3,24) 0.148124177534
	(6,3,31) 0.262864123055
	(6,3,32) 0.112892245406
	(6,3,47) 0.376585089084
	(6,4,2) 0.080783624875
	(6,4,8) 0.018750740047
	(6,4,24) 0.148124177534
	(6,4,31) 0.262864123055
	(6,4,32) 0.112892245406
	(6,4,47) 0.376585089084
	(6,5,2) 0.080783624875
	(6,5,8) 0.018750740047
	(6,5,24) 0.148124177534
	(6,5,31) 0.262864123055
	(6,5,32) 0.112892245406
	(6,5,47) 0.376585089084
	(6,6,2) 0.080783624875
	(6,6,8) 0.018750740047
	(6,6,24) 0.148124177534
	(6,6,31) 0.262864123055
	(6,6,32) 0.112892245406
	(6,6,47) 0.376585089084
	(7,0,4) 0.142885552877
	(7,0,10) 0.022221611926
	(7,0,13) 0.0710102341506
	(7,0,14) 0.0361220986864
	(7,0,15) 0.12040436574
	(7,0,23) 0.0390115482679
	(7,0,24) 0.0939636677173
	(7,0,31) 0.0215404902259
	(7,0,32) 0.000131582102194
	(7,0,45) 0.0899727974136
	(7,0,49) 0.0272474504315
	(7,0,51) 0.335488600461
	(7,1,4) 0.142885552877
	(7,1,10) 0.022221611926
	(7,1,13) 0.0710102341506
	(7,1,14) 0.0361220986864
	(7,1,15) 0.12040436574
	(7,1,23) 0.0390115482679
	(7,1,24) 0.0939636677173
	(7,1,31) 0.0215404902259
	(7,1,32) 0.000131582102194
	(7,1,45) 0.0899727974136
	(7,1,49) 0.0272474504315
	(7,1,51) 0.335488600461
	(7,2,4) 0.142885552877
	(7,2,10) 0.022221611926
	(7,2,13) 0.0710102341506
	(7,2,14) 0.0361220986864
	(7,2,15) 0.12040436574
	(7,2,23) 0.0390115482679
	(7,2,24) 0.0939636677173
	(7,2,31) 0.0215404902259
	(7,2,32) 0.000131582102194
	(7,2,45) 0.0899727974136
	(7,2,49) 0.0272474504315
	(7,2,51) 0.335488600461
	(7,3,4) 0.142885552877
	(7,3,10) 0.022221611926
	(7,3,13) 0.0710102341506
	(7,3,14) 0.0361220986864
	(7,3,15) 0.12040436574
	(7,3,23) 0.0390115482679
	(7,3,24) 0.0939636677173
	(7,3,31) 0.0215404902259
	(7,3,32) 0.000131582102194
	(7,3,45) 0.0899727974136
	(7,3,49) 0.0272474504315
	(7,3,51) 0.335488600461
	(7,4,4) 0.142885552877
	(7,4,10) 0.022221611926
	(7,4,13) 0.0710102341506
	(7,4,14) 0.0361220986864
	(7,4,15) 0.12040436574
	(7,4,23) 0.0390115482679
	(7,4,24) 0.0939636677173
	(7,4,31) 0.0215404902259
	(7,4,32) 0.000131582102194
	(7,4,45) 0.0899727974136
	(7,4,49) 0.0272474504315
	(7,4,51) 0.335488600461
	(7,5,4) 0.142885552877
	(7,5,10) 0.022221611926
	(7,5,13) 0.0710102341506
	(7,5,14) 0.0361220986864
	(7,5,15) 0.12040436574
	(7,5,23) 0.0390115482679
	(7,5,24) 0.0939636677173
	(7,5,31) 0.0215404902259
	(7,5,32) 0.000131582102194
	(7,5,45) 0.0899727974136
	(7,5,49) 0.0272474504315
	(7,5,51) 0.335488600461
	(7,6,4) 0.142885552877
	(7,6,10) 0.022221611926
	(7,6,13) 0.0710102341506
	(7,6,14) 0.0361220986864
	(7,6,15) 0.12040436574
	(7,6,23) 0.0390115482679
	(7,6,24) 0.0939636677173
	(7,6,31) 0.0215404902259
	(7,6,32) 0.000131582102194
	(7,6,45) 0.0899727974136
	(7,6,49) 0.0272474504315
	(7,6,51) 0.335488600461
	(8,0,3) 0.0400223316311
	(8,0,8) 0.374006976448
	(8,0,9) 0.0944722836787
	(8,0,14) 0.0335171741421
	(8,0,16) 0.0590883016647
	(8,0,19) 0.113998944024
	(8,0,20) 0.0592410394532
	(8,0,21) 0.0280756489731
	(8,0,22) 0.14180231156
	(8,0,28) 0.055774988425
	(8,1,3) 0.0400223316311
	(8,1,8) 0.374006976448
	(8,1,9) 0.0944722836787
	(8,1,14) 0.0335171741421
	(8,1,16) 0.0590883016647
	(8,1,19) 0.113998944024
	(8,1,20) 0.0592410394532
	(8,1,21) 0.0280756489731
	(8,1,22) 0.14180231156
	(8,1,28) 0.055774988425
	(8,2,3) 0.0400223316311
	(8,2,8) 0.374006976448
	(8,2,9) 0.0944722836787
	(8,2,14) 0.0335171741421
	(8,2,16) 0.0590883016647
	(8,2,19) 0.113998944024
	(8,2,20) 0.0592410394532
	(8,2,21) 0.0280756489731
	(8,2,22) 0.14180231156
	(8,2,28) 0.055774988425
	(8,3,3) 0.0400223316311
	(8,3,8) 0.374006976448
	(8,3,9) 0.0944722836787
	(8,3,14) 0.0335171741421
	(8,3,16) 0.0590883016647
	(8,3,19) 0.113998944024
	(8,3,20) 0.0592410394532
	(8,3,21) 0.0280756489731
	(8,3,22) 0.14180231156
	(8,3,28) 0.055774988425
	(8,4,3) 0.0400223316311
	(8,4,8) 0.374006976448
	(8,4,9) 0.0944722836787
	(8,4,14) 0.0335171741421
	(8,4,16) 0.0590883016647
	(8,4,19) 0.113998944024
	(8,4,20) 0.0592410394532
	(8,4,21) 0.0280756489731
	(8,4,22) 0.14180231156
	(8,4,28) 0.055774988425
	(8,5,3) 0.0400223316311
	(8,5,8) 0.374006976448
	(8,5,9) 0.0944722836787
	(8,5,14) 0.0335171741421
	(8,5,16) 0.0590883016647
	(8,5,19) 0.113998944024
	(8,5,20) 0.0592410394532
	(8,5,21) 0.0280756489731
	(8,5,22) 0.14180231156
	(8,5,28) 0.055774988425
	(8,6,3) 0.0400223316311
	(8,6,8) 0.374006976448
	(8,6,9) 0.0944722836787
	(8,6,14) 0.0335171741421
	(8,6,16) 0.0590883016647
	(8,6,19) 0.113998944024
	(8,6,20) 0.0592410394532
	(8,6,21) 0.0280756489731
	(8,6,22) 0.14180231156
	(8,6,28) 0.055774988425
	(9,0,10) 0.00467906302346
	(9,0,14) 0.407504914623
	(9,0,21) 0.0733053733455
	(9,0,22) 0.0985196249542
	(9,0,24) 0.100401060091
	(9,0,43) 0.315589963963
	(9,1,10) 0.00467906302346
	(9,1,14) 0.407504914623
	(9,1,21) 0.0733053733455
	(9,1,22) 0.0985196249542
	(9,1,24) 0.100401060091
	(9,1,43) 0.315589963963
	(9,2,10) 0.00467906302346
	(9,2,14) 0.407504914623
	(9,2,21) 0.0733053733455
	(9,2,22) 0.0985196249542
	(9,2,24) 0.100401060091
	(9,2,43) 0.315589963963
	(9,3,10) 0.00467906302346
	(9,3,14) 0.407504914623
	(9,3,21) 0.0733053733455
	(9,3,22) 0.0985196249542
	(9,3,24) 0.100401060091
	(9,3,43) 0.315589963963
	(9,4,10) 0.00467906302346
	(9,4,14) 0.407504914623
	(9,4,21) 0.0733053733455
	(9,4,22) 0.0985196249542
	(9,4,24) 0.100401060091
	(9,4,43) 0.315589963963
	(9,5,10) 0.00467906302346
	(9,5,14) 0.407504914623
	(9,5,21) 0.0733053733455
	(9,5,22) 0.0985196249542
	(9,5,24) 0.100401060091
	(9,5,43) 0.315589963963
	(9,6,10) 0.00467906302346
	(9,6,14) 0.407504914623
	(9,6,21) 0.0733053733455
	(9,6,22) 0.0985196249542
	(9,6,24) 0.100401060091
	(9,6,43) 0.315589963963
	(10,0,10) 0.0012883257884
	(10,0,21) 0.345471623584
	(10,0,33) 0.207605952532
	(10,0,39) 0.0770707398234
	(10,0,45) 0.278368425386
	(10,0,46) 0.0538363746795
	(10,0,48) 0.0363585582075
	(10,1,10) 0.0012883257884
	(10,1,21) 0.345471623584
	(10,1,33) 0.207605952532
	(10,1,39) 0.0770707398234
	(10,1,45) 0.278368425386
	(10,1,46) 0.0538363746795
	(10,1,48) 0.0363585582075
	(10,2,10) 0.0012883257884
	(10,2,21) 0.345471623584
	(10,2,33) 0.207605952532
	(10,2,39) 0.0770707398234
	(10,2,45) 0.278368425386
	(10,2,46) 0.0538363746795
	(10,2,48) 0.0363585582075
	(10,3,10) 0.0012883257884
	(10,3,21) 0.345471623584
	(10,3,33) 0.207605952532
	(10,3,39) 0.0770707398234
	(10,3,45) 0.278368425386
	(10,3,46) 0.0538363746795
	(10,3,48) 0.0363585582075
	(10,4,10) 0.0012883257884
	(10,4,21) 0.345471623584
	(10,4,33) 0.207605952532
	(10,4,39) 0.0770707398234
	(10,4,45) 0.278368425386
	(10,4,46) 0.0538363746795
	(10,4,48) 0.0363585582075
	(10,5,10) 0.0012883257884
	(10,5,21) 0.345471623584
	(10,5,33) 0.207605952532
	(10,5,39) 0.0770707398234
	(10,5,45) 0.278368425386
	(10,5,46) 0.0538363746795
	(10,5,48) 0.0363585582075
	(10,6,10) 0.0012883257884
	(10,6,21) 0.345471623584
	(10,6,33) 0.207605952532
	(10,6,39) 0.0770707398234
	(10,6,45) 0.278368425386
	(10,6,46) 0.0538363746795
	(10,6,48) 0.0363585582075
	(11,0,0) 0.0720339475523
	(11,0,2) 0.0809907653482
	(11,0,4) 0.146513753019
	(11,0,14) 0.656709660831
	(11,0,17) 0.0108928748494
	(11,0,22) 0.0328589983999
	(11,1,0) 0.0720339475523
	(11,1,2) 0.0809907653482
	(11,1,4) 0.146513753019
	(11,1,14) 0.656709660831
	(11,1,17) 0.0108928748494
	(11,1,22) 0.0328589983999
	(11,2,0) 0.0720339475523
	(11,2,2) 0.0809907653482
	(11,2,4) 0.146513753019
	(11,2,14) 0.656709660831
	(11,2,17) 0.0108928748494
	(11,2,22) 0.0328589983999
	(11,3,0) 0.0720339475523
	(11,3,2) 0.0809907653482
	(11,3,4) 0.146513753019
	(11,3,14) 0.656709660831
	(11,3,17) 0.0108928748494
	(11,3,22) 0.0328589983999
	(11,4,0) 0.0720339475523
	(11,4,2) 0.0809907653482
	(11,4,4) 0.146513753019
	(11,4,14) 0.656709660831
	(11,4,17) 0.0108928748494
	(11,4,22) 0.0328589983999
	(11,5,0) 0.0720339475523
	(11,5,2) 0.0809907653482
	(11,5,4) 0.146513753019
	(11,5,14) 0.656709660831
	(11,5,17) 0.0108928748494
	(11,5,22) 0.0328589983999
	(11,6,0) 0.0720339475523
	(11,6,2) 0.0809907653482
	(11,6,4) 0.146513753019
	(11,6,14) 0.656709660831
	(11,6,17) 0.0108928748494
	(11,6,22) 0.0328589983999
	(12,0,1) 0.525967087135
	(12,0,6) 0.14878147337
	(12,0,20) 0.0163965860825
	(12,0,22) 0.158321154408
	(12,0,39) 0.0235422802259
	(12,0,43) 0.126991418778
	(12,1,1) 0.525967087135
	(12,1,6) 0.14878147337
	(12,1,20) 0.0163965860825
	(12,1,22) 0.158321154408
	(12,1,39) 0.0235422802259
	(12,1,43) 0.126991418778
	(12,2,1) 0.525967087135
	(12,2,6) 0.14878147337
	(12,2,20) 0.0163965860825
	(12,2,22) 0.158321154408
	(12,2,39) 0.0235422802259
	(12,2,43) 0.126991418778
	(12,3,1) 0.525967087135
	(12,3,6) 0.14878147337
	(12,3,20) 0.0163965860825
	(12,3,22) 0.158321154408
	(12,3,39) 0.0235422802259
	(12,3,43) 0.126991418778
	(12,4,1) 0.525967087135
	(12,4,6) 0.14878147337
	(12,4,20) 0.0163965860825
	(12,4,22) 0.158321154408
	(12,4,39) 0.0235422802259
	(12,4,43) 0.126991418778
	(12,5,1) 0.525967087135
	(12,5,6) 0.14878147337
	(12,5,20) 0.0163965860825
	(12,5,22) 0.158321154408
	(12,5,39) 0.0235422802259
	(12,5,43) 0.126991418778
	(12,6,1) 0.525967087135
	(12,6,6) 0.14878147337
	(12,6,20) 0.0163965860825
	(12,6,22) 0.158321154408
	(12,6,39) 0.0235422802259
	(12,6,43) 0.126991418778
	(13,0,4) 0.142758051335
	(13,0,21) 0.153794956128
	(13,0,24) 0.180821759021
	(13,0,41) 0.312716284
	(13,0,48) 0.0874460816836
	(13,0,49) 0.0417227153703
	(13,0,52) 0.0807401524623
	(13,1,4) 0.142758051335
	(13,1,21) 0.153794956128
	(13,1,24) 0.180821759021
	(13,1,41) 0.312716284
	(13,1,48) 0.0874460816836
	(13,1,49) 0.0417227153703
	(13,1,52) 0.0807401524623
	(13,2,4) 0.142758051335
	(13,2,21) 0.153794956128
	(13,2,24) 0.180821759021
	(13,2,41) 0.312716284
	(13,2,48) 0.0874460816836
	(13,2,49) 0.0417227153703
	(13,2,52) 0.0807401524623
	(13,3,4) 0.142758051335
	(13,3,21) 0.153794956128
	(13,3,24) 0.180821759021
	(13,3,41) 0.312716284
	(13,3,48) 0.0874460816836
	(13,3,49) 0.0417227153703
	(13,3,52) 0.0807401524623
	(13,4,4) 0.142758051335
	(13,4,21) 0.153794956128
	(13,4,24) 0.180821759021
	(13,4,41) 0.312716284
	(13,4,48) 0.0874460816836
	(13,4,49) 0.0417227153703
	(13,4,52) 0.0807401524623
	(13,5,4) 0.142758051335
	(13,5,21) 0.153794956128
	(13,5,24) 0.180821759021
	(13,5,41) 0.312716284
	(13,5,48) 0.0874460816836
	(13,5,49) 0.0417227153703
	(13,5,52) 0.0807401524623
	(13,6,4) 0.142758051335
	(13,6,21) 0.153794956128
	(13,6,24) 0.180821759021
	(13,6,41) 0.312716284
	(13,6,48) 0.0874460816836
	(13,6,49) 0.0417227153703
	(13,6,52) 0.0807401524623
	(14,0,0) 0.0152630977228
	(14,0,23) 0.137290176224
	(14,0,28) 0.0281576478869
	(14,0,31) 0.128680526065
	(14,0,36) 0.0205496929457
	(14,0,37) 0.124067365914
	(14,0,46) 0.0775841237426
	(14,0,48) 0.00123788104893
	(14,0,52) 0.467169488449
	(14,1,0) 0.0152630977228
	(14,1,23) 0.137290176224
	(14,1,28) 0.0281576478869
	(14,1,31) 0.128680526065
	(14,1,36) 0.0205496929457
	(14,1,37) 0.124067365914
	(14,1,46) 0.0775841237426
	(14,1,48) 0.00123788104893
	(14,1,52) 0.467169488449
	(14,2,0) 0.0152630977228
	(14,2,23) 0.137290176224
	(14,2,28) 0.0281576478869
	(14,2,31) 0.128680526065
	(14,2,36) 0.0205496929457
	(14,2,37) 0.124067365914
	(14,2,46) 0.0775841237426
	(14,2,48) 0.00123788104893
	(14,2,52) 0.467169488449
	(14,3,0) 0.0152630977228
	(14,3,23) 0.137290176224
	(14,3,28) 0.0281576478869
	(14,3,31) 0.128680526065
	(14,3,36) 0.0205496929457
	(14,3,37) 0.124067365914
	(14,3,46) 0.0775841237426
	(14,3,48) 0.00123788104893
	(14,3,52) 0.467169488449
	(14,4,0) 0.0152630977228
	(14,4,23) 0.137290176224
	(14,4,28) 0.0281576478869
	(14,4,31) 0.128680526065
	(14,4,36) 0.0205496929457
	(14,4,37) 0.124067365914
	(14,4,46) 0.0775841237426
	(14,4,48) 0.00123788104893
	(14,4,52) 0.467169488449
	(14,5,0) 0.0152630977228
	(14,5,23) 0.137290176224
	(14,5,28) 0.0281576478869
	(14,5,31) 0.128680526065
	(14,5,36) 0.0205496929457
	(14,5,37) 0.124067365914
	(14,5,46) 0.0775841237426
	(14,5,48) 0.00123788104893
	(14,5,52) 0.467169488449
	(14,6,0) 0.0152630977228
	(14,6,23) 0.137290176224
	(14,6,28) 0.0281576478869
	(14,6,31) 0.128680526065
	(14,6,36) 0.0205496929457
	(14,6,37) 0.124067365914
	(14,6,46) 0.0775841237426
	(14,6,48) 0.00123788104893
	(14,6,52) 0.467169488449
	(15,0,1) 0.138528886022
	(15,0,13) 0.178899067834
	(15,0,19) 0.0196425501906
	(15,0,30) 0.0429616979439
	(15,0,32) 0.296811109496
	(15,0,36) 0.168456003363
	(15,0,43) 0.00128392953637
	(15,0,46) 0.153416755614
	(15,1,1) 0.138528886022
	(15,1,13) 0.178899067834
	(15,1,19) 0.0196425501906
	(15,1,30) 0.0429616979439
	(15,1,32) 0.296811109496
	(15,1,36) 0.168456003363
	(15,1,43) 0.00128392953637
	(15,1,46) 0.153416755614
	(15,2,1) 0.138528886022
	(15,2,13) 0.178899067834
	(15,2,19) 0.0196425501906
	(15,2,30) 0.0429616979439
	(15,2,32) 0.296811109496
	(15,2,36) 0.168456003363
	(15,2,43) 0.00128392953637
	(15,2,46) 0.153416755614
	(15,3,1) 0.138528886022
	(15,3,13) 0.178899067834
	(15,3,19) 0.0196425501906
	(15,3,30) 0.0429616979439
	(15,3,32) 0.296811109496
	(15,3,36) 0.168456003363
	(15,3,43) 0.00128392953637
	(15,3,46) 0.153416755614
	(15,4,1) 0.138528886022
	(15,4,13) 0.178899067834
	(15,4,19) 0.0196425501906
	(15,4,30) 0.0429616979439
	(15,4,32) 0.296811109496
	(15,4,36) 0.168456003363
	(15,4,43) 0.00128392953637
	(15,4,46) 0.153416755614
	(15,5,1) 0.138528886022
	(15,5,13) 0.178899067834
	(15,5,19) 0.0196425501906
	(15,5,30) 0.0429616979439
	(15,5,32) 0.296811109496
	(15,5,36) 0.168456003363
	(15,5,43) 0.00128392953637
	(15,5,46) 0.153416755614
	(15,6,1) 0.138528886022
	(15,6,13) 0.178899067834
	(15,6,19) 0.0196425501906
	(15,6,30) 0.0429616979439
	(15,6,32) 0.296811109496
	(15,6,36) 0.168456003363
	(15,6,43) 0.00128392953637
	(15,6,46) 0.153416755614
	(16,0,2) 0.0452573011175
	(16,0,10) 0.091998836893
	(16,0,14) 0.163433635137
	(16,0,16) 0.0804312080958
	(16,0,26) 0.082245850826
	(16,0,29) 0.207047957129
	(16,0,40) 0.236930632315
	(16,0,41) 0.0446711676743
	(16,0,42) 0.0479834108119
	(16,1,2) 0.0452573011175
	(16,1,10) 0.091998836893
	(16,1,14) 0.163433635137
	(16,1,16) 0.0804312080958
	(16,1,26) 0.082245850826
	(16,1,29) 0.207047957129
	(16,1,40) 0.236930632315
	(16,1,41) 0.0446711676743
	(16,1,42) 0.0479834108119
	(16,2,2) 0.0452573011175
	(16,2,10) 0.091998836893
	(16,2,14) 0.163433635137
	(16,2,16) 0.0804312080958
	(16,2,26) 0.082245850826
	(16,2,29) 0.207047957129
	(16,2,40) 0.236930632315
	(16,2,41) 0.0446711676743
	(16,2,42) 0.0479834108119
	(16,3,2) 0.0452573011175
	(16,3,10) 0.091998836893
	(16,3,14) 0.163433635137
	(16,3,16) 0.0804312080958
	(16,3,26) 0.082245850826
	(16,3,29) 0.207047957129
	(16,3,40) 0.236930632315
	(16,3,41) 0.0446711676743
	(16,3,42) 0.0479834108119
	(16,4,2) 0.0452573011175
	(16,4,10) 0.091998836893
	(16,4,14) 0.163433635137
	(16,4,16) 0.0804312080958
	(16,4,26) 0.082245850826
	(16,4,29) 0.207047957129
	(16,4,40) 0.236930632315
	(16,4,41) 0.0446711676743
	(16,4,42) 0.0479834108119
	(16,5,2) 0.0452573011175
	(16,5,10) 0.091998836893
	(16,5,14) 0.163433635137
	(16,5,16) 0.0804312080958
	(16,5,26) 0.082245850826
	(16,5,29) 0.207047957129
	(16,5,40) 0.236930632315
	(16,5,41) 0.0446711676743
	(16,5,42) 0.0479834108119
	(16,6,2) 0.0452573011175
	(16,6,10) 0.091998836893
	(16,6,14) 0.163433635137
	(16,6,16) 0.0804312080958
	(16,6,26) 0.082245850826
	(16,6,29) 0.207047957129
	(16,6,40) 0.236930632315
	(16,6,41) 0.0446711676743
	(16,6,42) 0.0479834108119
	(17,0,2) 0.156433762555
	(17,0,17) 0.0125951088371
	(17,0,25) 0.0119207006402
	(17,0,35) 0.301571024242
	(17,0,38) 0.463100506019
	(17,0,52) 0.0543788977062
	(17,1,2) 0.156433762555
	(17,1,17) 0.0125951088371
	(17,1,25) 0.0119207006402
	(17,1,35) 0.301571024242
	(17,1,38) 0.463100506019
	(17,1,52) 0.0543788977062
	(17,2,2) 0.156433762555
	(17,2,17) 0.0125951088371
	(17,2,25) 0.0119207006402
	(17,2,35) 0.301571024242
	(17,2,38) 0.463100506019
	(17,2,52) 0.0543788977062
	(17,3,2) 0.156433762555
	(17,3,17) 0.0125951088371
	(17,3,25) 0.0119207006402
	(17,3,35) 0.301571024242
	(17,3,38) 0.463100506019
	(17,3,52) 0.0543788977062
	(17,4,2) 0.156433762555
	(17,4,17) 0.0125951088371
	(17,4,25) 0.0119207006402
	(17,4,35) 0.301571024242
	(17,4,38) 0.463100506019
	(17,4,52) 0.0543788977062
	(17,5,2) 0.156433762555
	(17,5,17) 0.0125951088371
	(17,5,25) 0.0119207006402
	(17,5,35) 0.301571024242
	(17,5,38) 0.463100506019
	(17,5,52) 0.0543788977062
	(17,6,2) 0.156433762555
	(17,6,17) 0.0125951088371
	(17,6,25) 0.0119207006402
	(17,6,35) 0.301571024242
	(17,6,38) 0.463100506019
	(17,6,52) 0.0543788977062
	(18,0,24) 0.73598996564
	(18,0,38) 0.000121039262468
	(18,0,45) 0.0781293388955
	(18,0,52) 0.185759656202
	(18,1,24) 0.73598996564
	(18,1,38) 0.000121039262468
	(18,1,45) 0.0781293388955
	(18,1,52) 0.185759656202
	(18,2,24) 0.73598996564
	(18,2,38) 0.000121039262468
	(18,2,45) 0.0781293388955
	(18,2,52) 0.185759656202
	(18,3,24) 0.73598996564
	(18,3,38) 0.000121039262468
	(18,3,45) 0.0781293388955
	(18,3,52) 0.185759656202
	(18,4,24) 0.73598996564
	(18,4,38) 0.000121039262468
	(18,4,45) 0.0781293388955
	(18,4,52) 0.185759656202
	(18,5,24) 0.73598996564
	(18,5,38) 0.000121039262468
	(18,5,45) 0.0781293388955
	(18,5,52) 0.185759656202
	(18,6,24) 0.73598996564
	(18,6,38) 0.000121039262468
	(18,6,45) 0.0781293388955
	(18,6,52) 0.185759656202
	(19,0,14) 0.0531941512029
	(19,0,23) 0.0156503243643
	(19,0,24) 0.233428684246
	(19,0,30) 0.115810710743
	(19,0,38) 0.499318174212
	(19,0,45) 0.0473972861579
	(19,0,49) 0.0352006690742
	(19,1,14) 0.0531941512029
	(19,1,23) 0.0156503243643
	(19,1,24) 0.233428684246
	(19,1,30) 0.115810710743
	(19,1,38) 0.499318174212
	(19,1,45) 0.0473972861579
	(19,1,49) 0.0352006690742
	(19,2,14) 0.0531941512029
	(19,2,23) 0.0156503243643
	(19,2,24) 0.233428684246
	(19,2,30) 0.115810710743
	(19,2,38) 0.499318174212
	(19,2,45) 0.0473972861579
	(19,2,49) 0.0352006690742
	(19,3,14) 0.0531941512029
	(19,3,23) 0.0156503243643
	(19,3,24) 0.233428684246
	(19,3,30) 0.115810710743
	(19,3,38) 0.499318174212
	(19,3,45) 0.0473972861579
	(19,3,49) 0.0352006690742
	(19,4,14) 0.0531941512029
	(19,4,23) 0.0156503243643
	(19,4,24) 0.233428684246
	(19,4,30) 0.115810710743
	(19,4,38) 0.499318174212
	(19,4,45) 0.0473972861579
	(19,4,49) 0.0352006690742
	(19,5,14) 0.0531941512029
	(19,5,23) 0.0156503243643
	(19,5,24) 0.233428684246
	(19,5,30) 0.115810710743
	(19,5,38) 0.499318174212
	(19,5,45) 0.0473972861579
	(19,5,49) 0.0352006690742
	(19,6,14) 0.0531941512029
	(19,6,23) 0.0156503243643
	(19,6,24) 0.233428684246
	(19,6,30) 0.115810710743
	(19,6,38) 0.499318174212
	(19,6,45) 0.0473972861579
	(19,6,49) 0.0352006690742
	(20,0,0) 0.100701934289
	(20,0,3) 0.175938659383
	(20,0,5) 0.0237438274234
	(20,0,7) 0.00586353542924
	(20,0,26) 0.193604298276
	(20,0,28) 0.242615856572
	(20,0,31) 0.0206986076095
	(20,0,35) 0.0209183156319
	(20,0,39) 0.184552262989
	(20,0,42) 0.0313627023968
	(20,1,0) 0.100701934289
	(20,1,3) 0.175938659383
	(20,1,5) 0.0237438274234
	(20,1,7) 0.00586353542924
	(20,1,26) 0.193604298276
	(20,1,28) 0.242615856572
	(20,1,31) 0.0206986076095
	(20,1,35) 0.0209183156319
	(20,1,39) 0.184552262989
	(20,1,42) 0.0313627023968
	(20,2,0) 0.100701934289
	(20,2,3) 0.175938659383
	(20,2,5) 0.0237438274234
	(20,2,7) 0.00586353542924
	(20,2,26) 0.193604298276
	(20,2,28) 0.242615856572
	(20,2,31) 0.0206986076095
	(20,2,35) 0.0209183156319
	(20,2,39) 0.184552262989
	(20,2,42) 0.0313627023968
	(20,3,0) 0.100701934289
	(20,3,3) 0.175938659383
	(20,3,5) 0.0237438274234
	(20,3,7) 0.00586353542924
	(20,3,26) 0.193604298276
	(20,3,28) 0.242615856572
	(20,3,31) 0.0206986076095
	(20,3,35) 0.0209183156319
	(20,3,39) 0.184552262989
	(20,3,42) 0.0313627023968
	(20,4,0) 0.100701934289
	(20,4,3) 0.175938659383
	(20,4,5) 0.0237438274234
	(20,4,7) 0.00586353542924
	(20,4,26) 0.193604298276
	(20,4,28) 0.242615856572
	(20,4,31) 0.0206986076095
	(20,4,35) 0.0209183156319
	(20,4,39) 0.184552262989
	(20,4,42) 0.0313627023968
	(20,5,0) 0.100701934289
	(20,5,3) 0.175938659383
	(20,5,5) 0.0237438274234
	(20,5,7) 0.00586353542924
	(20,5,26) 0.193604298276
	(20,5,28) 0.242615856572
	(20,5,31) 0.0206986076095
	(20,5,35) 0.0209183156319
	(20,5,39) 0.184552262989
	(20,5,42) 0.0313627023968
	(20,6,0) 0.100701934289
	(20,6,3) 0.175938659383
	(20,6,5) 0.0237438274234
	(20,6,7) 0.00586353542924
	(20,6,26) 0.193604298276
	(20,6,28) 0.242615856572
	(20,6,31) 0.0206986076095
	(20,6,35) 0.0209183156319
	(20,6,39) 0.184552262989
	(20,6,42) 0.0313627023968
	(21,0,3) 0.0467370993215
	(21,0,14) 0.202415218633
	(21,0,18) 0.0828198485793
	(21,0,20) 0.0407099538253
	(21,0,22) 0.0219079630743
	(21,0,26) 0.0146230308686
	(21,0,36) 0.110593920208
	(21,0,41) 0.0955190190098
	(21,0,45) 0.0910630031964
	(21,0,46) 0.119827421701
	(21,0,48) 0.142080337741
	(21,0,49) 0.0317031838417
	(21,1,3) 0.0467370993215
	(21,1,14) 0.202415218633
	(21,1,18) 0.0828198485793
	(21,1,20) 0.0407099538253
	(21,1,22) 0.0219079630743
	(21,1,26) 0.0146230308686
	(21,1,36) 0.110593920208
	(21,1,41) 0.0955190190098
	(21,1,45) 0.0910630031964
	(21,1,46) 0.119827421701
	(21,1,48) 0.142080337741
	(21,1,49) 0.0317031838417
	(21,2,3) 0.0467370993215
	(21,2,14) 0.202415218633
	(21,2,18) 0.0828198485793
	(21,2,20) 0.0407099538253
	(21,2,22) 0.0219079630743
	(21,2,26) 0.0146230308686
	(21,2,36) 0.110593920208
	(21,2,41) 0.0955190190098
	(21,2,45) 0.0910630031964
	(21,2,46) 0.119827421701
	(21,2,48) 0.142080337741
	(21,2,49) 0.0317031838417
	(21,3,3) 0.0467370993215
	(21,3,14) 0.202415218633
	(21,3,18) 0.0828198485793
	(21,3,20) 0.0407099538253
	(21,3,22) 0.0219079630743
	(21,3,26) 0.0146230308686
	(21,3,36) 0.110593920208
	(21,3,41) 0.0955190190098
	(21,3,45) 0.0910630031964
	(21,3,46) 0.119827421701
	(21,3,48) 0.142080337741
	(21,3,49) 0.0317031838417
	(21,4,3) 0.0467370993215
	(21,4,14) 0.202415218633
	(21,4,18) 0.0828198485793
	(21,4,20) 0.0407099538253
	(21,4,22) 0.0219079630743
	(21,4,26) 0.0146230308686
	(21,4,36) 0.110593920208
	(21,4,41) 0.0955190190098
	(21,4,45) 0.0910630031964
	(21,4,46) 0.119827421701
	(21,4,48) 0.142080337741
	(21,4,49) 0.0317031838417
	(21,5,3) 0.0467370993215
	(21,5,14) 0.202415218633
	(21,5,18) 0.0828198485793
	(21,5,20) 0.0407099538253
	(21,5,22) 0.0219079630743
	(21,5,26) 0.0146230308686
	(21,5,36) 0.110593920208
	(21,5,41) 0.0955190190098
	(21,5,45) 0.0910630031964
	(21,5,46) 0.119827421701
	(21,5,48) 0.142080337741
	(21,5,49) 0.0317031838417
	(21,6,3) 0.0467370993215
	(21,6,14) 0.202415218633
	(21,6,18) 0.0828198485793
	(21,6,20) 0.0407099538253
	(21,6,22) 0.0219079630743
	(21,6,26) 0.0146230308686
	(21,6,36) 0.110593920208
	(21,6,41) 0.0955190190098
	(21,6,45) 0.0910630031964
	(21,6,46) 0.119827421701
	(21,6,48) 0.142080337741
	(21,6,49) 0.0317031838417
	(22,0,13) 0.0522513374878
	(22,0,23) 0.173904387612
	(22,0,24) 0.166877510054
	(22,0,29) 0.0978910115398
	(22,0,33) 0.096639373547
	(22,0,37) 0.0283516400136
	(22,0,39) 0.00664463673417
	(22,0,40) 0.0263277588507
	(22,0,41) 0.30049189086
	(22,0,43) 0.0506204533003
	(22,1,13) 0.0522513374878
	(22,1,23) 0.173904387612
	(22,1,24) 0.166877510054
	(22,1,29) 0.0978910115398
	(22,1,33) 0.096639373547
	(22,1,37) 0.0283516400136
	(22,1,39) 0.00664463673417
	(22,1,40) 0.0263277588507
	(22,1,41) 0.30049189086
	(22,1,43) 0.0506204533003
	(22,2,13) 0.0522513374878
	(22,2,23) 0.173904387612
	(22,2,24) 0.166877510054
	(22,2,29) 0.0978910115398
	(22,2,33) 0.096639373547
	(22,2,37) 0.0283516400136
	(22,2,39) 0.00664463673417
	(22,2,40) 0.0263277588507
	(22,2,41) 0.30049189086
	(22,2,43) 0.0506204533003
	(22,3,13) 0.0522513374878
	(22,3,23) 0.173904387612
	(22,3,24) 0.166877510054
	(22,3,29) 0.0978910115398
	(22,3,33) 0.096639373547
	(22,3,37) 0.0283516400136
	(22,3,39) 0.00664463673417
	(22,3,40) 0.0263277588507
	(22,3,41) 0.30049189086
	(22,3,43) 0.0506204533003
	(22,4,13) 0.0522513374878
	(22,4,23) 0.173904387612
	(22,4,24) 0.166877510054
	(22,4,29) 0.0978910115398
	(22,4,33) 0.096639373547
	(22,4,37) 0.0283516400136
	(22,4,39) 0.00664463673417
	(22,4,40) 0.0263277588507
	(22,4,41) 0.30049189086
	(22,4,43) 0.0506204533003
	(22,5,13) 0.0522513374878
	(22,5,23) 0.173904387612
	(22,5,24) 0.166877510054
	(22,5,29) 0.0978910115398
	(22,5,33) 0.096639373547
	(22,5,37) 0.0283516400136
	(22,5,39) 0.00664463673417
	(22,5,40) 0.0263277588507
	(22,5,41) 0.30049189086
	(22,5,43) 0.0506204533003
	(22,6,13) 0.0522513374878
	(22,6,23) 0.173904387612
	(22,6,24) 0.166877510054
	(22,6,29) 0.0978910115398
	(22,6,33) 0.096639373547
	(22,6,37) 0.0283516400136
	(22,6,39) 0.00664463673417
	(22,6,40) 0.0263277588507
	(22,6,41) 0.30049189086
	(22,6,43) 0.0506204533003
	(23,0,12) 0.114320725205
	(23,0,20) 0.204544236971
	(23,0,22) 0.0194878452008
	(23,0,28) 0.0873642171272
	(23,0,37) 0.441750545064
	(23,0,47) 0.00164894395566
	(23,0,48) 0.130883486477
	(23,1,12) 0.114320725205
	(23,1,20) 0.204544236971
	(23,1,22) 0.0194878452008
	(23,1,28) 0.0873642171272
	(23,1,37) 0.441750545064
	(23,1,47) 0.00164894395566
	(23,1,48) 0.130883486477
	(23,2,12) 0.114320725205
	(23,2,20) 0.204544236971
	(23,2,22) 0.0194878452008
	(23,2,28) 0.0873642171272
	(23,2,37) 0.441750545064
	(23,2,47) 0.00164894395566
	(23,2,48) 0.130883486477
	(23,3,12) 0.114320725205
	(23,3,20) 0.204544236971
	(23,3,22) 0.0194878452008
	(23,3,28) 0.0873642171272
	(23,3,37) 0.441750545064
	(23,3,47) 0.00164894395566
	(23,3,48) 0.130883486477
	(23,4,12) 0.114320725205
	(23,4,20) 0.204544236971
	(23,4,22) 0.0194878452008
	(23,4,28) 0.0873642171272
	(23,4,37) 0.441750545064
	(23,4,47) 0.00164894395566
	(23,4,48) 0.130883486477
	(23,5,12) 0.114320725205
	(23,5,20) 0.204544236971
	(23,5,22) 0.0194878452008
	(23,5,28) 0.0873642171272
	(23,5,37) 0.441750545064
	(23,5,47) 0.00164894395566
	(23,5,48) 0.130883486477
	(23,6,12) 0.114320725205
	(23,6,20) 0.204544236971
	(23,6,22) 0.0194878452008
	(23,6,28) 0.0873642171272
	(23,6,37) 0.441750545064
	(23,6,47) 0.00164894395566
	(23,6,48) 0.130883486477
	(24,0,3) 0.0332660327722
	(24,0,20) 0.00448328026547
	(24,0,23) 0.0467694214253
	(24,0,30) 0.563936885016
	(24,0,37) 0.0555058210042
	(24,0,44) 0.28257667782
	(24,0,46) 0.0134618816966
	(24,1,3) 0.0332660327722
	(24,1,20) 0.00448328026547
	(24,1,23) 0.0467694214253
	(24,1,30) 0.563936885016
	(24,1,37) 0.0555058210042
	(24,1,44) 0.28257667782
	(24,1,46) 0.0134618816966
	(24,2,3) 0.0332660327722
	(24,2,20) 0.00448328026547
	(24,2,23) 0.0467694214253
	(24,2,30) 0.563936885016
	(24,2,37) 0.0555058210042
	(24,2,44) 0.28257667782
	(24,2,46) 0.0134618816966
	(24,3,3) 0.0332660327722
	(24,3,20) 0.00448328026547
	(24,3,23) 0.0467694214253
	(24,3,30) 0.563936885016
	(24,3,37) 0.0555058210042
	(24,3,44) 0.28257667782
	(24,3,46) 0.0134618816966
	(24,4,3) 0.0332660327722
	(24,4,20) 0.00448328026547
	(24,4,23) 0.0467694214253
	(24,4,30) 0.563936885016
	(24,4,37) 0.0555058210042
	(24,4,44) 0.28257667782
	(24,4,46) 0.0134618816966
	(24,5,3) 0.0332660327722
	(24,5,20) 0.00448328026547
	(24,5,23) 0.0467694214253
	(24,5,30) 0.563936885016
	(24,5,37) 0.0555058210042
	(24,5,44) 0.28257667782
	(24,5,46) 0.0134618816966
	(24,6,3) 0.0332660327722
	(24,6,20) 0.00448328026547
	(24,6,23) 0.0467694214253
	(24,6,30) 0.563936885016
	(24,6,37) 0.0555058210042
	(24,6,44) 0.28257667782
	(24,6,46) 0.0134618816966
	(25,0,0) 0.112440860002
	(25,0,4) 0.0691322246201
	(25,0,7) 0.0898838283138
	(25,0,8) 0.0918318160648
	(25,0,10) 0.0731734893456
	(25,0,29) 0.0442176846543
	(25,0,32) 0.304912710283
	(25,0,33) 0.028921486094
	(25,0,39) 0.0779699523493
	(25,0,40) 0.0198357074339
	(25,0,48) 0.0563559178019
	(25,0,52) 0.0313243230373
	(25,1,0) 0.112440860002
	(25,1,4) 0.0691322246201
	(25,1,7) 0.0898838283138
	(25,1,8) 0.0918318160648
	(25,1,10) 0.0731734893456
	(25,1,29) 0.0442176846543
	(25,1,32) 0.304912710283
	(25,1,33) 0.028921486094
	(25,1,39) 0.0779699523493
	(25,1,40) 0.0198357074339
	(25,1,48) 0.0563559178019
	(25,1,52) 0.0313243230373
	(25,2,0) 0.112440860002
	(25,2,4) 0.0691322246201
	(25,2,7) 0.0898838283138
	(25,2,8) 0.0918318160648
	(25,2,10) 0.0731734893456
	(25,2,29) 0.0442176846543
	(25,2,32) 0.304912710283
	(25,2,33) 0.028921486094
	(25,2,39) 0.0779699523493
	(25,2,40) 0.0198357074339
	(25,2,48) 0.0563559178019
	(25,2,52) 0.0313243230373
	(25,3,0) 0.112440860002
	(25,3,4) 0.0691322246201
	(25,3,7) 0.0898838283138
	(25,3,8) 0.0918318160648
	(25,3,10) 0.0731734893456
	(25,3,29) 0.0442176846543
	(25,3,32) 0.304912710283
	(25,3,33) 0.028921486094
	(25,3,39) 0.0779699523493
	(25,3,40) 0.0198357074339
	(25,3,48) 0.0563559178019
	(25,3,52) 0.0313243230373
	(25,4,0) 0.112440860002
	(25,4,4) 0.0691322246201
	(25,4,7) 0.0898838283138
	(25,4,8) 0.0918318160648
	(25,4,10) 0.0731734893456
	(25,4,29) 0.0442176846543
	(25,4,32) 0.304912710283
	(25,4,33) 0.028921486094
	(25,4,39) 0.0779699523493
	(25,4,40) 0.0198357074339
	(25,4,48) 0.0563559178019
	(25,4,52) 0.0313243230373
	(25,5,0) 0.112440860002
	(25,5,4) 0.0691322246201
	(25,5,7) 0.0898838283138
	(25,5,8) 0.0918318160648
	(25,5,10) 0.0731734893456
	(25,5,29) 0.0442176846543
	(25,5,32) 0.304912710283
	(25,5,33) 0.028921486094
	(25,5,39) 0.0779699523493
	(25,5,40) 0.0198357074339
	(25,5,48) 0.0563559178019
	(25,5,52) 0.0313243230373
	(25,6,0) 0.112440860002
	(25,6,4) 0.0691322246201
	(25,6,7) 0.0898838283138
	(25,6,8) 0.0918318160648
	(25,6,10) 0.0731734893456
	(25,6,29) 0.0442176846543
	(25,6,32) 0.304912710283
	(25,6,33) 0.028921486094
	(25,6,39) 0.0779699523493
	(25,6,40) 0.0198357074339
	(25,6,48) 0.0563559178019
	(25,6,52) 0.0313243230373
	(26,0,22) 0.0238265766927
	(26,0,25) 0.176249457782
	(26,0,28) 0.518723258116
	(26,0,30) 0.19250248741
	(26,0,46) 0.0886982199996
	(26,1,22) 0.0238265766927
	(26,1,25) 0.176249457782
	(26,1,28) 0.518723258116
	(26,1,30) 0.19250248741
	(26,1,46) 0.0886982199996
	(26,2,22) 0.0238265766927
	(26,2,25) 0.176249457782
	(26,2,28) 0.518723258116
	(26,2,30) 0.19250248741
	(26,2,46) 0.0886982199996
	(26,3,22) 0.0238265766927
	(26,3,25) 0.176249457782
	(26,3,28) 0.518723258116
	(26,3,30) 0.19250248741
	(26,3,46) 0.0886982199996
	(26,4,22) 0.0238265766927
	(26,4,25) 0.176249457782
	(26,4,28) 0.518723258116
	(26,4,30) 0.19250248741
	(26,4,46) 0.0886982199996
	(26,5,22) 0.0238265766927
	(26,5,25) 0.176249457782
	(26,5,28) 0.518723258116
	(26,5,30) 0.19250248741
	(26,5,46) 0.0886982199996
	(26,6,22) 0.0238265766927
	(26,6,25) 0.176249457782
	(26,6,28) 0.518723258116
	(26,6,30) 0.19250248741
	(26,6,46) 0.0886982199996
	(27,0,6) 0.0632774751509
	(27,0,13) 0.284748587834
	(27,0,14) 0.0503930091213
	(27,0,15) 0.240871402299
	(27,0,18) 0.306800454695
	(27,0,23) 0.0410604411376
	(27,0,44) 0.0128486297624
	(27,1,6) 0.0632774751509
	(27,1,13) 0.284748587834
	(27,1,14) 0.0503930091213
	(27,1,15) 0.240871402299
	(27,1,18) 0.306800454695
	(27,1,23) 0.0410604411376
	(27,1,44) 0.0128486297624
	(27,2,6) 0.0632774751509
	(27,2,13) 0.284748587834
	(27,2,14) 0.0503930091213
	(27,2,15) 0.240871402299
	(27,2,18) 0.306800454695
	(27,2,23) 0.0410604411376
	(27,2,44) 0.0128486297624
	(27,3,6) 0.0632774751509
	(27,3,13) 0.284748587834
	(27,3,14) 0.0503930091213
	(27,3,15) 0.240871402299
	(27,3,18) 0.306800454695
	(27,3,23) 0.0410604411376
	(27,3,44) 0.0128486297624
	(27,4,6) 0.0632774751509
	(27,4,13) 0.284748587834
	(27,4,14) 0.0503930091213
	(27,4,15) 0.240871402299
	(27,4,18) 0.306800454695
	(27,4,23) 0.0410604411376
	(27,4,44) 0.0128486297624
	(27,5,6) 0.0632774751509
	(27,5,13) 0.284748587834
	(27,5,14) 0.0503930091213
	(27,5,15) 0.240871402299
	(27,5,18) 0.306800454695
	(27,5,23) 0.0410604411376
	(27,5,44) 0.0128486297624
	(27,6,6) 0.0632774751509
	(27,6,13) 0.284748587834
	(27,6,14) 0.0503930091213
	(27,6,15) 0.240871402299
	(27,6,18) 0.306800454695
	(27,6,23) 0.0410604411376
	(27,6,44) 0.0128486297624
	(28,0,3) 0.092943321286
	(28,0,4) 0.417610648795
	(28,0,11) 0.135490360721
	(28,0,13) 0.012440093985
	(28,0,24) 0.0464427270337
	(28,0,35) 0.0163661013162
	(28,0,50) 0.278706746864
	(28,1,3) 0.092943321286
	(28,1,4) 0.417610648795
	(28,1,11) 0.135490360721
	(28,1,13) 0.012440093985
	(28,1,24) 0.0464427270337
	(28,1,35) 0.0163661013162
	(28,1,50) 0.278706746864
	(28,2,3) 0.092943321286
	(28,2,4) 0.417610648795
	(28,2,11) 0.135490360721
	(28,2,13) 0.012440093985
	(28,2,24) 0.0464427270337
	(28,2,35) 0.0163661013162
	(28,2,50) 0.278706746864
	(28,3,3) 0.092943321286
	(28,3,4) 0.417610648795
	(28,3,11) 0.135490360721
	(28,3,13) 0.012440093985
	(28,3,24) 0.0464427270337
	(28,3,35) 0.0163661013162
	(28,3,50) 0.278706746864
	(28,4,3) 0.092943321286
	(28,4,4) 0.417610648795
	(28,4,11) 0.135490360721
	(28,4,13) 0.012440093985
	(28,4,24) 0.0464427270337
	(28,4,35) 0.0163661013162
	(28,4,50) 0.278706746864
	(28,5,3) 0.092943321286
	(28,5,4) 0.417610648795
	(28,5,11) 0.135490360721
	(28,5,13) 0.012440093985
	(28,5,24) 0.0464427270337
	(28,5,35) 0.0163661013162
	(28,5,50) 0.278706746864
	(28,6,3) 0.092943321286
	(28,6,4) 0.417610648795
	(28,6,11) 0.135490360721
	(28,6,13) 0.012440093985
	(28,6,24) 0.0464427270337
	(28,6,35) 0.0163661013162
	(28,6,50) 0.278706746864
	(29,0,2) 0.0142438425677
	(29,0,7) 0.0547370796182
	(29,0,11) 0.0858459072152
	(29,0,15) 0.272836125565
	(29,0,22) 0.0381278878652
	(29,0,25) 0.0481859116659
	(29,0,30) 0.00671242821562
	(29,0,35) 0.0900966844103
	(29,0,42) 0.242311603973
	(29,0,44) 0.0296800816764
	(29,0,45) 0.0125521009764
	(29,0,51) 0.104670346251
	(29,1,2) 0.0142438425677
	(29,1,7) 0.0547370796182
	(29,1,11) 0.0858459072152
	(29,1,15) 0.272836125565
	(29,1,22) 0.0381278878652
	(29,1,25) 0.0481859116659
	(29,1,30) 0.00671242821562
	(29,1,35) 0.0900966844103
	(29,1,42) 0.242311603973
	(29,1,44) 0.0296800816764
	(29,1,45) 0.0125521009764
	(29,1,51) 0.104670346251
	(29,2,2) 0.0142438425677
	(29,2,7) 0.0547370796182
	(29,2,11) 0.0858459072152
	(29,2,15) 0.272836125565
	(29,2,22) 0.0381278878652
	(29,2,25) 0.0481859116659
	(29,2,30) 0.00671242821562
	(29,2,35) 0.0900966844103
	(29,2,42) 0.242311603973
	(29,2,44) 0.0296800816764
	(29,2,45) 0.0125521009764
	(29,2,51) 0.104670346251
	(29,3,2) 0.0142438425677
	(29,3,7) 0.0547370796182
	(29,3,11) 0.0858459072152
	(29,3,15) 0.272836125565
	(29,3,22) 0.0381278878652
	(29,3,25) 0.0481859116659
	(29,3,30) 0.00671242821562
	(29,3,35) 0.0900966844103
	(29,3,42) 0.242311603973
	(29,3,44) 0.0296800816764
	(29,3,45) 0.0125521009764
	(29,3,51) 0.104670346251
	(29,4,2) 0.0142438425677
	(29,4,7) 0.0547370796182
	(29,4,11) 0.0858459072152
	(29,4,15) 0.272836125565
	(29,4,22) 0.0381278878652
	(29,4,25) 0.0481859116659
	(29,4,30) 0.00671242821562
	(29,4,35) 0.0900966844103
	(29,4,42) 0.242311603973
	(29,4,44) 0.0296800816764
	(29,4,45) 0.0125521009764
	(29,4,51) 0.104670346251
	(29,5,2) 0.0142438425677
	(29,5,7) 0.0547370796182
	(29,5,11) 0.0858459072152
	(29,5,15) 0.272836125565
	(29,5,22) 0.0381278878652
	(29,5,25) 0.0481859116659
	(29,5,30) 0.00671242821562
	(29,5,35) 0.0900966844103
	(29,5,42) 0.242311603973
	(29,5,44) 0.0296800816764
	(29,5,45) 0.0125521009764
	(29,5,51) 0.104670346251
	(29,6,2) 0.0142438425677
	(29,6,7) 0.0547370796182
	(29,6,11) 0.0858459072152
	(29,6,15) 0.272836125565
	(29,6,22) 0.0381278878652
	(29,6,25) 0.0481859116659
	(29,6,30) 0.00671242821562
	(29,6,35) 0.0900966844103
	(29,6,42) 0.242311603973
	(29,6,44) 0.0296800816764
	(29,6,45) 0.0125521009764
	(29,6,51) 0.104670346251
	(30,0,3) 0.14281141392
	(30,0,4) 0.0288966736554
	(30,0,19) 0.365890958614
	(30,0,35) 0.191200356225
	(30,0,36) 0.0174174803306
	(30,0,41) 0.106520467867
	(30,0,43) 0.0849694363305
	(30,0,47) 0.0622932130572
	(30,1,3) 0.14281141392
	(30,1,4) 0.0288966736554
	(30,1,19) 0.365890958614
	(30,1,35) 0.191200356225
	(30,1,36) 0.0174174803306
	(30,1,41) 0.106520467867
	(30,1,43) 0.0849694363305
	(30,1,47) 0.0622932130572
	(30,2,3) 0.14281141392
	(30,2,4) 0.0288966736554
	(30,2,19) 0.365890958614
	(30,2,35) 0.191200356225
	(30,2,36) 0.0174174803306
	(30,2,41) 0.106520467867
	(30,2,43) 0.0849694363305
	(30,2,47) 0.0622932130572
	(30,3,3) 0.14281141392
	(30,3,4) 0.0288966736554
	(30,3,19) 0.365890958614
	(30,3,35) 0.191200356225
	(30,3,36) 0.0174174803306
	(30,3,41) 0.106520467867
	(30,3,43) 0.0849694363305
	(30,3,47) 0.0622932130572
	(30,4,3) 0.14281141392
	(30,4,4) 0.0288966736554
	(30,4,19) 0.365890958614
	(30,4,35) 0.191200356225
	(30,4,36) 0.0174174803306
	(30,4,41) 0.106520467867
	(30,4,43) 0.0849694363305
	(30,4,47) 0.0622932130572
	(30,5,3) 0.14281141392
	(30,5,4) 0.0288966736554
	(30,5,19) 0.365890958614
	(30,5,35) 0.191200356225
	(30,5,36) 0.0174174803306
	(30,5,41) 0.106520467867
	(30,5,43) 0.0849694363305
	(30,5,47) 0.0622932130572
	(30,6,3) 0.14281141392
	(30,6,4) 0.0288966736554
	(30,6,19) 0.365890958614
	(30,6,35) 0.191200356225
	(30,6,36) 0.0174174803306
	(30,6,41) 0.106520467867
	(30,6,43) 0.0849694363305
	(30,6,47) 0.0622932130572
	(31,0,3) 0.0631147839904
	(31,0,5) 0.0376116459402
	(31,0,6) 0.0959500538498
	(31,0,12) 0.118026844639
	(31,0,14) 0.0115557964817
	(31,0,23) 0.015053714806
	(31,0,25) 0.0303473961094
	(31,0,27) 0.0141368862949
	(31,0,29) 0.235732230855
	(31,0,43) 0.378470647034
	(31,1,3) 0.0631147839904
	(31,1,5) 0.0376116459402
	(31,1,6) 0.0959500538498
	(31,1,12) 0.118026844639
	(31,1,14) 0.0115557964817
	(31,1,23) 0.015053714806
	(31,1,25) 0.0303473961094
	(31,1,27) 0.0141368862949
	(31,1,29) 0.235732230855
	(31,1,43) 0.378470647034
	(31,2,3) 0.0631147839904
	(31,2,5) 0.0376116459402
	(31,2,6) 0.0959500538498
	(31,2,12) 0.118026844639
	(31,2,14) 0.0115557964817
	(31,2,23) 0.015053714806
	(31,2,25) 0.0303473961094
	(31,2,27) 0.0141368862949
	(31,2,29) 0.235732230855
	(31,2,43) 0.378470647034
	(31,3,3) 0.0631147839904
	(31,3,5) 0.0376116459402
	(31,3,6) 0.0959500538498
	(31,3,12) 0.118026844639
	(31,3,14) 0.0115557964817
	(31,3,23) 0.015053714806
	(31,3,25) 0.0303473961094
	(31,3,27) 0.0141368862949
	(31,3,29) 0.235732230855
	(31,3,43) 0.378470647034
	(31,4,3) 0.0631147839904
	(31,4,5) 0.0376116459402
	(31,4,6) 0.0959500538498
	(31,4,12) 0.118026844639
	(31,4,14) 0.0115557964817
	(31,4,23) 0.015053714806
	(31,4,25) 0.0303473961094
	(31,4,27) 0.0141368862949
	(31,4,29) 0.235732230855
	(31,4,43) 0.378470647034
	(31,5,3) 0.0631147839904
	(31,5,5) 0.0376116459402
	(31,5,6) 0.0959500538498
	(31,5,12) 0.118026844639
	(31,5,14) 0.0115557964817
	(31,5,23) 0.015053714806
	(31,5,25) 0.0303473961094
	(31,5,27) 0.0141368862949
	(31,5,29) 0.235732230855
	(31,5,43) 0.378470647034
	(31,6,3) 0.0631147839904
	(31,6,5) 0.0376116459402
	(31,6,6) 0.0959500538498
	(31,6,12) 0.118026844639
	(31,6,14) 0.0115557964817
	(31,6,23) 0.015053714806
	(31,6,25) 0.0303473961094
	(31,6,27) 0.0141368862949
	(31,6,29) 0.235732230855
	(31,6,43) 0.378470647034
	(32,0,5) 0.168249275512
	(32,0,8) 0.0293117309103
	(32,0,26) 0.0134545046133
	(32,0,34) 0.539619112081
	(32,0,38) 0.249365376884
	(32,1,5) 0.168249275512
	(32,1,8) 0.0293117309103
	(32,1,26) 0.0134545046133
	(32,1,34) 0.539619112081
	(32,1,38) 0.249365376884
	(32,2,5) 0.168249275512
	(32,2,8) 0.0293117309103
	(32,2,26) 0.0134545046133
	(32,2,34) 0.539619112081
	(32,2,38) 0.249365376884
	(32,3,5) 0.168249275512
	(32,3,8) 0.0293117309103
	(32,3,26) 0.0134545046133
	(32,3,34) 0.539619112081
	(32,3,38) 0.249365376884
	(32,4,5) 0.168249275512
	(32,4,8) 0.0293117309103
	(32,4,26) 0.0134545046133
	(32,4,34) 0.539619112081
	(32,4,38) 0.249365376884
	(32,5,5) 0.168249275512
	(32,5,8) 0.0293117309103
	(32,5,26) 0.0134545046133
	(32,5,34) 0.539619112081
	(32,5,38) 0.249365376884
	(32,6,5) 0.168249275512
	(32,6,8) 0.0293117309103
	(32,6,26) 0.0134545046133
	(32,6,34) 0.539619112081
	(32,6,38) 0.249365376884
	(33,0,1) 0.0832405427713
	(33,0,23) 0.368995558738
	(33,0,32) 0.103331701857
	(33,0,34) 0.15869598532
	(33,0,41) 0.0591682983975
	(33,0,53) 0.226567912916
	(33,1,1) 0.0832405427713
	(33,1,23) 0.368995558738
	(33,1,32) 0.103331701857
	(33,1,34) 0.15869598532
	(33,1,41) 0.0591682983975
	(33,1,53) 0.226567912916
	(33,2,1) 0.0832405427713
	(33,2,23) 0.368995558738
	(33,2,32) 0.103331701857
	(33,2,34) 0.15869598532
	(33,2,41) 0.0591682983975
	(33,2,53) 0.226567912916
	(33,3,1) 0.0832405427713
	(33,3,23) 0.368995558738
	(33,3,32) 0.103331701857
	(33,3,34) 0.15869598532
	(33,3,41) 0.0591682983975
	(33,3,53) 0.226567912916
	(33,4,1) 0.0832405427713
	(33,4,23) 0.368995558738
	(33,4,32) 0.103331701857
	(33,4,34) 0.15869598532
	(33,4,41) 0.0591682983975
	(33,4,53) 0.226567912916
	(33,5,1) 0.0832405427713
	(33,5,23) 0.368995558738
	(33,5,32) 0.103331701857
	(33,5,34) 0.15869598532
	(33,5,41) 0.0591682983975
	(33,5,53) 0.226567912916
	(33,6,1) 0.0832405427713
	(33,6,23) 0.368995558738
	(33,6,32) 0.103331701857
	(33,6,34) 0.15869598532
	(33,6,41) 0.0591682983975
	(33,6,53) 0.226567912916
	(34,0,2) 0.0827431513751
	(34,0,3) 0.0996089629573
	(34,0,15) 0.152634001956
	(34,0,16) 0.0284556462013
	(34,0,17) 0.0883095896049
	(34,0,22) 0.058581828223
	(34,0,28) 0.0126069541788
	(34,0,35) 0.213693960872
	(34,0,43) 0.263365904632
	(34,1,2) 0.0827431513751
	(34,1,3) 0.0996089629573
	(34,1,15) 0.152634001956
	(34,1,16) 0.0284556462013
	(34,1,17) 0.0883095896049
	(34,1,22) 0.058581828223
	(34,1,28) 0.0126069541788
	(34,1,35) 0.213693960872
	(34,1,43) 0.263365904632
	(34,2,2) 0.0827431513751
	(34,2,3) 0.0996089629573
	(34,2,15) 0.152634001956
	(34,2,16) 0.0284556462013
	(34,2,17) 0.0883095896049
	(34,2,22) 0.058581828223
	(34,2,28) 0.0126069541788
	(34,2,35) 0.213693960872
	(34,2,43) 0.263365904632
	(34,3,2) 0.0827431513751
	(34,3,3) 0.0996089629573
	(34,3,15) 0.152634001956
	(34,3,16) 0.0284556462013
	(34,3,17) 0.0883095896049
	(34,3,22) 0.058581828223
	(34,3,28) 0.0126069541788
	(34,3,35) 0.213693960872
	(34,3,43) 0.263365904632
	(34,4,2) 0.0827431513751
	(34,4,3) 0.0996089629573
	(34,4,15) 0.152634001956
	(34,4,16) 0.0284556462013
	(34,4,17) 0.0883095896049
	(34,4,22) 0.058581828223
	(34,4,28) 0.0126069541788
	(34,4,35) 0.213693960872
	(34,4,43) 0.263365904632
	(34,5,2) 0.0827431513751
	(34,5,3) 0.0996089629573
	(34,5,15) 0.152634001956
	(34,5,16) 0.0284556462013
	(34,5,17) 0.0883095896049
	(34,5,22) 0.058581828223
	(34,5,28) 0.0126069541788
	(34,5,35) 0.213693960872
	(34,5,43) 0.263365904632
	(34,6,2) 0.0827431513751
	(34,6,3) 0.0996089629573
	(34,6,15) 0.152634001956
	(34,6,16) 0.0284556462013
	(34,6,17) 0.0883095896049
	(34,6,22) 0.058581828223
	(34,6,28) 0.0126069541788
	(34,6,35) 0.213693960872
	(34,6,43) 0.263365904632
	(35,0,2) 0.082455658637
	(35,0,5) 0.00127016728011
	(35,0,34) 0.00425080053964
	(35,0,42) 0.318545143914
	(35,0,46) 0.494461658505
	(35,0,47) 0.099016571124
	(35,1,2) 0.082455658637
	(35,1,5) 0.00127016728011
	(35,1,34) 0.00425080053964
	(35,1,42) 0.318545143914
	(35,1,46) 0.494461658505
	(35,1,47) 0.099016571124
	(35,2,2) 0.082455658637
	(35,2,5) 0.00127016728011
	(35,2,34) 0.00425080053964
	(35,2,42) 0.318545143914
	(35,2,46) 0.494461658505
	(35,2,47) 0.099016571124
	(35,3,2) 0.082455658637
	(35,3,5) 0.00127016728011
	(35,3,34) 0.00425080053964
	(35,3,42) 0.318545143914
	(35,3,46) 0.494461658505
	(35,3,47) 0.099016571124
	(35,4,2) 0.082455658637
	(35,4,5) 0.00127016728011
	(35,4,34) 0.00425080053964
	(35,4,42) 0.318545143914
	(35,4,46) 0.494461658505
	(35,4,47) 0.099016571124
	(35,5,2) 0.082455658637
	(35,5,5) 0.00127016728011
	(35,5,34) 0.00425080053964
	(35,5,42) 0.318545143914
	(35,5,46) 0.494461658505
	(35,5,47) 0.099016571124
	(35,6,2) 0.082455658637
	(35,6,5) 0.00127016728011
	(35,6,34) 0.00425080053964
	(35,6,42) 0.318545143914
	(35,6,46) 0.494461658505
	(35,6,47) 0.099016571124
	(36,0,7) 0.221378620558
	(36,0,11) 0.236936131766
	(36,0,14) 0.048019698939
	(36,0,17) 0.136274170749
	(36,0,37) 0.037403398958
	(36,0,49) 0.31998797903
	(36,1,7) 0.221378620558
	(36,1,11) 0.236936131766
	(36,1,14) 0.048019698939
	(36,1,17) 0.136274170749
	(36,1,37) 0.037403398958
	(36,1,49) 0.31998797903
	(36,2,7) 0.221378620558
	(36,2,11) 0.236936131766
	(36,2,14) 0.048019698939
	(36,2,17) 0.136274170749
	(36,2,37) 0.037403398958
	(36,2,49) 0.31998797903
	(36,3,7) 0.221378620558
	(36,3,11) 0.236936131766
	(36,3,14) 0.048019698939
	(36,3,17) 0.136274170749
	(36,3,37) 0.037403398958
	(36,3,49) 0.31998797903
	(36,4,7) 0.221378620558
	(36,4,11) 0.236936131766
	(36,4,14) 0.048019698939
	(36,4,17) 0.136274170749
	(36,4,37) 0.037403398958
	(36,4,49) 0.31998797903
	(36,5,7) 0.221378620558
	(36,5,11) 0.236936131766
	(36,5,14) 0.048019698939
	(36,5,17) 0.136274170749
	(36,5,37) 0.037403398958
	(36,5,49) 0.31998797903
	(36,6,7) 0.221378620558
	(36,6,11) 0.236936131766
	(36,6,14) 0.048019698939
	(36,6,17) 0.136274170749
	(36,6,37) 0.037403398958
	(36,6,49) 0.31998797903
	(37,0,7) 0.0498184757743
	(37,0,11) 0.0197870307212
	(37,0,19) 0.0928765846225
	(37,0,20) 0.0601783984308
	(37,0,24) 0.0414726638735
	(37,0,26) 0.0673748839711
	(37,0,32) 0.0426339677165
	(37,0,39) 0.117470043664
	(37,0,45) 0.19204492826
	(37,0,46) 0.316343022966
	(37,1,7) 0.0498184757743
	(37,1,11) 0.0197870307212
	(37,1,19) 0.0928765846225
	(37,1,20) 0.0601783984308
	(37,1,24) 0.0414726638735
	(37,1,26) 0.0673748839711
	(37,1,32) 0.0426339677165
	(37,1,39) 0.117470043664
	(37,1,45) 0.19204492826
	(37,1,46) 0.316343022966
	(37,2,7) 0.0498184757743
	(37,2,11) 0.0197870307212
	(37,2,19) 0.0928765846225
	(37,2,20) 0.0601783984308
	(37,2,24) 0.0414726638735
	(37,2,26) 0.0673748839711
	(37,2,32) 0.0426339677165
	(37,2,39) 0.117470043664
	(37,2,45) 0.19204492826
	(37,2,46) 0.316343022966
	(37,3,7) 0.0498184757743
	(37,3,11) 0.0197870307212
	(37,3,19) 0.0928765846225
	(37,3,20) 0.0601783984308
	(37,3,24) 0.0414726638735
	(37,3,26) 0.0673748839711
	(37,3,32) 0.0426339677165
	(37,3,39) 0.117470043664
	(37,3,45) 0.19204492826
	(37,3,46) 0.316343022966
	(37,4,7) 0.0498184757743
	(37,4,11) 0.0197870307212
	(37,4,19) 0.0928765846225
	(37,4,20) 0.0601783984308
	(37,4,24) 0.0414726638735
	(37,4,26) 0.0673748839711
	(37,4,32) 0.0426339677165
	(37,4,39) 0.117470043664
	(37,4,45) 0.19204492826
	(37,4,46) 0.316343022966
	(37,5,7) 0.0498184757743
	(37,5,11) 0.0197870307212
	(37,5,19) 0.0928765846225
	(37,5,20) 0.0601783984308
	(37,5,24) 0.0414726638735
	(37,5,26) 0.0673748839711
	(37,5,32) 0.0426339677165
	(37,5,39) 0.117470043664
	(37,5,45) 0.19204492826
	(37,5,46) 0.316343022966
	(37,6,7) 0.0498184757743
	(37,6,11) 0.0197870307212
	(37,6,19) 0.0928765846225
	(37,6,20) 0.0601783984308
	(37,6,24) 0.0414726638735
	(37,6,26) 0.0673748839711
	(37,6,32) 0.0426339677165
	(37,6,39) 0.117470043664
	(37,6,45) 0.19204492826
	(37,6,46) 0.316343022966
	(38,0,2) 0.0881113200533
	(38,0,3) 0.0123265933756
	(38,0,8) 0.0589177825817
	(38,0,10) 0.0238292195574
	(38,0,12) 0.211343524311
	(38,0,20) 0.227454061045
	(38,0,21) 0.112526400921
	(38,0,23) 0.171853888765
	(38,0,24) 0.0936372093909
	(38,1,2) 0.0881113200533
	(38,1,3) 0.0123265933756
	(38,1,8) 0.0589177825817
	(38,1,10) 0.0238292195574
	(38,1,12) 0.211343524311
	(38,1,20) 0.227454061045
	(38,1,21) 0.112526400921
	(38,1,23) 0.171853888765
	(38,1,24) 0.0936372093909
	(38,2,2) 0.0881113200533
	(38,2,3) 0.0123265933756
	(38,2,8) 0.0589177825817
	(38,2,10) 0.0238292195574
	(38,2,12) 0.211343524311
	(38,2,20) 0.227454061045
	(38,2,21) 0.112526400921
	(38,2,23) 0.171853888765
	(38,2,24) 0.0936372093909
	(38,3,2) 0.0881113200533
	(38,3,3) 0.0123265933756
	(38,3,8) 0.0589177825817
	(38,3,10) 0.0238292195574
	(38,3,12) 0.211343524311
	(38,3,20) 0.227454061045
	(38,3,21) 0.112526400921
	(38,3,23) 0.171853888765
	(38,3,24) 0.0936372093909
	(38,4,2) 0.0881113200533
	(38,4,3) 0.0123265933756
	(38,4,8) 0.0589177825817
	(38,4,10) 0.0238292195574
	(38,4,12) 0.211343524311
	(38,4,20) 0.227454061045
	(38,4,21) 0.112526400921
	(38,4,23) 0.171853888765
	(38,4,24) 0.0936372093909
	(38,5,2) 0.0881113200533
	(38,5,3) 0.0123265933756
	(38,5,8) 0.0589177825817
	(38,5,10) 0.0238292195574
	(38,5,12) 0.211343524311
	(38,5,20) 0.227454061045
	(38,5,21) 0.112526400921
	(38,5,23) 0.171853888765
	(38,5,24) 0.0936372093909
	(38,6,2) 0.0881113200533
	(38,6,3) 0.0123265933756
	(38,6,8) 0.0589177825817
	(38,6,10) 0.0238292195574
	(38,6,12) 0.211343524311
	(38,6,20) 0.227454061045
	(38,6,21) 0.112526400921
	(38,6,23) 0.171853888765
	(38,6,24) 0.0936372093909
	(39,0,8) 0.356210482726
	(39,0,11) 0.0662124045513
	(39,0,19) 0.0329779668688
	(39,0,25) 0.00864901171327
	(39,0,36) 0.21760020826
	(39,0,38) 0.106470094603
	(39,0,42) 0.196025787672
	(39,0,44) 0.0158540436059
	(39,1,8) 0.356210482726
	(39,1,11) 0.0662124045513
	(39,1,19) 0.0329779668688
	(39,1,25) 0.00864901171327
	(39,1,36) 0.21760020826
	(39,1,38) 0.106470094603
	(39,1,42) 0.196025787672
	(39,1,44) 0.0158540436059
	(39,2,8) 0.356210482726
	(39,2,11) 0.0662124045513
	(39,2,19) 0.0329779668688
	(39,2,25) 0.00864901171327
	(39,2,36) 0.21760020826
	(39,2,38) 0.106470094603
	(39,2,42) 0.196025787672
	(39,2,44) 0.0158540436059
	(39,3,8) 0.356210482726
	(39,3,11) 0.0662124045513
	(39,3,19) 0.0329779668688
	(39,3,25) 0.00864901171327
	(39,3,36) 0.21760020826
	(39,3,38) 0.106470094603
	(39,3,42) 0.196025787672
	(39,3,44) 0.0158540436059
	(39,4,8) 0.356210482726
	(39,4,11) 0.0662124045513
	(39,4,19) 0.0329779668688
	(39,4,25) 0.00864901171327
	(39,4,36) 0.21760020826
	(39,4,38) 0.106470094603
	(39,4,42) 0.196025787672
	(39,4,44) 0.0158540436059
	(39,5,8) 0.356210482726
	(39,5,11) 0.0662124045513
	(39,5,19) 0.0329779668688
	(39,5,25) 0.00864901171327
	(39,5,36) 0.21760020826
	(39,5,38) 0.106470094603
	(39,5,42) 0.196025787672
	(39,5,44) 0.0158540436059
	(39,6,8) 0.356210482726
	(39,6,11) 0.0662124045513
	(39,6,19) 0.0329779668688
	(39,6,25) 0.00864901171327
	(39,6,36) 0.21760020826
	(39,6,38) 0.106470094603
	(39,6,42) 0.196025787672
	(39,6,44) 0.0158540436059
	(40,0,7) 0.2444872894
	(40,0,8) 0.117230380656
	(40,0,12) 0.0396158422894
	(40,0,13) 0.0425279923055
	(40,0,27) 0.0101567378945
	(40,0,35) 0.0399417689277
	(40,0,40) 0.339122243577
	(40,0,43) 0.0829379936261
	(40,0,48) 0.0839797513232
	(40,1,7) 0.2444872894
	(40,1,8) 0.117230380656
	(40,1,12) 0.0396158422894
	(40,1,13) 0.0425279923055
	(40,1,27) 0.0101567378945
	(40,1,35) 0.0399417689277
	(40,1,40) 0.339122243577
	(40,1,43) 0.0829379936261
	(40,1,48) 0.0839797513232
	(40,2,7) 0.2444872894
	(40,2,8) 0.117230380656
	(40,2,12) 0.0396158422894
	(40,2,13) 0.0425279923055
	(40,2,27) 0.0101567378945
	(40,2,35) 0.0399417689277
	(40,2,40) 0.339122243577
	(40,2,43) 0.0829379936261
	(40,2,48) 0.0839797513232
	(40,3,7) 0.2444872894
	(40,3,8) 0.117230380656
	(40,3,12) 0.0396158422894
	(40,3,13) 0.0425279923055
	(40,3,27) 0.0101567378945
	(40,3,35) 0.0399417689277
	(40,3,40) 0.339122243577
	(40,3,43) 0.0829379936261
	(40,3,48) 0.0839797513232
	(40,4,7) 0.2444872894
	(40,4,8) 0.117230380656
	(40,4,12) 0.0396158422894
	(40,4,13) 0.0425279923055
	(40,4,27) 0.0101567378945
	(40,4,35) 0.0399417689277
	(40,4,40) 0.339122243577
	(40,4,43) 0.0829379936261
	(40,4,48) 0.0839797513232
	(40,5,7) 0.2444872894
	(40,5,8) 0.117230380656
	(40,5,12) 0.0396158422894
	(40,5,13) 0.0425279923055
	(40,5,27) 0.0101567378945
	(40,5,35) 0.0399417689277
	(40,5,40) 0.339122243577
	(40,5,43) 0.0829379936261
	(40,5,48) 0.0839797513232
	(40,6,7) 0.2444872894
	(40,6,8) 0.117230380656
	(40,6,12) 0.0396158422894
	(40,6,13) 0.0425279923055
	(40,6,27) 0.0101567378945
	(40,6,35) 0.0399417689277
	(40,6,40) 0.339122243577
	(40,6,43) 0.0829379936261
	(40,6,48) 0.0839797513232
	(41,0,14) 0.085416232269
	(41,0,15) 0.105326703279
	(41,0,16) 0.45629668006
	(41,0,29) 0.0854173592612
	(41,0,35) 0.178321581208
	(41,0,38) 0.0703753177097
	(41,0,49) 0.0188461262138
	(41,1,14) 0.085416232269
	(41,1,15) 0.105326703279
	(41,1,16) 0.45629668006
	(41,1,29) 0.0854173592612
	(41,1,35) 0.178321581208
	(41,1,38) 0.0703753177097
	(41,1,49) 0.0188461262138
	(41,2,14) 0.085416232269
	(41,2,15) 0.105326703279
	(41,2,16) 0.45629668006
	(41,2,29) 0.0854173592612
	(41,2,35) 0.178321581208
	(41,2,38) 0.0703753177097
	(41,2,49) 0.0188461262138
	(41,3,14) 0.085416232269
	(41,3,15) 0.105326703279
	(41,3,16) 0.45629668006
	(41,3,29) 0.0854173592612
	(41,3,35) 0.178321581208
	(41,3,38) 0.0703753177097
	(41,3,49) 0.0188461262138
	(41,4,14) 0.085416232269
	(41,4,15) 0.105326703279
	(41,4,16) 0.45629668006
	(41,4,29) 0.0854173592612
	(41,4,35) 0.178321581208
	(41,4,38) 0.0703753177097
	(41,4,49) 0.0188461262138
	(41,5,14) 0.085416232269
	(41,5,15) 0.105326703279
	(41,5,16) 0.45629668006
	(41,5,29) 0.0854173592612
	(41,5,35) 0.178321581208
	(41,5,38) 0.0703753177097
	(41,5,49) 0.0188461262138
	(41,6,14) 0.085416232269
	(41,6,15) 0.105326703279
	(41,6,16) 0.45629668006
	(41,6,29) 0.0854173592612
	(41,6,35) 0.178321581208
	(41,6,38) 0.0703753177097
	(41,6,49) 0.0188461262138
	(42,0,1) 0.087745664698
	(42,0,2) 0.21676262298
	(42,0,5) 0.028782176958
	(42,0,10) 0.473047310952
	(42,0,15) 0.00605844190894
	(42,0,37) 0.0399494590831
	(42,0,38) 0.0954478022827
	(42,0,47) 0.052206521138
	(42,1,1) 0.087745664698
	(42,1,2) 0.21676262298
	(42,1,5) 0.028782176958
	(42,1,10) 0.473047310952
	(42,1,15) 0.00605844190894
	(42,1,37) 0.0399494590831
	(42,1,38) 0.0954478022827
	(42,1,47) 0.052206521138
	(42,2,1) 0.087745664698
	(42,2,2) 0.21676262298
	(42,2,5) 0.028782176958
	(42,2,10) 0.473047310952
	(42,2,15) 0.00605844190894
	(42,2,37) 0.0399494590831
	(42,2,38) 0.0954478022827
	(42,2,47) 0.052206521138
	(42,3,1) 0.087745664698
	(42,3,2) 0.21676262298
	(42,3,5) 0.028782176958
	(42,3,10) 0.473047310952
	(42,3,15) 0.00605844190894
	(42,3,37) 0.0399494590831
	(42,3,38) 0.0954478022827
	(42,3,47) 0.052206521138
	(42,4,1) 0.087745664698
	(42,4,2) 0.21676262298
	(42,4,5) 0.028782176958
	(42,4,10) 0.473047310952
	(42,4,15) 0.00605844190894
	(42,4,37) 0.0399494590831
	(42,4,38) 0.0954478022827
	(42,4,47) 0.052206521138
	(42,5,1) 0.087745664698
	(42,5,2) 0.21676262298
	(42,5,5) 0.028782176958
	(42,5,10) 0.473047310952
	(42,5,15) 0.00605844190894
	(42,5,37) 0.0399494590831
	(42,5,38) 0.0954478022827
	(42,5,47) 0.052206521138
	(42,6,1) 0.087745664698
	(42,6,2) 0.21676262298
	(42,6,5) 0.028782176958
	(42,6,10) 0.473047310952
	(42,6,15) 0.00605844190894
	(42,6,37) 0.0399494590831
	(42,6,38) 0.0954478022827
	(42,6,47) 0.052206521138
	(43,0,1) 0.183251194122
	(43,0,30) 0.049307311454
	(43,0,33) 0.295456642261
	(43,0,38) 0.356780250592
	(43,0,45) 0.115204601571
	(43,1,1) 0.183251194122
	(43,1,30) 0.049307311454
	(43,1,33) 0.295456642261
	(43,1,38) 0.356780250592
	(43,1,45) 0.115204601571
	(43,2,1) 0.183251194122
	(43,2,30) 0.049307311454
	(43,2,33) 0.295456642261
	(43,2,38) 0.356780250592
	(43,2,45) 0.115204601571
	(43,3,1) 0.183251194122
	(43,3,30) 0.049307311454
	(43,3,33) 0.295456642261
	(43,3,38) 0.356780250592
	(43,3,45) 0.115204601571
	(43,4,1) 0.183251194122
	(43,4,30) 0.049307311454
	(43,4,33) 0.295456642261
	(43,4,38) 0.356780250592
	(43,4,45) 0.115204601571
	(43,5,1) 0.183251194122
	(43,5,30) 0.049307311454
	(43,5,33) 0.295456642261
	(43,5,38) 0.356780250592
	(43,5,45) 0.115204601571
	(43,6,1) 0.183251194122
	(43,6,30) 0.049307311454
	(43,6,33) 0.295456642261
	(43,6,38) 0.356780250592
	(43,6,45) 0.115204601571
	(44,0,0) 0.274957564378
	(44,0,7) 0.37839003632
	(44,0,22) 0.223957981139
	(44,0,35) 0.0835896445956
	(44,0,53) 0.0391047735678
	(44,1,0) 0.274957564378
	(44,1,7) 0.37839003632
	(44,1,22) 0.223957981139
	(44,1,35) 0.0835896445956
	(44,1,53) 0.0391047735678
	(44,2,0) 0.274957564378
	(44,2,7) 0.37839003632
	(44,2,22) 0.223957981139
	(44,2,35) 0.0835896445956
	(44,2,53) 0.0391047735678
	(44,3,0) 0.274957564378
	(44,3,7) 0.37839003632
	(44,3,22) 0.223957981139
	(44,3,35) 0.0835896445956
	(44,3,53) 0.0391047735678
	(44,4,0) 0.274957564378
	(44,4,7) 0.37839003632
	(44,4,22) 0.223957981139
	(44,4,35) 0.0835896445956
	(44,4,53) 0.0391047735678
	(44,5,0) 0.274957564378
	(44,5,7) 0.37839003632
	(44,5,22) 0.223957981139
	(44,5,35) 0.0835896445956
	(44,5,53) 0.0391047735678
	(44,6,0) 0.274957564378
	(44,6,7) 0.37839003632
	(44,6,22) 0.223957981139
	(44,6,35) 0.0835896445956
	(44,6,53) 0.0391047735678
	(45,0,19) 0.173817205872
	(45,0,31) 0.15307285013
	(45,0,32) 0.326104838051
	(45,0,34) 0.336861585138
	(45,0,52) 0.0101435208088
	(45,1,19) 0.173817205872
	(45,1,31) 0.15307285013
	(45,1,32) 0.326104838051
	(45,1,34) 0.336861585138
	(45,1,52) 0.0101435208088
	(45,2,19) 0.173817205872
	(45,2,31) 0.15307285013
	(45,2,32) 0.326104838051
	(45,2,34) 0.336861585138
	(45,2,52) 0.0101435208088
	(45,3,19) 0.173817205872
	(45,3,31) 0.15307285013
	(45,3,32) 0.326104838051
	(45,3,34) 0.336861585138
	(45,3,52) 0.0101435208088
	(45,4,19) 0.173817205872
	(45,4,31) 0.15307285013
	(45,4,32) 0.326104838051
	(45,4,34) 0.336861585138
	(45,4,52) 0.0101435208088
	(45,5,19) 0.173817205872
	(45,5,31) 0.15307285013
	(45,5,32) 0.326104838051
	(45,5,34) 0.336861585138
	(45,5,52) 0.0101435208088
	(45,6,19) 0.173817205872
	(45,6,31) 0.15307285013
	(45,6,32) 0.326104838051
	(45,6,34) 0.336861585138
	(45,6,52) 0.0101435208088
	(46,0,0) 0.00731799810851
	(46,0,6) 0.138551923385
	(46,0,7) 0.100628712355
	(46,0,16) 0.110124122213
	(46,0,17) 0.0553570243633
	(46,0,33) 0.25036516119
	(46,0,39) 0.00735677379421
	(46,0,43) 0.00365968354757
	(46,0,44) 0.196851282598
	(46,0,48) 0.0849900492088
	(46,0,50) 0.0447972692368
	(46,1,0) 0.00731799810851
	(46,1,6) 0.138551923385
	(46,1,7) 0.100628712355
	(46,1,16) 0.110124122213
	(46,1,17) 0.0553570243633
	(46,1,33) 0.25036516119
	(46,1,39) 0.00735677379421
	(46,1,43) 0.00365968354757
	(46,1,44) 0.196851282598
	(46,1,48) 0.0849900492088
	(46,1,50) 0.0447972692368
	(46,2,0) 0.00731799810851
	(46,2,6) 0.138551923385
	(46,2,7) 0.100628712355
	(46,2,16) 0.110124122213
	(46,2,17) 0.0553570243633
	(46,2,33) 0.25036516119
	(46,2,39) 0.00735677379421
	(46,2,43) 0.00365968354757
	(46,2,44) 0.196851282598
	(46,2,48) 0.0849900492088
	(46,2,50) 0.0447972692368
	(46,3,0) 0.00731799810851
	(46,3,6) 0.138551923385
	(46,3,7) 0.100628712355
	(46,3,16) 0.110124122213
	(46,3,17) 0.0553570243633
	(46,3,33) 0.25036516119
	(46,3,39) 0.00735677379421
	(46,3,43) 0.00365968354757
	(46,3,44) 0.196851282598
	(46,3,48) 0.0849900492088
	(46,3,50) 0.0447972692368
	(46,4,0) 0.00731799810851
	(46,4,6) 0.138551923385
	(46,4,7) 0.100628712355
	(46,4,16) 0.110124122213
	(46,4,17) 0.0553570243633
	(46,4,33) 0.25036516119
	(46,4,39) 0.00735677379421
	(46,4,43) 0.00365968354757
	(46,4,44) 0.196851282598
	(46,4,48) 0.0849900492088
	(46,4,50) 0.0447972692368
	(46,5,0) 0.00731799810851
	(46,5,6) 0.138551923385
	(46,5,7) 0.100628712355
	(46,5,16) 0.110124122213
	(46,5,17) 0.0553570243633
	(46,5,33) 0.25036516119
	(46,5,39) 0.00735677379421
	(46,5,43) 0.00365968354757
	(46,5,44) 0.196851282598
	(46,5,48) 0.0849900492088
	(46,5,50) 0.0447972692368
	(46,6,0) 0.00731799810851
	(46,6,6) 0.138551923385
	(46,6,7) 0.100628712355
	(46,6,16) 0.110124122213
	(46,6,17) 0.0553570243633
	(46,6,33) 0.25036516119
	(46,6,39) 0.00735677379421
	(46,6,43) 0.00365968354757
	(46,6,44) 0.196851282598
	(46,6,48) 0.0849900492088
	(46,6,50) 0.0447972692368
	(47,0,7) 0.282204443812
	(47,0,29) 0.355692882237
	(47,0,37) 0.127004943309
	(47,0,41) 0.0807575933628
	(47,0,45) 0.154340137279
	(47,1,7) 0.282204443812
	(47,1,29) 0.355692882237
	(47,1,37) 0.127004943309
	(47,1,41) 0.0807575933628
	(47,1,45) 0.154340137279
	(47,2,7) 0.282204443812
	(47,2,29) 0.355692882237
	(47,2,37) 0.127004943309
	(47,2,41) 0.0807575933628
	(47,2,45) 0.154340137279
	(47,3,7) 0.282204443812
	(47,3,29) 0.355692882237
	(47,3,37) 0.127004943309
	(47,3,41) 0.0807575933628
	(47,3,45) 0.154340137279
	(47,4,7) 0.282204443812
	(47,4,29) 0.355692882237
	(47,4,37) 0.127004943309
	(47,4,41) 0.0807575933628
	(47,4,45) 0.154340137279
	(47,5,7) 0.282204443812
	(47,5,29) 0.355692882237
	(47,5,37) 0.127004943309
	(47,5,41) 0.0807575933628
	(47,5,45) 0.154340137279
	(47,6,7) 0.282204443812
	(47,6,29) 0.355692882237
	(47,6,37) 0.127004943309
	(47,6,41) 0.0807575933628
	(47,6,45) 0.154340137279
	(48,0,2) 0.0201090103462
	(48,0,6) 0.104846295845
	(48,0,9) 0.0383825068223
	(48,0,28) 0.115127642891
	(48,0,30) 0.173912033636
	(48,0,34) 0.0003345195764
	(48,0,35) 0.295234730369
	(48,0,40) 0.252053260515
	(48,1,2) 0.0201090103462
	(48,1,6) 0.104846295845
	(48,1,9) 0.0383825068223
	(48,1,28) 0.115127642891
	(48,1,30) 0.173912033636
	(48,1,34) 0.0003345195764
	(48,1,35) 0.295234730369
	(48,1,40) 0.252053260515
	(48,2,2) 0.0201090103462
	(48,2,6) 0.104846295845
	(48,2,9) 0.0383825068223
	(48,2,28) 0.115127642891
	(48,2,30) 0.173912033636
	(48,2,34) 0.0003345195764
	(48,2,35) 0.295234730369
	(48,2,40) 0.252053260515
	(48,3,2) 0.0201090103462
	(48,3,6) 0.104846295845
	(48,3,9) 0.0383825068223
	(48,3,28) 0.115127642891
	(48,3,30) 0.173912033636
	(48,3,34) 0.0003345195764
	(48,3,35) 0.295234730369
	(48,3,40) 0.252053260515
	(48,4,2) 0.0201090103462
	(48,4,6) 0.104846295845
	(48,4,9) 0.0383825068223
	(48,4,28) 0.115127642891
	(48,4,30) 0.173912033636
	(48,4,34) 0.0003345195764
	(48,4,35) 0.295234730369
	(48,4,40) 0.252053260515
	(48,5,2) 0.0201090103462
	(48,5,6) 0.104846295845
	(48,5,9) 0.0383825068223
	(48,5,28) 0.115127642891
	(48,5,30) 0.173912033636
	(48,5,34) 0.0003345195764
	(48,5,35) 0.295234730369
	(48,5,40) 0.252053260515
	(48,6,2) 0.0201090103462
	(48,6,6) 0.104846295845
	(48,6,9) 0.0383825068223
	(48,6,28) 0.115127642891
	(48,6,30) 0.173912033636
	(48,6,34) 0.0003345195764
	(48,6,35) 0.295234730369
	(48,6,40) 0.252053260515
	(49,0,15) 0.00262041593476
	(49,0,21) 0.124643120006
	(49,0,28) 0.428847251713
	(49,0,32) 0.0892474722282
	(49,0,40) 0.106185135346
	(49,0,45) 0.248456604772
	(49,1,15) 0.00262041593476
	(49,1,21) 0.124643120006
	(49,1,28) 0.428847251713
	(49,1,32) 0.0892474722282
	(49,1,40) 0.106185135346
	(49,1,45) 0.248456604772
	(49,2,15) 0.00262041593476
	(49,2,21) 0.124643120006
	(49,2,28) 0.428847251713
	(49,2,32) 0.0892474722282
	(49,2,40) 0.106185135346
	(49,2,45) 0.248456604772
	(49,3,15) 0.00262041593476
	(49,3,21) 0.124643120006
	(49,3,28) 0.428847251713
	(49,3,32) 0.0892474722282
	(49,3,40) 0.106185135346
	(49,3,45) 0.248456604772
	(49,4,15) 0.00262041593476
	(49,4,21) 0.124643120006
	(49,4,28) 0.428847251713
	(49,4,32) 0.0892474722282
	(49,4,40) 0.106185135346
	(49,4,45) 0.248456604772
	(49,5,15) 0.00262041593476
	(49,5,21) 0.124643120006
	(49,5,28) 0.428847251713
	(49,5,32) 0.0892474722282
	(49,5,40) 0.106185135346
	(49,5,45) 0.248456604772
	(49,6,15) 0.00262041593476
	(49,6,21) 0.124643120006
	(49,6,28) 0.428847251713
	(49,6,32) 0.0892474722282
	(49,6,40) 0.106185135346
	(49,6,45) 0.248456604772
	(50,0,3) 0.172700739497
	(50,0,6) 0.242640668213
	(50,0,26) 0.0656805120889
	(50,0,34) 0.0390106892787
	(50,0,36) 0.479967390922
	(50,1,3) 0.172700739497
	(50,1,6) 0.242640668213
	(50,1,26) 0.0656805120889
	(50,1,34) 0.0390106892787
	(50,1,36) 0.479967390922
	(50,2,3) 0.172700739497
	(50,2,6) 0.242640668213
	(50,2,26) 0.0656805120889
	(50,2,34) 0.0390106892787
	(50,2,36) 0.479967390922
	(50,3,3) 0.172700739497
	(50,3,6) 0.242640668213
	(50,3,26) 0.0656805120889
	(50,3,34) 0.0390106892787
	(50,3,36) 0.479967390922
	(50,4,3) 0.172700739497
	(50,4,6) 0.242640668213
	(50,4,26) 0.0656805120889
	(50,4,34) 0.0390106892787
	(50,4,36) 0.479967390922
	(50,5,3) 0.172700739497
	(50,5,6) 0.242640668213
	(50,5,26) 0.0656805120889
	(50,5,34) 0.0390106892787
	(50,5,36) 0.479967390922
	(50,6,3) 0.172700739497
	(50,6,6) 0.242640668213
	(50,6,26) 0.0656805120889
	(50,6,34) 0.0390106892787
	(50,6,36) 0.479967390922
	(51,0,7) 0.299920806754
	(51,0,14) 0.0940959405987
	(51,0,20) 0.0283555949844
	(51,0,31) 0.185829648387
	(51,0,38) 0.338206890324
	(51,0,41) 0.0535911189524
	(51,1,7) 0.299920806754
	(51,1,14) 0.0940959405987
	(51,1,20) 0.0283555949844
	(51,1,31) 0.185829648387
	(51,1,38) 0.338206890324
	(51,1,41) 0.0535911189524
	(51,2,7) 0.299920806754
	(51,2,14) 0.0940959405987
	(51,2,20) 0.0283555949844
	(51,2,31) 0.185829648387
	(51,2,38) 0.338206890324
	(51,2,41) 0.0535911189524
	(51,3,7) 0.299920806754
	(51,3,14) 0.0940959405987
	(51,3,20) 0.0283555949844
	(51,3,31) 0.185829648387
	(51,3,38) 0.338206890324
	(51,3,41) 0.0535911189524
	(51,4,7) 0.299920806754
	(51,4,14) 0.0940959405987
	(51,4,20) 0.0283555949844
	(51,4,31) 0.185829648387
	(51,4,38) 0.338206890324
	(51,4,41) 0.0535911189524
	(51,5,7) 0.299920806754
	(51,5,14) 0.0940959405987
	(51,5,20) 0.0283555949844
	(51,5,31) 0.185829648387
	(51,5,38) 0.338206890324
	(51,5,41) 0.0535911189524
	(51,6,7) 0.299920806754
	(51,6,14) 0.0940959405987
	(51,6,20) 0.0283555949844
	(51,6,31) 0.185829648387
	(51,6,38) 0.338206890324
	(51,6,41) 0.0535911189524
	(52,0,2) 0.0348691083231
	(52,0,11) 0.208546582639
	(52,0,15) 0.0518107505443
	(52,0,18) 0.035522098256
	(52,0,23) 0.027902774932
	(52,0,39) 0.568188609438
	(52,0,48) 0.0731600758672
	(52,1,2) 0.0348691083231
	(52,1,11) 0.208546582639
	(52,1,15) 0.0518107505443
	(52,1,18) 0.035522098256
	(52,1,23) 0.027902774932
	(52,1,39) 0.568188609438
	(52,1,48) 0.0731600758672
	(52,2,2) 0.0348691083231
	(52,2,11) 0.208546582639
	(52,2,15) 0.0518107505443
	(52,2,18) 0.035522098256
	(52,2,23) 0.027902774932
	(52,2,39) 0.568188609438
	(52,2,48) 0.0731600758672
	(52,3,2) 0.0348691083231
	(52,3,11) 0.208546582639
	(52,3,15) 0.0518107505443
	(52,3,18) 0.035522098256
	(52,3,23) 0.027902774932
	(52,3,39) 0.568188609438
	(52,3,48) 0.0731600758672
	(52,4,2) 0.0348691083231
	(52,4,11) 0.208546582639
	(52,4,15) 0.0518107505443
	(52,4,18) 0.035522098256
	(52,4,23) 0.027902774932
	(52,4,39) 0.568188609438
	(52,4,48) 0.0731600758672
	(52,5,2) 0.0348691083231
	(52,5,11) 0.208546582639
	(52,5,15) 0.0518107505443
	(52,5,18) 0.035522098256
	(52,5,23) 0.027902774932
	(52,5,39) 0.568188609438
	(52,5,48) 0.0731600758672
	(52,6,2) 0.0348691083231
	(52,6,11) 0.208546582639
	(52,6,15) 0.0518107505443
	(52,6,18) 0.035522098256
	(52,6,23) 0.027902774932
	(52,6,39) 0.568188609438
	(52,6,48) 0.0731600758672
	(53,0,5) 0.112588755082
	(53,0,6) 0.102646115232
	(53,0,8) 0.0035884218182
	(53,0,14) 0.0239590176697
	(53,0,28) 0.214830770712
	(53,0,33) 0.0137475034098
	(53,0,34) 0.143085977059
	(53,0,44) 0.0726008872257
	(53,0,45) 0.0710146353485
	(53,0,48) 0.206449892097
	(53,0,52) 0.0354880243466
	(53,1,5) 0.112588755082
	(53,1,6) 0.102646115232
	(53,1,8) 0.0035884218182
	(53,1,14) 0.0239590176697
	(53,1,28) 0.214830770712
	(53,1,33) 0.0137475034098
	(53,1,34) 0.143085977059
	(53,1,44) 0.0726008872257
	(53,1,45) 0.0710146353485
	(53,1,48) 0.206449892097
	(53,1,52) 0.0354880243466
	(53,2,5) 0.112588755082
	(53,2,6) 0.102646115232
	(53,2,8) 0.0035884218182
	(53,2,14) 0.0239590176697
	(53,2,28) 0.214830770712
	(53,2,33) 0.0137475034098
	(53,2,34) 0.143085977059
	(53,2,44) 0.0726008872257
	(53,2,45) 0.0710146353485
	(53,2,48) 0.206449892097
	(53,2,52) 0.0354880243466
	(53,3,5) 0.112588755082
	(53,3,6) 0.102646115232
	(53,3,8) 0.0035884218182
	(53,3,14) 0.0239590176697
	(53,3,28) 0.214830770712
	(53,3,33) 0.0137475034098
	(53,3,34) 0.143085977059
	(53,3,44) 0.0726008872257
	(53,3,45) 0.0710146353485
	(53,3,48) 0.206449892097
	(53,3,52) 0.0354880243466
	(53,4,5) 0.112588755082
	(53,4,6) 0.102646115232
	(53,4,8) 0.0035884218182
	(53,4,14) 0.0239590176697
	(53,4,28) 0.214830770712
	(53,4,33) 0.0137475034098
	(53,4,34) 0.143085977059
	(53,4,44) 0.0726008872257
	(53,4,45) 0.0710146353485
	(53,4,48) 0.206449892097
	(53,4,52) 0.0354880243466
	(53,5,5) 0.112588755082
	(53,5,6) 0.102646115232
	(53,5,8) 0.0035884218182
	(53,5,14) 0.0239590176697
	(53,5,28) 0.214830770712
	(53,5,33) 0.0137475034098
	(53,5,34) 0.143085977059
	(53,5,44) 0.0726008872257
	(53,5,45) 0.0710146353485
	(53,5,48) 0.206449892097
	(53,5,52) 0.0354880243466
	(53,6,5) 0.112588755082
	(53,6,6) 0.102646115232
	(53,6,8) 0.0035884218182
	(53,6,14) 0.0239590176697
	(53,6,28) 0.214830770712
	(53,6,33) 0.0137475034098
	(53,6,34) 0.143085977059
	(53,6,44) 0.0726008872257
	(53,6,45) 0.0710146353485
	(53,6,48) 0.206449892097
	(53,6,52) 0.0354880243466
