1000
0.32591532244
0.0084631145385
8.66254275109e-06
0.000459154877435
3.00722287368e-08
0.000286852226587
7.22940435766e-10
8.43239329897e-07
0.268150998806
6.50384990317e-11
1.21025151059e-06
0.0400922865543
0.0369992697571
1.41776756802e-05
0.00553190303972
6.36871667726e-05
0.000896238589272
1.88603065039e-19
2.26188156619e-12
0.00562620001707
0.00395670244736
0.000129923559478
4.92028464169e-07
0.00749333589923
0.000597900390972
4.71389313071e-06
3.03308013947e-05
9.75419197984e-09
7.20231439165e-13
2.34071071067e-06
3.75210060721e-20
0.0487288526161
0.000941482319214
1.68014063663e-08
1.03627311086e-05
5.00385341469e-05
1.27199993765e-06
1.19376282629e-06
0.000119304753591
1.05803543802e-06
1.15382896493e-07
1.22418715086e-11
8.16260032343e-05
4.62213803096e-17
7.20255562358e-12
0.00136912810058
1.91658274119e-05
0.000633822850964
1.6745946596e-12
3.16099255295e-09
1.14308176727e-06
2.57237019783e-06
1.7664362061e-06
3.33187873359e-07
1.6510053548e-05
3.27683259581e-07
5.77545013098e-06
0.00616523792354
6.47916033299e-05
0.0184538071428
7.91756165701e-09
8.66178634202e-07
2.25928369119e-07
3.44977550149e-06
0.00728563805932
0.000291738028924
0.00144559999003
0.00237446903087
0.00118526126076
4.51049562012e-07
2.20249471232e-09
0.00082709608708
1.46359403432e-08
1.62708254098e-10
1.52557201625e-06
4.5895458658e-10
1.50954710188e-05
5.56921418202e-11
0.00570184274786
2.35931126158e-07
0.0128032542456
0.00476126859206
4.64718983718e-05
1.51392815586e-05
5.49139773061e-05
1.65244845874e-07
7.6736172304e-08
1.35135422646e-06
8.56598021144e-05
0.00578692749723
0.00696313569893
8.97470086591e-05
1.24653568638e-18
0.000151125747763
5.66571909684e-06
0.00129152557199
5.96093748413e-06
2.43317499616e-05
0.000431492524593
1.1777853352e-20
7.17866005487e-25
1.68116996132e-14
5.18799926336e-15
5.13975126237e-06
5.74737026612e-14
5.39695781971e-12
1.69165366634e-05
0.00629285360172
8.76168714447e-08
1.28765241593e-15
0.000171087757935
0.000162865990878
0.000135115758042
2.2636289174e-09
1.21209551885e-17
0.00643976846955
1.23367981865e-09
1.01962390463e-05
1.28196172824e-07
0.00288597037962
5.55384208377e-11
6.69237709803e-08
1.14019625388e-10
2.09944110174e-08
0.00176658323001
0.000128558133963
1.21595483055e-07
7.49406247445e-05
5.3351246055e-09
0.00263118583726
8.79294874055e-08
0.000140672900431
1.05097829222e-09
1.50864604881e-17
9.42421760531e-09
6.64476185821e-05
0.00570294258665
4.23170562849e-08
6.49795148658e-07
6.96498568386e-09
6.77008938423e-08
5.2831086441e-06
2.82493280509e-06
2.48162088867e-05
0.000136588742651
5.34384128891e-14
0.000143648137469
2.35230833756e-14
5.33710941577e-08
7.94707062899e-07
0.00014346232244
2.55276579857e-05
1.86075119845e-09
2.69110848683e-05
1.49502815913e-14
7.43150932722e-05
0.00330336888449
1.34015286575e-11
5.69526001444e-09
6.67524220657e-09
4.1359971485e-05
9.2854210343e-05
2.43091910066e-06
0.000133834231297
4.44721348421e-07
3.48217045637e-05
1.40031379677e-12
4.18395935419e-13
8.10309775263e-07
4.11454542089e-21
2.71609043605e-08
6.53929281609e-06
6.53816725405e-08
0.000888554328863
2.14844920806e-05
2.87231563563e-12
8.82855333147e-10
0.000888554328863
0.000158663683854
0.000192842562262
0.000584925048095
3.54615516286e-14
0.000583621075646
3.54349438517e-10
9.27090370022e-07
4.19940649487e-08
3.38057003915e-09
1.46392593977e-07
3.65979531378e-07
5.37848145199e-05
4.2364955318e-05
5.95395112605e-08
6.59053049492e-18
0.000167222877867
3.23154008286e-06
0.000111602495722
1.79646282416e-08
1.13119341905e-07
1.06964340237e-05
8.99848903228e-07
0.00197337531828
2.08773475913e-17
4.32532872009e-22
8.44627876555e-11
0.000962834537161
6.0170845125e-06
3.93962184836e-05
3.47286341302e-12
9.98513935139e-18
5.34895034609e-06
3.0200823316e-11
0.00116773407218
4.1211324706e-11
7.48286072866e-06
8.32475333801e-15
0.00611015311769
4.29340254298e-08
9.19644389971e-12
1.82540614999e-08
0.000786887656998
2.2904693583e-07
5.84457013241e-05
0.000798475830737
6.14904565491e-15
5.62850188348e-24
4.73087433974e-07
5.41525973424e-05
2.64184451052e-06
6.79308096367e-08
7.88698563091e-05
3.23383192446e-16
0.000726698388512
4.01139373699e-10
1.98632460887e-06
0.00275909963894
4.69573189462e-09
3.52354502751e-15
4.75182544222e-06
0.000328332074685
1.50083811191e-05
8.49522333074e-22
1.0335588831e-06
0.00423922517669
0.000418886748271
1.65675280564e-10
2.90173897166e-13
0.00319798838851
0.00032105084645
0.000859841006576
1.99860005372e-12
1.01629602237e-06
2.13807729312e-20
0.000820746831535
6.7087501169e-06
1.43700453619e-08
3.8302018681e-05
1.14629329817e-08
2.88809182465e-24
8.93943856726e-05
1.12514652105e-05
3.30231990679e-09
4.6913882198e-15
6.46550246034e-05
4.29006840124e-09
0.00254624219772
9.22911558572e-14
0.0013492581262
8.7032147443e-11
1.44471097161e-12
6.48162302505e-08
2.40265133073e-05
8.35903664668e-10
4.02220674677e-15
2.79056420594e-11
2.25226922955e-06
1.67649414447e-15
5.59483572735e-05
5.67832368321e-05
1.76429328059e-07
1.73227231307e-05
0.000126581423553
1.34037708858e-07
4.62146896503e-06
3.4961562513e-12
2.77816624626e-09
0.000987565779108
5.77146997017e-07
3.30270984898e-06
1.35760777081e-18
4.1205297388e-15
4.28348950125e-06
1.04492716723e-11
6.18486043392e-09
4.30004080565e-12
3.13553481522e-07
8.56302878972e-19
7.94338351585e-13
9.29328392974e-08
0.000198771073618
5.28122796842e-07
1.07557037868e-19
8.06116904191e-08
1.31409855389e-07
8.82714730237e-11
0.000327627421095
7.42222734333e-10
2.33206996449e-05
5.92429131699e-05
0.000808835441718
8.34192012646e-22
3.71245480877e-06
0.00162361977539
8.68853169898e-20
8.84637810176e-05
2.83928611607e-06
3.480715063e-10
0.00599435187006
0.000138975701743
8.96689763374e-08
2.30368420204e-08
4.0133056034e-07
1.98692695538e-24
1.80832012783e-07
1.19498529438e-07
2.96943232399e-05
0.000656956199334
3.63300626392e-08
8.60188445225e-09
2.32220274447e-09
9.02759197045e-05
9.49003615992e-05
0.00104944352517
1.40217910641e-07
4.87984582601e-06
6.74204153417e-14
1.65673484812e-10
4.39795103547e-05
2.16044716239e-09
1.09954813049e-08
6.12243638354e-17
3.10836015455e-20
1.58276656948e-13
0.0040149711913
0.0051051309473
0.000706514897207
2.95001658272e-10
5.02737472934e-10
3.6021798648e-06
0.00038001922433
6.39800800454e-08
5.20968534883e-07
2.82893548816e-05
4.67191341542e-05
3.95051432237e-21
0.00010268544373
0.000101570204975
1.97106092863e-05
0.000129567080783
1.48594790522e-10
0.00010857415717
1.88004857748e-11
5.95682601162e-07
2.91642766127e-07
9.16893360503e-16
0.00024757047304
0.000652774870566
0.000493899379458
9.60971736764e-09
7.33129193161e-11
1.70054563626e-06
0.00208359710038
6.56123363476e-18
3.74617206625e-22
0.00078947209308
5.41052221191e-05
3.04260809729e-06
1.1354632089e-25
0.000143648137469
7.39787933131e-06
2.0312188918e-11
2.39527036433e-05
1.95467171404e-05
0.000591581791737
3.2309278808e-18
1.89165448747e-06
0.000118227450493
0.000199018119107
3.89604462189e-07
1.49386884785e-06
5.05715695224e-16
1.01134536277e-09
2.17888286825e-06
2.27053564276e-14
1.86193230878e-11
1.04669752145e-07
0.00112646765091
3.40206696813e-11
0.00390345844074
8.91487391629e-07
1.9044005587e-07
1.00545651111e-05
2.06927906673e-09
8.63578858332e-20
2.63092186584e-05
2.45848855152e-11
1.04279097258e-18
0.000553618677406
3.10165753368e-05
3.72423836565e-08
5.54732537223e-11
3.61657920609e-06
5.73001961269e-07
0.00261726170744
0.000960768138947
0.000120420943244
3.37734391884e-16
9.52739693319e-07
4.32707062521e-12
4.92968323371e-10
0.00436598280072
0.000960768138947
1.46284028337e-06
0.00219599781738
7.03969686893e-09
8.67468658341e-06
0.000538596210632
4.04775968005e-07
0.00108930375089
5.7237013248e-05
0.000261398384276
1.55749123273e-08
5.70055423422e-06
0.000850674814061
0.000104086095109
3.51123599573e-05
6.38162604732e-07
3.76258326188e-14
8.32731286008e-13
0.00119445118058
3.70152130393e-05
1.94994163593e-05
9.24721972139e-13
1.25448243895e-05
0.000351328551301
0.000257538829139
7.38393070451e-08
1.15024768916e-07
3.76890875901e-06
3.57509067001e-05
1.73822851299e-05
1.82331092222e-05
1.35767109881e-07
3.55422667142e-10
0.000110080888362
6.87413156351e-07
8.56508696226e-08
6.05923293072e-07
0.00143819869182
4.90089827759e-08
2.18379934116e-09
1.99307645169e-15
9.92242237753e-09
5.37256593629e-12
6.05130689426e-09
8.52240801102e-09
2.33544197208e-10
4.33136894214e-07
1.9823026467e-11
4.21928562075e-15
1.66449945331e-06
1.45737356035e-06
3.67059276064e-14
0.000959525344137
6.59314958819e-08
1.40472416606e-05
5.51989126462e-16
6.53628378936e-06
3.22184112191e-05
9.68598372637e-09
1.45938281662e-06
0.00014076464043
0.000414823383594
1.55106020771e-05
0.000870718081058
3.48024907923e-07
1.20729510993e-09
3.63769217162e-24
2.30732848108e-05
2.34492429624e-09
5.1176448392e-17
3.50232485496e-12
0.000569434278472
1.43759374136e-05
7.74298287677e-05
0.000133528306828
5.54679865137e-07
3.93613803643e-12
0.000600293775617
1.23541581672e-06
0.000179990589377
4.41748623342e-05
0.000496866306636
0.000711875568633
4.29914259424e-15
4.76979134359e-06
2.97149891572e-07
0.000204703604993
0.000711875568633
3.93688218656e-27
1.09043928518e-08
0.000470985933937
8.09308440771e-06
2.80218041456e-08
1.57060832281e-07
1.24808409746e-05
2.09767910262e-05
6.59738795162e-05
0.000169406307985
0.000770943489565
8.4139852466e-11
1.01741371349e-06
0.0019142637556
0.00039339870832
4.15730993783e-06
7.84153295159e-08
8.12304868255e-06
7.70826406517e-19
0.00014468318166
2.04785719033e-06
6.72296195365e-10
4.96994598208e-10
2.9955764009e-11
0.000166993806839
7.16247130855e-07
0.000361127768941
4.88801393426e-05
6.94144273257e-14
9.96504730477e-06
4.02248191329e-21
1.00709569611e-09
0.000275817503847
0.00089250118606
0.00120030438358
3.36386837475e-06
0.000808679454072
4.27285700737e-08
1.28448437946e-08
7.14890780286e-05
1.06133248908e-13
0.00060123971375
3.31273739855e-06
2.77286108871e-09
9.47652907453e-05
9.41222774953e-09
3.64804039102e-06
0.000852504426061
0.000532344340915
1.42117841759e-09
5.54962490617e-33
6.62544009592e-06
7.84057592594e-08
1.20507322144e-08
2.25468980929e-05
4.44496471148e-13
1.98630895525e-05
5.97290036699e-08
2.29075998371e-16
1.48866639435e-05
3.97054986787e-10
6.99646440538e-06
0.000215487813015
1.29407089008e-08
1.25448243895e-05
2.93731066247e-13
6.45127499762e-07
1.83258401345e-21
2.85007375189e-07
2.24956464152e-06
5.33250745437e-08
9.88157634654e-07
1.64883648883e-09
6.18374654471e-07
0.00054594277795
1.75338477185e-09
0.000874401743209
1.02387170026e-18
1.62605413758e-09
4.16072409325e-06
1.26594551866e-13
2.4772538781e-13
8.57408849003e-08
8.56232528647e-11
0.000101241483019
1.26504766161e-06
1.67421832073e-05
4.14998688963e-08
1.41249310103e-08
2.84683683742e-13
1.42777594358e-13
4.45772999298e-08
1.61632622423e-07
1.66861181148e-05
3.24275379436e-12
1.57374649372e-13
2.34006208757e-11
8.44724417189e-12
8.77674057781e-05
1.84854287592e-05
5.82962668194e-09
8.81206877966e-11
2.72528248487e-07
5.26020630262e-05
7.8930370506e-06
4.15366373446e-07
1.74059263589e-06
0.000441255992307
0.00112035745329
0.000221141905972
4.51794633399e-08
2.121346827e-18
3.9969930644e-20
1.81958856188e-10
2.53733218625e-06
1.65769653731e-05
2.88909570131e-12
1.42092410456e-06
1.00541918092e-05
8.6749503653e-07
6.68577582111e-08
6.0906609127e-07
3.50255892219e-08
1.36394815856e-16
0.000173251930816
2.98487579452e-12
1.04224506126e-05
7.35423438272e-08
1.53394522735e-23
4.09698088361e-07
2.68110011745e-17
5.38605269891e-19
9.63806666362e-07
2.8102642219e-08
1.14656141012e-05
5.95492917018e-17
1.61369500714e-06
3.10270185459e-07
1.69348945036e-14
6.21080290928e-11
3.4970259137e-13
1.22263609847e-13
5.68551504376e-10
1.46996852806e-07
0.000797951216738
7.20574184558e-09
6.58583536299e-08
0.000432435037143
6.32617318151e-18
5.40354118145e-06
0.00027549965453
1.07736351883e-12
7.32228271626e-07
2.80248407465e-08
4.48990910894e-12
3.14285048193e-11
1.63308947908e-06
2.80431890515e-07
4.65075386875e-16
0.000866589189848
7.68966633496e-27
0.000491248345367
7.55011932153e-05
2.24745853684e-05
3.8560642991e-11
1.86009310319e-07
4.69474580562e-07
1.47735521338e-07
6.7543309231e-24
1.11145284978e-17
0.000767287723289
2.03096180753e-06
5.32507546085e-10
6.15363077503e-12
4.57868253457e-07
3.01394795126e-06
0.00181585657682
1.51692293322e-05
1.03273836227e-09
2.03379663621e-10
2.24968584603e-19
1.53156567635e-19
0.000940868730558
1.41379128268e-07
0.00012746121361
4.01640524272e-05
7.1306037133e-06
3.5394697251e-13
0.000355015991825
5.17263329587e-06
6.03855978652e-06
9.89749857729e-05
4.37020559059e-08
2.97587073268e-05
2.75835960861e-05
2.20920495372e-07
9.2407619992e-21
0.000272105920983
5.42601987202e-17
1.23342899478e-10
4.00811164946e-16
7.89219864193e-15
7.52713574751e-05
8.32669804952e-10
4.62983699352e-13
2.01248845419e-05
0.000108930755685
7.50350092983e-15
1.84196666515e-05
1.37743469924e-13
2.90643789726e-08
7.42196405567e-16
1.52340377615e-06
2.92213705532e-06
2.71676131376e-10
8.88258151745e-06
8.96039661534e-08
2.55893168566e-06
1.70492550017e-15
6.4749755706e-09
8.97522298106e-05
1.4677429824e-05
2.38869832414e-05
9.23745599242e-08
9.64133909705e-07
1.12299905008e-14
1.58099242746e-06
8.8945142355e-05
2.23148971287e-05
2.46821261891e-15
0.000291738028924
2.82262894693e-05
6.81481144024e-23
1.86964856281e-08
8.27252200638e-06
6.37178797872e-17
2.63512458506e-07
0.000841194790623
7.04189173657e-05
1.12123204125e-10
4.28586656329e-12
2.17287582568e-23
1.18357626469e-05
0.00175172797804
5.95044672576e-16
1.23715602268e-07
0.000118227450493
1.04831233736e-11
1.66760693398e-16
1.20556792311e-13
2.74677186325e-05
0.00106276287371
1.16241885529e-05
0.00133110161594
7.49406247445e-05
2.19342233436e-05
0.00156974232842
1.05847522214e-07
2.85304197983e-18
0.000117627908788
3.53272505779e-09
4.12185003834e-05
6.98880212376e-10
2.89571232168e-06
1.00893447821e-06
1.42840758739e-07
6.64214588806e-05
0.000150729253423
9.80487973662e-05
0.000148004354098
0.00016229259398
1.86981078145e-08
1.98063377382e-05
1.46398887815e-08
1.63720909513e-08
1.18822496551e-06
1.30236345209e-12
1.20948920882e-06
2.12762241986e-09
2.4367976095e-08
3.08236393119e-27
8.12601682271e-18
1.88674735568e-11
1.92254694797e-07
1.76886397933e-10
8.07689442319e-07
1.79635567363e-08
2.21083948047e-05
6.43593837493e-08
1.89474699298e-09
9.76514693605e-06
1.89380175925e-05
1.07120904501e-05
4.67784711861e-13
0.000267200705501
6.14776001921e-13
4.54805125139e-07
0.000190706650711
2.96771552314e-20
6.25705887355e-08
0.000110972794995
8.93751192787e-09
0.00191856632983
0.000355015991825
2.35873747276e-07
2.38869832414e-05
2.88258569152e-05
3.5932682509e-07
1.02214472691e-09
5.48557407887e-09
6.8871801471e-15
1.91145854156e-06
4.72047795135e-09
2.61974939724e-09
4.7840404859e-09
5.02944890797e-07
1.55076107859e-05
2.54499704457e-15
1.60053643526e-06
0.000215030614583
1.35151089394e-14
1.01712435134e-16
2.55318791713e-06
1.89192528594e-07
7.26637711519e-09
9.35860821761e-08
3.02315598407e-07
3.54068277875e-10
1.206689017e-05
8.75749696701e-22
3.70922955961e-06
4.84105190998e-10
1.62793258846e-07
4.08034043372e-05
7.54106525942e-05
4.21396977846e-06
0.000148089558834
6.69841714612e-18
1.35262577578e-10
3.58195158735e-06
4.51772374783e-12
2.70111666095e-08
6.45141059293e-05
1.16804500854e-05
8.53321475145e-06
7.22374923424e-07
8.60854838445e-08
9.94843336046e-05
2.2755698986e-14
0.000327664385903
3.60386892821e-06
2.80913498217e-08
2.64907344596e-05
0.00026472231504
4.5879393598e-09
0.000865225773989
9.82240465804e-05
0.00012953663184
1.21482839778e-05
0.00104108518335
7.53824062221e-05
0.000264128649138
8.37737029766e-13
5.9832141273e-12
3.0649213883e-10
4.33810084375e-06
1.89114711845e-08
9.73928923716e-08
7.5234405225e-09
6.31955512583e-14
0.000776298775934
7.85828256646e-05
0.000390210704439
2.20670359298e-14
2.82861890077e-05
4.9160434132e-08
7.42883913672e-05
1.81510399572e-05
1.81464387195e-31
4.84154498571e-19
5.8345127165e-07
2.84745218315e-08
2.57216286907e-05
1.50525756521e-08
4.4744511742e-12
6.49858244408e-06
1.65184071025e-06
9.96548054977e-08
2.3983220117e-08
7.41373974838e-09
2.27967318834e-05
0.000101361960011
2.64153402879e-14
2.41466629712e-05
4.86517355357e-32
2.12525427804e-13
8.39642336043e-11
0.000129905010443
1.02516296867e-12
6.117288006e-11
0.0012653527853
5.39567424978e-07
1.63158012733e-11
2.15459169842e-06
5.75413107767e-11
1.36113434294e-05
2.07545078729e-17
9.75988800441e-05
3.63656276386e-08
8.96665106669e-10
9.93058205222e-20
6.6814865347e-10
6.8147858687e-05
0.000116067413939
9.1375692017e-10
8.14258849819e-07
1.76889305173e-05
0.00144058686224
1.09895689047e-08
1.32731022565e-08
3.94026504299e-08
4.9588895215e-07
7.11822666955e-07
0.000194781075471
1.50999648653e-09
4.20195136232e-11
9.99074029309e-07
2.82861890077e-05
5.48675725423e-18
0.000118035460147
2.17408866195e-07
4.33877979299e-18
2.39128724328e-05
1.09177528552e-08
0.000547735860103
1.18278608082e-07
2.16711335319e-08
3.05871117547e-05
5.8159164861e-13
1.11104709285e-06
3.66753691515e-08
1.02950258737e-06
4.84559268445e-31
7.53343028997e-08
3.63507881923e-06
7.7757998797e-07
2.57818765512e-18
8.79068796727e-23
7.11330681727e-34
9.03521631224e-06
3.77998564861e-15
8.74806497439e-09
4.26124365035e-23
1.92641544819e-10
1.38153281646e-07
2.66439217805e-05
5.80192867902e-05
4.09135557989e-11
2.76935439806e-06
7.69842159706e-10
9.04489129784e-06
1.08845301635e-20
4.51269177918e-12
3.27828537774e-12
8.38152978272e-08
6.98399511025e-07
7.88391616543e-09
1.64264226742e-07
3.04659548992e-11
3.77134496634e-05
2.7833737183e-07
3.75638346432e-05
1.22888630669e-05
1.46172691406e-17
2.09198713828e-07
4.28423088727e-16
0.000215487813015
4.21608902068e-05
1.01576977283e-07
4.25747191411e-05
5.04123157059e-06
6.89884771682e-12
3.06601756406e-08
1.889856191e-06
1.75975760502e-11
9.21987627722e-14
9.33747689516e-09
0.000111580972666
5.35158003187e-08
3.58828364955e-12
0.0012653527853
5.76714053532e-06
