I: (state)
	(2) 1.0
F: (state)
	(2) 0.188227107069
	(3) 0.301348284606
	(4) 0.140655425481
S: (state,symbol) 
	(0,1) 0.304512175541
	(0,2) 0.135209532016
	(0,3) 0.0518339008034
	(0,5) 0.355284265221
	(0,6) 0.144729859541
	(0,8) 0.00843026687827
	(1,0) 0.212252107135
	(1,2) 0.547759330312
	(1,3) 0.0713250171153
	(1,5) 0.0369879818952
	(1,8) 0.131675563542
	(2,1) 0.0930103363921
	(2,2) 0.184181863076
	(2,5) 0.089735168767
	(2,6) 0.633072631765
	(3,2) 0.197493589793
	(3,4) 0.207547785713
	(3,5) 0.594958624494
	(4,0) 0.179840102663
	(4,1) 0.00884890394391
	(4,2) 0.140349919067
	(4,4) 0.064820587623
	(4,6) 0.165595913749
	(4,7) 0.272689895583
	(4,8) 0.167854677372
	(5,1) 0.246096644107
	(5,2) 0.354708257894
	(5,3) 0.399195097999
T: (state,symbol,state) 
	(0,1,2) 1.0
	(0,2,0) 1.0
	(0,3,2) 1.0
	(0,5,5) 1.0
	(0,6,3) 1.0
	(0,8,1) 1.0
	(1,0,0) 1.0
	(1,2,1) 1.0
	(1,3,5) 1.0
	(1,5,3) 1.0
	(1,8,2) 1.0
	(2,1,0) 1.0
	(2,2,2) 1.0
	(2,5,5) 1.0
	(2,6,3) 1.0
	(3,2,3) 1.0
	(3,4,1) 1.0
	(3,5,5) 1.0
	(4,0,3) 1.0
	(4,1,4) 1.0
	(4,2,5) 1.0
	(4,4,0) 1.0
	(4,6,3) 1.0
	(4,7,2) 1.0
	(4,8,3) 1.0
	(5,1,4) 1.0
	(5,2,4) 1.0
	(5,3,0) 1.0
