1000
1.96498831409e-07
8.60797689588e-06
0.279574743114
6.21363474249e-07
2.55726601758e-15
5.44841687857e-05
1.48639759402e-11
0.106628388583
1.27859052025e-13
0.014490313008
0.00683824979828
1.19505420155e-06
1.06824639264e-05
0.000411829761892
1.92744226115e-09
0.00329734554965
1.63725793101e-06
4.5840514672e-06
0.0220670354781
5.36639799024e-08
5.68507038274e-06
6.23300579244e-10
0.00041473477749
2.65935512615e-14
6.59312369842e-08
0.0412761865209
0.00375022753596
1.77223503268e-06
3.99481198999e-15
1.39363227704e-06
0.0726697746272
7.81722655493e-07
4.39534555986e-10
0.0731252614827
1.13920128004e-11
2.02668355368e-15
0.00256865987302
0.00142934686231
0.0028511955448
6.85114667753e-06
0.001003019296
0.000224527647304
0.00108642179109
6.40592740339e-07
3.50351520426e-10
0.000551203091151
3.00312291152e-05
4.12213741607e-24
1.15528501333e-05
2.45624806902e-12
4.08307147414e-07
1.71283158787e-11
3.80035770417e-05
0.0212297045342
0.00140045445047
1.00931533358e-07
0.000116126714509
6.55467102514e-08
6.18271552557e-06
9.77808316194e-08
2.39016351024e-06
0.0160352483851
2.22179754928e-06
1.72120982521e-08
2.04670744754e-05
5.8261367224e-07
3.03666045537e-10
1.31919908833e-06
5.62324591537e-05
2.57341440978e-06
0.00603425494581
0.000217643171511
1.00754920778e-08
2.99926836982e-05
0.000387760368713
0.00111326558768
0.000370653291969
0.00643422852543
0.000210769685194
1.31349246906e-07
0.000167641460334
0.000282734746377
3.67325090492e-11
0.000154597956183
1.01890283186e-06
1.26153783986e-10
8.56549336861e-11
3.15741745355e-12
3.97003570499e-08
3.03629643852e-05
2.5735872533e-05
8.20750910187e-07
2.31244528873e-19
3.13622068715e-06
1.13997912307e-08
3.44297422993e-07
0.00118952315912
2.51324955663e-06
1.96387581627e-10
0.0017073971737
0.00284148200892
1.99539705306e-05
1.1664651657e-09
0.0110931993956
9.19707801514e-06
0.00211108984723
4.78526216929e-07
0.000934210073657
8.06882985532e-07
2.78614145525e-17
1.64882018155e-08
0.00357750474455
4.30506631276e-20
6.27790606722e-15
5.33853648572e-07
2.23576755017e-06
5.34356497644e-08
8.5254680639e-05
0.000373860319367
0.00293738238837
2.23111117443e-05
7.03375822668e-09
0.000154614861661
4.50924630246e-09
0.00068536691903
3.70467769658e-11
0.014787306925
4.0171508255e-07
0.01053893197
2.30193414789e-05
0.00247388600143
0.00145235513518
0.000803230121999
0.000249039472311
0.00926582036513
0.0018672499135
9.00007534132e-06
4.16442315991e-07
4.20715564197e-07
2.4670883077e-05
1.20948123376e-05
0.000303730109825
1.78929558892e-17
1.07697042307e-08
0.000944027652366
4.92945699965e-05
1.09262158278e-06
1.28424055886e-05
8.11712771662e-08
0.000971864784633
1.1395750284e-05
0.000435481389234
0.000189332025876
0.00277715966025
0.000238803176915
2.80080833839e-10
0.00313814367382
2.14642430928e-07
2.61270749476e-11
4.22750851379e-06
2.32601526904e-09
9.69078769801e-11
7.11585120844e-10
5.3941178649e-06
7.12837752935e-05
5.36249109059e-09
8.9340680332e-10
1.36094401512e-05
0.000595877993344
4.32698628984e-18
4.50126691879e-13
1.5647052886e-11
3.34400690924e-15
3.24744141961e-11
9.53696653451e-08
4.77973265077e-09
2.16779308666e-07
0.00133197287842
6.9082555952e-05
0.000203035295348
2.68387934971e-06
7.5546409012e-13
0.00244886347268
5.11343519007e-15
7.08299212746e-08
1.19914487697e-06
0.000624390961993
6.36994058483e-07
2.2386383636e-05
2.70136002375e-08
0.00335390240242
1.13877125336e-11
6.99908012965e-10
1.53493003362e-14
7.5323248911e-06
0.000762750125981
6.14692622039e-07
0.00195075137951
7.12579335516e-06
0.00662465095895
1.99449142516e-17
5.31608189947e-13
9.04000706437e-10
0.000490822922463
6.47190560567e-06
7.51716065719e-06
0.00654775974742
3.25360082799e-07
3.62864845494e-08
2.42805262487e-05
6.65664087202e-08
3.12454853536e-12
0.000104072146787
1.42847939054e-07
3.00018509799e-07
1.73155196021e-07
5.62478400037e-05
0.000904141304884
0.000192435735045
5.86711437544e-05
0.00731890667209
5.24051353957e-05
9.55883580105e-10
5.28694111448e-18
0.000226772769981
5.55526656614e-06
0.000115005397979
0.000138565860819
0.000193057436408
4.30546340072e-05
2.12708647978e-17
1.51121276214e-07
1.01717202707e-05
1.25033895064e-07
1.42640054085e-16
3.46499702068e-06
0.000213052406203
1.36922171007e-09
7.20858371856e-05
3.54172492135e-06
4.21097527644e-05
1.02510967719e-11
2.22286754147e-07
5.07186235388e-06
8.88897701775e-09
7.78473929165e-13
2.68060142198e-12
2.38066610667e-05
1.24570208545e-06
1.40295593154e-08
0.000162055473655
0.00794054243452
9.60086994954e-05
6.73894140393e-07
0.000257920159791
7.34498448258e-13
0.00501617053968
0.00132882249412
0.000405856301973
0.00050897222242
0.000536476536558
2.60504685868e-15
3.41222478352e-09
1.23949767385e-05
2.46334426109e-09
0.00666464896794
4.33805676973e-05
3.16134217242e-07
0.00951066171161
0.00176470954103
5.0024765432e-05
2.00434140817e-05
2.93856199962e-05
0.000278522457964
7.23543831265e-08
0.0117505272028
1.36535336747e-08
1.31134955042e-05
3.90937287284e-06
7.60899100795e-09
0.000356469803765
7.5786262933e-08
1.72486031022e-09
8.3346585047e-06
2.92041140028e-19
3.18490871628e-07
5.17704990875e-08
3.77977904535e-06
3.9217163631e-20
1.45075148889e-06
0.00153828898346
9.62945856975e-06
2.69374588198e-09
3.76681981598e-06
0.000480824861788
6.55643875614e-05
3.42198224805e-20
2.73275057221e-10
3.73287732886e-13
0.0029757876385
6.00532720471e-05
6.8089793785e-05
5.82409513746e-05
3.44860392464e-09
0.00167254141995
1.3580357735e-05
2.1600372247e-09
1.9482750776e-05
0.000213866426565
1.26081443996e-06
9.42000090724e-05
9.45965198845e-05
1.55013383232e-05
2.60164984029e-09
2.5314348536e-05
2.75355838213e-14
2.07648130233e-09
0.00124500268663
0.000529363085492
9.76535547871e-08
6.35598633791e-08
1.20470195813e-06
2.39844770099e-09
3.86105202388e-09
7.44100547063e-05
1.47674247797e-15
1.43416400254e-10
0.000165763799129
1.60845251639e-08
2.43119133459e-09
0.00116524576747
0.00197233907205
0.00933906335211
2.18529460792e-22
1.58867151509e-07
0.00350497837468
0.00232886175396
0.000356170180654
2.85879829279e-11
0.00251334738453
0.00533987830044
0.000127275749925
6.20258053117e-07
9.49194735354e-05
1.11086670278e-12
2.24652233439e-07
3.54261436473e-07
2.51302393246e-05
5.38198018511e-10
7.20243156715e-10
4.16727928491e-05
2.44218397436e-06
7.49269209891e-09
3.79793433766e-10
0.0024615459554
0.000390179649826
5.03783107321e-13
5.71943241793e-07
1.31390357599e-06
0.00398113679577
0.000137644118597
0.000614518208353
1.73636294782e-10
8.32747212447e-08
8.16309193403e-08
0.00168183715674
2.35501391373e-08
4.46739462025e-05
1.19142121153e-05
5.9923665901e-05
0.00018239509527
0.000743722768783
1.61698713317e-06
0.00030970154597
0.00042795108622
6.72999011609e-06
0.000237240785253
1.19161317284e-11
7.68096775625e-07
1.17442829385e-08
0.00113518307785
4.67694849902e-07
6.78849462626e-05
0.000126565808971
2.37179015858e-20
4.09778690206e-18
0.000565986610792
1.65547296839e-14
2.12423231148e-10
0.00234191315318
0.000433877975284
3.79749180324e-34
3.3954804276e-08
3.48015906456e-08
1.91559349272e-09
0.000344377584012
9.86052663731e-07
4.740795096e-05
5.25768077742e-05
1.0985374187e-10
2.5304357824e-06
8.1891241014e-14
8.10789374383e-06
1.26704696512e-05
9.72839589295e-06
2.29361472353e-05
5.55529704997e-17
1.07646142751e-05
2.43150013592e-17
0.00224087446236
0.000141909407526
2.29116687619e-07
4.02716761107e-13
9.20233807782e-07
5.58648715114e-08
0.00252307982593
2.26139984329e-08
8.68396668092e-05
4.67900961119e-06
2.1264775208e-07
1.52301184347e-05
0.000332948277253
9.81204518652e-08
9.52471624669e-12
1.31329816273e-11
1.58642150571e-06
1.63681714318e-06
2.59389137741e-06
2.8792420896e-12
0.00017418851169
3.19734055737e-08
1.76294220746e-09
0.000121861627673
2.01912441617e-07
4.91901838522e-06
0.000311988300036
0.000672337087942
2.32218292375e-06
2.84140552012e-14
3.30936863321e-05
1.10976604926e-11
5.11525495848e-06
8.39842606218e-22
7.50930488872e-06
2.35948386908e-06
5.54681947706e-11
7.82469508523e-11
2.54587942165e-07
3.33729853797e-05
8.80024288887e-11
2.3000289281e-13
7.45038478082e-07
0.000116587840631
7.63610892264e-08
1.03414996542e-06
1.12382174288e-06
7.36213843629e-07
1.73873377137e-06
2.34528947522e-06
5.88994509102e-17
0.00131481536947
4.61767307551e-05
0.000134472147845
0.00053974629426
7.93542367615e-05
3.03562330067e-07
0.00062565212474
3.00781343366e-08
1.83644999658e-16
6.31049386174e-06
0.000103857938505
1.65465290556e-07
2.12731303695e-14
4.16094455925e-10
0.000407351687313
5.64472486971e-14
1.38888879769e-12
0.000684248033208
2.55022359679e-05
1.33187856909e-05
0.000811943677074
2.79608499158e-06
4.34324362288e-09
2.59303288427e-06
0.00041254962834
0.000386665248622
6.9830142701e-09
4.26509267619e-05
2.19870325792e-06
6.64724031638e-05
1.59112354766e-06
3.46170150599e-07
0.00141676129685
9.82817223522e-13
5.15111541106e-17
8.4940288083e-14
0.00148583856188
0.000353511786198
1.02449436517e-10
0.00689099620276
0.000139517260295
0.000650808739324
4.81231116255e-08
2.02497811661e-06
1.04302115212e-07
5.79898248448e-06
0.00137303836791
8.19796563521e-07
0.000640538061055
2.16498523461e-08
0.000321780573621
0.00127658356241
0.00409035932346
0.00108878094163
0.00026324023943
1.26289042271e-28
0.00124518142872
1.47284697127e-05
0.000483655349772
0.000568661289195
3.07958708718e-07
2.76147290022e-05
5.28961569942e-08
9.84048981846e-06
0.000271044562353
8.44729581908e-09
0.000228760031112
1.4581367504e-12
1.51447952165e-05
7.30129135551e-10
1.27713655739e-07
1.42517580488e-10
0.000142056333635
3.77497555761e-05
5.32413091859e-05
1.98847728185e-14
3.26167623718e-05
0.00105799901473
0.000651769559015
5.47083499619e-07
6.16665751084e-06
0.000599671427132
0.00256084935212
0.000802862204388
8.01287327897e-06
1.87225560561e-05
4.08824936217e-08
1.10446676912e-05
0.00143904341774
3.01385073106e-09
1.40264114568e-14
3.57767112286e-05
0.000605798772139
2.26488385743e-05
0.00176524779273
2.54037246292e-08
2.41042204689e-06
4.86636226187e-05
1.0978590762e-06
5.19252946507e-10
0.000454374238107
2.02850093132e-08
4.24709057051e-05
8.52482181583e-13
1.08134515308e-06
1.24812977565e-08
1.73335585419e-06
1.31781762535e-07
2.3911225085e-09
0.000322675688843
2.53013623581e-06
6.19281985236e-06
0.000350208210549
4.08247023387e-06
4.93146576258e-05
2.37119727529e-13
4.92679683873e-07
0.000109292737837
7.4845847171e-12
7.23900274003e-09
8.11964145634e-09
5.08858889459e-15
2.40563818581e-08
0.00102905177686
0.000814262761489
2.90869884114e-17
0.00117569420833
4.35055403636e-08
5.44408851354e-14
0.00127486649431
1.8443863412e-12
6.03397312953e-08
3.23413758764e-10
1.63359001019e-08
0.000454336512709
1.02943878278e-06
3.34623512143e-09
2.83487006861e-06
2.25391234049e-18
3.63191470654e-13
4.04927628141e-08
4.92602898168e-13
5.33484425389e-13
7.58161018691e-06
1.00974383293e-10
5.10122946032e-06
6.14346683777e-06
7.22041383271e-07
1.42683929122e-10
4.5424946838e-15
4.2514946215e-05
2.26876937513e-05
6.07255504258e-05
2.62966762159e-15
7.50737719763e-10
8.73022499144e-13
0.000160992587202
1.29614442648e-16
0.000679352604486
1.23529250015e-10
4.24189068865e-07
0.000289533873142
6.42828681651e-10
1.12331032616e-05
2.80868428963e-12
5.05587258589e-05
9.42142260684e-08
9.90910627904e-06
3.18608347299e-10
6.52136776822e-05
0.00139712834032
8.53466653774e-06
1.09019726305e-09
2.19656779787e-06
7.01770951799e-10
7.05929379635e-09
4.68155954234e-06
1.55505820061e-12
4.13762187706e-06
1.44144549539e-06
2.07591815779e-07
0.000444451340537
2.5674076731e-17
7.52385304089e-05
8.37505650356e-06
2.01635440379e-12
0.000309167783976
2.19631626091e-16
0.000616230144953
6.81315928528e-09
0.000202825539711
1.82289635006e-06
0.000611110219803
3.67648644825e-05
2.73677260755e-09
3.86923873176e-10
5.32532394899e-15
1.36967042561e-05
1.8741057997e-16
6.8729870514e-08
9.86629757712e-15
1.42107663302e-06
4.51249628732e-07
1.14707589627e-05
2.21093154494e-09
8.29016865198e-05
6.7763361535e-07
3.65971286037e-06
0.000161405075091
1.62568890696e-08
0.000136423663606
4.29523508553e-07
1.11963799655e-10
2.98971051972e-09
1.91442395129e-05
7.56839072005e-07
3.64196457047e-06
6.66179909183e-05
2.93258623161e-08
1.66108259711e-05
2.25513765153e-07
7.3639165221e-06
3.57344551962e-14
8.92544782772e-05
1.43344904093e-05
6.3251584622e-11
0.000283492100115
1.72025358128e-08
0.00039749915882
1.56140551747e-06
0.00118301184189
3.71435803111e-20
3.52645254339e-22
2.59082271944e-06
5.5824739576e-10
4.40790681921e-06
8.50387533446e-05
0.000107010287742
3.15128623028e-10
1.41117356972e-09
2.13865196577e-20
6.52021544382e-08
2.82125137184e-10
4.11720368684e-11
0.00136822388547
1.06745521556e-06
0.000155032406756
5.70240284356e-05
5.29140767541e-06
2.82415640537e-05
4.74511099358e-06
4.61566318732e-12
1.09639065995e-07
1.22927684784e-29
4.36626409933e-13
2.0748279464e-09
5.50454514537e-08
2.26316894337e-10
1.89008774423e-14
0.000173134615045
8.58321225127e-05
0.00303720481572
0.000128722489596
1.94501230555e-09
1.088235758e-14
1.0221960753e-08
0.00210365001126
5.20141157043e-07
4.26771745123e-14
0.000139091234186
7.25701810659e-09
0.000320096016372
1.5997711117e-06
4.12337750873e-10
4.39336654881e-08
0.000200133772742
3.5633151926e-19
9.03691328772e-08
6.12495679353e-07
1.25343752913e-09
0.000104515364515
0.00121622863129
0.000122101938552
5.57241769955e-10
4.73440084994e-07
7.72179595065e-11
2.30223303594e-06
4.10375909172e-11
3.46337567359e-14
0.00255011561319
1.85279962662e-16
1.02580140624e-05
0.000222604744025
1.98657389738e-05
7.40852926147e-11
1.23685530065e-11
2.15193339262e-15
1.58380180174e-11
0.000132206399822
0.000511938333099
2.09141281242e-06
2.27958123438e-12
4.35295802396e-05
6.37430753033e-18
1.16672236654e-05
6.50559638218e-12
1.47941933632e-06
3.68334190062e-07
6.24500249748e-05
1.53663130794e-09
2.0954851845e-06
9.59466846114e-11
2.49480701148e-08
2.52659548756e-15
4.10048028619e-14
2.02221798497e-06
6.84755888236e-11
1.09748458108e-07
9.41891222987e-05
2.001326057e-06
9.00994099285e-12
6.19144083975e-05
1.86780925481e-06
6.05206858445e-08
6.08473245885e-05
7.37179132527e-08
0.0022248778654
0.00102247630379
2.71352735611e-07
0.000287075190681
9.45928242175e-07
0.000101473825803
4.10158161936e-05
1.02815112562e-10
3.29515558121e-05
5.55884936242e-08
5.80896294339e-10
4.64243655799e-11
2.89060751427e-07
4.61900428938e-05
7.58662358887e-05
0.000923394308056
1.32743295059e-12
1.27671235654e-08
1.82228368273e-14
8.67913240245e-05
1.29455740033e-05
1.7365033856e-06
0.000482322617155
3.65398358061e-07
2.24091431473e-05
1.85376872407e-05
9.01712649317e-08
1.44950058868e-09
8.37772246036e-08
3.45040165645e-07
1.74573306524e-05
4.61304642479e-08
0.000885058060835
2.25919855682e-08
5.27733806462e-07
0.0011120903285
1.70015793783e-16
0.000222169728815
1.68473379858e-08
0.000525657160113
6.44897486569e-06
3.80337468425e-10
0.00288805368381
1.17147415354e-05
2.53396823891e-08
0.000315103609438
2.46218875042e-07
1.3255759575e-09
1.40553729753e-09
8.00093637468e-07
4.86415336096e-09
1.24399272065e-18
0.000463284083333
1.14028970276e-05
0.000622560129498
1.20729142345e-06
1.95226462824e-05
0.000389401621727
1.81097898962e-08
1.6132631128e-07
1.68873762786e-18
6.63422288346e-11
4.65306451309e-11
2.41153319811e-05
1.15622542735e-05
2.54218352149e-08
1.6881594227e-17
0.000840265592115
0.00130210316767
2.22622441519e-09
1.83837985721e-05
2.84278415517e-09
8.56571205558e-05
1.50144408184e-13
2.99749851935e-06
5.00159292907e-06
0.000905893853685
2.59754145945e-06
0.00148678741865
3.94810829053e-05
4.03071938313e-05
4.31102975302e-09
6.98102110657e-08
4.61501938284e-11
3.35702862624e-05
2.88302064122e-13
0.000398560787509
1.99297582141e-08
2.10852066097e-06
4.53818597953e-11
9.07213680741e-10
1.60187541714e-06
0.000199251601452
3.88937592884e-08
1.63355868706e-08
5.48007904024e-05
0.000221430103002
1.58016628177e-17
1.30786260717e-07
6.20566486399e-06
3.84078193285e-07
4.06868127516e-06
1.9858037617e-06
5.77254929384e-06
1.65779471465e-07
3.20843966314e-08
0.000188740743548
1.22003735133e-06
3.87220915484e-07
4.13975282021e-08
0.000129036378517
0.000101582908458
4.84496729113e-05
1.61357485695e-06
3.41623734924e-06
1.66999207848e-10
1.96801682377e-05
2.41014220971e-08
1.68836753082e-08
6.79988491478e-06
0.000263480193424
2.80653645086e-12
1.32631731257e-05
6.02970044507e-05
6.04593431978e-05
4.38917184017e-13
1.17588727801e-12
1.41605518771e-08
0.000423215497841
0.000129530263118
1.24704903611e-06
2.45709157521e-09
7.36078417798e-06
8.29400490771e-12
2.80693642321e-16
6.03578794493e-09
0.000112628980555
6.3424255776e-05
1.63750274073e-07
3.11785752631e-05
0.000121027675403
0.000210592787951
9.08827534389e-09
4.57300106025e-13
4.09108248432e-11
6.43136112098e-06
6.15764223236e-05
9.352456006e-10
0.000258682215489
1.23887230829e-10
8.02603347521e-06
6.50096749838e-05
6.43993086461e-13
2.44819074939e-08
0.000133971684068
8.3498927032e-09
1.5868311756e-11
0.000876522346514
9.53190205069e-05
1.11906201726e-14
0.000259101385915
2.72524933247e-16
1.86182275456e-07
1.41633994084e-05
1.64301569891e-05
5.20215528889e-05
1.65766520982e-13
1.83272310962e-05
9.87971972145e-12
7.33973532914e-10
2.69335421108e-11
5.16658659029e-11
3.81589635593e-17
6.38806709553e-05
5.34045998264e-05
1.0042579217e-05
3.41131607163e-08
4.48602500384e-05
3.40906815722e-05
3.28519504794e-09
0.00118246792169
9.47306487404e-06
2.77679222839e-07
3.53366006766e-13
5.93715736294e-09
0.000204849673781
7.05677873584e-05
2.81221933357e-08
3.44929439929e-20
0.000273361924906
2.1597198072e-05
1.79393176605e-07
1.59245065871e-07
2.63758109196e-11
0.000265442001614
1.11441561156e-11
5.62041966513e-17
7.63510154301e-15
2.02476881524e-07
7.33853859767e-05
4.08957209552e-08
0.000620034446142
0.00025642701023
1.12790009539e-23
4.53348305619e-08
0.000334866381894
6.16012231395e-39
9.58552787008e-18
2.26742412396e-13
5.26702384888e-05
1.10994661879e-15
0.000124641152223
9.38584138146e-17
4.48169175828e-06
