I: (state)
	(3) 0.105910215403
	(9) 0.00124087914881
	(12) 0.099357171069
	(15) 0.0245544697681
	(22) 0.144432395655
	(26) 0.345843476569
	(43) 0.0689980493805
	(44) 0.0149220621204
	(53) 0.125691167415
	(65) 0.0690501134715
F: (state)
	(3) 0.246855506022
	(6) 0.174883682909
	(7) 0.0256909346044
	(8) 0.334323244337
	(10) 0.219395942749
	(12) 0.588285826538
	(16) 0.468547620425
	(18) 0.109466333164
	(19) 0.312157187966
	(20) 0.514880070699
	(21) 0.102259377269
	(22) 0.216731638565
	(23) 0.464195331767
	(24) 0.405225193251
	(25) 0.561453989903
	(27) 0.0597539320878
	(29) 0.116899907547
	(30) 0.0481561235463
	(31) 0.448042276699
	(32) 0.606860110674
	(35) 0.164231060356
	(36) 0.115369163035
	(38) 0.229234321145
	(39) 0.950651463245
	(40) 0.280033426822
	(42) 0.665187152386
	(44) 0.101383047578
	(45) 0.261417879766
	(46) 0.124784535947
	(47) 0.291041158843
	(49) 0.163536058704
	(51) 0.275902393079
	(52) 0.3740566417
	(53) 0.109501368393
	(54) 0.0530996013555
	(62) 0.0985479159146
	(63) 0.00901992014761
	(65) 0.2811850056
	(66) 0.304203793062
S: (state,symbol) 
	(0,1) 0.362263679474
	(0,3) 0.637736320526
	(1,0) 0.102460454832
	(1,1) 0.644474824147
	(1,2) 0.0313062416638
	(1,3) 0.0981513144142
	(1,4) 0.123607164943
	(2,1) 0.646185618325
	(2,2) 0.353814381675
	(3,2) 0.671531944003
	(3,4) 0.328468055997
	(4,4) 1.0
	(5,0) 0.0417329574858
	(5,1) 0.308481880802
	(5,2) 0.219060765796
	(5,4) 0.430724395916
	(6,1) 0.813425468011
	(6,4) 0.186574531989
	(7,0) 0.123518642246
	(7,2) 0.117873939016
	(7,3) 0.758607418738
	(8,0) 0.708850497947
	(8,3) 0.115272902024
	(8,4) 0.175876600029
	(9,2) 0.294354955398
	(9,4) 0.705645044602
	(10,1) 0.00387600471581
	(10,2) 0.498708697776
	(10,3) 0.282748471374
	(10,4) 0.214666826134
	(11,4) 1.0
	(12,0) 0.24951826242
	(12,3) 0.75048173758
	(13,1) 0.0746213242097
	(13,2) 0.681001522305
	(13,3) 0.0111222831676
	(13,4) 0.233254870318
	(14,1) 0.921739690811
	(14,4) 0.0782603091894
	(15,1) 0.468213189531
	(15,2) 0.0968035710764
	(15,3) 0.0134681589961
	(15,4) 0.421515080396
	(16,0) 0.38793710541
	(16,1) 0.101952379843
	(16,2) 0.485135610582
	(16,3) 0.0249749041657
	(17,2) 0.560507140008
	(17,3) 0.047456483462
	(17,4) 0.39203637653
	(18,2) 0.567222889747
	(18,3) 0.432777110253
	(19,0) 0.432385125332
	(19,1) 0.0998405874888
	(19,3) 0.0100269773306
	(19,4) 0.457747309848
	(20,1) 0.521720887962
	(20,3) 0.478279112038
	(21,0) 0.267410073841
	(21,2) 0.127112349596
	(21,3) 0.516620537917
	(21,4) 0.0888570386455
	(22,0) 0.0452773019725
	(22,1) 0.562054925329
	(22,2) 0.288258328105
	(22,3) 0.0631736360351
	(22,4) 0.0412358085584
	(23,1) 0.174082230592
	(23,2) 0.471996385789
	(23,4) 0.35392138362
	(24,1) 0.978684846321
	(24,4) 0.0213151536785
	(25,0) 0.636620293052
	(25,2) 0.363379706948
	(26,0) 0.389677037644
	(26,1) 0.317693009156
	(26,3) 0.280907790111
	(26,4) 0.0117221630899
	(27,1) 0.159426952924
	(27,2) 0.0701564998772
	(27,3) 0.383535747934
	(27,4) 0.386880799265
	(28,0) 0.0496586686768
	(28,1) 0.107363088129
	(28,2) 0.208537732336
	(28,3) 0.351747566186
	(28,4) 0.282692944672
	(29,1) 0.438183211404
	(29,2) 0.349025919152
	(29,3) 0.212790869444
	(30,0) 0.605535056434
	(30,4) 0.394464943566
	(31,0) 0.165257180153
	(31,1) 0.0021588146992
	(31,2) 0.145229923096
	(31,3) 0.161437133297
	(31,4) 0.525916948755
	(32,2) 1.0
	(33,1) 0.359782267168
	(33,3) 0.640217732832
	(34,0) 0.21084333228
	(34,3) 0.028687796267
	(34,4) 0.760468871453
	(35,0) 0.263316780328
	(35,1) 0.50873264577
	(35,2) 0.108837926729
	(35,4) 0.119112647174
	(36,0) 0.0155124517067
	(36,4) 0.984487548293
	(37,3) 1.0
	(38,0) 0.00290602832513
	(38,1) 0.479531771488
	(38,2) 0.282472929623
	(38,4) 0.235089270564
	(39,1) 0.0280297621081
	(39,2) 0.265710640351
	(39,3) 0.706259597541
	(40,0) 0.123652729383
	(40,2) 0.153691175264
	(40,3) 0.619361469248
	(40,4) 0.103294626104
	(41,1) 0.414469111511
	(41,2) 0.405636788493
	(41,3) 0.0100406817545
	(41,4) 0.169853418242
	(42,0) 0.185698027754
	(42,1) 0.360734770931
	(42,2) 0.194381174975
	(42,3) 0.0447390946633
	(42,4) 0.214446931678
	(43,0) 0.781558694054
	(43,4) 0.218441305946
	(44,0) 0.106427303926
	(44,1) 0.060133756356
	(44,3) 0.833438939718
	(45,0) 0.438259323769
	(45,1) 0.197254078328
	(45,2) 0.181963504892
	(45,3) 0.113338674938
	(45,4) 0.0691844180735
	(46,0) 0.00415030986259
	(46,1) 0.61553385875
	(46,2) 0.0249837163388
	(46,3) 0.190564471911
	(46,4) 0.164767643138
	(47,0) 0.432532495032
	(47,1) 0.32296898041
	(47,3) 0.0396480191016
	(47,4) 0.204850505457
	(48,0) 0.216752547689
	(48,1) 0.709685966656
	(48,3) 0.0735614856551
	(49,1) 0.352256507907
	(49,3) 0.4640308896
	(49,4) 0.183712602494
	(50,0) 0.393674033521
	(50,1) 0.0146109691965
	(50,2) 0.222203248786
	(50,3) 0.108957960943
	(50,4) 0.260553787553
	(51,1) 0.179909331987
	(51,2) 0.206041511226
	(51,3) 0.364557259447
	(51,4) 0.249491897341
	(52,4) 1.0
	(53,2) 0.393719877644
	(53,3) 0.606280122356
	(54,0) 0.000166495305748
	(54,1) 0.0505606583938
	(54,2) 0.9492728463
	(55,0) 0.0498814443952
	(55,1) 0.475917937063
	(55,2) 0.37596337996
	(55,4) 0.0982372385818
	(56,1) 0.0328197467772
	(56,3) 0.967180253223
	(57,0) 0.747616669584
	(57,3) 0.252383330416
	(58,0) 0.141253172547
	(58,1) 0.718752677983
	(58,2) 0.13999414947
	(59,0) 0.384152850998
	(59,1) 0.0679632057757
	(59,2) 0.364824008713
	(59,3) 0.183059934513
	(60,1) 1.0
	(61,3) 0.85986204102
	(61,4) 0.14013795898
	(62,0) 0.525320244553
	(62,2) 0.0486780708204
	(62,3) 0.134870603993
	(62,4) 0.291131080634
	(63,1) 0.186158110338
	(63,2) 0.813841889662
	(64,0) 0.671001380254
	(64,4) 0.328998619746
	(65,2) 0.483046094885
	(65,4) 0.516953905115
	(66,1) 0.143960713248
	(66,2) 0.856039286752
T: (state,symbol,state) 
	(0,1,7) 0.0578442746303
	(0,1,10) 0.146970046152
	(0,1,11) 0.373557836438
	(0,1,14) 0.15067850396
	(0,1,20) 0.0294055640993
	(0,1,23) 0.110023338206
	(0,1,44) 0.0129947981907
	(0,1,60) 0.118525638323
	(0,3,1) 0.121288931854
	(0,3,9) 0.0304075486898
	(0,3,18) 0.0124155155371
	(0,3,19) 0.0517979046658
	(0,3,28) 0.183658168407
	(0,3,29) 0.0236279300273
	(0,3,31) 0.0514440742614
	(0,3,36) 0.0603704540904
	(0,3,38) 0.0127477564432
	(0,3,45) 0.0017626041685
	(0,3,46) 0.257842321563
	(0,3,48) 0.0815552458093
	(0,3,53) 0.0161515737025
	(0,3,66) 0.0949299707801
	(1,0,1) 0.00550688190437
	(1,0,11) 0.0732689306918
	(1,0,31) 0.122691697602
	(1,0,54) 0.498914885144
	(1,0,57) 0.0473728822524
	(1,0,59) 0.00544853509832
	(1,0,60) 0.137615375133
	(1,0,65) 0.105549817788
	(1,0,66) 0.00363099438641
	(1,1,1) 0.0671533076673
	(1,1,5) 0.0957598362171
	(1,1,13) 0.0770589141299
	(1,1,14) 0.302896299625
	(1,1,27) 0.0363852100372
	(1,1,31) 0.152317654598
	(1,1,34) 0.0621228469328
	(1,1,46) 0.0171774518787
	(1,1,50) 0.00231145745268
	(1,1,53) 0.173827182537
	(1,1,57) 0.0129898389241
	(1,2,1) 0.00819363589411
	(1,2,14) 0.0110705732989
	(1,2,17) 0.135325365715
	(1,2,20) 0.208663682642
	(1,2,28) 0.0179536497969
	(1,2,31) 0.19019620235
	(1,2,33) 0.0826520248655
	(1,2,42) 0.000284279393134
	(1,2,46) 0.0360653085334
	(1,2,50) 0.116669093627
	(1,2,51) 0.0202798155179
	(1,2,56) 0.0757204090987
	(1,2,63) 0.0969259592667
	(1,3,2) 0.0151022515815
	(1,3,4) 0.00631440104595
	(1,3,7) 0.0606896437715
	(1,3,8) 0.0591195871529
	(1,3,10) 0.0093701644628
	(1,3,13) 0.0360437079245
	(1,3,17) 0.00710779758347
	(1,3,20) 0.0103061103362
	(1,3,31) 0.0504808427858
	(1,3,32) 0.0192969393063
	(1,3,36) 0.227225251815
	(1,3,37) 0.260513329563
	(1,3,39) 0.0671951469509
	(1,3,48) 0.0151698617447
	(1,3,57) 0.0656165215121
	(1,3,60) 0.0904484424633
	(1,4,6) 0.0245839826818
	(1,4,10) 0.169595719167
	(1,4,11) 0.0664440025024
	(1,4,19) 0.00651394490153
	(1,4,26) 0.127770463864
	(1,4,29) 0.0310126398174
	(1,4,30) 0.0341042710018
	(1,4,35) 0.0377590804625
	(1,4,37) 0.0242300101518
	(1,4,41) 0.0156706391378
	(1,4,44) 0.270150300952
	(1,4,49) 0.0291213871589
	(1,4,53) 0.0109960416163
	(1,4,54) 0.024170375962
	(1,4,59) 0.127877140623
	(2,1,0) 0.0325663918707
	(2,1,5) 0.163095822378
	(2,1,13) 0.337930838128
	(2,1,19) 0.027368736993
	(2,1,22) 0.0111845227349
	(2,1,24) 0.0116611594043
	(2,1,30) 0.00899529409343
	(2,1,35) 0.12653869786
	(2,1,36) 0.05074502092
	(2,1,44) 0.0364589206747
	(2,1,52) 0.0322650088259
	(2,1,66) 0.161189586117
	(2,2,3) 0.138486676648
	(2,2,7) 0.0629039012731
	(2,2,10) 0.00973274155587
	(2,2,16) 0.00206266896769
	(2,2,21) 0.098664414789
	(2,2,47) 0.0569441540514
	(2,2,50) 0.191106613856
	(2,2,52) 0.0126787663318
	(2,2,58) 0.168541166653
	(2,2,60) 0.00386806710028
	(2,2,65) 0.255010828774
	(3,2,11) 0.20590800814
	(3,2,15) 0.340543189728
	(3,2,39) 0.438297942524
	(3,2,40) 0.0126418646633
	(3,2,52) 0.00260899494417
	(3,4,1) 0.0124275274115
	(3,4,3) 0.137195803794
	(3,4,20) 0.157638390882
	(3,4,23) 0.0251152647148
	(3,4,29) 0.098846305312
	(3,4,44) 0.101543690419
	(3,4,51) 0.187399400801
	(3,4,52) 0.0324858364922
	(3,4,56) 0.235855207418
	(3,4,58) 0.0114925727553
	(4,4,3) 0.195418624187
	(4,4,10) 0.380620378111
	(4,4,25) 0.268465728371
	(4,4,44) 0.0800455399062
	(4,4,62) 0.0725248474759
	(4,4,66) 0.00292488194967
	(5,0,0) 0.0792405996924
	(5,0,10) 0.126689385009
	(5,0,14) 0.0425182662495
	(5,0,16) 0.0297101453321
	(5,0,19) 0.0971052910112
	(5,0,31) 0.00933946612326
	(5,0,34) 0.0993651272795
	(5,0,39) 0.018509784225
	(5,0,40) 0.313377965238
	(5,0,50) 0.110046274108
	(5,0,53) 0.0740976957327
	(5,1,22) 0.119203768153
	(5,1,27) 0.0121901500992
	(5,1,31) 0.0635965769796
	(5,1,34) 0.0590402633248
	(5,1,35) 0.114779693983
	(5,1,36) 0.0504112526846
	(5,1,42) 0.341063133588
	(5,1,55) 0.0881706360372
	(5,1,58) 0.0348729420463
	(5,1,61) 0.0338996051393
	(5,1,65) 0.0827719779653
	(5,2,1) 0.0294296375638
	(5,2,5) 0.0227301663598
	(5,2,6) 0.079452337716
	(5,2,11) 0.000688398219777
	(5,2,15) 0.0773244953344
	(5,2,17) 0.027121304867
	(5,2,20) 0.176223352018
	(5,2,21) 0.00869921345241
	(5,2,22) 0.164847754126
	(5,2,31) 0.0142197906788
	(5,2,47) 0.0441119637394
	(5,2,48) 0.107522343642
	(5,2,49) 0.0420361374492
	(5,2,50) 0.0128120252528
	(5,2,52) 0.0142792615058
	(5,2,55) 0.0827934364521
	(5,2,58) 0.0652531587458
	(5,2,63) 0.0304552228774
	(5,4,4) 0.00943621049972
	(5,4,27) 0.118345630825
	(5,4,39) 0.0596840728081
	(5,4,43) 0.0318742892274
	(5,4,47) 0.0576352554442
	(5,4,48) 0.248482573126
	(5,4,55) 0.089205284826
	(5,4,62) 0.385336683243
	(6,1,4) 0.0947241368047
	(6,1,11) 0.157031283891
	(6,1,19) 0.309080300222
	(6,1,21) 0.0183226086378
	(6,1,31) 0.0620421231802
	(6,1,33) 0.261069644861
	(6,1,44) 0.0718919432676
	(6,1,58) 0.025837959136
	(6,4,16) 0.0293615570245
	(6,4,21) 0.226837507164
	(6,4,26) 0.036253875211
	(6,4,37) 0.271718770352
	(6,4,40) 0.00832607578983
	(6,4,42) 0.0474996610653
	(6,4,43) 0.0250148934199
	(6,4,44) 0.0682879346587
	(6,4,52) 0.0693162397374
	(6,4,65) 0.0400905252372
	(6,4,66) 0.17729296034
	(7,0,19) 0.0794885272199
	(7,0,28) 0.156868143242
	(7,0,29) 0.0592348008055
	(7,0,39) 0.0216961243869
	(7,0,43) 0.0136710195208
	(7,0,48) 0.379145006285
	(7,0,56) 0.192897191127
	(7,0,57) 0.033396159343
	(7,0,65) 0.0636030280703
	(7,2,3) 0.115493046529
	(7,2,5) 0.201871659024
	(7,2,7) 0.0582786803511
	(7,2,18) 0.125579133043
	(7,2,21) 0.0332085284386
	(7,2,26) 0.0377727844139
	(7,2,28) 0.102390820127
	(7,2,34) 0.0189251372031
	(7,2,64) 0.306480210871
	(7,3,5) 0.0498745574231
	(7,3,7) 0.0343220633954
	(7,3,12) 0.0441654857298
	(7,3,17) 0.0105991586301
	(7,3,20) 0.0266086889626
	(7,3,21) 0.0762005646931
	(7,3,27) 0.0173387401583
	(7,3,48) 0.223100240523
	(7,3,49) 0.010085007997
	(7,3,51) 0.130627613376
	(7,3,52) 0.0227908134644
	(7,3,59) 0.187465759354
	(7,3,61) 0.10042024807
	(7,3,63) 0.0664010582228
	(8,0,2) 0.0442429127854
	(8,0,3) 0.250501867133
	(8,0,5) 0.0687167854659
	(8,0,6) 0.0176875710678
	(8,0,9) 0.0510463940953
	(8,0,13) 0.089310057557
	(8,0,24) 0.00749236979639
	(8,0,29) 0.193263179573
	(8,0,38) 0.0117139959256
	(8,0,41) 0.0567519760034
	(8,0,56) 0.115556966969
	(8,0,61) 0.0910880774557
	(8,0,62) 0.00262784617281
	(8,3,4) 0.0145994228176
	(8,3,9) 0.217121391752
	(8,3,17) 0.0313939889646
	(8,3,27) 0.192268642794
	(8,3,33) 0.0557171401967
	(8,3,41) 0.238721197465
	(8,3,46) 0.0442285405191
	(8,3,50) 0.205949675491
	(8,4,3) 0.0918641030494
	(8,4,12) 0.0690978949955
	(8,4,17) 0.0405788654695
	(8,4,25) 0.131264161615
	(8,4,38) 0.0268179535771
	(8,4,41) 0.0437440569899
	(8,4,45) 0.206586501923
	(8,4,52) 0.230955792195
	(8,4,57) 0.0183515677082
	(8,4,63) 0.085986386143
	(8,4,65) 0.0547527163342
	(9,2,3) 0.0143746015475
	(9,2,6) 0.0353759291149
	(9,2,7) 0.0233389658946
	(9,2,9) 0.0133836833111
	(9,2,14) 0.0145606127211
	(9,2,16) 0.00178398380877
	(9,2,19) 0.0637159235437
	(9,2,24) 0.0858212214277
	(9,2,31) 0.0481896944948
	(9,2,32) 0.0274027468138
	(9,2,33) 0.0980992541158
	(9,2,45) 0.0918291200535
	(9,2,46) 0.116383912602
	(9,2,47) 0.102923844787
	(9,2,49) 0.00170394978101
	(9,2,53) 0.261112555983
	(9,4,2) 0.109472234692
	(9,4,6) 0.0241854128164
	(9,4,7) 0.219830120573
	(9,4,33) 0.0775995513163
	(9,4,35) 0.00417861001281
	(9,4,48) 0.0622903293083
	(9,4,50) 0.0192807889768
	(9,4,51) 0.243229693594
	(9,4,52) 0.0822848252516
	(9,4,58) 0.157648433459
	(10,1,2) 0.071954814752
	(10,1,14) 0.177234451378
	(10,1,18) 0.135785403692
	(10,1,26) 0.0685489103648
	(10,1,29) 0.0366294557466
	(10,1,33) 0.0140374896858
	(10,1,37) 0.0145219797712
	(10,1,39) 0.0693903760565
	(10,1,57) 0.386810592816
	(10,1,59) 0.0250865257365
	(10,2,1) 0.208502789692
	(10,2,19) 0.190373139962
	(10,2,24) 0.0634288001353
	(10,2,30) 0.0518483881869
	(10,2,35) 0.0197443350472
	(10,2,39) 0.08391213288
	(10,2,45) 0.107136538528
	(10,2,47) 0.198586164733
	(10,2,51) 0.00314122267126
	(10,2,55) 0.0733264881638
	(10,3,0) 0.00773483181118
	(10,3,4) 0.0817733075001
	(10,3,8) 0.122534982139
	(10,3,11) 0.0365666651264
	(10,3,12) 0.0307619986161
	(10,3,13) 0.0464499992258
	(10,3,14) 0.116698453515
	(10,3,17) 0.0236013139326
	(10,3,19) 0.0456540710928
	(10,3,22) 0.0224847130989
	(10,3,26) 0.0320669971142
	(10,3,31) 0.0838631767086
	(10,3,48) 0.06504841096
	(10,3,49) 0.0472876931406
	(10,3,50) 0.143658964997
	(10,3,52) 0.025099807662
	(10,3,59) 0.0060119841642
	(10,3,61) 0.00175283405886
	(10,3,64) 0.0609497951359
	(10,4,3) 0.14926653061
	(10,4,7) 0.0376036233081
	(10,4,14) 0.022494732054
	(10,4,37) 0.0677146912961
	(10,4,42) 0.0119828525283
	(10,4,47) 0.12922285282
	(10,4,50) 0.434481982522
	(10,4,51) 0.0243548900097
	(10,4,56) 0.0141921186635
	(10,4,58) 0.0799014914948
	(10,4,62) 0.0287842346942
	(11,4,0) 0.0127019735296
	(11,4,3) 0.0159719170555
	(11,4,10) 0.110312199524
	(11,4,11) 0.0262094251928
	(11,4,16) 0.0836621025327
	(11,4,20) 0.0464726434177
	(11,4,32) 0.193536433882
	(11,4,34) 0.0161677151602
	(11,4,40) 0.0653790026339
	(11,4,48) 0.0690448686315
	(11,4,56) 0.0646118416128
	(11,4,58) 0.163689248967
	(11,4,59) 0.132240627861
	(12,0,2) 0.271789293404
	(12,0,17) 0.289794108158
	(12,0,19) 0.00563337312109
	(12,0,34) 0.0755030488376
	(12,0,52) 0.111848240515
	(12,0,57) 0.245431935964
	(12,3,11) 0.139739963718
	(12,3,12) 0.14872928417
	(12,3,17) 0.0124105086524
	(12,3,19) 0.124886639556
	(12,3,35) 0.0327300571748
	(12,3,36) 0.1625293606
	(12,3,37) 0.101740512093
	(12,3,39) 0.138070201763
	(12,3,47) 0.130147905038
	(12,3,53) 0.00901556723558
	(13,1,5) 0.247831936941
	(13,1,21) 0.0337312142199
	(13,1,28) 0.062467040225
	(13,1,30) 0.0213725255419
	(13,1,32) 0.082674858628
	(13,1,40) 0.192330609747
	(13,1,43) 0.0320398611401
	(13,1,48) 0.0291456502027
	(13,1,51) 0.156154101385
	(13,1,57) 0.124315661395
	(13,1,61) 0.0179365405741
	(13,2,4) 0.0671532051808
	(13,2,5) 0.160430499634
	(13,2,7) 0.0359017607955
	(13,2,13) 0.0700675924971
	(13,2,14) 0.0520300673549
	(13,2,25) 0.177829779838
	(13,2,33) 0.0325207906526
	(13,2,41) 0.12328052938
	(13,2,49) 0.00293310326463
	(13,2,56) 0.0422262069931
	(13,2,57) 0.0419275000737
	(13,2,64) 0.193698964336
	(13,3,4) 0.0840944518438
	(13,3,7) 0.330613255154
	(13,3,10) 0.177083629802
	(13,3,14) 0.00873519474963
	(13,3,26) 0.0997722816499
	(13,3,50) 0.126064332531
	(13,3,54) 0.0122948865553
	(13,3,58) 0.0805565091418
	(13,3,63) 0.0301872584335
	(13,3,64) 0.0505982001388
	(13,4,5) 0.0638701008995
	(13,4,16) 0.0428964667327
	(13,4,18) 0.519589960203
	(13,4,29) 0.0770269700532
	(13,4,40) 0.106544551383
	(13,4,42) 0.0486204036047
	(13,4,48) 0.0602518075633
	(13,4,50) 0.0136090191576
	(13,4,56) 0.00939444862262
	(13,4,63) 0.0581962717807
	(14,1,2) 0.0534721348404
	(14,1,11) 0.166680193746
	(14,1,13) 0.162063963116
	(14,1,17) 0.210931294249
	(14,1,21) 0.0305562842469
	(14,1,22) 0.0374994130682
	(14,1,27) 0.0993986370293
	(14,1,35) 0.0267245694636
	(14,1,42) 0.0163174190661
	(14,1,45) 0.0816864269479
	(14,1,48) 0.0112292790234
	(14,1,50) 0.0374063595275
	(14,1,55) 0.0660340256754
	(14,4,9) 0.106044302878
	(14,4,30) 0.022086821515
	(14,4,32) 0.146158794056
	(14,4,39) 0.032336083892
	(14,4,40) 0.034820978322
	(14,4,45) 0.0244671235029
	(14,4,48) 0.0661108171242
	(14,4,54) 0.310985041996
	(14,4,62) 0.256990036714
	(15,1,1) 0.255661964949
	(15,1,10) 0.032913980647
	(15,1,11) 0.0964213065299
	(15,1,22) 0.0576418316958
	(15,1,30) 0.272883794971
	(15,1,41) 0.0111778582129
	(15,1,48) 0.0234086187566
	(15,1,50) 0.160490165915
	(15,1,57) 0.0894004783224
	(15,2,7) 0.145774514236
	(15,2,14) 0.104465561328
	(15,2,16) 0.00972952162157
	(15,2,23) 0.0944233665368
	(15,2,31) 0.299445848422
	(15,2,32) 0.115435857649
	(15,2,43) 0.177252501286
	(15,2,44) 0.0311184161091
	(15,2,48) 0.0164476559875
	(15,2,59) 0.00590675682316
	(15,3,0) 0.0345305958937
	(15,3,3) 0.0942105031386
	(15,3,16) 0.0181190794439
	(15,3,28) 0.300434063383
	(15,3,36) 0.0243284812436
	(15,3,48) 0.181180980518
	(15,3,51) 0.041082445523
	(15,3,52) 0.0883066450601
	(15,3,56) 0.095622401978
	(15,3,57) 0.0780159557192
	(15,3,64) 0.0441688480985
	(15,4,50) 0.161459764617
	(15,4,57) 0.557991212872
	(15,4,60) 0.178571129828
	(15,4,61) 0.101977892683
	(16,0,1) 0.0633746661487
	(16,0,3) 0.0122848326902
	(16,0,15) 0.119937567212
	(16,0,18) 0.0195064046264
	(16,0,22) 0.0201528893978
	(16,0,29) 0.161775325001
	(16,0,31) 0.146205540926
	(16,0,32) 0.0177960721124
	(16,0,35) 0.164669956625
	(16,0,41) 0.024358649071
	(16,0,43) 0.0879981391017
	(16,0,47) 0.0983695611078
	(16,0,63) 0.0635703959815
	(16,1,4) 0.0282278282475
	(16,1,9) 0.0418736440459
	(16,1,12) 0.142494257878
	(16,1,14) 0.0130480701541
	(16,1,16) 0.0828891137717
	(16,1,27) 0.0945258007914
	(16,1,31) 0.0720591297676
	(16,1,33) 0.0601809521925
	(16,1,35) 0.0254163896524
	(16,1,36) 0.0625809034953
	(16,1,65) 0.189538886091
	(16,1,66) 0.187165023913
	(16,2,9) 0.00461140441908
	(16,2,10) 0.0157141888612
	(16,2,11) 0.0312379997491
	(16,2,13) 0.0952857127116
	(16,2,14) 0.0463891358844
	(16,2,15) 0.0337592936993
	(16,2,16) 0.107740695418
	(16,2,18) 0.0141069596912
	(16,2,21) 0.00950269942208
	(16,2,22) 0.135366377936
	(16,2,25) 0.139346729656
	(16,2,27) 0.203231512675
	(16,2,40) 0.0208306780592
	(16,2,49) 0.0211011178208
	(16,2,64) 0.121775493997
	(16,3,2) 0.0789578270464
	(16,3,7) 0.0027006285061
	(16,3,8) 0.0682434242663
	(16,3,13) 0.0829681174555
	(16,3,33) 0.0611569800948
	(16,3,35) 0.155122367031
	(16,3,39) 0.151137746426
	(16,3,55) 0.028445866334
	(16,3,57) 0.0253189378557
	(16,3,59) 0.0244519801647
	(16,3,62) 0.32149612482
	(17,2,9) 0.113495418409
	(17,2,20) 0.0562010675438
	(17,2,21) 0.0983857009423
	(17,2,25) 0.0445659270872
	(17,2,27) 0.0703618472217
	(17,2,32) 0.254796912652
	(17,2,36) 0.0511412086906
	(17,2,41) 0.0801380916043
	(17,2,45) 0.0258960033398
	(17,2,46) 0.0949285818556
	(17,2,65) 0.110089240653
	(17,3,8) 0.00716775405121
	(17,3,14) 0.00260436049086
	(17,3,19) 0.192854289202
	(17,3,23) 0.205633265287
	(17,3,28) 0.00134206065778
	(17,3,32) 0.175447277729
	(17,3,46) 0.0784245554444
	(17,3,65) 0.230214176883
	(17,3,66) 0.106312260254
	(17,4,6) 0.322388309077
	(17,4,7) 0.201156799733
	(17,4,17) 0.0186889600197
	(17,4,32) 0.0347785688846
	(17,4,37) 0.320400884523
	(17,4,46) 0.0680354192565
	(17,4,53) 0.0345510585059
	(18,2,3) 0.254278422231
	(18,2,4) 0.029966541409
	(18,2,5) 0.0559323160018
	(18,2,15) 0.0425450475977
	(18,2,20) 0.0601463314737
	(18,2,26) 0.167027681511
	(18,2,30) 0.101210303763
	(18,2,40) 0.0910050544759
	(18,2,48) 0.0696042071562
	(18,2,59) 0.128284094381
	(18,3,5) 0.120917767173
	(18,3,7) 0.0331895037274
	(18,3,8) 0.0760332137724
	(18,3,9) 0.0815549352868
	(18,3,14) 0.00314653806774
	(18,3,24) 0.0673324482617
	(18,3,27) 0.110627912912
	(18,3,32) 0.107430844224
	(18,3,34) 0.0682061193484
	(18,3,45) 0.0467093031485
	(18,3,52) 0.182315766681
	(18,3,56) 0.102535647397
	(19,0,2) 0.0300425555308
	(19,0,3) 0.0508759079721
	(19,0,4) 0.00337990614343
	(19,0,10) 0.117302169375
	(19,0,17) 0.138361143621
	(19,0,25) 0.0334851207967
	(19,0,29) 0.0528255832104
	(19,0,30) 0.129308169514
	(19,0,34) 0.0049030618537
	(19,0,37) 0.0368556773772
	(19,0,41) 0.0826216535653
	(19,0,42) 0.0322922452054
	(19,0,48) 0.123702348098
	(19,0,58) 0.0870039567319
	(19,0,60) 0.0287172589076
	(19,0,61) 0.0424565733237
	(19,0,62) 0.00586666877482
	(19,1,3) 0.012691470654
	(19,1,11) 0.00144649256339
	(19,1,16) 0.475611295157
	(19,1,27) 0.102228024883
	(19,1,29) 0.028584160794
	(19,1,58) 0.0988651674087
	(19,1,60) 0.210685113617
	(19,1,66) 0.069888274923
	(19,3,18) 0.115354380569
	(19,3,20) 0.403757247044
	(19,3,27) 0.0186126790466
	(19,3,34) 0.0107193390319
	(19,3,36) 0.0262536959079
	(19,3,46) 0.0238082039411
	(19,3,49) 0.15208867062
	(19,3,55) 0.0639408805981
	(19,3,62) 0.0724366205201
	(19,3,65) 0.113028282721
	(19,4,0) 0.176598697984
	(19,4,4) 0.182711510671
	(19,4,34) 0.119104494135
	(19,4,39) 0.0472237206411
	(19,4,40) 0.128804000757
	(19,4,44) 0.345557575812
	(20,1,12) 0.0220480450499
	(20,1,15) 0.0695468847597
	(20,1,20) 0.0162253113922
	(20,1,25) 0.437440957116
	(20,1,28) 0.0130951988469
	(20,1,39) 0.0478858334461
	(20,1,47) 0.194315617715
	(20,1,62) 0.199442151674
	(20,3,12) 0.275955779469
	(20,3,14) 0.00833625821812
	(20,3,23) 0.110187463224
	(20,3,26) 0.0408762564642
	(20,3,34) 0.0037295279519
	(20,3,38) 0.0673038549767
	(20,3,44) 0.0187225355084
	(20,3,50) 0.0931106925633
	(20,3,55) 0.0626028823183
	(20,3,56) 0.161887780225
	(20,3,61) 0.157286969081
	(21,0,7) 0.00669624558804
	(21,0,13) 0.0230979328751
	(21,0,14) 0.073363468079
	(21,0,16) 0.0222414393622
	(21,0,20) 0.164585159344
	(21,0,24) 0.0281141952001
	(21,0,29) 0.050442739442
	(21,0,30) 0.124083720704
	(21,0,33) 0.122597422233
	(21,0,39) 0.0395842764141
	(21,0,42) 0.0197367664248
	(21,0,44) 0.000591420507682
	(21,0,46) 0.181748574716
	(21,0,47) 0.000654965134561
	(21,0,48) 0.0292617033691
	(21,0,52) 0.00500315715795
	(21,0,53) 0.00129603905676
	(21,0,62) 0.0583478947103
	(21,0,66) 0.0485528796803
	(21,2,15) 0.239530956479
	(21,2,17) 0.0280295693743
	(21,2,35) 0.0168444424346
	(21,2,38) 0.474823341666
	(21,2,50) 0.0795438811374
	(21,2,57) 0.00324783342289
	(21,2,65) 0.157979975486
	(21,3,18) 0.0557553858775
	(21,3,23) 0.0278720377112
	(21,3,31) 0.563767808569
	(21,3,60) 0.0642003715467
	(21,3,63) 0.0941192564559
	(21,3,65) 0.19428513984
	(21,4,8) 0.0369008757428
	(21,4,10) 0.12278662751
	(21,4,17) 0.0391072631798
	(21,4,18) 0.00830462101017
	(21,4,30) 0.0395101898039
	(21,4,31) 0.0159232131258
	(21,4,36) 0.168846363714
	(21,4,37) 0.167322800254
	(21,4,39) 0.0128961125765
	(21,4,40) 0.0315444406486
	(21,4,43) 0.0857138530571
	(21,4,46) 0.0242982253877
	(21,4,54) 0.00761064429504
	(21,4,61) 0.239234769695
	(22,0,2) 0.0122770761247
	(22,0,6) 0.161860667137
	(22,0,18) 0.164557083634
	(22,0,23) 0.115436368317
	(22,0,38) 0.025094690533
	(22,0,50) 0.16542534928
	(22,0,53) 0.0162364685776
	(22,0,61) 0.339112296397
	(22,1,4) 0.0065883287179
	(22,1,10) 0.0366813090278
	(22,1,11) 0.093337924217
	(22,1,31) 0.116831245142
	(22,1,42) 0.049315553101
	(22,1,45) 0.418491306353
	(22,1,55) 0.182723145801
	(22,1,66) 0.0960311876407
	(22,2,6) 0.319256250861
	(22,2,19) 0.00991001110158
	(22,2,21) 0.0199589086308
	(22,2,27) 0.112555030386
	(22,2,48) 0.0477196406495
	(22,2,51) 0.0291819810033
	(22,2,63) 0.13438813186
	(22,2,64) 0.056929394632
	(22,2,65) 0.257504396315
	(22,2,66) 0.0125962545598
	(22,3,1) 0.0882335553106
	(22,3,7) 0.101318415514
	(22,3,13) 0.0151399623358
	(22,3,18) 0.0173793732372
	(22,3,28) 0.0228788615983
	(22,3,29) 0.0978728450635
	(22,3,31) 0.0709267896053
	(22,3,39) 0.0714081285666
	(22,3,41) 0.183525810531
	(22,3,43) 0.239028736591
	(22,3,59) 0.0654355609539
	(22,3,65) 0.026851960693
	(22,4,9) 0.0586066472605
	(22,4,18) 0.000391218882897
	(22,4,24) 0.216952585958
	(22,4,27) 0.179192427692
	(22,4,33) 0.269556850698
	(22,4,52) 0.102480528048
	(22,4,54) 0.00211259964932
	(22,4,55) 0.072441211393
	(22,4,57) 0.052319400107
	(22,4,58) 0.0459465303112
	(23,1,4) 0.0826550879015
	(23,1,15) 0.142593187124
	(23,1,19) 0.328123443064
	(23,1,21) 0.0391062749516
	(23,1,22) 0.0223439876856
	(23,1,35) 0.165906620428
	(23,1,59) 0.0178156219597
	(23,1,62) 0.0210833013385
	(23,1,64) 0.180372475547
	(23,2,11) 0.179003473466
	(23,2,14) 0.155108766007
	(23,2,17) 0.0876535239368
	(23,2,25) 0.254323985336
	(23,2,29) 0.160285379411
	(23,2,47) 0.0314442170383
	(23,2,58) 0.129528468731
	(23,2,64) 0.00265218607321
	(23,4,8) 0.258057289475
	(23,4,15) 0.0859794980995
	(23,4,18) 0.02125857666
	(23,4,26) 0.0631898141157
	(23,4,29) 0.0946499098673
	(23,4,31) 0.0110511096656
	(23,4,39) 0.064035832533
	(23,4,43) 0.0201314497553
	(23,4,45) 0.123550135541
	(23,4,48) 0.0073432924853
	(23,4,57) 0.0917879005594
	(23,4,61) 0.0541942396766
	(23,4,62) 0.104770951566
	(24,1,2) 0.062744347786
	(24,1,6) 0.181046589296
	(24,1,12) 0.219805924374
	(24,1,21) 0.0871605093261
	(24,1,23) 0.0247569582474
	(24,1,24) 0.310720222232
	(24,1,50) 0.0130801920107
	(24,1,54) 0.0124952098759
	(24,1,56) 0.0881900468514
	(24,4,3) 0.0129921008161
	(24,4,5) 0.198647786361
	(24,4,19) 0.0191206339717
	(24,4,34) 0.0817863293575
	(24,4,35) 0.0603129810913
	(24,4,41) 0.0247905069253
	(24,4,47) 0.073063206798
	(24,4,50) 0.306816055928
	(24,4,51) 0.0893014673779
	(24,4,63) 0.133168931373
	(25,0,3) 0.00259784375191
	(25,0,14) 0.106679139624
	(25,0,15) 0.0736393657972
	(25,0,21) 0.168761163483
	(25,0,22) 0.00983850516665
	(25,0,39) 0.0383558707987
	(25,0,40) 0.0861307941514
	(25,0,42) 0.105809293705
	(25,0,45) 0.0105290441215
	(25,0,47) 0.219989114582
	(25,0,52) 0.0739334423297
	(25,0,53) 0.0841349456951
	(25,0,56) 0.00458670618901
	(25,0,57) 0.0150147706038
	(25,2,15) 0.414038703461
	(25,2,25) 0.0224144446081
	(25,2,40) 0.0954702022479
	(25,2,46) 0.0370252273004
	(25,2,47) 0.268745315893
	(25,2,54) 0.16230610649
	(26,0,4) 0.0126281470996
	(26,0,8) 0.0110908527117
	(26,0,9) 0.320139312054
	(26,0,10) 0.0963101873736
	(26,0,12) 0.0190981578316
	(26,0,15) 0.0229345901315
	(26,0,17) 0.184614829742
	(26,0,18) 0.0751384348444
	(26,0,29) 0.0270469734854
	(26,0,33) 0.00159186495447
	(26,0,42) 0.0221831059256
	(26,0,44) 0.000792935296433
	(26,0,52) 0.0588821856751
	(26,0,53) 0.0275230949325
	(26,0,62) 0.0147421340986
	(26,0,64) 0.105283193844
	(26,1,2) 0.0470367548316
	(26,1,13) 0.0453498572791
	(26,1,17) 0.0858127552936
	(26,1,21) 0.109150140372
	(26,1,25) 0.11594317403
	(26,1,32) 0.0563371160327
	(26,1,38) 0.0185189466712
	(26,1,39) 0.244966886229
	(26,1,46) 0.0191451330326
	(26,1,49) 0.0912489382561
	(26,1,53) 0.166490297972
	(26,3,8) 0.0251696339799
	(26,3,9) 0.169169533594
	(26,3,12) 0.0477888848108
	(26,3,31) 0.0559293495001
	(26,3,40) 0.116748001089
	(26,3,42) 0.00457235748513
	(26,3,46) 0.136558798017
	(26,3,47) 0.0376420952908
	(26,3,53) 0.0366309457563
	(26,3,54) 0.169898344799
	(26,3,57) 0.199892055678
	(26,4,2) 0.0516800098442
	(26,4,4) 0.118399191035
	(26,4,8) 0.121304108645
	(26,4,12) 0.100555803718
	(26,4,14) 0.0529142091143
	(26,4,22) 0.0115707443094
	(26,4,27) 0.0369704930924
	(26,4,31) 0.00689394614852
	(26,4,45) 0.285985396113
	(26,4,50) 0.175726852182
	(26,4,53) 0.0239586799591
	(26,4,55) 0.00659040487815
	(26,4,64) 0.00745016096072
	(27,1,1) 0.0108003929949
	(27,1,8) 0.0301783598375
	(27,1,9) 0.113283156938
	(27,1,10) 0.00439194119511
	(27,1,12) 0.00969033157182
	(27,1,25) 0.00236897478989
	(27,1,34) 0.0227985681095
	(27,1,38) 0.27163145156
	(27,1,41) 0.0104318969586
	(27,1,44) 0.0164160118902
	(27,1,49) 0.0247866880744
	(27,1,53) 0.00977429723228
	(27,1,54) 0.191322314999
	(27,1,58) 0.0620689586384
	(27,1,59) 0.0474189568392
	(27,1,60) 0.0657151914211
	(27,1,61) 0.0739131205058
	(27,1,62) 0.0186258553664
	(27,1,63) 0.0143835310775
	(27,2,6) 0.0738960384314
	(27,2,14) 0.0352811004033
	(27,2,24) 0.224394459878
	(27,2,39) 0.125020900704
	(27,2,43) 0.0908684056535
	(27,2,46) 0.0079838268637
	(27,2,57) 0.347166970514
	(27,2,59) 0.0953882975513
	(27,3,5) 0.0139478757219
	(27,3,6) 0.0363534197208
	(27,3,8) 0.145186329414
	(27,3,13) 0.11460684027
	(27,3,24) 0.100733723513
	(27,3,27) 0.0401396384356
	(27,3,31) 0.0984431804538
	(27,3,35) 0.0182451304419
	(27,3,49) 0.0603101510465
	(27,3,50) 0.0169953001323
	(27,3,53) 0.0804402055577
	(27,3,54) 0.0284061129864
	(27,3,55) 0.0303776333135
	(27,3,56) 0.0114940395666
	(27,3,58) 0.185336154279
	(27,3,62) 0.0189842651469
	(27,4,8) 0.0668871189906
	(27,4,12) 0.122146674334
	(27,4,17) 0.0106000975149
	(27,4,26) 0.0224053107038
	(27,4,33) 0.0203827841683
	(27,4,37) 0.244393459979
	(27,4,40) 0.071321483338
	(27,4,42) 0.100537221629
	(27,4,51) 0.141142100446
	(27,4,53) 0.0360296910364
	(27,4,55) 0.0319949901237
	(27,4,64) 0.0593811730532
	(27,4,65) 0.0629180468319
	(27,4,66) 0.00985984785179
	(28,0,2) 0.0311981922145
	(28,0,4) 0.0783931533045
	(28,0,9) 0.0859602214155
	(28,0,18) 0.0117234603044
	(28,0,19) 0.0320263121792
	(28,0,20) 0.0223841708758
	(28,0,23) 0.0144683259885
	(28,0,25) 0.0112761598593
	(28,0,29) 0.044433372797
	(28,0,32) 0.00336553483263
	(28,0,34) 0.0999451782351
	(28,0,36) 0.0195081574658
	(28,0,37) 0.105929421155
	(28,0,38) 0.0578372583665
	(28,0,47) 0.121790555689
	(28,0,48) 0.0185701698006
	(28,0,54) 0.121372652684
	(28,0,62) 0.0718364719836
	(28,0,65) 0.0479812308485
	(28,1,0) 0.206889556913
	(28,1,11) 0.0343552847621
	(28,1,18) 0.0215286793908
	(28,1,21) 0.0189938681495
	(28,1,24) 0.112948899246
	(28,1,26) 0.00418989079496
	(28,1,30) 0.0413210801127
	(28,1,34) 0.0976413730985
	(28,1,40) 0.245005957352
	(28,1,42) 0.122261483854
	(28,1,44) 0.0948639263271
	(28,2,5) 0.17429009021
	(28,2,6) 0.0183664566803
	(28,2,9) 0.108350132289
	(28,2,27) 0.0795971604302
	(28,2,29) 0.378843303081
	(28,2,35) 0.0994180752727
	(28,2,41) 0.00116402255348
	(28,2,60) 0.0322899040985
	(28,2,65) 0.107680855384
	(28,3,0) 0.135607736928
	(28,3,3) 0.11978121398
	(28,3,22) 0.110146308713
	(28,3,24) 0.00318810751817
	(28,3,25) 0.0659193939819
	(28,3,30) 0.020270726023
	(28,3,33) 0.0693379669194
	(28,3,40) 0.0399447406471
	(28,3,47) 0.0173756231642
	(28,3,50) 0.100311228723
	(28,3,56) 0.0579738709189
	(28,3,58) 0.0947731405627
	(28,3,61) 0.0183638941978
	(28,3,63) 0.147006047723
	(28,4,0) 0.0549386218189
	(28,4,7) 0.0182351954145
	(28,4,16) 0.0734521097937
	(28,4,18) 0.0310558188715
	(28,4,19) 0.40616266519
	(28,4,20) 0.107120849861
	(28,4,22) 0.0496615622606
	(28,4,35) 0.0491255788966
	(28,4,41) 0.0815056136885
	(28,4,54) 0.128741984205
	(29,1,4) 0.00669167283264
	(29,1,14) 0.227642034281
	(29,1,19) 0.0558664454596
	(29,1,20) 0.082450760375
	(29,1,22) 0.013121840961
	(29,1,30) 0.106344569853
	(29,1,32) 0.0035272962095
	(29,1,39) 0.0102586449825
	(29,1,40) 0.257461145889
	(29,1,50) 0.0724669054753
	(29,1,51) 0.164168683681
	(29,2,14) 0.00674639431057
	(29,2,18) 0.204240145602
	(29,2,29) 0.0320109466661
	(29,2,30) 0.0908457027067
	(29,2,34) 0.0941214390282
	(29,2,35) 0.021587251394
	(29,2,36) 0.127969476606
	(29,2,44) 0.049211844963
	(29,2,47) 0.0579070538751
	(29,2,49) 0.274771694522
	(29,2,60) 0.0405880503261
	(29,3,6) 0.0150537461449
	(29,3,13) 0.033829161782
	(29,3,24) 0.00686408578614
	(29,3,29) 0.459147070501
	(29,3,34) 0.0155781332958
	(29,3,36) 0.0131900637355
	(29,3,41) 0.16912910832
	(29,3,48) 0.00466510770876
	(29,3,49) 0.134858362677
	(29,3,54) 0.00288624418053
	(29,3,56) 0.0254141389792
	(29,3,65) 0.084319867097
	(29,3,66) 0.035064909792
	(30,0,1) 0.123241149279
	(30,0,3) 0.000902331598062
	(30,0,4) 0.00351213342321
	(30,0,11) 0.0320042947808
	(30,0,17) 0.025100125437
	(30,0,20) 0.00766966693835
	(30,0,22) 0.0671076986834
	(30,0,38) 0.365468409427
	(30,0,51) 0.104217355217
	(30,0,55) 0.066189671084
	(30,0,59) 0.184729195514
	(30,0,64) 0.0198579686184
	(30,4,0) 0.00776320992906
	(30,4,2) 0.050447660389
	(30,4,8) 0.091415317236
	(30,4,11) 0.221819831067
	(30,4,12) 0.0416455515867
	(30,4,18) 0.0214487843229
	(30,4,29) 0.0217912850253
	(30,4,34) 0.136047915088
	(30,4,36) 0.165603627369
	(30,4,37) 0.0320379661025
	(30,4,45) 0.0756834882046
	(30,4,57) 0.00607922910407
	(30,4,62) 0.0209733099314
	(30,4,65) 0.107242824645
	(31,0,2) 0.0106031109801
	(31,0,5) 0.0874709430998
	(31,0,12) 0.0111662810825
	(31,0,23) 0.0782637196603
	(31,0,32) 0.215270235199
	(31,0,42) 0.0350084510248
	(31,0,43) 0.0387821167056
	(31,0,50) 0.0014415596296
	(31,0,51) 0.0229034930158
	(31,0,53) 0.0425863116911
	(31,0,54) 0.031067536754
	(31,0,56) 0.0523173032803
	(31,0,57) 0.0348461589696
	(31,0,59) 0.142430060601
	(31,0,60) 0.02287691703
	(31,0,62) 0.172965801276
	(31,1,8) 0.185831268155
	(31,1,13) 0.0382707210901
	(31,1,18) 0.0266077977451
	(31,1,22) 0.0730894259619
	(31,1,30) 0.0463925934467
	(31,1,31) 0.0841030613579
	(31,1,32) 0.0838655099723
	(31,1,35) 0.00927425856896
	(31,1,41) 0.00985277976736
	(31,1,43) 0.0492681436692
	(31,1,45) 0.141198258929
	(31,1,49) 0.0251367875432
	(31,1,50) 0.0855364672012
	(31,1,54) 0.123922661491
	(31,1,59) 0.0150857882316
	(31,1,65) 0.0025644768688
	(31,2,0) 0.0760997148665
	(31,2,1) 0.0249176098743
	(31,2,4) 0.184354791603
	(31,2,8) 0.0390733442441
	(31,2,13) 0.0142717333063
	(31,2,15) 0.331123830395
	(31,2,23) 0.00894817999335
	(31,2,27) 0.0597262570842
	(31,2,34) 0.00672838386744
	(31,2,38) 0.163234648802
	(31,2,45) 0.013473882215
	(31,2,62) 0.00872562075686
	(31,2,64) 0.0693220029911
	(31,3,8) 0.101461052985
	(31,3,12) 0.190529722166
	(31,3,18) 0.0216405346663
	(31,3,20) 0.0333976354611
	(31,3,26) 0.0218455571549
	(31,3,28) 0.0471908561327
	(31,3,30) 0.00250272913889
	(31,3,37) 0.0902369756247
	(31,3,39) 0.369125061174
	(31,3,49) 0.00839212794347
	(31,3,52) 0.0887328978136
	(31,3,61) 0.00451052860615
	(31,3,62) 0.020434321133
	(31,4,9) 0.172686285616
	(31,4,22) 0.0129165116427
	(31,4,33) 0.391455693138
	(31,4,44) 0.152132995139
	(31,4,46) 0.116059864295
	(31,4,50) 0.0561230616426
	(31,4,66) 0.0986255885263
	(32,2,4) 0.00936564477874
	(32,2,5) 0.0585082088042
	(32,2,13) 0.128873224793
	(32,2,15) 0.0286275890815
	(32,2,16) 0.174685407349
	(32,2,18) 0.167921183577
	(32,2,19) 0.0116965164579
	(32,2,23) 0.187372626168
	(32,2,25) 0.0197221877935
	(32,2,40) 0.0963010116945
	(32,2,54) 0.0296931185628
	(32,2,62) 0.0250485629704
	(32,2,63) 0.0621847179688
	(33,1,3) 0.111368433288
	(33,1,7) 0.000165391962003
	(33,1,21) 0.0347568843278
	(33,1,29) 0.0678585833611
	(33,1,54) 0.11679185294
	(33,1,55) 0.622704848593
	(33,1,66) 0.0463540055291
	(33,3,6) 0.018812785575
	(33,3,7) 0.0594284773523
	(33,3,12) 0.120885145374
	(33,3,18) 0.0252938621959
	(33,3,20) 0.0185035862908
	(33,3,24) 0.145843206496
	(33,3,27) 0.114910758745
	(33,3,34) 0.00104005539375
	(33,3,35) 0.433120679704
	(33,3,51) 0.0481482429215
	(33,3,52) 0.014013199952
	(34,0,1) 0.0377006853413
	(34,0,15) 0.041527582746
	(34,0,27) 0.0277592122479
	(34,0,29) 0.0995896040363
	(34,0,32) 0.113676073047
	(34,0,41) 0.371809365455
	(34,0,47) 0.137317155341
	(34,0,49) 0.121608846711
	(34,0,63) 0.0490114750743
	(34,3,2) 0.00929024926307
	(34,3,3) 0.0010671217007
	(34,3,12) 0.00203467138607
	(34,3,15) 0.0832593973442
	(34,3,17) 0.207777286195
	(34,3,20) 0.0230434264287
	(34,3,23) 0.0168503618771
	(34,3,34) 0.107997684294
	(34,3,36) 0.265000510761
	(34,3,41) 0.0407094569212
	(34,3,42) 0.0685606513553
	(34,3,47) 0.0582771315629
	(34,3,54) 0.0556161966509
	(34,3,60) 0.000233714722079
	(34,3,65) 0.0602821395369
	(34,4,1) 0.332840756801
	(34,4,4) 0.0898341294664
	(34,4,14) 0.234738466651
	(34,4,24) 0.0343993962675
	(34,4,30) 0.0399293961339
	(34,4,42) 0.011886208404
	(34,4,44) 0.155640724496
	(34,4,46) 0.0052135689893
	(34,4,53) 0.0695304596397
	(34,4,66) 0.0259868931516
	(35,0,3) 0.0401231945397
	(35,0,14) 0.213095989247
	(35,0,21) 0.137508870662
	(35,0,35) 0.0494073197103
	(35,0,51) 0.0716751898893
	(35,0,52) 0.281101171178
	(35,0,57) 0.157835313174
	(35,0,64) 0.0492529515996
	(35,1,1) 0.080079703202
	(35,1,18) 0.0400298770831
	(35,1,22) 0.0783703866998
	(35,1,25) 0.0157449486976
	(35,1,30) 0.140400032161
	(35,1,33) 0.0394222611759
	(35,1,35) 0.0507290238924
	(35,1,37) 0.000490523441799
	(35,1,43) 0.0395340462182
	(35,1,49) 0.153672066112
	(35,1,54) 0.0730937819248
	(35,1,55) 0.0660287903578
	(35,1,66) 0.222404559033
	(35,2,4) 0.0962239922898
	(35,2,11) 0.0666479747283
	(35,2,13) 0.159275628101
	(35,2,24) 0.226932422811
	(35,2,27) 0.198046146922
	(35,2,31) 0.0995441942897
	(35,2,37) 0.0159638248314
	(35,2,39) 0.0318113257806
	(35,2,48) 0.051314762479
	(35,2,58) 0.0133527846509
	(35,2,64) 0.0217677290367
	(35,2,66) 0.0191192140794
	(35,4,13) 0.0348082669159
	(35,4,40) 0.0528144163905
	(35,4,49) 0.0829236815113
	(35,4,61) 0.773071561755
	(35,4,65) 0.0563820734273
	(36,0,2) 0.0463428959098
	(36,0,14) 0.109903490813
	(36,0,19) 0.358262905105
	(36,0,24) 0.0102842952715
	(36,0,31) 0.0555479491799
	(36,0,34) 0.0755144770636
	(36,0,45) 0.106338613946
	(36,0,56) 0.01358379142
	(36,0,60) 0.0420195384258
	(36,0,65) 0.182202042865
	(36,4,6) 0.328989038218
	(36,4,11) 0.0795470185635
	(36,4,13) 0.0798852219457
	(36,4,22) 0.173814192321
	(36,4,27) 0.0273467345706
	(36,4,32) 0.0681771272397
	(36,4,33) 0.0303781270113
	(36,4,45) 0.044209093641
	(36,4,61) 0.0933110365139
	(36,4,65) 0.0743424099749
	(37,3,28) 0.185387341063
	(37,3,29) 0.589360621066
	(37,3,30) 0.00396368073801
	(37,3,39) 0.0466154645684
	(37,3,57) 0.174672892565
	(38,0,9) 0.0378499121773
	(38,0,13) 0.0585986342308
	(38,0,17) 0.0576092894692
	(38,0,25) 0.0201489226646
	(38,0,26) 0.054885659122
	(38,0,31) 0.393431825292
	(38,0,34) 0.0819115017304
	(38,0,40) 0.0438502927427
	(38,0,43) 0.0187349031749
	(38,0,61) 0.0140228837471
	(38,0,63) 0.0580785389469
	(38,0,65) 0.160877636702
	(38,1,40) 0.120545852382
	(38,1,41) 0.714190267566
	(38,1,42) 0.0417191548031
	(38,1,60) 0.00060376898882
	(38,1,61) 0.12294095626
	(38,2,3) 0.062663484554
	(38,2,5) 0.219207467872
	(38,2,8) 0.129003422838
	(38,2,12) 0.00607476298356
	(38,2,14) 0.0377318619756
	(38,2,20) 0.0295636427348
	(38,2,24) 0.12919322621
	(38,2,29) 0.104863957679
	(38,2,30) 0.136412935183
	(38,2,38) 0.125982176194
	(38,2,51) 0.00720906180678
	(38,2,56) 0.012093999969
	(38,4,2) 0.14739765724
	(38,4,7) 0.0169443073971
	(38,4,8) 0.0967708852274
	(38,4,21) 0.165263321307
	(38,4,24) 0.0584453342066
	(38,4,41) 0.0185934926788
	(38,4,43) 0.0286392741993
	(38,4,44) 0.0186805502721
	(38,4,55) 0.181681655158
	(38,4,61) 0.0879160899969
	(38,4,63) 0.179667432317
	(39,1,1) 0.207389573526
	(39,1,23) 0.238928462543
	(39,1,56) 0.155893051959
	(39,1,63) 0.317776687859
	(39,1,64) 0.0800122241135
	(39,2,2) 0.00730302310211
	(39,2,4) 0.0428955952911
	(39,2,10) 0.131313225332
	(39,2,13) 0.198564947
	(39,2,27) 0.0100942836931
	(39,2,29) 0.113659194597
	(39,2,35) 0.0928519982225
	(39,2,43) 0.0100525925643
	(39,2,57) 0.393265140197
	(39,3,5) 0.131245364359
	(39,3,7) 0.00618829665794
	(39,3,9) 0.150941352871
	(39,3,22) 0.0188948185369
	(39,3,24) 0.211043059933
	(39,3,33) 0.0846349660453
	(39,3,35) 0.0415043244599
	(39,3,37) 0.0727944183839
	(39,3,45) 0.0789517664605
	(39,3,47) 0.0121670907971
	(39,3,49) 0.0613890784115
	(39,3,57) 0.130245463084
	(40,0,5) 0.00994910230971
	(40,0,6) 0.00832622344408
	(40,0,12) 0.0681212305536
	(40,0,13) 0.00664610947112
	(40,0,19) 0.0790701804412
	(40,0,25) 0.251246350807
	(40,0,30) 0.0521082543483
	(40,0,31) 0.00141867258278
	(40,0,42) 0.15879118642
	(40,0,43) 0.0152345233763
	(40,0,46) 0.0986175566191
	(40,0,51) 0.140195114289
	(40,0,52) 0.0359161661175
	(40,0,57) 0.0527811092505
	(40,0,59) 0.0215782199702
	(40,2,6) 0.224082101223
	(40,2,9) 0.385763367225
	(40,2,30) 0.162884333089
	(40,2,33) 0.0515367478215
	(40,2,38) 0.0503005882636
	(40,2,43) 0.0847643183174
	(40,2,50) 0.0406685440603
	(40,3,3) 0.00685689757205
	(40,3,7) 0.0430011037988
	(40,3,8) 0.0907615213588
	(40,3,9) 0.0916314100962
	(40,3,12) 0.310049377186
	(40,3,13) 0.0085732111791
	(40,3,19) 0.0331661134644
	(40,3,26) 0.0199999657606
	(40,3,34) 0.0682255273806
	(40,3,49) 0.212393738374
	(40,3,56) 0.0414214086184
	(40,3,59) 0.0422174118995
	(40,3,63) 0.0317023133112
	(40,4,5) 0.0327576506379
	(40,4,6) 0.00717818736492
	(40,4,24) 0.0334111144101
	(40,4,36) 0.171864512347
	(40,4,40) 0.00167118949642
	(40,4,41) 0.00492372354643
	(40,4,43) 0.134301278145
	(40,4,49) 0.129070540504
	(40,4,50) 0.268832067485
	(40,4,55) 0.191833545124
	(40,4,58) 0.0241561909384
	(41,1,8) 0.273031339854
	(41,1,16) 0.0997370911929
	(41,1,30) 0.106578181741
	(41,1,43) 0.380008397122
	(41,1,49) 0.0191062435482
	(41,1,54) 0.0494782763871
	(41,1,61) 0.0488468896846
	(41,1,62) 0.0232135804703
	(41,2,9) 0.325863924952
	(41,2,15) 0.0234866954796
	(41,2,16) 0.0501176207122
	(41,2,20) 0.346101156765
	(41,2,34) 0.0355455587598
	(41,2,42) 0.175749828617
	(41,2,50) 0.0431352147148
	(41,3,17) 0.0334662452038
	(41,3,28) 0.522486119349
	(41,3,31) 0.0413745215533
	(41,3,39) 0.0174984936528
	(41,3,42) 0.0064014526908
	(41,3,54) 0.378773167551
	(41,4,9) 0.380193559161
	(41,4,34) 0.170924377785
	(41,4,54) 0.448882063055
	(42,0,0) 0.148364045204
	(42,0,8) 0.0237393196785
	(42,0,11) 0.0172705957234
	(42,0,23) 0.00271104234237
	(42,0,28) 0.122996274041
	(42,0,40) 0.0162881289636
	(42,0,43) 0.00669873783466
	(42,0,45) 0.426123624649
	(42,0,48) 0.00507194778523
	(42,0,55) 0.0647114530293
	(42,0,60) 0.0177784601995
	(42,0,64) 0.148246370549
	(42,1,3) 0.0178418119989
	(42,1,7) 0.0488275390831
	(42,1,25) 0.0752525906156
	(42,1,27) 0.0357629038084
	(42,1,33) 0.0746692720366
	(42,1,42) 0.0429945481955
	(42,1,43) 0.184632505975
	(42,1,44) 0.130103803802
	(42,1,49) 0.0284205139247
	(42,1,55) 0.113040227105
	(42,1,56) 0.0497498090254
	(42,1,57) 0.0703486111722
	(42,1,64) 0.128355863258
	(42,2,5) 0.0283641890527
	(42,2,7) 0.0452593090036
	(42,2,23) 0.0548680574566
	(42,2,24) 0.291354472668
	(42,2,26) 0.00718098190741
	(42,2,45) 0.127519292666
	(42,2,48) 0.140489477935
	(42,2,49) 0.0307867618323
	(42,2,61) 0.216419739054
	(42,2,62) 0.057757718424
	(42,3,3) 0.00905762287032
	(42,3,7) 0.0237452289409
	(42,3,13) 0.0183066309305
	(42,3,17) 0.0484324282385
	(42,3,28) 0.0135801766754
	(42,3,29) 0.131597309791
	(42,3,31) 0.241815087992
	(42,3,36) 0.0151590840988
	(42,3,41) 0.11700546956
	(42,3,44) 0.0182874677839
	(42,3,48) 0.0814315355899
	(42,3,49) 0.114171783644
	(42,3,55) 0.138404831394
	(42,3,62) 0.000625709925189
	(42,3,63) 0.0283796325656
	(42,4,1) 0.00194094266254
	(42,4,6) 0.00997317023553
	(42,4,11) 0.0238036702322
	(42,4,12) 0.0301084494569
	(42,4,19) 0.094005038482
	(42,4,23) 0.0462153840442
	(42,4,24) 0.0234312835783
	(42,4,25) 0.0939652321985
	(42,4,36) 0.418181124098
	(42,4,37) 0.0340453873673
	(42,4,39) 0.00402421900853
	(42,4,48) 0.143539034037
	(42,4,58) 0.0378366804439
	(42,4,61) 0.0389303841557
	(43,0,6) 0.0901480485196
	(43,0,10) 0.0416455812084
	(43,0,11) 0.0750367744338
	(43,0,15) 0.144815484757
	(43,0,18) 0.0382894778337
	(43,0,29) 0.0615315352394
	(43,0,35) 0.116399843407
	(43,0,39) 0.0160685883087
	(43,0,48) 0.00554765654002
	(43,0,50) 0.049747902481
	(43,0,51) 0.0019517557024
	(43,0,53) 0.00672343104757
	(43,0,63) 0.0041796018185
	(43,0,65) 0.347914318703
	(43,4,6) 0.469678783816
	(43,4,17) 0.125534670416
	(43,4,23) 0.0320804080214
	(43,4,25) 0.00726172925267
	(43,4,27) 0.117736582946
	(43,4,33) 0.0263072512727
	(43,4,42) 0.029592859219
	(43,4,58) 0.0178643839285
	(43,4,64) 0.173943331127
	(44,0,7) 0.225229109334
	(44,0,10) 0.0131559035987
	(44,0,16) 0.0973280854564
	(44,0,21) 0.101519402421
	(44,0,27) 0.23340026348
	(44,0,37) 0.0274602795293
	(44,0,41) 0.0254165182718
	(44,0,45) 0.00557435831349
	(44,0,50) 0.161022963469
	(44,0,56) 0.109893116126
	(44,1,2) 0.0696067573844
	(44,1,9) 0.191826632688
	(44,1,10) 0.0233895698375
	(44,1,12) 0.334185631309
	(44,1,18) 0.12810470896
	(44,1,25) 0.0610401775359
	(44,1,40) 0.0520813466616
	(44,1,54) 0.117386312329
	(44,1,65) 0.022378863294
	(44,3,10) 0.109408956978
	(44,3,18) 0.492591509853
	(44,3,39) 0.120298905131
	(44,3,45) 0.0302811066308
	(44,3,46) 0.0169664612582
	(44,3,55) 0.230453060149
	(45,0,5) 0.118032649481
	(45,0,9) 0.00235757559389
	(45,0,11) 0.0538040982144
	(45,0,30) 0.0633291103239
	(45,0,32) 0.0309547084289
	(45,0,45) 0.00950633827488
	(45,0,47) 0.33058832882
	(45,0,50) 0.00739360304753
	(45,0,53) 0.020400589457
	(45,0,55) 0.13188080238
	(45,0,56) 0.0512448648559
	(45,0,61) 0.0853472737221
	(45,0,64) 0.0840555611023
	(45,0,65) 0.0111044962979
	(45,1,14) 0.153434979463
	(45,1,16) 0.0275884229672
	(45,1,22) 0.0808846253157
	(45,1,39) 0.147123379757
	(45,1,42) 0.164516016594
	(45,1,49) 0.344218237207
	(45,1,61) 0.0822343386963
	(45,2,4) 0.047650559642
	(45,2,6) 0.349831702462
	(45,2,15) 0.0759388075207
	(45,2,30) 0.035653330759
	(45,2,40) 0.00173768688979
	(45,2,41) 0.238779741591
	(45,2,44) 0.202132137575
	(45,2,66) 0.0482760335604
	(45,3,12) 0.113299648535
	(45,3,16) 0.215119946861
	(45,3,21) 0.207369238585
	(45,3,27) 0.420994808169
	(45,3,57) 0.0432163578505
	(45,4,1) 0.153933357537
	(45,4,4) 0.0860062809461
	(45,4,5) 0.0573444903697
	(45,4,8) 0.0449437036004
	(45,4,12) 0.175641188471
	(45,4,32) 0.140284740783
	(45,4,33) 0.198328045674
	(45,4,61) 0.143518192618
	(46,0,4) 0.148595714595
	(46,0,10) 0.0949073521284
	(46,0,25) 0.0301617632812
	(46,0,30) 0.239200519853
	(46,0,33) 0.0756467032582
	(46,0,41) 0.0509860380843
	(46,0,44) 0.00444765980918
	(46,0,49) 0.109435047803
	(46,0,50) 0.126190226125
	(46,0,63) 0.120428975062
	(46,1,14) 0.0699417536412
	(46,1,18) 0.167021894839
	(46,1,21) 0.077876014886
	(46,1,41) 0.0785140414218
	(46,1,47) 0.166413609434
	(46,1,50) 0.0844684019189
	(46,1,51) 0.311254785405
	(46,1,61) 0.018375261397
	(46,1,66) 0.0261342370561
	(46,2,9) 0.274937996176
	(46,2,40) 0.0658166743535
	(46,2,61) 0.084368001939
	(46,2,62) 0.228172355047
	(46,2,65) 0.346704972485
	(46,3,1) 0.106433668683
	(46,3,6) 0.0759420105021
	(46,3,15) 0.0793780586103
	(46,3,26) 0.050931880764
	(46,3,34) 0.00814138655362
	(46,3,36) 0.16482663696
	(46,3,50) 0.393514521462
	(46,3,63) 0.120831836465
	(46,4,0) 0.0330776077568
	(46,4,4) 0.0479824770034
	(46,4,8) 0.0809708037789
	(46,4,12) 0.0902965592014
	(46,4,13) 0.0728758154498
	(46,4,17) 0.008021071246
	(46,4,29) 0.260442251014
	(46,4,46) 0.00388414446428
	(46,4,48) 0.162676257426
	(46,4,49) 0.0119966821726
	(46,4,52) 0.00237447307687
	(46,4,53) 0.114783509759
	(46,4,56) 0.020050620255
	(46,4,63) 0.0905677273953
	(47,0,2) 0.0176719698798
	(47,0,3) 0.0149540829595
	(47,0,8) 0.0509472926109
	(47,0,14) 0.0562436119787
	(47,0,19) 0.0812944773299
	(47,0,20) 0.00776959479595
	(47,0,24) 0.0106069186594
	(47,0,25) 0.0961543526097
	(47,0,29) 0.0211623985084
	(47,0,33) 0.0318558891964
	(47,0,34) 0.190692704705
	(47,0,38) 0.0161910649018
	(47,0,40) 0.025068336945
	(47,0,46) 0.0627585946179
	(47,0,48) 0.157890555965
	(47,0,51) 0.0592567582055
	(47,0,57) 0.0269129496089
	(47,0,59) 0.0725684465223
	(47,1,2) 0.0859787128523
	(47,1,8) 0.00248208584035
	(47,1,9) 0.102102938326
	(47,1,10) 0.0289803346298
	(47,1,16) 0.0163873422597
	(47,1,21) 0.0597153928535
	(47,1,23) 0.0917579904407
	(47,1,52) 0.223495217706
	(47,1,57) 0.307595851915
	(47,1,64) 0.0724218517356
	(47,1,65) 0.00908228144185
	(47,3,9) 0.431519205278
	(47,3,41) 0.0509590443688
	(47,3,43) 0.290049236163
	(47,3,46) 0.0331350804671
	(47,3,47) 0.0466303681782
	(47,3,65) 0.147707065545
	(47,4,2) 0.323409223568
	(47,4,5) 0.0562841434251
	(47,4,12) 0.0317228996116
	(47,4,15) 0.0686318496617
	(47,4,17) 0.00501616829466
	(47,4,23) 0.000739446750864
	(47,4,30) 0.0651433230789
	(47,4,36) 0.217463062703
	(47,4,38) 0.0509111379525
	(47,4,40) 0.00447971291089
	(47,4,42) 0.0741611898964
	(47,4,56) 0.0912281070126
	(47,4,58) 0.0108097351338
	(48,0,5) 0.0694480028326
	(48,0,10) 0.103415596394
	(48,0,15) 0.0169005344529
	(48,0,16) 0.0191961991615
	(48,0,19) 0.0151175269232
	(48,0,25) 0.0179020422123
	(48,0,27) 0.0984193901236
	(48,0,28) 0.184320621885
	(48,0,31) 0.0893363703537
	(48,0,38) 0.00840828570826
	(48,0,41) 0.177473214231
	(48,0,44) 0.0205589443364
	(48,0,45) 0.00626615834814
	(48,0,52) 0.079572138007
	(48,0,56) 0.023450840199
	(48,0,58) 0.0038610880266
	(48,0,61) 0.0392196701283
	(48,0,63) 0.0131853235298
	(48,0,65) 0.0139480531469
	(48,1,2) 0.24249033306
	(48,1,10) 0.0681144540387
	(48,1,14) 0.0714899017881
	(48,1,17) 0.0483682984351
	(48,1,42) 0.259310779162
	(48,1,49) 0.245081223986
	(48,1,62) 0.0651450095294
	(48,3,5) 0.144525024125
	(48,3,17) 0.0760719756678
	(48,3,23) 0.0139268428746
	(48,3,33) 0.225127506679
	(48,3,34) 0.0107832144375
	(48,3,40) 0.0425258228673
	(48,3,42) 0.236517837444
	(48,3,44) 0.0167345173801
	(48,3,50) 0.0372380886059
	(48,3,56) 0.14593994919
	(48,3,65) 0.050609220729
	(49,1,7) 0.0160015057062
	(49,1,11) 0.0325834765377
	(49,1,14) 0.0137932149389
	(49,1,21) 0.0654443628697
	(49,1,22) 0.128689224358
	(49,1,38) 0.213400260753
	(49,1,41) 0.00417941867036
	(49,1,43) 0.0103650060302
	(49,1,46) 0.393444688008
	(49,1,51) 0.0922977856927
	(49,1,60) 0.029801056435
	(49,3,12) 0.361878757127
	(49,3,13) 0.0512465844761
	(49,3,17) 0.0469026444606
	(49,3,22) 0.249783302342
	(49,3,28) 0.115582197558
	(49,3,36) 0.0340735523984
	(49,3,60) 0.0254069333748
	(49,3,63) 0.0188453195333
	(49,3,66) 0.0962807087297
	(49,4,1) 0.00303467915083
	(49,4,3) 0.0427122651442
	(49,4,6) 0.0992664955557
	(49,4,9) 0.0142401224497
	(49,4,13) 0.00198001641903
	(49,4,16) 0.00535339974646
	(49,4,18) 0.166005412773
	(49,4,34) 0.074173653879
	(49,4,35) 0.0206633835695
	(49,4,38) 0.0943813644282
	(49,4,46) 0.0767216973129
	(49,4,49) 0.0812995760314
	(49,4,60) 0.240872477137
	(49,4,65) 0.0690226930682
	(49,4,66) 0.0102727633346
	(50,0,0) 0.0836977748561
	(50,0,3) 0.11031066907
	(50,0,4) 0.10927435257
	(50,0,5) 0.0172314813189
	(50,0,15) 0.0520116480819
	(50,0,21) 0.0999930661166
	(50,0,27) 0.0476648385904
	(50,0,30) 0.0719122539453
	(50,0,31) 0.0546922602931
	(50,0,40) 0.0383701855368
	(50,0,41) 0.00421371732533
	(50,0,44) 0.118396578093
	(50,0,45) 0.102130897689
	(50,0,47) 0.0390076952762
	(50,0,61) 0.0510925812374
	(50,1,5) 0.000974865726282
	(50,1,8) 0.0192772853166
	(50,1,9) 0.180294226132
	(50,1,21) 0.0690993707675
	(50,1,25) 0.0793019635824
	(50,1,31) 0.00920605127932
	(50,1,39) 0.224021122907
	(50,1,43) 0.00472474494635
	(50,1,54) 0.0396456051681
	(50,1,58) 0.227909271068
	(50,1,62) 0.145545493106
	(50,2,0) 0.195217704203
	(50,2,9) 0.0984510208742
	(50,2,11) 0.204202312061
	(50,2,13) 0.0287221595682
	(50,2,23) 0.120336386623
	(50,2,35) 0.131672462068
	(50,2,36) 0.213228233384
	(50,2,51) 0.00816972121971
	(50,3,1) 0.0398033709783
	(50,3,13) 0.00781258909101
	(50,3,14) 0.124949715274
	(50,3,35) 0.0446437271586
	(50,3,38) 0.00831455421775
	(50,3,42) 0.168780187496
	(50,3,46) 0.0905654661796
	(50,3,49) 0.0324714775066
	(50,3,53) 0.18528206066
	(50,3,54) 0.151073721125
	(50,3,66) 0.146303130314
	(50,4,2) 0.197144408443
	(50,4,5) 0.0280734759584
	(50,4,19) 0.0530989265922
	(50,4,23) 0.00161642248397
	(50,4,25) 0.244673825447
	(50,4,45) 0.0817845231915
	(50,4,53) 0.0227237832955
	(50,4,62) 0.193965727459
	(50,4,63) 0.0335011223781
	(50,4,65) 0.110397490816
	(50,4,66) 0.0330202939352
	(51,1,0) 0.0513842033817
	(51,1,6) 0.0885055316002
	(51,1,29) 0.051174833819
	(51,1,48) 0.192973755879
	(51,1,56) 0.00291266850323
	(51,1,66) 0.613049006816
	(51,2,4) 0.0268559375064
	(51,2,16) 0.0156944732857
	(51,2,22) 0.221640369008
	(51,2,34) 0.0155060771775
	(51,2,37) 0.00476962863447
	(51,2,39) 0.0775970936676
	(51,2,42) 0.0705269091793
	(51,2,44) 0.0477326327299
	(51,2,50) 0.0851862853112
	(51,2,53) 0.186738058626
	(51,2,60) 0.212858584864
	(51,2,61) 0.0348939500099
	(51,3,5) 0.209846555896
	(51,3,9) 0.158739523675
	(51,3,18) 0.152520819382
	(51,3,20) 0.00888385458703
	(51,3,30) 0.088286005655
	(51,3,38) 0.274425145458
	(51,3,47) 0.107298095347
	(51,4,3) 0.0137273477321
	(51,4,10) 0.0804159735499
	(51,4,11) 0.103661144435
	(51,4,13) 0.0713155792842
	(51,4,26) 0.00166912392286
	(51,4,33) 0.033307796971
	(51,4,35) 0.0339998867197
	(51,4,37) 0.0260496977534
	(51,4,40) 0.0497152592298
	(51,4,41) 0.158700298741
	(51,4,51) 0.0446641711075
	(51,4,52) 0.0720731958015
	(51,4,56) 0.0108698363793
	(51,4,58) 0.299830688373
	(52,4,0) 0.472949903714
	(52,4,6) 0.342690461473
	(52,4,46) 0.0587906045076
	(52,4,63) 0.036360479341
	(52,4,64) 0.0892085509634
	(53,2,1) 0.142180438225
	(53,2,24) 0.166668613478
	(53,2,30) 0.122460740903
	(53,2,46) 0.0160921385876
	(53,2,50) 0.0367551899373
	(53,2,52) 0.127127875925
	(53,2,54) 0.0612075046271
	(53,2,55) 0.327507498316
	(53,3,1) 0.0531931279049
	(53,3,10) 0.0120755725553
	(53,3,14) 0.0170383882081
	(53,3,17) 0.0434660741804
	(53,3,23) 0.130352612113
	(53,3,29) 0.0488229249577
	(53,3,32) 0.169782247429
	(53,3,52) 0.0499811596853
	(53,3,57) 0.309245958237
	(53,3,60) 0.0566767258839
	(53,3,64) 0.109365208845
	(54,0,1) 0.0303593649916
	(54,0,4) 0.0400840034957
	(54,0,8) 0.0405709472031
	(54,0,11) 0.025480185021
	(54,0,12) 0.254244479559
	(54,0,16) 0.0991118489523
	(54,0,25) 0.0167578943893
	(54,0,28) 0.0534920586428
	(54,0,29) 0.0336031684522
	(54,0,44) 0.087061865565
	(54,0,61) 0.319234183728
	(54,1,13) 0.134480047174
	(54,1,15) 0.155564064144
	(54,1,24) 0.0147160442445
	(54,1,33) 0.0402205283957
	(54,1,44) 0.155372034119
	(54,1,51) 0.109896962103
	(54,1,58) 0.0781635342274
	(54,1,64) 0.129554948305
	(54,1,66) 0.182031837288
	(54,2,15) 0.344701371345
	(54,2,17) 0.16184933939
	(54,2,18) 0.0402984779193
	(54,2,32) 0.0139200220212
	(54,2,44) 0.2166185039
	(54,2,47) 0.113917096147
	(54,2,60) 0.0339072250857
	(54,2,65) 0.0588746319191
	(54,2,66) 0.0159133322733
	(55,0,12) 0.145836032253
	(55,0,13) 0.0480944359895
	(55,0,16) 0.0994720622086
	(55,0,20) 0.0133684419413
	(55,0,36) 0.0917155067615
	(55,0,40) 0.0190779067672
	(55,0,42) 0.0959652039325
	(55,0,44) 0.000694512761898
	(55,0,46) 0.0817480125065
	(55,0,48) 0.0619326790034
	(55,0,49) 0.00242589911825
	(55,0,54) 0.0986540178678
	(55,0,55) 0.138848281541
	(55,0,57) 0.0440560461543
	(55,0,66) 0.0581109611934
	(55,1,2) 0.233177079434
	(55,1,7) 0.199466161039
	(55,1,16) 0.0269199608043
	(55,1,22) 0.0490581287287
	(55,1,24) 0.0669390814656
	(55,1,32) 0.0142340293822
	(55,1,45) 0.261222171362
	(55,1,51) 0.0777606596098
	(55,1,53) 0.0291798690624
	(55,1,63) 0.0420428591125
	(55,2,3) 0.0760130228191
	(55,2,5) 0.081276695489
	(55,2,14) 0.0633346518811
	(55,2,15) 0.0692330485307
	(55,2,23) 0.168969489825
	(55,2,41) 0.192093632265
	(55,2,48) 0.0328736105248
	(55,2,52) 0.0333949268416
	(55,2,54) 0.00929336690361
	(55,2,56) 0.018442296103
	(55,2,62) 0.0732961587358
	(55,2,63) 0.117255231892
	(55,2,64) 0.0542256416974
	(55,2,65) 0.0102982264918
	(55,4,2) 0.0014500290445
	(55,4,3) 0.0732390253693
	(55,4,4) 0.0709423454488
	(55,4,7) 0.0295215000049
	(55,4,12) 0.0235439059542
	(55,4,15) 0.0638383908246
	(55,4,16) 0.0100661271209
	(55,4,22) 0.0456756702959
	(55,4,24) 0.005871594721
	(55,4,25) 0.00923816120882
	(55,4,32) 0.0253294985789
	(55,4,38) 0.0906761165665
	(55,4,45) 0.0103467196637
	(55,4,52) 0.0557995761414
	(55,4,58) 0.0395545391965
	(55,4,59) 0.138541433734
	(55,4,60) 0.0837966299363
	(55,4,61) 0.00270538408089
	(55,4,64) 0.0467792716073
	(55,4,65) 0.0923493748519
	(55,4,66) 0.0807347056501
	(56,1,0) 0.0288980883532
	(56,1,1) 0.0883332907909
	(56,1,2) 0.0305629125123
	(56,1,3) 0.0879670570997
	(56,1,7) 0.053661354748
	(56,1,13) 0.192782751971
	(56,1,20) 0.0241689438018
	(56,1,21) 0.00755531755495
	(56,1,33) 0.0349394775309
	(56,1,41) 0.017355233817
	(56,1,44) 0.00217284681809
	(56,1,48) 0.136662839521
	(56,1,62) 0.0274896321454
	(56,1,63) 0.204548668529
	(56,1,66) 0.0629015848066
	(56,3,12) 0.312291577033
	(56,3,43) 0.235469003572
	(56,3,47) 0.327952594501
	(56,3,54) 0.124286824894
	(57,0,5) 0.0499734513882
	(57,0,7) 0.0375748436914
	(57,0,8) 0.0206376313231
	(57,0,10) 0.0623018831549
	(57,0,11) 0.0449018094813
	(57,0,12) 0.0307866001263
	(57,0,16) 0.0304982923801
	(57,0,19) 0.0723661002375
	(57,0,21) 0.0859243811664
	(57,0,22) 0.197245609839
	(57,0,23) 0.0553837803353
	(57,0,24) 0.0459564850634
	(57,0,28) 0.0786037253399
	(57,0,29) 0.0475922313266
	(57,0,30) 0.0118702209084
	(57,0,41) 0.0180770446431
	(57,0,45) 0.0343739113258
	(57,0,46) 0.0423372156246
	(57,0,49) 0.0145376643373
	(57,0,63) 0.0190571183077
	(57,3,7) 0.0182465322369
	(57,3,12) 0.0553599565324
	(57,3,19) 0.0688541863518
	(57,3,23) 0.0544800655351
	(57,3,25) 0.220457679754
	(57,3,26) 0.0276988191958
	(57,3,34) 0.0579487712845
	(57,3,38) 0.00487478189911
	(57,3,39) 0.0660115312983
	(57,3,40) 0.181369924563
	(57,3,45) 0.0647107109891
	(57,3,48) 0.0293381352658
	(57,3,52) 0.01635784878
	(57,3,53) 0.0754643113609
	(57,3,54) 0.0588267449531
	(58,0,2) 0.0501905448777
	(58,0,31) 0.43030428472
	(58,0,33) 0.331546025018
	(58,0,34) 0.121347396664
	(58,0,35) 0.0146128860555
	(58,0,58) 0.051998862665
	(58,1,4) 0.015649371908
	(58,1,5) 0.0972923567815
	(58,1,9) 0.158324371617
	(58,1,10) 0.0942225563464
	(58,1,13) 0.0259597433421
	(58,1,14) 0.0286835049202
	(58,1,28) 0.0448713397324
	(58,1,37) 0.0003074235425
	(58,1,38) 0.122934897431
	(58,1,42) 0.0242370516985
	(58,1,44) 0.13805980822
	(58,1,46) 0.0690061147896
	(58,1,51) 0.0248735088936
	(58,1,54) 0.0327987165929
	(58,1,65) 0.122779234183
	(58,2,0) 0.0933511747141
	(58,2,6) 0.00498284906538
	(58,2,12) 0.0408302067222
	(58,2,16) 0.0080688612273
	(58,2,19) 0.0977406837879
	(58,2,20) 0.170725421439
	(58,2,40) 0.129945800996
	(58,2,51) 0.0706487220458
	(58,2,58) 0.145210705528
	(58,2,59) 0.127250700162
	(58,2,63) 0.105561211916
	(58,2,65) 0.00568366239796
	(59,0,1) 0.0439224344926
	(59,0,2) 0.0751661992988
	(59,0,4) 0.150711055662
	(59,0,5) 0.134514773474
	(59,0,6) 0.0126117016212
	(59,0,11) 0.00264582054462
	(59,0,14) 0.0890144776085
	(59,0,18) 0.00200307208411
	(59,0,22) 0.110864754151
	(59,0,32) 0.0483470774675
	(59,0,36) 0.0171214962041
	(59,0,52) 0.0446676227042
	(59,0,54) 0.033553567609
	(59,0,56) 0.0784013202224
	(59,0,57) 0.0260311746374
	(59,0,60) 0.0488654713583
	(59,0,61) 0.0729258443655
	(59,0,66) 0.00863213649518
	(59,1,6) 0.0672193067811
	(59,1,14) 0.081902946201
	(59,1,15) 0.00395019002814
	(59,1,19) 0.183740891366
	(59,1,20) 0.00188428637836
	(59,1,25) 0.0132065285719
	(59,1,26) 0.0287172467947
	(59,1,36) 0.0398343740154
	(59,1,40) 0.0615085366996
	(59,1,43) 0.199518922525
	(59,1,48) 0.106494938894
	(59,1,54) 0.212021831745
	(59,2,10) 0.0587161870556
	(59,2,12) 0.0260986575018
	(59,2,36) 0.0746805042668
	(59,2,39) 0.00668927847463
	(59,2,47) 0.160262425997
	(59,2,50) 0.144165144303
	(59,2,51) 0.0720839197899
	(59,2,61) 0.179621955748
	(59,2,64) 0.277681926863
	(59,3,0) 0.0303216222625
	(59,3,1) 0.0830618224012
	(59,3,4) 0.025561510077
	(59,3,16) 0.0672102838918
	(59,3,23) 0.0414528145752
	(59,3,43) 0.121412367344
	(59,3,46) 0.053729032917
	(59,3,48) 0.308111790055
	(59,3,53) 0.204314577938
	(59,3,66) 0.0648241785381
	(60,1,1) 0.151816829068
	(60,1,19) 0.048226028852
	(60,1,20) 0.0144854218122
	(60,1,29) 0.178450357718
	(60,1,31) 0.0457674757555
	(60,1,39) 0.0859675163144
	(60,1,42) 0.222519544184
	(60,1,51) 0.0609336925068
	(60,1,56) 0.132116686075
	(60,1,61) 0.0597164477137
	(61,3,1) 0.10753324471
	(61,3,2) 0.0254237974962
	(61,3,4) 0.0223848622149
	(61,3,6) 0.019417267992
	(61,3,11) 0.0279378609697
	(61,3,16) 0.0324350200715
	(61,3,22) 0.0712450364763
	(61,3,26) 0.197516280859
	(61,3,31) 0.00522263641523
	(61,3,39) 0.0464513567288
	(61,3,41) 0.180040716663
	(61,3,45) 0.00480917658887
	(61,3,51) 0.0415181071398
	(61,3,52) 0.0912895715734
	(61,3,61) 0.0216609580228
	(61,3,62) 0.0257187124027
	(61,3,66) 0.079395393676
	(61,4,8) 0.00121146886086
	(61,4,13) 0.0799206807352
	(61,4,19) 0.107418886022
	(61,4,27) 0.0316247096921
	(61,4,30) 0.232625558316
	(61,4,33) 0.244401323945
	(61,4,45) 0.0288435660841
	(61,4,46) 0.0101481881083
	(61,4,49) 0.129147722995
	(61,4,58) 0.00533783830307
	(61,4,65) 0.129320056938
	(62,0,3) 0.0843193077017
	(62,0,4) 0.00987258477142
	(62,0,6) 0.0202125749926
	(62,0,8) 0.0121975313853
	(62,0,10) 0.358524696968
	(62,0,13) 0.0764397777046
	(62,0,27) 0.0296576326683
	(62,0,28) 0.0328143697829
	(62,0,35) 0.0721665451702
	(62,0,36) 0.0389906928233
	(62,0,38) 0.0403579453339
	(62,0,42) 0.0226843062855
	(62,0,45) 0.00676882765676
	(62,0,46) 0.0352108943239
	(62,0,62) 0.159782312431
	(62,2,9) 0.0119835130044
	(62,2,13) 0.021299863826
	(62,2,15) 0.0768322945744
	(62,2,17) 0.0249862776014
	(62,2,25) 0.128538916515
	(62,2,28) 0.140532056126
	(62,2,30) 0.148982093122
	(62,2,42) 0.0551748044125
	(62,2,43) 0.0409384773272
	(62,2,46) 0.0434245707473
	(62,2,52) 0.14462409141
	(62,2,56) 0.162683041333
	(62,3,1) 0.0125520188749
	(62,3,2) 0.0331928628924
	(62,3,5) 0.0920866733201
	(62,3,29) 0.243400373216
	(62,3,32) 0.00682163995359
	(62,3,42) 0.0458790134183
	(62,3,44) 0.0566851852161
	(62,3,46) 0.110959732753
	(62,3,50) 0.110174998138
	(62,3,54) 0.288247502218
	(62,4,3) 0.0774832711505
	(62,4,7) 0.0501089088601
	(62,4,8) 0.126931863907
	(62,4,16) 0.0844878103902
	(62,4,17) 0.0582537087132
	(62,4,19) 0.0504172328616
	(62,4,20) 0.0457661513993
	(62,4,31) 0.0315019559247
	(62,4,35) 0.0908046941363
	(62,4,37) 0.0238936971928
	(62,4,41) 0.0633223669686
	(62,4,49) 0.0608016965184
	(62,4,55) 0.0943401256667
	(62,4,60) 0.117078172749
	(62,4,62) 0.0248083435622
	(63,1,0) 0.0633885111188
	(63,1,5) 0.0116888551077
	(63,1,10) 0.0265322964286
	(63,1,14) 0.11800776739
	(63,1,15) 0.0761689515448
	(63,1,21) 0.0188325517019
	(63,1,23) 0.23769277343
	(63,1,29) 0.0365389287016
	(63,1,35) 0.175533818174
	(63,1,51) 0.00802241898842
	(63,1,57) 0.0139408493018
	(63,1,61) 0.0600450095303
	(63,1,63) 0.0634717922165
	(63,1,64) 0.0401634299849
	(63,1,66) 0.0499720463813
	(63,2,9) 0.0443944081756
	(63,2,12) 0.0953432504776
	(63,2,13) 0.154181626373
	(63,2,17) 0.356522305142
	(63,2,18) 0.0504363192664
	(63,2,21) 0.0156052814534
	(63,2,27) 0.000310383995096
	(63,2,32) 0.0861344921408
	(63,2,42) 0.197071932976
	(64,0,0) 0.00986322736856
	(64,0,4) 0.333084354356
	(64,0,5) 0.0587779310418
	(64,0,7) 0.0634481810565
	(64,0,8) 0.0299619778521
	(64,0,19) 0.0229616970287
	(64,0,20) 0.00733419884016
	(64,0,24) 0.14698965029
	(64,0,29) 0.0767593079063
	(64,0,54) 0.10089800882
	(64,0,62) 0.14992146544
	(64,4,2) 0.00284799897388
	(64,4,5) 0.00764351510095
	(64,4,10) 0.0807790715081
	(64,4,17) 0.0184333615677
	(64,4,18) 0.118623698231
	(64,4,21) 0.0513269074038
	(64,4,32) 0.16805723977
	(64,4,34) 0.0121237896331
	(64,4,44) 0.411403135632
	(64,4,49) 0.0352525183875
	(64,4,57) 0.0935087637914
	(65,2,1) 0.0875964476041
	(65,2,2) 0.0317835213906
	(65,2,6) 0.0823502596218
	(65,2,7) 0.0996354787332
	(65,2,10) 0.0817259002234
	(65,2,12) 0.0337728118218
	(65,2,29) 0.0131165295773
	(65,2,36) 0.060893005853
	(65,2,40) 0.132995666395
	(65,2,43) 0.00134423831596
	(65,2,50) 0.0189448104402
	(65,2,52) 0.234558395877
	(65,2,54) 0.0110982438694
	(65,2,66) 0.110184690278
	(65,4,2) 0.0476590429382
	(65,4,3) 0.0249897860819
	(65,4,17) 0.139090887638
	(65,4,19) 0.00174557482704
	(65,4,23) 0.0175835733833
	(65,4,29) 0.00151397876492
	(65,4,30) 0.0345174847716
	(65,4,38) 0.118075588664
	(65,4,40) 0.0298705925088
	(65,4,43) 0.123366446493
	(65,4,44) 0.0546605616426
	(65,4,45) 0.14599346939
	(65,4,58) 0.260933012896
	(66,1,0) 0.00628869102014
	(66,1,6) 0.141435138488
	(66,1,13) 0.0300598816686
	(66,1,15) 0.372396796726
	(66,1,18) 0.0492841260763
	(66,1,21) 0.0956505239693
	(66,1,22) 0.106626535085
	(66,1,34) 0.0914169896847
	(66,1,41) 0.0373049356068
	(66,1,43) 0.0380516316565
	(66,1,48) 0.0156268678199
	(66,1,62) 0.0158578821981
	(66,2,0) 0.00181942781826
	(66,2,1) 0.0287450873341
	(66,2,8) 0.0469031023463
	(66,2,27) 0.0168316927258
	(66,2,35) 0.524707030626
	(66,2,47) 0.102462182638
	(66,2,49) 0.0304910414892
	(66,2,53) 0.189836903254
	(66,2,56) 0.0302351667993
	(66,2,61) 0.0124330905948
	(66,2,64) 0.0155352743742
