1000
5.73151451407e-25
4.23626531462e-15
0.000530580786438
0.501463449671
1.45217227178e-31
8.66112648323e-25
8.60876909147e-33
1.59860573306e-23
1.08920196772e-24
3.79079577164e-28
7.67337347266e-11
0.0040736863637
7.44823042354e-09
0.0401866873909
0.0014863389054
4.75925916384e-07
1.98574401687e-21
2.73132408413e-23
8.08612521171e-28
6.31427898321e-21
0.000303397507375
8.222803505e-22
1.96958318173e-31
5.69260767748e-23
3.78356554803e-09
8.88076164636e-10
1.86052887317e-39
1.73642436961e-08
3.13121040247e-12
3.36085077355e-06
5.15477788816e-08
1.85504637738e-17
7.92048887537e-15
1.70010100101e-11
8.12021947422e-58
7.43908096913e-09
1.24330492163e-11
2.66212574617e-21
6.49097230702e-06
7.59592797504e-62
4.40437646213e-19
0.00070850334474
3.68581776313e-22
1.08790724909e-15
3.45634261073e-13
9.65827640894e-44
1.82289197821e-17
8.15170493124e-19
1.69867800815e-05
5.92364644863e-06
3.40319427615e-06
3.43978324577e-05
0.0201478016253
1.7027896862e-11
1.42990782557e-43
6.59839075653e-08
1.91895189558e-28
0.011955919403
0.0088811534027
0.0012909089964
2.33294144476e-25
9.21752647752e-38
8.68964645926e-80
0.00839729584674
0.00248054127186
3.13661642486e-06
1.37491590705e-09
1.95034892421e-11
1.0951123724e-35
3.79403826083e-05
1.46826001962e-53
4.0613945925e-07
3.33669553872e-12
5.25658025789e-05
5.93331896573e-13
0.000850716827698
0.00848115186015
6.99756771178e-17
3.5606745453e-22
2.56793091595e-32
4.87350004943e-06
6.60162468674e-16
9.10707393113e-10
1.41891086235e-11
1.00244386055e-06
0.000747438806081
8.6995728108e-07
2.81615068676e-45
0.00129740616734
6.05327800963e-35
2.30621087337e-12
1.45043259792e-17
7.10530568795e-14
2.95302330615e-62
6.31064233419e-09
1.35488159553e-32
3.2911154164e-16
5.28174195154e-07
3.66129140595e-08
1.49329354197e-40
1.52224899143e-09
1.22826334684e-07
3.04020531458e-06
0.0215704043472
4.71849769234e-07
6.01950489994e-06
1.4074842261e-21
4.19264948561e-10
0.0412227446792
2.81668329452e-13
0.000106064057936
0.000931302308419
1.88460651338e-14
0.000348638299532
8.65199077435e-21
7.76829301192e-20
1.99641990598e-25
2.08664421692e-05
1.54124637076e-45
2.71592070819e-06
1.19112861513e-35
1.83089467987e-14
2.92605694397e-10
3.97327769832e-05
1.10601850827e-30
1.62383833461e-11
1.00957324638e-12
7.05323223307e-68
5.85550155352e-46
0.00171803594356
4.22227277965e-09
1.42812144416e-34
5.79634006058e-39
6.46320411484e-33
1.01071437168e-12
2.97115210762e-14
5.23354547749e-26
1.51065212834e-16
2.63227723494e-37
8.79969255469e-12
1.87847349236e-27
5.65986008754e-10
0.00429035769127
7.3682332498e-12
3.64014820267e-24
2.33013127598e-08
2.30583595734e-17
9.27225329404e-10
1.37782629496e-54
2.44495333392e-15
4.39764731589e-23
0.00494037145283
6.451695141e-52
0.0158214128938
1.41980796119e-60
1.9527108085e-20
5.51182524543e-36
3.39340447068e-05
0.00057181123799
1.12536206214e-05
5.39047177712e-27
3.66438639826e-20
3.53218860254e-17
1.19179868984e-12
4.19255732239e-26
2.6936458779e-37
9.24463432043e-38
1.48488042892e-11
0.0013002230606
0.00369896227436
1.33445572586e-05
1.79342774056e-05
1.44498976954e-10
5.55201913997e-12
0.00287052939373
9.57947063572e-33
0.000425714155539
3.89709408204e-31
4.7744754305e-07
5.8104969758e-15
2.35793138753e-11
3.31607757414e-08
3.29290951381e-07
3.4247184448e-19
5.7504092051e-14
7.33953829268e-16
6.10151142762e-19
1.85515858667e-11
1.13646757733e-18
3.52151526395e-06
2.24098115438e-31
2.51994983123e-26
2.10675425981e-20
0.0109158194093
5.65220328119e-27
3.92871900925e-35
4.14751429453e-08
1.33151527364e-10
1.19445903697e-19
3.41067681567e-17
1.13625065325e-13
0.00356956651719
1.14519040598e-05
1.42117622346e-07
0.000171492121377
1.58728111176e-26
1.39431796774e-17
5.01116885046e-35
1.02702601539e-48
2.49914437748e-51
0.000258181077861
2.22979215943e-18
9.72075662989e-21
1.70571810872e-12
6.42523769301e-19
1.13845772117e-17
3.76228449806e-05
6.69717015112e-13
4.0464721894e-20
6.47090866758e-15
5.6264407362e-19
1.77306609062e-18
8.01710076692e-53
2.86361783916e-06
5.11690170198e-08
7.07090931965e-31
1.80251886519e-12
1.63838947763e-30
2.38444930556e-09
1.68534803221e-10
8.0968099873e-21
4.72616193373e-28
6.41720327474e-13
1.56235936793e-71
0.0069132916455
5.59821271951e-07
6.90532608285e-20
0.000149160665511
0.0120833399496
3.16294831097e-05
1.63982952696e-18
5.28621475699e-08
1.15919037272e-23
8.51445302156e-27
2.02882459311e-11
4.55540769404e-15
4.37911409321e-09
6.87996183363e-17
2.33138532631e-09
7.91474198489e-07
3.86796754088e-20
8.60336286299e-07
2.68975258922e-08
0.0385523753589
2.53839700258e-12
2.95223693699e-10
1.30451230732e-30
1.44408521859e-25
2.95417128312e-08
7.3823943427e-08
1.50515414153e-23
4.87816516271e-29
1.04008959812e-10
5.76055554775e-20
3.2422654498e-20
0.000310000899132
2.21599124993e-19
1.70496525561e-19
2.71200945972e-13
1.98108972627e-19
6.09413161789e-08
5.54183112327e-16
1.35532663209e-07
3.65910713513e-05
5.76813090091e-28
1.5665470382e-22
0.00291011375867
9.42447891398e-11
7.10128834168e-15
4.14154532675e-14
1.65553582414e-18
1.13364926777e-16
9.2524365467e-05
2.3956345554e-26
0.00151598808059
7.41461233626e-14
4.34898964309e-14
1.83946986916e-07
6.8839766781e-59
2.0362812762e-10
9.70241100703e-102
0.000433908448239
1.67778179719e-17
5.32040286391e-20
3.45476144599e-11
2.12355364237e-16
9.85476943942e-20
1.58779465275e-13
1.09955478468e-26
2.24112144349e-15
6.11834770184e-16
1.3319362812e-11
0.0108593335632
2.17391220036e-05
2.05648201804e-10
0.0139448312874
5.77903988639e-50
1.83801684452e-18
2.54635070155e-69
3.92972460138e-65
4.39818198856e-09
0.00138900087237
1.18776508302e-10
8.51558295978e-17
1.82018332706e-26
3.64688490673e-15
3.36529894626e-20
1.46929945931e-07
3.68942867755e-21
3.21372397949e-19
0.000225540854414
3.76063299998e-09
4.6609221916e-41
0.000319627266958
4.28008441522e-05
9.26259641005e-19
6.49995047979e-05
2.95761204981e-16
5.78822322722e-51
1.39749307205e-22
6.32005667568e-21
0.000325679268173
3.69527969476e-52
2.19282890286e-10
0.000588958737264
1.18195295766e-08
1.57037964061e-12
0.00126682844677
3.0131132323e-10
8.01352903185e-18
9.36277937197e-05
2.23686876175e-06
1.55405208053e-90
1.00488842719e-10
0.000145879348588
9.33047874945e-14
2.03001312062e-26
0.0783773887224
2.26233133014e-50
6.99564320003e-05
1.92973369771e-11
3.10068839144e-27
5.90341095563e-32
0.00120952401082
5.14981061719e-21
6.93587655821e-07
2.70428575562e-34
8.70197780108e-17
4.01362123869e-33
4.10781826893e-08
9.9449761098e-14
2.10984872203e-58
1.00759156e-25
3.0159432107e-12
6.04548236585e-20
1.58913504147e-21
4.21300936258e-10
5.23778186277e-57
3.54787762376e-28
1.8896945914e-05
1.70123293354e-17
0.00016120501971
6.65437971769e-06
1.4218248874e-32
1.50054610395e-08
7.03676890869e-43
3.94814327681e-45
3.02100392927e-33
1.80256740255e-28
1.98279391996e-23
3.18283881057e-09
1.52027611938e-09
3.07634811874e-06
2.18752010755e-19
1.44470095551e-38
3.15210727539e-07
1.62990225438e-12
9.82812958408e-14
1.18172085473e-14
9.51544201115e-08
2.1435478453e-57
1.05616360938e-19
7.65077612835e-07
2.6637708337e-17
2.51912052046e-20
8.50667658193e-05
1.67864520631e-56
1.89008137974e-08
3.05697993249e-19
4.83642268371e-32
7.20808047609e-19
8.0317288587e-45
4.41658602265e-06
6.32123962688e-13
0.000240069332343
1.37226815221e-11
7.09404792108e-50
8.78281684454e-49
0.00143486343871
5.71796594219e-40
0.00518520722884
1.05063110088e-16
1.55328496193e-29
1.45981559319e-28
5.65117057876e-05
1.55028969046e-11
8.56529909546e-10
2.12004337943e-86
0.00981883803327
2.51490954929e-12
0.00314746273027
0.000862993847664
1.81645155442e-35
1.29371239514e-10
1.54573673678e-20
4.20855885614e-11
1.68125514813e-07
0.00209177773948
2.16549595332e-20
9.22020162572e-22
2.20316173061e-05
4.29602616646e-06
1.28379328199e-22
4.92574485451e-15
2.07029938083e-06
9.53580846499e-07
0.000613919725931
8.30281845431e-28
1.231918128e-06
1.04523978542e-10
1.19799806891e-28
7.51816169415e-13
1.66449783923e-48
4.95838636212e-05
9.14170623271e-07
2.64539449313e-55
4.19658401529e-08
1.46919686324e-05
1.10568039062e-24
2.07949229639e-08
2.24878056366e-62
5.62525767518e-23
2.45918915002e-12
2.99296109465e-15
0.000900024469987
1.95481531937e-13
1.37647602548e-09
3.1784996582e-13
8.73080953615e-25
1.0704996322e-15
9.80640764137e-68
1.16879864553e-28
2.8939147159e-08
2.8972549277e-28
1.38552193435e-13
6.42646130311e-09
2.09641683139e-45
8.3340805172e-09
1.62442102466e-50
3.5372950211e-11
3.65037613777e-06
1.85882994913e-13
5.32356289777e-19
4.95926059512e-30
5.22438930972e-08
6.93472643956e-07
7.81640896867e-07
2.07560686142e-11
4.90846775797e-17
2.18769462494e-06
1.5039231326e-08
6.28649955244e-06
2.06713040589e-11
4.67714811706e-50
6.55782716694e-16
1.22155694254e-08
4.37103073855e-17
2.7324354409e-16
8.56750256606e-21
5.5629377548e-07
1.42705831851e-33
2.73189598893e-27
3.53013170338e-18
1.00004750323e-32
3.73004232024e-32
3.67404717791e-10
2.51100276859e-17
1.14827438328e-10
4.59415824935e-13
3.72125046952e-05
3.31631028632e-51
7.16095618299e-27
4.73461937781e-10
2.53812342303e-19
1.78222273645e-81
4.07601015399e-88
2.05306442464e-32
4.93678223581e-06
2.72545269157e-06
7.34925100816e-06
6.70016959498e-35
0.00208471588445
1.02398497472e-21
5.32574524799e-25
1.29653044006e-67
1.84135198263e-16
1.07540932852e-30
4.02604512464e-08
4.66727559199e-05
4.5817737052e-06
7.06155814308e-10
4.99724215518e-11
5.44550063063e-15
9.36968978316e-11
1.12934860613e-23
1.85591189455e-18
4.40316868075e-06
2.74621050128e-16
2.3455511392e-76
3.69381341725e-05
3.85762024932e-27
1.31038773363e-15
1.83465462701e-05
0.00792482465714
4.58791457076e-59
1.26432783564e-15
0.00128502548353
4.32263816239e-11
2.69708939983e-08
2.13816499028e-07
4.80784220981e-06
1.63538000547e-09
1.6588957087e-08
1.63227129644e-15
7.91795348392e-24
1.89789453874e-06
2.08097439716e-33
1.31009045381e-18
5.09563684126e-18
1.88509130391e-33
8.22661071977e-07
5.29039539802e-17
1.48619129894e-08
0.000333451879597
3.81456299608e-34
1.21671144911e-23
0.0011295982738
3.05700847128e-19
0.00126991539033
6.32808049959e-06
1.68118294011e-06
2.17274218948e-25
3.59431110453e-05
1.34347415961e-30
3.85010791258e-52
1.18538589853e-14
1.93677801246e-38
3.89098939745e-05
6.31888671965e-11
9.26412294353e-15
3.93396867451e-06
5.74118084801e-41
8.92688277754e-59
2.97838942456e-16
8.51589631266e-33
6.5789098651e-32
5.1118503101e-06
3.24599052588e-37
3.25676715544e-27
2.83747552265e-14
1.00432556178e-07
5.89980676119e-05
9.90506085047e-30
1.24438225971e-41
1.96343129729e-19
1.37380952919e-11
9.96960539199e-10
4.09730461511e-21
1.68641305018e-23
1.11157736641e-32
3.60598484754e-49
4.71876406408e-08
4.28218672179e-07
1.20274821462e-11
0.00200016619351
4.47610567905e-07
1.6550204692e-14
1.42422618581e-07
2.06400358779e-08
1.22788428363e-18
4.38461789871e-06
7.59586179733e-52
2.19038368309e-15
2.29730191795e-15
6.293458285e-38
1.62840706423e-09
6.41637806921e-56
0.000151775769351
2.11040019916e-54
7.67207274784e-08
1.58152345282e-06
1.62741799537e-17
0.00272903088179
1.69229435085e-55
2.77238173708e-14
5.98884850393e-10
1.02407074326e-30
3.51828418008e-19
7.48194073186e-22
5.35617349778e-38
1.49684170394e-35
2.41072057046e-29
8.00059463494e-24
2.80731111277e-17
2.11975994468e-31
1.17534846621e-22
2.17995750867e-31
4.14033537314e-23
8.83252722781e-14
2.85648811872e-07
1.12264770464e-15
1.34914471472e-32
9.16459912415e-25
6.99129099651e-09
4.005592917e-22
5.44474378683e-25
3.43650830706e-26
3.36540109661e-12
1.07310863509e-38
5.47242150401e-10
1.855370196e-58
2.82965703897e-32
2.95180689393e-24
0.00164046278013
1.24475762956e-37
1.09719525032e-37
5.21279794884e-85
6.15233470013e-08
2.55853592315e-28
7.37389279012e-05
2.97798856111e-11
3.73930075478e-21
1.087120769e-05
1.34772365744e-08
3.36925944023e-21
1.27156864849e-11
9.6773078179e-15
1.36871810602e-06
0.000478471929868
0.00124645396635
5.50033715408e-11
6.29740604385e-19
4.06619315664e-16
4.05900087917e-09
4.48159869645e-16
2.38248160074e-12
1.03030304553e-07
1.16148670564e-06
5.45263676379e-14
7.15767333975e-12
8.59217118085e-13
4.03583851886e-09
3.32165592047e-08
3.25570562141e-11
0.00093892392505
1.39574068729e-08
2.03135337951e-17
1.70287396049e-26
9.41821547624e-10
2.25489405459e-11
0.00914862587326
1.21180629669e-06
1.54240214519e-13
2.31287941021e-05
1.18660286069e-05
1.17626318109e-27
1.92175939635e-06
7.75422326072e-09
1.00083375282e-06
5.51559947314e-32
9.83878307337e-29
8.99337609785e-09
3.10367372745e-33
6.05268309343e-25
3.05660749843e-35
5.189504631e-17
8.42063556997e-44
1.89858703374e-07
1.28546469671e-10
0.00344012669314
5.76146391225e-56
3.57933405109e-62
3.17485373928e-07
3.49555700668e-06
5.79278841184e-07
4.00699298287e-06
6.25579434912e-36
8.82312379978e-15
0.000128755056425
1.86882317058e-16
0.000977741245581
2.12066592495e-12
1.18430969123e-29
2.98762516791e-37
6.6263233561e-27
1.19969518278e-13
1.7847227936e-21
6.43880752596e-21
2.40366746082e-06
2.20027425162e-17
1.76244171693e-15
4.77677791354e-09
3.3230060679e-24
2.31850783111e-15
2.53526536931e-07
3.53585196628e-16
3.98737849056e-19
6.28225884651e-05
2.20391364287e-11
5.33867308678e-17
7.18422400639e-11
6.36438841488e-06
0.00538070660365
1.12453172477e-11
7.0161091841e-07
2.92384882515e-14
9.87073364967e-31
3.17807250648e-12
8.35610362516e-28
7.49986541464e-42
8.65060627656e-37
5.04235827966e-08
1.38254115538e-08
4.25249458728e-34
0.000747307311603
1.8926783405e-05
7.99857636325e-06
2.32791917822e-46
1.43367463898e-11
4.80316828441e-57
1.56494840202e-27
4.41071103287e-33
2.50938905145e-13
1.18290162837e-10
4.38258941849e-48
0.00302156929676
3.92615203753e-25
4.71430576627e-19
0.000498949188861
1.02685309524e-24
4.59589630855e-06
1.07728768663e-16
2.05719796191e-24
3.36373822453e-34
1.46275542802e-30
1.01371325293e-25
5.95189998726e-12
4.44791335401e-42
7.56257962795e-09
5.99939698765e-06
6.84865542284e-12
6.00354384713e-11
1.42599059787e-17
5.79651929493e-09
4.99219272227e-54
8.14301742958e-08
5.57332803841e-29
3.46024197509e-08
7.99077645388e-09
0.0029046293284
9.82946584348e-15
1.14547126155e-12
8.05654507673e-44
5.98097712366e-11
7.43641176452e-102
2.01356853619e-67
2.91762892789e-16
1.59985918449e-21
2.18506055965e-07
3.47240534307e-25
3.30725206736e-10
6.36023495513e-28
2.17494097505e-30
1.11754508318e-16
2.62261719267e-30
3.70409068464e-10
0.000360634983035
1.21962382689e-07
1.01641270272e-08
1.64083336973e-11
1.03944792046e-10
6.08147677774e-71
1.2504456967e-09
3.64606817637e-11
3.16599384844e-21
3.11918620472e-06
6.05847601847e-54
1.43694160987e-29
6.0587422787e-24
1.56849906635e-24
1.68155595379e-09
4.601319012e-09
7.13927473671e-22
1.16660127742e-37
1.9835483657e-08
6.09007397633e-19
3.29734053613e-06
3.27415313647e-17
4.31030729657e-20
1.88411536627e-06
2.64670629983e-15
1.47054479163e-06
1.01786654249e-10
4.00095288619e-08
1.53363648877e-05
4.38117861536e-08
7.85121893252e-10
1.45768287554e-12
7.0918164849e-07
1.21638285042e-10
5.70865787725e-16
1.4156682173e-13
7.77362734027e-17
1.18195669247e-16
4.06142438173e-13
2.80235788784e-08
7.92378346086e-20
1.1906122356e-26
2.37554995615e-44
0.0011218569908
3.98713344573e-07
3.60957761744e-15
6.59212635657e-30
1.99673037168e-13
0.00198900971476
1.18758413156e-18
8.92296844935e-10
5.84542456467e-07
1.96180562389e-15
4.23533261316e-33
2.86358923323e-08
3.03713077066e-23
1.70193813684e-07
0.000370362681783
5.93842033192e-18
1.4035828157e-14
9.27868737529e-22
3.90576336599e-08
1.75003049653e-26
1.63285024575e-10
4.23382746137e-09
6.20787339229e-05
1.02138302094e-57
1.80236778375e-68
1.84057388807e-40
2.07794930156e-06
3.06709051405e-37
1.18068229605e-25
2.01835505796e-05
2.93710945537e-11
7.06195569442e-25
1.92695415864e-24
3.14841192086e-06
3.91681874318e-08
1.25571416907e-12
2.60152855364e-28
6.01987855201e-07
1.13088527757e-11
7.23922466664e-19
1.6263337308e-07
1.14999897549e-44
2.10084072808e-21
3.72515920144e-23
7.1741713408e-23
4.43712659571e-06
0.00026179077339
3.77296190635e-10
2.11663947536e-37
5.57816328232e-13
7.91733882161e-14
1.57446790412e-26
1.48919221305e-29
7.91085786477e-37
1.75084151285e-14
2.13327011054e-09
2.60967812337e-14
5.3515162821e-43
1.11027048793e-05
3.04447620054e-16
4.24471443227e-19
1.65375320772e-05
3.40716801004e-18
5.77621504069e-23
5.72523629867e-29
3.31619834426e-08
2.35228685822e-48
2.54652386949e-12
2.74096386718e-36
9.46047003212e-05
3.754333499e-39
1.30012234006e-11
3.8530771732e-05
2.15372881412e-05
3.68392502868e-13
1.28620587354e-10
2.29196008462e-05
3.14598032411e-27
2.37045123066e-16
9.48984397026e-26
0.00275173670309
3.73767584114e-37
9.83336192442e-24
1.33721181334e-13
8.58344481166e-23
6.34088283436e-13
4.3954916636e-28
2.98940930592e-14
0.000663514026109
1.6485205874e-07
3.44336226136e-36
2.28630873569e-24
5.17168292204e-19
0.0114132125645
3.4057740843e-18
3.27149468162e-52
3.02939198676e-15
3.67562598908e-18
1.22508125512e-07
1.29244995322e-17
3.41166365009e-12
2.35607823451e-16
1.19026159418e-33
0.000130552825016
1.20369987334e-26
9.0711840403e-21
0.00162278505814
2.02052071994e-17
5.99445820602e-06
5.48819685715e-10
3.68111513968e-14
1.52708607548e-05
7.94002615685e-05
1.65173574265e-18
6.67493014135e-07
1.10747752157e-13
1.94686844782e-09
3.28792007963e-16
1.3193981987e-05
7.69896426305e-36
8.00366048497e-09
3.7199541851e-22
3.76735223602e-11
4.89881965927e-25
5.48096183202e-77
3.86976184434e-17
0.000229557506102
0.000463340919197
3.53907070584e-08
3.26110066548e-26
3.22252537498e-05
3.0629604507e-05
7.79421919998e-21
4.31968685289e-80
2.67106004148e-19
9.83498472517e-29
3.01740668461e-09
1.69043517517e-10
0.00124161793294
0.00169846027014
2.40800771028e-07
2.87048160683e-11
1.28285425183e-13
2.08813723745e-05
1.64669945368e-11
2.26388369864e-64
5.3523653574e-08
1.41443585473e-10
9.15954384555e-29
5.76814591735e-15
1.65445883218e-14
3.16071327322e-30
4.81900274626e-06
1.1501286464e-60
5.66188585865e-19
4.77070124419e-80
4.45365820095e-08
2.50930317354e-15
3.12335145067e-31
2.67219522229e-11
5.87863130748e-19
