1000
1.08416683312e-21
0.00132542026521
0.00131749245957
0.000163057009156
4.61967753673e-17
6.21790809404e-16
0.284324582988
2.30929560876e-05
5.68003419659e-08
2.23499509011e-05
0.00135767724138
8.46848372586e-07
1.16506045002e-08
7.01465790879e-05
1.18459263339e-22
1.66599424822e-06
3.07999897641e-11
4.09098108326e-16
3.93711021172e-10
2.40160000197e-06
0.000526742501874
0.0881685349118
9.12758067255e-06
0.1162232562
6.28510223556e-30
0.014482448706
8.04437372332e-05
4.13410937003e-16
2.34504756359e-13
6.43641507194e-12
2.49036954115e-06
2.62120800546e-09
3.64917876519e-08
1.35414252579e-15
0.0011874652793
1.54878220146e-06
1.80403516076e-05
1.14869744828e-19
5.4212712271e-06
0.000742585827821
1.05690963986e-06
4.90171329175e-07
0.0082780023137
5.52315710708e-06
3.81759876592e-27
0.0392494169001
9.65380424614e-09
1.97787297603e-05
1.11403986631e-31
2.70377974566e-06
4.57338364664e-09
0.00382932041104
7.01157486401e-31
4.72284310872e-16
0.0741781668151
3.55576684074e-16
0.000755613701012
1.38115212187e-15
0.0180920270993
6.0454590604e-18
1.73898577429e-24
0.000506234168392
4.42955364916e-16
1.10232012237e-06
0.0302987601926
1.94947405284e-11
4.01621657194e-07
1.62925654132e-06
1.97787297603e-05
1.53490947573e-08
2.14277162841e-13
1.63279693874e-20
0.00305302333026
7.07793145642e-06
2.7539871477e-07
0.0186959829095
2.31886671149e-24
3.37595225831e-14
0.00150634259311
3.64391118936e-14
1.31809247784e-07
0.00024680909265
0.000413747161292
0.000961405968189
0.000419189802026
1.25923869441e-12
2.62917082571e-06
0.00260588619453
7.07866668304e-07
6.90188298648e-27
3.83582928849e-05
1.08608920196e-19
4.48066991747e-13
6.23959823095e-15
8.98395007654e-07
0.00332137498217
3.51826911493e-09
0.000213989146368
3.83613253982e-14
3.51308032533e-12
1.32391741983e-28
4.25403596777e-05
0.000469924878616
1.17372117451e-11
0.0109120150935
7.2836872976e-12
3.69648129383e-12
1.16668885211e-05
0.00637495050303
4.08506845688e-08
0.00071752799407
0.000124526952881
2.20055945165e-06
1.2349839505e-10
4.83870169006e-38
3.25606007166e-11
0.00018560426418
0.0122444107714
1.28468754064e-17
1.1638558426e-09
1.04895746622e-12
6.15328105463e-07
0.00106265256222
1.98973149498e-10
1.4265383805e-13
2.56071029951e-16
6.16456289738e-08
2.46830439257e-34
6.37479184956e-17
0.000883311838126
0.000289495641399
6.11480326708e-05
5.69189257916e-21
0.00446050043416
5.40323628457e-11
2.18439404445e-06
2.60498804219e-06
1.98718460219e-11
2.17615740373e-28
6.16993601851e-08
4.2595870161e-08
1.17455928893e-20
0.00802956119068
6.92730765082e-23
8.55749261118e-09
0.00593884642238
1.40729593579e-12
0.00696446909473
3.77656535245e-05
3.02437873256e-20
7.09069302816e-08
5.62335404519e-23
2.18798029564e-22
4.576547709e-09
1.38816893565e-14
2.75581516671e-06
1.6920497574e-18
0.00251887521064
0.00954397603181
5.93973984853e-13
0.00023562482755
9.79298536281e-07
0.00483612371884
1.33223448454e-11
2.25626005864e-06
3.19885686507e-10
6.14114237002e-07
1.12456714016e-15
2.58965776837e-29
9.26503411419e-05
3.87912787901e-09
7.2483578212e-07
3.35540675093e-09
7.30340473091e-30
3.93810990244e-08
9.55323310023e-08
0.000127470138374
1.27519638623e-09
9.05420311443e-14
6.82792352124e-17
4.78402619195e-09
1.27517155533e-18
7.29157381652e-10
0.00102549153716
0.000345859392949
1.35144477208e-17
6.3704369831e-18
0.0353757772677
2.31794186279e-16
1.42566970863e-09
1.32786533418e-05
2.54792303337e-26
8.88816146048e-09
0.000586499603971
0.000555817921932
5.04454460875e-32
7.21167700085e-14
2.72664729756e-47
1.85884565783e-10
2.44638696243e-05
1.3206662946e-08
0.000421650997029
1.29483404446e-05
3.12575040254e-23
5.47336488054e-06
6.26926094628e-11
0.00104322644306
5.77459334913e-10
3.48441912879e-08
9.23928229177e-05
7.9946267068e-24
4.11223438276e-09
3.60750822741e-10
9.9344420903e-05
5.21655645604e-28
2.40752290465e-10
3.39792651441e-10
0.000246334358282
3.82039310118e-10
1.67114845878e-23
8.88070164005e-16
9.40395774354e-17
2.31931477524e-07
1.0958555548e-23
5.35058718893e-06
1.41215485195e-36
3.24857504248e-46
0.000457954053079
2.34955593691e-17
0.000325751086536
0.00011006849064
5.19981543531e-08
1.25287565127e-05
3.09856595128e-17
0.000266023088471
1.49651666511e-09
4.90533923096e-23
3.75501924548e-06
3.9643781315e-08
1.50031236558e-11
2.90023901347e-10
2.13645448716e-05
0.019373474497
2.90578871153e-08
3.80455195927e-07
1.53421988869e-11
2.10658098971e-05
0.000251799926013
4.20274176181e-07
6.97333048584e-05
0.00275273348559
2.01108789338e-09
0.0125808143758
0.000458497221686
3.345950128e-06
5.10795193995e-05
3.23582117691e-10
1.2664679118e-13
8.94103530486e-05
7.33434529921e-07
1.49946945276e-10
0.000562644591066
2.6871784158e-05
5.20354090392e-08
1.13434717008e-16
3.49018396347e-08
1.44454712275e-06
0.00071752799407
1.6499377254e-06
5.05636813155e-05
3.30711917893e-20
0.00126170867178
3.02993744413e-06
1.57385247718e-23
8.5800017862e-12
4.0453782933e-10
1.86301653443e-11
2.67089337908e-07
2.18460924586e-11
1.95241872874e-13
4.99557803805e-25
0.00194039331251
8.80050261664e-09
1.43107948541e-06
3.6009246471e-07
0.00156768107206
2.65066831877e-12
7.11351175582e-05
3.97421488595e-08
0.00211918623518
2.69681519054e-07
3.02150443665e-12
0.0010299523277
8.17928874397e-05
5.58281750705e-05
4.74678004261e-16
4.36321990341e-22
1.9634486425e-07
2.84554018446e-25
4.45708184906e-08
2.6169451241e-16
5.40335388426e-49
2.13858967281e-08
8.16246607781e-11
4.20393313555e-28
3.06972829706e-06
1.28096237362e-05
4.05026577077e-19
2.11823006044e-07
1.00086007669e-29
0.000595387766164
0.00328224080249
3.3432411438e-27
2.01213656926e-08
0.00135767724138
4.71451642347e-26
1.61277110838e-47
1.97122277096e-11
3.79887286516e-20
6.35008027953e-06
4.25646779266e-05
3.47222763445e-10
2.95643702665e-23
1.32434551504e-07
3.95339607028e-11
1.57373318204e-30
4.83860053057e-05
3.25061825108e-20
8.10535897983e-07
2.26360965475e-06
2.75521474742e-16
0.000665321836743
3.00268158981e-25
2.02614053081e-05
3.74678975132e-22
3.30546046404e-16
7.06510180479e-08
3.29937185508e-08
0.000408996319819
0.00431301638853
1.4786551557e-11
2.45108057868e-25
5.43355060396e-13
3.32757348849e-10
5.03242776848e-20
0.000255176099313
1.39984628616e-08
1.25795219186e-07
1.87882452134e-06
1.59408524443e-20
3.08768651649e-07
4.48947183056e-05
0.000171818175547
2.19163004638e-08
5.94220530754e-07
5.00067336026e-11
5.0678855644e-15
2.99777450168e-05
1.49045108563e-13
9.58753616011e-13
0.000193735113692
6.63316770232e-08
1.36435977681e-18
4.53760224928e-05
1.0846625939e-09
1.52619503856e-05
6.74319893523e-05
1.80913420639e-07
2.8483215103e-05
0.00102044008962
6.46347325141e-06
2.54171849343e-07
4.21105333685e-16
9.4023340327e-16
1.76271213704e-15
0.000113584507833
4.94151528031e-25
2.83345432586e-07
0.000219943301614
1.38676856543e-31
2.44253908659e-10
4.08622650458e-18
5.67315060792e-05
7.82340295822e-07
1.7989736403e-09
1.33513492034e-14
1.26770382521e-17
0.000107874642523
0.000883311838126
3.62944066854e-08
5.48346187016e-08
1.70120753429e-23
3.78492114173e-08
1.5425586903e-05
2.60835077476e-24
6.16490092065e-19
3.87222178233e-29
0.000140801906445
6.55141005526e-18
5.17743840471e-05
3.77862360603e-12
1.73704167473e-07
7.11181410472e-07
1.65936135112e-06
8.68568403485e-08
6.05940791216e-09
7.54209537398e-06
3.24444610231e-31
0.00332036683193
8.33231836629e-15
7.61158573501e-14
1.11240705577e-12
2.30977700147e-07
1.58395756636e-16
2.55304986311e-16
2.88772447872e-41
6.46691114793e-13
0.000354744445132
0.00327974873759
2.57925838174e-44
1.62541612669e-06
7.69720072601e-05
6.39116772235e-24
9.79500459972e-28
2.59771925295e-12
4.15619993192e-12
2.38952132364e-06
0.0012479832344
5.73980419224e-08
5.96317463611e-09
3.49951786783e-11
0.000508702564055
1.88572749763e-12
0.000308164323977
7.09208308526e-06
1.11460950925e-13
7.00044170177e-06
1.20663277944e-17
2.08137677577e-27
1.38695633275e-05
0.000348668040262
3.21999808576e-23
0.000213989146368
0.00166317712272
2.33034622002e-05
9.99552841817e-06
2.78040550842e-10
0.000213086692465
9.29995692789e-07
0.000855662026869
1.25017334199e-19
8.9495932725e-25
1.84983152987e-22
1.26083591127e-07
3.57149222625e-12
1.00600860314e-16
1.1901167177e-13
5.93316412392e-08
2.10396559543e-09
2.08976481659e-13
1.44890443671e-06
1.04680029842e-09
3.97607344869e-14
1.30841327552e-10
1.34099574867e-07
1.42768926325e-06
8.09593007582e-06
5.70668933936e-26
4.26984028648e-18
2.27896522989e-10
2.83354095548e-06
6.64688014886e-05
2.80454686635e-08
9.47137836174e-25
1.498061211e-21
4.68325414429e-10
8.04417510178e-06
9.29536363615e-19
3.70323165053e-06
2.94838887077e-11
4.59718965773e-29
6.5380014884e-12
2.63558695929e-23
9.31486445889e-67
3.15435407831e-06
3.40972377135e-28
2.29154708742e-23
4.23650681378e-12
5.92243949244e-05
1.01956215022e-13
6.09908421577e-05
5.05276146593e-12
1.51089787982e-34
0.000107507032514
0.000365850343381
3.12006279048e-32
1.3992809547e-13
6.5075296359e-11
0.000194092137132
7.60093474966e-07
2.09638086048e-07
0.00135726514017
8.04687997557e-12
6.5407584312e-05
2.26216496436e-09
3.33479998147e-13
2.03438771944e-25
4.43341276765e-14
0.000526742501874
7.04686870188e-15
7.60866034814e-07
1.24862238668e-05
4.91138874195e-37
0.00181894444397
4.557340387e-05
3.11077029205e-14
1.15103895247e-15
0.000482261820863
3.43170535391e-19
0.00110843596915
7.09518670573e-06
8.67427324243e-11
0.00114960808634
1.43467791343e-07
2.00318200126e-11
1.57951530332e-05
7.71338724173e-11
0.00295956957051
0.00284470199292
7.46200483878e-16
2.55487495028e-07
9.84429890723e-16
3.14389756716e-17
2.39928399087e-09
7.7318796507e-06
0.000208695647825
3.14398539813e-10
3.63531668534e-07
8.35346926719e-05
1.4504980203e-14
1.06180400268e-05
0.00110843596915
1.17987831328e-08
1.47106764383e-06
0.00169863140334
1.96935192002e-08
1.08839080235e-10
2.06386270953e-09
5.1452887099e-05
1.99588838202e-11
1.40937796615e-25
0.000607298430505
0.000642862081904
5.16743750421e-06
1.47231547767e-05
1.63103748151e-16
6.51637731227e-16
2.76718103245e-23
1.0225968336e-13
5.27529067694e-10
5.44199874065e-31
4.40989067452e-06
0.00133745852023
1.57277846656e-20
0.000355292594812
3.42479749728e-05
7.90794858623e-12
0.000347716620993
5.34060284536e-07
0.00390128760535
1.13953195311e-07
1.57864064365e-12
4.88928939585e-15
0.000667599804515
0.00481572839133
4.55595707923e-05
5.73278666619e-16
2.42706777261e-08
4.266240593e-21
1.28340594137e-11
2.1847486243e-19
6.51524570603e-16
2.1291104506e-20
7.42671318117e-05
4.78695337643e-10
4.00255329258e-11
8.88876154363e-05
0.00901174776889
1.6007425354e-12
1.21531022747e-09
1.87286438089e-25
0.00284686349448
2.87221660187e-05
7.06560195233e-23
6.0165601371e-05
2.4390725876e-23
2.59594804115e-10
0.00051686872892
2.75762783803e-12
1.18163864232e-13
1.47330853945e-12
8.38160821514e-21
5.45418114976e-10
2.49122751319e-05
3.94260146781e-21
4.62264562066e-11
1.68436618393e-06
0.000104767319691
0.00368506479364
2.11451881616e-23
7.88264847556e-08
1.79827192973e-11
9.83259978115e-07
3.70903122496e-14
6.0825992371e-15
4.64111451859e-06
2.90778760875e-05
0.00514265490879
2.78508168049e-10
6.23021277346e-06
1.39125331282e-15
4.85368515499e-07
2.20889358666e-16
1.10751829879e-16
1.28210130795e-09
3.25807611451e-27
3.64296604849e-33
4.30557401177e-15
3.4950765558e-12
5.60286341759e-31
2.37111525983e-10
5.46787797068e-07
1.48317656897e-08
1.76413745499e-05
8.77342922733e-16
3.96611659617e-07
2.14734226345e-16
9.5850198846e-33
5.06288099133e-32
5.85997345676e-09
5.55955819532e-08
2.85834535934e-09
1.99763284941e-07
1.23939524423e-06
4.90490252376e-05
3.01457422762e-10
1.90699407612e-10
7.78195954072e-12
3.0830704384e-33
2.2961519852e-10
1.45020446817e-26
0.000196682362704
2.77407526905e-07
0.00424863013242
5.89162525604e-09
5.86472901894e-05
1.07123636148e-07
5.59122648548e-34
5.6125534859e-11
0.000627571527248
0.00338379598983
2.19221248475e-15
2.86318699585e-26
2.53103425536e-06
9.29862957513e-09
4.98905273048e-06
1.60456025281e-09
9.87084661844e-09
6.7652909483e-07
7.78220653339e-12
8.21348497234e-13
1.89458440032e-44
1.05030602127e-12
3.18436068449e-08
5.467136845e-16
2.68373579788e-18
0.00064082042067
4.88918204128e-05
5.64938147861e-05
1.43843096724e-23
1.48023109883e-07
1.95297300392e-33
4.15794058175e-07
0.00060037107113
1.62381465301e-17
4.74093458395e-08
4.28002327261e-10
6.33700619056e-19
0.000139348730309
6.73819729931e-18
9.37491419249e-35
2.61044758807e-14
4.45032398136e-06
3.43332506573e-08
8.71677347141e-08
3.17963719775e-25
2.62325777147e-14
2.20980113637e-06
3.5239322881e-08
4.89144531288e-12
2.0340047764e-08
9.62485539182e-09
4.54432840263e-10
1.0017545595e-06
4.03179387317e-12
0.00173671099132
1.13723105128e-19
7.37812991819e-12
0.00027444411792
0.000201066666135
3.15815453128e-15
6.96763250802e-08
6.43472802198e-08
4.60507864103e-10
6.38490788815e-07
4.13443256219e-10
1.0354828035e-07
3.11726222986e-33
0.000742161570247
4.73973577959e-12
1.46060995739e-09
1.0493257744e-16
3.15098690189e-10
1.77550920511e-11
1.91806611039e-15
5.83609518011e-08
2.75535599964e-06
1.85926003621e-08
2.35988397021e-06
1.5755992651e-05
7.35652969916e-09
1.57912075922e-25
5.57958322569e-10
1.97451595764e-09
4.52644108733e-06
9.78358947193e-21
2.24425005774e-11
2.64992083125e-09
0.000536627207923
0.000181008119876
5.66315059066e-18
5.93119611354e-19
1.55789152175e-07
3.32275805003e-10
3.32780714819e-10
6.07987133573e-05
3.39852205627e-11
1.31625074251e-10
0.00135973387804
6.61122266734e-06
2.11670001226e-06
5.5220850941e-05
8.73093097417e-17
0.00126170867178
6.59416257713e-06
3.43026861694e-17
9.68223061279e-14
1.03442090409e-05
8.49860331574e-05
1.70079269331e-05
5.6994216006e-10
3.32538532801e-08
0.000743529257661
1.10343867661e-12
6.48142957076e-14
2.9191335206e-08
6.27695123788e-14
1.78236924132e-07
1.58135251242e-12
3.15254119275e-07
2.26526937537e-13
5.19752681401e-22
0.000742161570247
4.05751493981e-18
0.00086701735253
2.89007194979e-08
5.71509841675e-09
3.8239422839e-07
7.70631602162e-12
7.53210542403e-09
4.38639950188e-14
5.95638695513e-09
1.48956457882e-10
5.32124045095e-09
3.81359415135e-05
3.26137144799e-08
2.27070625855e-16
2.18956310054e-15
3.10240043568e-07
1.48168448128e-05
1.71740836988e-15
6.5952743851e-19
9.0589499783e-44
8.28074220816e-16
4.22518811895e-06
9.29126733013e-17
2.31170652943e-05
0.000109258992291
1.33842810933e-09
0.00162885721653
1.74471677496e-15
7.93339211382e-06
6.389967744e-12
2.33303336465e-08
1.45141440129e-08
2.58557088499e-17
1.14482879921e-06
2.90141537827e-07
3.04670085704e-18
9.64621767329e-05
2.66320613904e-13
4.6775474816e-06
0.000123877091354
0.000794375383058
0.000250967042782
2.93437915986e-12
2.32845797053e-38
3.74753085813e-20
2.49581845491e-05
1.33246246504e-16
1.94369149101e-05
3.0450855337e-07
2.31774263239e-28
2.11499266982e-05
5.86575374849e-08
0.000320364414285
2.7008962339e-20
1.61247473202e-06
2.43290069053e-06
1.38720223937e-10
5.53319109557e-17
1.26666948459e-06
5.12143621573e-13
0.00146409005289
2.00869262935e-16
3.43259770944e-06
0.000135090393519
4.10514425327e-24
0.000162863233066
0.000694348939877
5.36902040545e-06
1.67006768874e-16
3.88588543832e-07
4.77612677407e-05
9.15560366127e-10
9.03330750025e-20
4.44899025224e-10
6.5133542349e-05
1.11012916114e-05
9.31144751374e-12
2.02853684305e-13
1.31473073598e-07
1.98671764911e-12
2.3307339697e-05
0.000961405968189
2.9714216684e-12
1.67529366587e-06
2.42887512539e-06
6.09908421577e-05
0.000481895660111
1.47527934884e-08
7.20737899989e-05
1.02726239973e-16
8.51337849196e-25
4.18994172201e-06
2.95702432866e-18
0.000781098611362
0.00284686349448
3.3638696044e-52
1.97168077266e-16
9.58565507731e-07
0.000123195079734
3.4428196369e-19
3.19883524849e-06
7.21003418704e-27
6.30536994092e-12
2.12417890054e-05
1.05493709128e-09
4.73430067778e-39
1.03390142234e-07
5.23175803359e-12
1.97599594632e-09
9.57863311162e-07
2.96663143579e-22
3.56077690839e-26
1.01399161922e-24
1.08032965388e-08
2.18187647898e-07
2.26005603627e-08
2.23678750454e-13
5.38689144867e-14
1.94345695786e-27
2.52797775636e-11
9.30018983533e-24
2.38192508674e-07
2.46245973654e-11
1.17674556259e-14
0.00328224080249
9.28566999294e-49
3.29715076862e-08
4.01654526737e-09
7.59992464209e-09
2.03113232097e-07
1.71491661269e-14
3.83800650163e-25
4.00910387623e-10
0.000846098542478
1.06540599932e-11
1.59319038639e-10
6.54714813552e-06
5.40246770461e-19
1.91127048572e-26
1.4139630703e-07
4.81386073172e-19
0.000260924470704
9.32774356768e-14
2.66272869893e-05
8.63951213847e-15
7.74071996444e-15
0.00134066169655
6.30144701189e-43
4.02828114422e-12
2.57770421266e-07
9.2436322316e-10
5.16434052037e-18
4.31618121174e-36
0.000317534953815
3.47856388701e-26
3.276469403e-10
4.06494605101e-23
2.09445955826e-08
8.51628847162e-15
5.90615479478e-28
1.37060455997e-06
2.50506373555e-20
5.06076607017e-16
0.00040564827721
6.62264597638e-10
8.65260580006e-06
5.88171176332e-22
3.81362833863e-11
3.59504611819e-13
5.46320379288e-30
1.89895161795e-06
0.000563763699459
1.29856646943e-12
3.1768045407e-10
7.02269591675e-07
0.000162335062183
8.91786808088e-37
1.12308106114e-08
6.26023158065e-10
2.34375057759e-14
8.37337109459e-15
2.81937604393e-06
1.64129001347e-25
1.18810539523e-09
2.27851973233e-06
9.49879039442e-19
0.00173671099132
1.65814571664e-07
0.00134066169655
1.17478827155e-12
1.34618053379e-06
0.000318003056386
1.69094433633e-08
0.000251095097192
1.49891165079e-08
1.27960329632e-16
7.75464607346e-06
4.46563509191e-09
3.95538781525e-32
5.82668299718e-12
1.5444789851e-14
0.000791405696879
4.28772531413e-11
1.61603210069e-18
2.16706604371e-19
9.24282776873e-12
0.000302499009432
1.88663117323e-05
2.32410849879e-12
0.000115423466464
6.27255905192e-05
1.92995377395e-09
2.70164764984e-06
2.04556740322e-24
2.79656251837e-11
5.99195711508e-20
0.000604244065753
2.47658114194e-14
5.99598069577e-14
1.58885985624e-06
1.15782691576e-08
1.54278882508e-05
3.43934064669e-06
3.27887682564e-13
4.19994283114e-14
8.26903059446e-10
5.1694909392e-08
