I: (state)
	(9) 1.0
F: (state)
	(0) 0.0856856110849
	(2) 0.0460756792801
	(3) 0.0642091092545
	(5) 0.113961607672
	(6) 0.0384540427652
	(7) 0.0441234015916
	(8) 0.0166429286848
	(9) 0.0848624774668
	(10) 0.165599922363
	(12) 0.118522562152
	(13) 0.160630754061
S: (state,symbol) 
	(0,0) 0.0425683113532
	(0,2) 0.0430570801272
	(0,3) 0.0201532799145
	(0,4) 0.047307942804
	(0,5) 0.00556415808122
	(0,6) 0.0102273777044
	(0,7) 0.0171597146358
	(0,8) 0.172626909729
	(0,9) 0.0136183511854
	(0,10) 0.106953572153
	(0,11) 0.0905566423383
	(0,12) 0.0260915591801
	(0,13) 0.0820778983511
	(0,14) 0.150989980233
	(0,15) 0.0829803029891
	(0,16) 0.00843150634639
	(0,17) 0.0450893116015
	(0,18) 0.034546101273
	(1,1) 0.0510316542528
	(1,2) 0.0627899320187
	(1,3) 0.0162229990791
	(1,4) 0.00795993946674
	(1,6) 0.0200071231564
	(1,7) 0.0805953483937
	(1,9) 0.0404820938561
	(1,10) 0.116108177337
	(1,11) 0.116785326796
	(1,12) 0.00848782979822
	(1,13) 0.0107024188501
	(1,14) 0.236871325913
	(1,16) 0.0183962775631
	(1,17) 0.0861877978327
	(1,18) 0.127371755687
	(2,1) 0.270369549154
	(2,2) 0.0271351682838
	(2,3) 0.0127181764033
	(2,4) 0.0229466651856
	(2,5) 0.0379323133407
	(2,6) 0.0890755641651
	(2,8) 0.238859980552
	(2,14) 0.100767049218
	(2,15) 0.00999866342493
	(2,16) 0.190196870272
	(3,0) 0.130605245347
	(3,1) 0.147038380502
	(3,2) 0.0141915444768
	(3,4) 0.00291753128092
	(3,6) 0.0607988222604
	(3,8) 0.231825152916
	(3,11) 0.139994620752
	(3,12) 0.240335918823
	(3,14) 0.0080801634531
	(3,16) 0.0216266002178
	(3,18) 0.00258601997035
	(4,0) 0.148814067556
	(4,1) 0.0344651844894
	(4,3) 0.0151712011986
	(4,4) 0.0829044906558
	(4,5) 0.0877752413667
	(4,6) 0.0877419709355
	(4,7) 0.0434011689651
	(4,8) 0.0181215186787
	(4,9) 0.176372399518
	(4,10) 0.11059430251
	(4,11) 0.103386409755
	(4,14) 0.0253292682969
	(4,15) 0.0213999033511
	(4,16) 0.0403829087867
	(4,17) 0.00413996393672
	(5,0) 0.0212175907541
	(5,1) 0.053065560021
	(5,2) 0.0555495053597
	(5,3) 0.100385604129
	(5,4) 0.0147012682018
	(5,5) 0.0366244268831
	(5,6) 0.136948294411
	(5,7) 0.000458586901336
	(5,8) 0.00662160257752
	(5,9) 0.0284313060678
	(5,10) 0.00276942368394
	(5,11) 0.0296275794367
	(5,12) 0.0199794900801
	(5,13) 0.00498407687033
	(5,14) 0.374519996901
	(5,15) 0.0819313416593
	(5,16) 0.00352819852103
	(5,17) 0.0205272755324
	(5,18) 0.00812887200984
	(6,0) 0.00688042493909
	(6,1) 0.0214834447457
	(6,3) 0.0197172318456
	(6,4) 0.0150846303191
	(6,5) 0.110136904406
	(6,6) 0.197537158339
	(6,7) 0.00689376308468
	(6,8) 0.0156210113122
	(6,9) 0.125113447537
	(6,11) 0.0599082923635
	(6,12) 0.0332189014115
	(6,13) 0.137177292347
	(6,14) 0.147856189569
	(6,15) 0.01395641171
	(6,16) 0.0775157421301
	(6,18) 0.0118991539418
	(7,0) 0.0364250060837
	(7,1) 0.135805635867
	(7,2) 0.116563896333
	(7,3) 0.0161737248843
	(7,4) 0.0592617978088
	(7,5) 0.0159094155769
	(7,6) 0.0695488496131
	(7,7) 0.00990776047323
	(7,8) 0.101106657671
	(7,9) 0.0875096328416
	(7,10) 0.0662497634842
	(7,11) 0.0235518952734
	(7,12) 0.0149972992292
	(7,13) 0.00905694943195
	(7,14) 0.0922099670424
	(7,15) 0.0351300045613
	(7,16) 0.0281009265408
	(7,17) 0.0405436877788
	(7,18) 0.0419471295048
	(8,0) 0.0105167067757
	(8,1) 0.0109222405795
	(8,2) 0.00236161187874
	(8,3) 0.130795893482
	(8,4) 0.0282010890612
	(8,5) 0.0282324316521
	(8,6) 0.0518221473878
	(8,7) 0.0194868948797
	(8,8) 0.0410162843778
	(8,9) 0.0568752227256
	(8,10) 0.151263479246
	(8,12) 0.0816720951564
	(8,13) 0.0573775175348
	(8,14) 0.0757254405508
	(8,16) 0.0961499091705
	(8,17) 0.0907187271502
	(8,18) 0.0668623083912
	(9,0) 0.024861316673
	(9,1) 0.0367344434427
	(9,2) 0.235982215158
	(9,3) 0.0393363219772
	(9,5) 0.150612955563
	(9,6) 0.00994068218283
	(9,7) 0.00297272013509
	(9,8) 0.179019301782
	(9,9) 0.0182976477384
	(9,10) 0.00977795916708
	(9,11) 0.0718277439089
	(9,12) 0.02940547734
	(9,13) 0.0615192585425
	(9,15) 0.0796928656675
	(9,16) 0.0120583623284
	(9,17) 0.0379607283931
	(10,0) 0.087369698741
	(10,3) 0.0314544403446
	(10,5) 0.00662993122865
	(10,6) 0.030161968102
	(10,7) 0.0708029286181
	(10,8) 0.229977124159
	(10,10) 0.0333395042942
	(10,11) 0.098076003117
	(10,12) 0.00900918815152
	(10,13) 0.239730240234
	(10,14) 0.0353341684965
	(10,15) 0.0575433423433
	(10,16) 0.0673640819497
	(10,17) 0.000808475447536
	(10,18) 0.00239890477359
	(11,0) 0.0371809321258
	(11,1) 0.0536448672828
	(11,2) 0.103068674875
	(11,3) 0.040733227602
	(11,4) 0.0217144686506
	(11,5) 0.0881570730793
	(11,7) 0.0519664110054
	(11,8) 0.0381760622431
	(11,9) 0.0872284284148
	(11,10) 0.0372190165976
	(11,11) 0.00949809402968
	(11,12) 0.0103061467553
	(11,13) 0.119401573171
	(11,14) 0.00834543266073
	(11,15) 0.128133401326
	(11,16) 0.0740126993299
	(11,18) 0.0912134908511
	(12,1) 0.0342531749061
	(12,2) 0.0807892521696
	(12,4) 0.0179819260298
	(12,5) 0.0209311128721
	(12,6) 0.0661187759171
	(12,7) 0.203654497896
	(12,9) 0.0224005936162
	(12,10) 0.0501504990544
	(12,12) 0.0334688791033
	(12,14) 0.106448051489
	(12,15) 0.208135838945
	(12,16) 0.155667398001
	(13,0) 0.244104426419
	(13,3) 0.123692599661
	(13,4) 0.0552690166443
	(13,5) 0.0836850747664
	(13,6) 0.00906427080735
	(13,7) 0.211724861834
	(13,8) 0.0592375411176
	(13,9) 0.0484368380126
	(13,10) 0.00522339592341
	(13,11) 0.0644247833884
	(13,12) 0.00975233683742
	(13,16) 0.0358664254847
	(13,18) 0.0495184291043
T: (state,symbol,state) 
	(0,0,13) 1.0
	(0,1,13) 1.0
	(0,2,13) 1.0
	(0,3,13) 1.0
	(0,4,13) 1.0
	(0,5,13) 1.0
	(0,6,13) 1.0
	(0,7,13) 1.0
	(0,8,13) 1.0
	(0,9,13) 1.0
	(0,10,13) 1.0
	(0,11,13) 1.0
	(0,12,13) 1.0
	(0,13,13) 1.0
	(0,14,13) 1.0
	(0,15,13) 1.0
	(0,16,13) 1.0
	(0,17,13) 1.0
	(0,18,13) 1.0
	(1,0,7) 1.0
	(1,1,7) 1.0
	(1,2,7) 1.0
	(1,3,7) 1.0
	(1,4,7) 1.0
	(1,5,7) 1.0
	(1,6,7) 1.0
	(1,7,7) 1.0
	(1,8,7) 1.0
	(1,9,7) 1.0
	(1,10,7) 1.0
	(1,11,7) 1.0
	(1,12,7) 1.0
	(1,13,7) 1.0
	(1,14,7) 1.0
	(1,15,7) 1.0
	(1,16,7) 1.0
	(1,17,7) 1.0
	(1,18,7) 1.0
	(2,0,13) 1.0
	(2,1,13) 1.0
	(2,2,13) 1.0
	(2,3,13) 1.0
	(2,4,13) 1.0
	(2,5,13) 1.0
	(2,6,13) 1.0
	(2,7,13) 1.0
	(2,8,13) 1.0
	(2,9,13) 1.0
	(2,10,13) 1.0
	(2,11,13) 1.0
	(2,12,13) 1.0
	(2,13,13) 1.0
	(2,14,13) 1.0
	(2,15,13) 1.0
	(2,16,13) 1.0
	(2,17,13) 1.0
	(2,18,13) 1.0
	(3,0,5) 1.0
	(3,1,5) 1.0
	(3,2,5) 1.0
	(3,3,5) 1.0
	(3,4,5) 1.0
	(3,5,5) 1.0
	(3,6,5) 1.0
	(3,7,5) 1.0
	(3,8,5) 1.0
	(3,9,5) 1.0
	(3,10,5) 1.0
	(3,11,5) 1.0
	(3,12,5) 1.0
	(3,13,5) 1.0
	(3,14,5) 1.0
	(3,15,5) 1.0
	(3,16,5) 1.0
	(3,17,5) 1.0
	(3,18,5) 1.0
	(4,0,3) 1.0
	(4,1,3) 1.0
	(4,2,3) 1.0
	(4,3,3) 1.0
	(4,4,3) 1.0
	(4,5,3) 1.0
	(4,6,3) 1.0
	(4,7,3) 1.0
	(4,8,3) 1.0
	(4,9,3) 1.0
	(4,10,3) 1.0
	(4,11,3) 1.0
	(4,12,3) 1.0
	(4,13,3) 1.0
	(4,14,3) 1.0
	(4,15,3) 1.0
	(4,16,3) 1.0
	(4,17,3) 1.0
	(4,18,3) 1.0
	(5,0,6) 0.573190249667
	(5,0,7) 0.394393469107
	(5,0,8) 0.0324162812253
	(5,1,6) 0.573190249667
	(5,1,7) 0.394393469107
	(5,1,8) 0.0324162812253
	(5,2,6) 0.573190249667
	(5,2,7) 0.394393469107
	(5,2,8) 0.0324162812253
	(5,3,6) 0.573190249667
	(5,3,7) 0.394393469107
	(5,3,8) 0.0324162812253
	(5,4,6) 0.573190249667
	(5,4,7) 0.394393469107
	(5,4,8) 0.0324162812253
	(5,5,6) 0.573190249667
	(5,5,7) 0.394393469107
	(5,5,8) 0.0324162812253
	(5,6,6) 0.573190249667
	(5,6,7) 0.394393469107
	(5,6,8) 0.0324162812253
	(5,7,6) 0.573190249667
	(5,7,7) 0.394393469107
	(5,7,8) 0.0324162812253
	(5,8,6) 0.573190249667
	(5,8,7) 0.394393469107
	(5,8,8) 0.0324162812253
	(5,9,6) 0.573190249667
	(5,9,7) 0.394393469107
	(5,9,8) 0.0324162812253
	(5,10,6) 0.573190249667
	(5,10,7) 0.394393469107
	(5,10,8) 0.0324162812253
	(5,11,6) 0.573190249667
	(5,11,7) 0.394393469107
	(5,11,8) 0.0324162812253
	(5,12,6) 0.573190249667
	(5,12,7) 0.394393469107
	(5,12,8) 0.0324162812253
	(5,13,6) 0.573190249667
	(5,13,7) 0.394393469107
	(5,13,8) 0.0324162812253
	(5,14,6) 0.573190249667
	(5,14,7) 0.394393469107
	(5,14,8) 0.0324162812253
	(5,15,6) 0.573190249667
	(5,15,7) 0.394393469107
	(5,15,8) 0.0324162812253
	(5,16,6) 0.573190249667
	(5,16,7) 0.394393469107
	(5,16,8) 0.0324162812253
	(5,17,6) 0.573190249667
	(5,17,7) 0.394393469107
	(5,17,8) 0.0324162812253
	(5,18,6) 0.573190249667
	(5,18,7) 0.394393469107
	(5,18,8) 0.0324162812253
	(6,0,9) 1.0
	(6,1,9) 1.0
	(6,2,9) 1.0
	(6,3,9) 1.0
	(6,4,9) 1.0
	(6,5,9) 1.0
	(6,6,9) 1.0
	(6,7,9) 1.0
	(6,8,9) 1.0
	(6,9,9) 1.0
	(6,10,9) 1.0
	(6,11,9) 1.0
	(6,12,9) 1.0
	(6,13,9) 1.0
	(6,14,9) 1.0
	(6,15,9) 1.0
	(6,16,9) 1.0
	(6,17,9) 1.0
	(6,18,9) 1.0
	(7,0,2) 1.0
	(7,1,2) 1.0
	(7,2,2) 1.0
	(7,3,2) 1.0
	(7,4,2) 1.0
	(7,5,2) 1.0
	(7,6,2) 1.0
	(7,7,2) 1.0
	(7,8,2) 1.0
	(7,9,2) 1.0
	(7,10,2) 1.0
	(7,11,2) 1.0
	(7,12,2) 1.0
	(7,13,2) 1.0
	(7,14,2) 1.0
	(7,15,2) 1.0
	(7,16,2) 1.0
	(7,17,2) 1.0
	(7,18,2) 1.0
	(8,0,8) 1.0
	(8,1,8) 1.0
	(8,2,8) 1.0
	(8,3,8) 1.0
	(8,4,8) 1.0
	(8,5,8) 1.0
	(8,6,8) 1.0
	(8,7,8) 1.0
	(8,8,8) 1.0
	(8,9,8) 1.0
	(8,10,8) 1.0
	(8,11,8) 1.0
	(8,12,8) 1.0
	(8,13,8) 1.0
	(8,14,8) 1.0
	(8,15,8) 1.0
	(8,16,8) 1.0
	(8,17,8) 1.0
	(8,18,8) 1.0
	(9,0,13) 1.0
	(9,1,13) 1.0
	(9,2,13) 1.0
	(9,3,13) 1.0
	(9,4,13) 1.0
	(9,5,13) 1.0
	(9,6,13) 1.0
	(9,7,13) 1.0
	(9,8,13) 1.0
	(9,9,13) 1.0
	(9,10,13) 1.0
	(9,11,13) 1.0
	(9,12,13) 1.0
	(9,13,13) 1.0
	(9,14,13) 1.0
	(9,15,13) 1.0
	(9,16,13) 1.0
	(9,17,13) 1.0
	(9,18,13) 1.0
	(10,0,6) 1.0
	(10,1,6) 1.0
	(10,2,6) 1.0
	(10,3,6) 1.0
	(10,4,6) 1.0
	(10,5,6) 1.0
	(10,6,6) 1.0
	(10,7,6) 1.0
	(10,8,6) 1.0
	(10,9,6) 1.0
	(10,10,6) 1.0
	(10,11,6) 1.0
	(10,12,6) 1.0
	(10,13,6) 1.0
	(10,14,6) 1.0
	(10,15,6) 1.0
	(10,16,6) 1.0
	(10,17,6) 1.0
	(10,18,6) 1.0
	(11,0,5) 0.529944950514
	(11,0,9) 0.470055049486
	(11,1,5) 0.529944950514
	(11,1,9) 0.470055049486
	(11,2,5) 0.529944950514
	(11,2,9) 0.470055049486
	(11,3,5) 0.529944950514
	(11,3,9) 0.470055049486
	(11,4,5) 0.529944950514
	(11,4,9) 0.470055049486
	(11,5,5) 0.529944950514
	(11,5,9) 0.470055049486
	(11,6,5) 0.529944950514
	(11,6,9) 0.470055049486
	(11,7,5) 0.529944950514
	(11,7,9) 0.470055049486
	(11,8,5) 0.529944950514
	(11,8,9) 0.470055049486
	(11,9,5) 0.529944950514
	(11,9,9) 0.470055049486
	(11,10,5) 0.529944950514
	(11,10,9) 0.470055049486
	(11,11,5) 0.529944950514
	(11,11,9) 0.470055049486
	(11,12,5) 0.529944950514
	(11,12,9) 0.470055049486
	(11,13,5) 0.529944950514
	(11,13,9) 0.470055049486
	(11,14,5) 0.529944950514
	(11,14,9) 0.470055049486
	(11,15,5) 0.529944950514
	(11,15,9) 0.470055049486
	(11,16,5) 0.529944950514
	(11,16,9) 0.470055049486
	(11,17,5) 0.529944950514
	(11,17,9) 0.470055049486
	(11,18,5) 0.529944950514
	(11,18,9) 0.470055049486
	(12,0,11) 1.0
	(12,1,11) 1.0
	(12,2,11) 1.0
	(12,3,11) 1.0
	(12,4,11) 1.0
	(12,5,11) 1.0
	(12,6,11) 1.0
	(12,7,11) 1.0
	(12,8,11) 1.0
	(12,9,11) 1.0
	(12,10,11) 1.0
	(12,11,11) 1.0
	(12,12,11) 1.0
	(12,13,11) 1.0
	(12,14,11) 1.0
	(12,15,11) 1.0
	(12,16,11) 1.0
	(12,17,11) 1.0
	(12,18,11) 1.0
	(13,0,9) 1.0
	(13,1,9) 1.0
	(13,2,9) 1.0
	(13,3,9) 1.0
	(13,4,9) 1.0
	(13,5,9) 1.0
	(13,6,9) 1.0
	(13,7,9) 1.0
	(13,8,9) 1.0
	(13,9,9) 1.0
	(13,10,9) 1.0
	(13,11,9) 1.0
	(13,12,9) 1.0
	(13,13,9) 1.0
	(13,14,9) 1.0
	(13,15,9) 1.0
	(13,16,9) 1.0
	(13,17,9) 1.0
	(13,18,9) 1.0
