I: (state)
	(14) 1.0
F: (state)
	(2) 0.214490525583
	(4) 0.0852895425724
	(5) 0.0323380008165
	(8) 0.0244046192826
	(11) 0.0987644698872
	(13) 0.0138350404945
	(16) 0.0287186358662
	(17) 0.199877970753
	(18) 0.208839793186
S: (state,symbol) 
	(0,4) 0.0154119809122
	(0,7) 0.0609021332261
	(0,8) 0.265572961953
	(0,10) 0.0125644939573
	(0,14) 0.16285471406
	(0,17) 0.0173051807357
	(0,18) 0.0185428888375
	(0,20) 0.190239638867
	(0,22) 0.256606007452
	(1,0) 0.117739220726
	(1,1) 0.00137314766286
	(1,7) 0.118946047419
	(1,9) 0.103603896447
	(1,11) 0.322139871495
	(1,13) 0.183432538318
	(1,15) 0.0029238922888
	(1,16) 0.0705052998956
	(1,21) 0.0793360857471
	(2,3) 0.0110571967076
	(2,10) 0.0119234241363
	(2,12) 0.0844579878935
	(2,15) 0.168500206607
	(2,16) 0.332335621832
	(2,19) 0.262665356551
	(2,20) 0.0727568566581
	(2,21) 0.00568069720917
	(2,22) 0.0506226524058
	(3,1) 0.0646702352889
	(3,2) 0.0280779259741
	(3,5) 0.122639136026
	(3,6) 0.322389713826
	(3,7) 0.0287803602764
	(3,8) 0.034243462995
	(3,11) 0.162319742199
	(3,12) 0.016671486287
	(3,15) 0.024962372084
	(3,17) 0.0462786580054
	(3,18) 0.0187566452475
	(3,20) 0.0788963762549
	(3,21) 0.00234034924307
	(3,22) 0.0489735362926
	(4,0) 0.163002203093
	(4,1) 0.0240150967321
	(4,3) 0.0977827495372
	(4,4) 0.0156426033804
	(4,11) 0.0695269236828
	(4,14) 0.0610194565866
	(4,17) 0.00779248261567
	(4,19) 0.458547343722
	(4,20) 0.10267114065
	(5,0) 0.0239354183648
	(5,2) 0.180427352941
	(5,5) 0.0251230317277
	(5,7) 0.273991631202
	(5,8) 0.0178033705871
	(5,12) 0.0238771584838
	(5,13) 0.0884207355564
	(5,14) 0.0238539928651
	(5,15) 0.0117125888527
	(5,16) 0.101198587853
	(5,18) 0.101549750322
	(5,19) 0.0142123597956
	(5,20) 0.00314054679427
	(5,21) 0.110753474655
	(6,4) 0.125557546605
	(6,6) 0.0370491529072
	(6,7) 0.0942350458205
	(6,9) 0.0773643906133
	(6,11) 0.028463240152
	(6,14) 0.08804240852
	(6,15) 0.0176647727769
	(6,17) 0.263671250953
	(6,18) 0.0769124026729
	(6,21) 0.0490091176142
	(6,22) 0.142030671366
	(7,1) 0.0151570698257
	(7,2) 0.0085158102849
	(7,4) 0.381011821038
	(7,5) 0.122188792662
	(7,10) 0.114560356556
	(7,12) 0.0946339457877
	(7,13) 0.0865474321448
	(7,14) 0.00237310182238
	(7,17) 0.0383868055905
	(7,18) 0.0212248133991
	(7,21) 0.115400050889
	(8,1) 0.0489842309857
	(8,5) 0.0353193464532
	(8,6) 0.0259441677878
	(8,7) 0.0406094568397
	(8,8) 0.0148240698681
	(8,13) 0.0485893491957
	(8,18) 0.222277102346
	(8,19) 0.229854623009
	(8,20) 0.292641099957
	(8,21) 0.0409565535574
	(9,4) 0.0895606290698
	(9,7) 0.323536408513
	(9,8) 0.302921343324
	(9,15) 0.0128397651382
	(9,16) 0.0854547214586
	(9,20) 0.0226748787383
	(9,22) 0.163012253759
	(10,2) 0.0680310311641
	(10,7) 0.196911322987
	(10,8) 0.0785168268657
	(10,10) 0.230116842289
	(10,13) 0.0533313538541
	(10,15) 0.036814004619
	(10,17) 0.08073999969
	(10,18) 0.164917940239
	(10,19) 0.0375043395622
	(10,20) 0.0531163387301
	(11,1) 0.159069244265
	(11,3) 0.232240938279
	(11,4) 0.22262770925
	(11,7) 0.101176156543
	(11,9) 0.0697970670526
	(11,11) 0.0375722621339
	(11,15) 0.170913047243
	(11,22) 0.00660357523287
	(12,0) 0.0226248653693
	(12,1) 0.0872398751063
	(12,2) 0.156668381361
	(12,3) 0.00129324788619
	(12,5) 0.0543561009374
	(12,6) 0.0736716901098
	(12,7) 0.0914702050453
	(12,9) 0.00849334807514
	(12,10) 0.0778481055266
	(12,12) 0.148451445824
	(12,14) 0.090281617256
	(12,17) 0.0695478758127
	(12,21) 0.108545521491
	(12,22) 0.00950772019913
	(13,4) 0.0600298620501
	(13,5) 0.0436661741548
	(13,6) 0.0684038971805
	(13,7) 0.156907426772
	(13,8) 0.0213658911108
	(13,11) 0.036809581926
	(13,13) 0.272199446542
	(13,14) 0.0148652643831
	(13,16) 0.113237827793
	(13,18) 0.141745285244
	(13,20) 0.0707693428437
	(14,0) 0.0297421324374
	(14,1) 0.124002130998
	(14,4) 0.28312251089
	(14,5) 0.0030002566262
	(14,6) 0.0619580676558
	(14,7) 0.00866410653723
	(14,8) 0.016568810594
	(14,10) 0.00210868375582
	(14,12) 0.0352849417714
	(14,14) 0.0552863166659
	(14,16) 0.00409732644746
	(14,17) 0.00543219253153
	(14,19) 0.0243330306234
	(14,20) 0.017820072117
	(14,21) 0.203434864257
	(14,22) 0.125144556092
	(15,0) 0.0345680882642
	(15,8) 0.154752355831
	(15,9) 0.0237979424377
	(15,10) 0.274347634233
	(15,11) 0.065714035185
	(15,13) 0.0441232507742
	(15,14) 0.105552585313
	(15,16) 0.24723516723
	(15,17) 0.00590799666907
	(15,21) 0.0440009440631
	(16,0) 0.019691807113
	(16,1) 0.198141812074
	(16,3) 0.0331652565729
	(16,5) 0.0114470060092
	(16,6) 0.110687434844
	(16,7) 0.014426048643
	(16,8) 0.0312239932637
	(16,10) 0.0103772296941
	(16,11) 0.0110851588039
	(16,12) 0.12683064992
	(16,13) 0.0569834717928
	(16,14) 0.0657506333865
	(16,15) 0.00848844964648
	(16,16) 0.0540175104118
	(16,17) 0.139512477097
	(16,18) 0.00193905082878
	(16,19) 0.0335326348465
	(16,20) 0.010405626462
	(16,22) 0.0622937485902
	(17,2) 0.137864256499
	(17,9) 0.0378933996787
	(17,14) 0.495771226007
	(17,16) 0.0471638063594
	(17,20) 0.192998380065
	(17,21) 0.0883089313907
	(18,2) 0.0164064967423
	(18,4) 0.0476096972209
	(18,5) 0.0192137436948
	(18,8) 0.0412504792294
	(18,9) 0.0138944896195
	(18,11) 0.047031380189
	(18,12) 0.110239129497
	(18,13) 0.143327492819
	(18,14) 0.0395571815085
	(18,15) 0.0553460704328
	(18,16) 0.0443543553584
	(18,17) 0.012898822459
	(18,19) 0.0102534892097
	(18,20) 0.265357363085
	(18,21) 0.133259808935
T: (state,symbol,state) 
	(0,4,9) 0.650068459202
	(0,4,13) 0.349931540798
	(0,7,13) 0.0472331624181
	(0,7,15) 0.952766837582
	(0,8,17) 1.0
	(0,10,0) 0.13104594188
	(0,10,12) 0.86895405812
	(0,14,6) 1.0
	(0,17,5) 1.0
	(0,18,0) 1.0
	(0,20,8) 1.0
	(0,22,1) 0.318956142859
	(0,22,14) 0.61847654702
	(0,22,15) 0.0625673101206
	(1,0,4) 0.117922053939
	(1,0,13) 0.401032816727
	(1,0,17) 0.481045129334
	(1,1,1) 0.0416034537486
	(1,1,18) 0.958396546251
	(1,7,1) 0.161962707647
	(1,7,5) 0.337740561383
	(1,7,7) 0.50029673097
	(1,9,18) 1.0
	(1,11,13) 1.0
	(1,13,1) 0.746873380478
	(1,13,3) 0.253126619522
	(1,15,10) 1.0
	(1,16,3) 1.0
	(1,21,5) 0.864884541885
	(1,21,6) 0.135115458115
	(2,3,2) 0.245858547713
	(2,3,7) 0.0606507265668
	(2,3,11) 0.69349072572
	(2,10,0) 0.65811786129
	(2,10,3) 0.34188213871
	(2,12,10) 1.0
	(2,15,0) 0.090663442149
	(2,15,5) 0.270606590041
	(2,15,8) 0.63872996781
	(2,16,5) 0.305945533699
	(2,16,9) 0.694054466301
	(2,19,5) 0.449163637546
	(2,19,10) 0.436264475178
	(2,19,12) 0.114571887276
	(2,20,8) 1.0
	(2,21,4) 0.33625717468
	(2,21,14) 0.66374282532
	(2,22,0) 0.557486042674
	(2,22,8) 0.329229299814
	(2,22,11) 0.113284657513
	(3,1,3) 0.485893167557
	(3,1,5) 0.514106832443
	(3,2,13) 0.606231659024
	(3,2,17) 0.393768340976
	(3,5,12) 1.0
	(3,6,18) 1.0
	(3,7,9) 0.97115123164
	(3,7,18) 0.02884876836
	(3,8,2) 1.0
	(3,11,5) 0.847358192985
	(3,11,18) 0.152641807015
	(3,12,1) 0.205466585111
	(3,12,9) 0.132446156002
	(3,12,11) 0.36399808299
	(3,12,12) 0.298089175897
	(3,15,10) 0.258867966921
	(3,15,12) 0.741132033079
	(3,17,7) 1.0
	(3,18,9) 0.33564988349
	(3,18,16) 0.66435011651
	(3,20,14) 1.0
	(3,21,7) 1.0
	(3,22,14) 1.0
	(4,0,0) 0.816768523215
	(4,0,8) 0.183231476785
	(4,1,12) 1.0
	(4,3,2) 0.0231692563187
	(4,3,11) 0.478750988399
	(4,3,12) 0.0694052223918
	(4,3,14) 0.42867453289
	(4,4,4) 1.0
	(4,11,9) 0.0321435947231
	(4,11,11) 0.201157479857
	(4,11,16) 0.76669892542
	(4,14,6) 1.0
	(4,17,8) 1.0
	(4,19,3) 0.6634441306
	(4,19,5) 0.3365558694
	(4,20,3) 1.0
	(5,0,17) 1.0
	(5,2,1) 0.399735342153
	(5,2,17) 0.600264657847
	(5,5,14) 0.175075225874
	(5,5,15) 0.824924774126
	(5,7,0) 0.81123827338
	(5,7,4) 0.18876172662
	(5,8,15) 1.0
	(5,12,2) 0.445577613198
	(5,12,8) 0.140025518685
	(5,12,18) 0.414396868117
	(5,13,10) 0.41678698543
	(5,13,12) 0.58321301457
	(5,14,2) 1.0
	(5,15,3) 1.0
	(5,16,5) 0.1305889586
	(5,16,8) 0.676103395774
	(5,16,12) 0.193307645626
	(5,18,10) 1.0
	(5,19,8) 0.523484409629
	(5,19,14) 0.476515590371
	(5,20,7) 0.155751341552
	(5,20,15) 0.844248658448
	(5,21,6) 0.0442977006005
	(5,21,11) 0.9557022994
	(6,4,13) 0.807110377751
	(6,4,15) 0.192889622249
	(6,6,0) 0.32420735173
	(6,6,7) 0.67579264827
	(6,7,18) 1.0
	(6,9,4) 0.958539165654
	(6,9,5) 0.0414608343464
	(6,11,6) 1.0
	(6,14,8) 1.0
	(6,15,8) 0.471071501207
	(6,15,10) 0.528928498793
	(6,17,2) 0.481787695573
	(6,17,4) 0.518212304427
	(6,18,0) 0.0631010536155
	(6,18,1) 0.34454721044
	(6,18,8) 0.57259760981
	(6,18,16) 0.0197541261342
	(6,21,10) 1.0
	(6,22,2) 1.0
	(7,1,17) 1.0
	(7,2,3) 0.665970809471
	(7,2,4) 0.101966920568
	(7,2,18) 0.23206226996
	(7,4,1) 1.0
	(7,5,1) 0.0383175868192
	(7,5,13) 0.961682413181
	(7,10,13) 0.823537666117
	(7,10,15) 0.176462333883
	(7,12,6) 0.829900281603
	(7,12,16) 0.170099718397
	(7,13,2) 1.0
	(7,14,4) 0.911208939523
	(7,14,16) 0.0887910604769
	(7,17,17) 1.0
	(7,18,11) 1.0
	(7,21,16) 1.0
	(8,1,5) 0.603260815435
	(8,1,8) 0.396739184565
	(8,5,7) 1.0
	(8,6,1) 1.0
	(8,7,15) 0.473944603418
	(8,7,18) 0.526055396582
	(8,8,1) 1.0
	(8,13,4) 0.22839559881
	(8,13,7) 0.77160440119
	(8,18,3) 1.0
	(8,19,7) 1.0
	(8,20,16) 1.0
	(8,21,14) 1.0
	(9,4,5) 1.0
	(9,7,2) 1.0
	(9,8,3) 0.0164040991359
	(9,8,12) 0.942806677437
	(9,8,14) 0.0407892234266
	(9,15,9) 1.0
	(9,16,7) 0.356109241793
	(9,16,13) 0.378679857212
	(9,16,17) 0.265210900995
	(9,20,13) 0.968879548672
	(9,20,17) 0.0311204513278
	(9,22,16) 1.0
	(10,2,3) 0.107100775576
	(10,2,5) 0.720150552622
	(10,2,12) 0.172748671801
	(10,7,2) 0.517619721769
	(10,7,8) 0.457957658285
	(10,7,18) 0.0244226199453
	(10,8,4) 1.0
	(10,10,0) 1.0
	(10,13,2) 0.293955045234
	(10,13,4) 0.706044954766
	(10,15,7) 0.576440848119
	(10,15,9) 0.418197930963
	(10,15,18) 0.00536122091815
	(10,17,4) 0.153923772666
	(10,17,16) 0.846076227334
	(10,18,12) 0.628653335805
	(10,18,14) 0.371346664195
	(10,19,9) 1.0
	(10,20,14) 0.516857703912
	(10,20,16) 0.483142296088
	(11,1,10) 1.0
	(11,3,0) 0.77168137844
	(11,3,11) 0.22831862156
	(11,4,18) 1.0
	(11,7,4) 0.0841463225755
	(11,7,18) 0.915853677424
	(11,9,8) 0.115912951187
	(11,9,10) 0.148525636581
	(11,9,18) 0.735561412232
	(11,11,2) 0.158396962412
	(11,11,6) 0.200565328949
	(11,11,11) 0.0593572621184
	(11,11,16) 0.581680446521
	(11,15,14) 1.0
	(11,22,1) 0.265188712527
	(11,22,4) 0.289519453419
	(11,22,12) 0.0558409336333
	(11,22,16) 0.389450900421
	(12,0,13) 1.0
	(12,1,2) 0.440827953717
	(12,1,4) 0.0693640195737
	(12,1,6) 0.489808026709
	(12,2,3) 0.0941709159304
	(12,2,6) 0.270127357511
	(12,2,9) 0.534480709844
	(12,2,10) 0.101221016715
	(12,3,0) 0.0407176118024
	(12,3,1) 0.583733910544
	(12,3,5) 0.16011709936
	(12,3,11) 0.113714824959
	(12,3,13) 0.101716553335
	(12,5,11) 1.0
	(12,6,7) 0.343150998599
	(12,6,12) 0.656849001401
	(12,7,3) 0.167859432218
	(12,7,11) 0.832140567782
	(12,9,3) 0.0906289986034
	(12,9,11) 0.250508544036
	(12,9,16) 0.362762499015
	(12,9,17) 0.296099958346
	(12,10,14) 0.00462056573987
	(12,10,16) 0.366282282992
	(12,10,17) 0.629097151268
	(12,12,4) 0.0890273994958
	(12,12,17) 0.910972600504
	(12,14,18) 1.0
	(12,17,3) 0.230771780452
	(12,17,13) 0.339870800055
	(12,17,17) 0.429357419493
	(12,21,0) 1.0
	(12,22,4) 0.247800942222
	(12,22,7) 0.215591325265
	(12,22,12) 0.536607732513
	(13,4,1) 0.812611083224
	(13,4,6) 0.187388916776
	(13,5,14) 1.0
	(13,6,3) 0.266302252822
	(13,6,9) 0.733697747178
	(13,7,17) 0.300468976592
	(13,7,18) 0.699531023408
	(13,8,2) 0.991504678632
	(13,8,17) 0.00849532136845
	(13,11,14) 1.0
	(13,13,6) 0.495920465122
	(13,13,14) 0.0404234056546
	(13,13,15) 0.463656129224
	(13,14,9) 1.0
	(13,16,14) 1.0
	(13,18,0) 0.712968989485
	(13,18,12) 0.287031010515
	(13,20,13) 1.0
	(14,0,8) 0.59592482103
	(14,0,12) 0.40407517897
	(14,1,9) 0.1645753921
	(14,1,10) 0.8354246079
	(14,4,0) 0.0875004245166
	(14,4,2) 0.582341699969
	(14,4,9) 0.330157875514
	(14,5,6) 0.246315127172
	(14,5,16) 0.305229163854
	(14,5,17) 0.448455708974
	(14,6,13) 1.0
	(14,7,6) 0.188535278843
	(14,7,17) 0.811464721157
	(14,8,2) 0.368026971882
	(14,8,3) 0.0644576115837
	(14,8,5) 0.475480939734
	(14,8,12) 0.0920344768013
	(14,10,2) 0.134229464511
	(14,10,5) 0.0597757616032
	(14,10,8) 0.805994773885
	(14,12,2) 0.563769670782
	(14,12,15) 0.436230329218
	(14,14,2) 0.635184484919
	(14,14,16) 0.364815515081
	(14,16,0) 0.929426753922
	(14,16,1) 0.0705732460781
	(14,17,4) 0.973112481996
	(14,17,18) 0.0268875180044
	(14,19,9) 0.0951319518122
	(14,19,10) 0.904868048188
	(14,20,5) 1.0
	(14,21,2) 0.971811118894
	(14,21,3) 0.00183353352751
	(14,21,4) 0.0263553475789
	(14,22,2) 1.0
	(15,0,3) 0.12533706735
	(15,0,10) 0.226481797084
	(15,0,14) 0.648181135567
	(15,8,5) 1.0
	(15,9,6) 0.5495374277
	(15,9,8) 0.4504625723
	(15,10,0) 0.937726633525
	(15,10,5) 0.062273366475
	(15,11,9) 0.679615005419
	(15,11,10) 0.308485144661
	(15,11,12) 0.0118998499192
	(15,13,0) 0.190294351884
	(15,13,10) 0.809705648116
	(15,14,2) 1.0
	(15,16,10) 1.0
	(15,17,17) 0.367932872347
	(15,17,18) 0.632067127653
	(15,21,18) 1.0
	(16,0,16) 0.477454146391
	(16,0,18) 0.522545853609
	(16,1,15) 1.0
	(16,3,2) 0.193685178354
	(16,3,9) 0.32084978988
	(16,3,10) 0.24665843734
	(16,3,16) 0.0778370962949
	(16,3,18) 0.160969498132
	(16,5,7) 0.0431923094653
	(16,5,8) 0.956807690535
	(16,6,14) 1.0
	(16,7,7) 1.0
	(16,8,1) 0.0870364675382
	(16,8,4) 0.472073936125
	(16,8,12) 0.440889596337
	(16,10,18) 1.0
	(16,11,17) 1.0
	(16,12,16) 0.634538734565
	(16,12,17) 0.365461265435
	(16,13,18) 1.0
	(16,14,1) 1.0
	(16,15,3) 1.0
	(16,16,2) 0.0770946907224
	(16,16,14) 0.922905309278
	(16,17,1) 0.737672413487
	(16,17,15) 0.262327586513
	(16,18,8) 1.0
	(16,19,11) 0.369686450791
	(16,19,13) 0.0650712539433
	(16,19,15) 0.565242295266
	(16,20,14) 1.0
	(16,22,3) 0.0394299398174
	(16,22,16) 0.960570060183
	(17,2,1) 0.687413600713
	(17,2,16) 0.0772937562165
	(17,2,17) 0.23529264307
	(17,9,10) 0.0331733533957
	(17,9,14) 0.966826646604
	(17,14,7) 0.657593714049
	(17,14,17) 0.342406285951
	(17,16,4) 0.654701637589
	(17,16,5) 0.345298362411
	(17,20,7) 0.481505359337
	(17,20,8) 0.518494640663
	(17,21,6) 0.811540974883
	(17,21,9) 0.188459025117
	(18,2,8) 0.128403138771
	(18,2,12) 0.838315500916
	(18,2,16) 0.0332813603132
	(18,4,5) 0.393101539529
	(18,4,9) 0.606898460471
	(18,5,17) 1.0
	(18,8,6) 0.675203231961
	(18,8,14) 0.324796768039
	(18,9,10) 1.0
	(18,11,13) 0.135047568589
	(18,11,14) 0.864952431411
	(18,12,3) 0.972020159759
	(18,12,16) 0.0279798402408
	(18,13,8) 0.880675141518
	(18,13,11) 0.11810704269
	(18,13,15) 0.00121781579255
	(18,14,6) 0.548157623244
	(18,14,16) 0.451842376756
	(18,15,13) 1.0
	(18,16,1) 0.81837813465
	(18,16,14) 0.18162186535
	(18,17,13) 1.0
	(18,19,0) 0.461303895492
	(18,19,11) 0.538696104508
	(18,20,7) 0.325624768713
	(18,20,12) 0.674375231287
	(18,21,15) 1.0
