1000
1.84412139154e-31
0.226490856892
0.27451364275
2.3465280651e-31
1.30068578688e-16
9.62644016235e-17
8.68582396702e-46
7.00304576151e-80
1.60412593403e-41
1.68713667557e-32
4.46992345101e-49
1.53778298131e-36
1.44876925733e-40
1.98066428086e-07
7.82857404864e-11
4.24450712702e-15
1.7384491971e-52
7.39750651396e-33
4.70875207638e-41
2.58753448928e-06
0.000650590727406
1.33067516325e-41
4.31828441028e-44
2.91347111066e-15
2.04726354663e-40
0.00216731689773
4.05628446996e-14
1.61748490695e-14
1.55150582823e-36
1.97064685577e-30
1.50763521078e-63
2.41392196628e-07
9.43253681879e-32
0.171913643937
5.53157519528e-08
1.12196609406e-50
3.94080896002e-19
8.19625019082e-07
1.03848547933e-17
1.71652757556e-05
2.74724734714e-20
2.41305409441e-21
1.24679884556e-13
0.000843910759565
6.67018946202e-16
6.9973412267e-25
4.13535766516e-05
4.62981825026e-08
4.36907878672e-69
5.93183516239e-05
9.10891588898e-48
8.75113924674e-73
1.24811823792e-08
1.09449451713e-05
1.21073216342e-32
4.97189609384e-10
2.29633709334e-06
5.91278237118e-06
1.12496657315e-13
2.13250244349e-22
2.43335074115e-07
0.00016373773901
0.00133290027675
8.15452897057e-25
9.75967031854e-09
3.02295846172e-05
3.84012185636e-12
1.24990719995e-21
5.56159132511e-08
6.48982535978e-13
0.00179231938277
6.03201549318e-18
1.73421821572e-12
8.84242342444e-16
7.62904571681e-27
9.43827528383e-14
3.70555299499e-27
6.36312537694e-30
0.000172340632593
9.06532628718e-26
0.00109154426072
0.00137232828061
4.35669185061e-13
2.11873248201e-36
7.61087040692e-22
2.82906398685e-09
0.0257016171199
3.4681771138e-18
8.85780930995e-16
6.53299100704e-15
7.83223014669e-16
5.28152374977e-08
1.34606766459e-11
4.34000317024e-05
1.17627802822e-13
1.79044024039e-22
1.6578304221e-38
0.000227829334363
4.71598137863e-36
3.99005230683e-35
3.24757389376e-29
0.0415512037736
5.11163897911e-29
1.08949159957e-10
2.95082579577e-20
2.08083082033e-24
2.1074818391e-38
5.74938544495e-29
1.32183899601e-09
3.29132325943e-30
1.28741624624e-09
3.37338195334e-75
3.47269874687e-25
1.19685387043e-29
5.31685439398e-37
1.42423152528e-16
5.33871409242e-49
7.67478173309e-42
0.0163519375692
8.05079141156e-29
4.55880041844e-19
2.32564431619e-69
0.000221977676815
4.07199316578e-41
3.59198788827e-22
6.05444864296e-05
5.12255792183e-36
2.39175967911e-27
2.155272786e-16
5.02272235627e-35
9.34058650564e-13
1.59234732126e-23
3.23239106993e-24
0.0100082839278
9.41937001032e-14
3.56697613547e-06
9.5746514267e-09
0.00308287221289
6.12156725396e-06
1.33662757439e-18
3.3305963648e-12
0.000852754195374
1.41232266633e-52
2.18933157599e-12
5.56539941213e-18
4.25624951388e-08
1.30006892138e-06
4.92534741943e-16
1.03971066188e-21
4.99710181281e-32
7.99785844769e-05
4.61420617955e-61
8.05348051353e-103
3.72239922677e-10
0.000190778511944
0.000155064611519
1.67277074172e-60
3.46000472803e-50
2.48039223678e-15
4.09689428628e-13
4.85658997064e-20
0.0519507111599
1.70046958188e-14
9.46312561932e-12
1.70616539788e-25
5.84445928057e-12
1.2413537219e-30
6.12064144475e-18
3.48533455285e-15
5.25281263169e-46
1.84254980596e-64
1.37109354377e-17
6.68512734624e-18
8.86378021003e-17
6.47495184335e-07
1.84112028835e-17
1.19170800547e-22
0.00145123295556
3.91779013873e-20
1.80816166331e-18
1.06723885091e-31
8.98216973429e-08
8.56033500242e-23
3.71707969563e-05
5.68318195783e-48
1.91804922924e-10
0.00484768434891
6.58058042428e-41
4.55423928303e-25
6.99420696741e-10
7.84115721456e-10
2.53118094193e-09
8.54015584794e-18
2.03013698458e-21
1.1919902113e-27
1.42202175527e-08
1.35265934766e-19
3.56975303605e-22
1.70023693421e-18
0.000363840151587
3.33670293382e-07
5.6029850413e-10
0.000624859669843
2.79730219806e-66
6.83144558625e-36
0.000927059450297
1.22427547984e-11
5.67368077937e-05
2.86809119515e-07
8.96824952392e-31
3.72319285712e-07
2.34286898355e-11
3.02712570396e-12
2.4216216913e-16
0.000356319615899
7.92015370137e-14
3.58281451329e-62
4.07460181085e-10
1.20869791365e-66
2.43966359143e-68
2.12197125629e-111
4.32536084758e-19
5.62803731113e-61
1.87866395761e-13
1.0919670995e-36
4.42988335577e-06
0.000150734435716
0.000856890934112
6.53578804291e-31
1.55515061525e-09
1.95953282891e-36
4.37021314297e-85
4.58691109521e-05
0.00134093720712
7.03646867053e-07
1.38396239576e-18
1.53835484652e-07
7.09658768722e-68
9.86547028768e-06
3.70177700931e-23
2.38451229795e-10
9.54582213606e-10
2.83665085685e-37
4.45182670374e-69
2.83048821566e-07
0.000356084373939
0.000489243300373
0.000128147751461
7.36068918473e-28
5.57238082211e-11
5.88525502182e-27
4.54137456875e-16
4.54259719236e-09
0.000509400059508
1.43733471734e-20
0.000238800452283
2.49216444802e-31
4.49549274339e-20
3.72167020338e-52
1.74369464743e-58
2.2853049049e-13
2.42069955435e-23
0.00395138597737
3.61803514765e-15
1.57978109168e-23
2.41793009241e-51
0.000101748684627
6.29970983844e-07
1.34348283919e-19
0.000132339633705
1.5741859899e-21
7.98673229008e-21
7.41870407962e-05
5.80092185262e-09
7.94347667782e-09
5.81013282373e-21
9.1296917551e-14
6.27262448983e-10
0.00209925769508
1.23350477863e-07
4.49968175097e-65
4.64309397166e-44
1.37255658183e-21
8.80541694554e-43
7.14484373966e-12
8.57651295804e-14
1.18107101643e-55
0.00570722643512
6.25610397701e-29
7.71669311643e-61
8.014456614e-67
2.46540537308e-20
0.00444309099394
8.73087732464e-13
1.28423533289e-19
8.61439297578e-36
2.10558341566e-20
1.07340106811e-15
1.08912689389e-14
1.00387953876e-14
5.13032552532e-38
1.93453628557e-16
3.9897622395e-22
0.00255851720338
3.77036915854e-27
2.13599425704e-10
5.56607173753e-31
1.38646911362e-33
6.82736834537e-32
5.85835219094e-16
8.75644512788e-09
0.000562832804457
0.00118945853601
2.53425488342e-86
2.61834682354e-27
1.36701621247e-40
1.11708828359e-13
1.36655083562e-36
5.64446789938e-15
1.17996652688e-21
4.19905305367e-06
2.41458363114e-27
1.14209354631e-21
9.19288016581e-116
2.77263908392e-06
0.000238571020219
2.89578633304e-37
0.00117590465142
2.84137205414e-33
8.71152454611e-23
0.00023458202625
4.23574552781e-05
5.40643137602e-34
1.21232284998e-34
3.91087465069e-13
1.79335103796e-33
0.000816482129826
1.23473370375e-24
3.77085519584e-40
2.98885903131e-12
3.22612322452e-12
9.23976292832e-64
1.41476615271e-16
1.31456690407e-16
1.16211832909e-64
1.05506499126e-12
2.57864527758e-15
0.0273268452334
8.58131495797e-31
1.21223871701e-13
0.00810445616047
4.22645306988e-25
6.82005921087e-11
0.000116517772576
1.0173169306e-10
4.56347078432e-38
1.11388558661e-12
1.18505764652e-21
6.09341795446e-56
3.73423131629e-15
0.00407895786979
5.68789876723e-92
1.3755533918e-16
2.16997196872e-13
8.02078973656e-34
8.17836936181e-28
5.24068170456e-06
1.20829712397e-05
6.48512099266e-87
2.6425082419e-10
1.03249046987e-10
2.05128402894e-29
7.20034969312e-15
7.18332927349e-38
0.00052835931497
1.19677708635e-16
5.87955867059e-86
1.88805930998e-17
1.17451552617e-06
4.3129900055e-30
4.67897199623e-13
4.80628653647e-29
3.89043113782e-12
1.01095597235e-15
2.74630811945e-28
3.94315561651e-12
7.8282082979e-44
1.47172744175e-25
5.15417831539e-47
6.95075893217e-39
2.58689584195e-09
2.99107002697e-05
1.19006937233e-28
3.98717240425e-08
1.39847909036e-13
5.92613106385e-05
9.8086238009e-35
3.93003371688e-18
1.07027274642e-16
5.39225041568e-35
5.74250086061e-20
4.99600922436e-26
0.00156288057712
2.59733272384e-18
5.76313707237e-17
0.000562533254308
3.0204899268e-07
0.0103508004325
1.16698701695e-55
1.27713591944e-26
5.3540268936e-19
6.41413233402e-35
4.23343479805e-32
7.91412441156e-12
1.46190037525e-61
1.01538600943e-36
2.15665807457e-31
0.000469130041877
2.56673369228e-32
3.91344802476e-10
5.20239737791e-87
1.01621049569e-29
1.35518659174e-15
3.59815882508e-12
4.77432419147e-78
9.52423177164e-78
6.6746218035e-19
5.15546550727e-47
1.35661091087e-06
1.77161924392e-13
6.41026580164e-19
2.92299242124e-36
1.56136380473e-05
8.63508903388e-12
7.13151434606e-38
2.63663158676e-09
5.28060172219e-78
2.11356103685e-102
2.37135607028e-23
0.00291334412422
5.63628182523e-07
4.35404203759e-31
4.32257594063e-26
2.65415669551e-11
5.41465189428e-14
1.12763674329e-16
2.44461293023e-26
0.00018766879147
0.000247596657475
5.27432424446e-14
2.01636229669e-13
2.98007967108e-16
2.13134403747e-50
4.07183115621e-22
1.4803173466e-42
0.00012629116783
9.46421159704e-66
1.93070324747e-21
1.84754477819e-27
2.47485915501e-18
8.98654891394e-20
4.92103926594e-21
6.243674133e-86
2.5087079869e-49
7.29493351306e-30
9.14606017955e-12
2.18680494359e-12
9.64012632325e-10
1.86248787638e-06
5.8913917535e-15
7.46908144964e-32
1.07728825023e-22
2.57500559185e-31
7.0002684152e-55
3.29913751597e-13
1.96297487101e-60
5.85777639835e-31
1.40895332742e-25
0.000547144208446
1.99766514817e-11
8.26327232297e-32
0.000389427375169
1.43537788849e-10
7.8614022941e-09
2.01702172624e-12
3.66644325739e-26
2.56958386907e-51
9.37307759968e-70
7.37353628198e-16
1.34770853059e-72
6.17910508507e-13
6.68355590654e-29
1.66402649277e-17
8.70290780029e-11
7.03845657071e-42
2.58610152211e-18
2.23413613372e-18
1.81632685513e-29
9.76013552732e-44
4.93214131505e-15
3.07131607264e-07
0.00207008338473
1.77472231829e-13
7.55411993345e-08
2.39588739549e-65
1.15952739922e-06
1.81860170546e-10
0.00061215538392
0.00105652983651
5.61676579144e-10
5.33028123232e-19
2.25019938479e-19
4.40681073924e-28
0.00126657264815
2.18154288541e-09
2.97139362653e-12
3.79380494214e-19
6.59167149276e-59
9.21865735433e-11
1.8617327454e-20
3.72187862355e-13
3.43140214861e-08
2.42641595998e-05
4.59271807315e-07
6.5058537133e-40
1.86074975804e-11
4.65811828547e-31
9.68117279675e-06
1.78459934752e-24
1.26174673712e-16
2.85232486741e-40
9.25495856972e-78
5.72356656502e-56
9.86282794519e-12
5.29400901358e-07
2.99193751561e-17
3.88828109183e-16
5.94220212073e-17
0.000263305304171
1.12690695379e-62
1.21388510393e-08
7.19420869092e-21
2.68723868453e-22
0.000184320554337
8.94963986676e-05
9.98892168071e-21
4.58187011735e-10
1.34892773218e-08
3.9747159856e-23
0.0142548225872
1.41336537818e-24
0.00107270889334
2.55488467412e-15
4.2183035121e-10
1.39372772927e-11
1.18522335769e-31
0.000716899949906
1.06098974372e-05
2.58228284069e-26
3.23729267716e-46
1.17107858824e-17
1.94781783285e-19
2.12263633239e-10
2.9336811568e-28
2.3160628985e-31
1.4166026482e-06
6.43555515788e-05
1.5724937188e-25
1.42367327356e-16
3.98868357477e-57
6.17259138463e-26
5.74584493241e-25
3.34735336991e-16
1.78075687004e-13
3.36624157654e-12
3.24796259272e-65
4.73940466427e-21
4.09832084646e-24
8.19237811879e-13
2.4563841347e-45
0.00456371385613
1.2594525789e-38
3.83600770094e-07
9.06559367672e-10
3.13844220031e-33
5.64134436709e-10
2.93633201621e-34
2.5457091287e-27
6.5354504064e-13
1.65152984789e-06
1.23273999836e-28
2.70654971584e-46
5.48480020191e-41
4.15345282035e-05
3.73975932866e-30
2.90007151387e-25
0.00369073527116
2.51889310568e-28
1.35823879534e-34
5.8149070565e-12
5.94199590983e-07
3.63131710165e-26
0.00211837931162
4.71132264749e-08
3.08162101492e-16
1.07709182752e-23
3.38147002525e-11
1.49382910851e-22
5.96330405379e-05
2.29704416176e-18
1.27715502093e-13
5.87626457654e-11
7.78540057474e-06
4.11410813286e-27
1.5688083233e-18
1.69676438157e-24
1.9760856923e-19
4.48432153034e-44
8.23375476597e-53
1.01988986347e-34
8.13017618729e-08
4.3010528069e-19
8.34231695381e-78
0.000129044183982
4.95534528618e-42
6.02838323668e-26
2.98513524386e-11
4.9816066827e-35
0.000287728578596
8.78302339805e-44
3.94062384438e-104
0.000967250829434
6.40562568889e-08
3.15878029008e-72
3.72683971172e-13
2.74315228483e-56
2.22429603129e-32
6.1955531228e-31
7.28277545352e-28
5.96120075285e-17
3.7704115568e-12
3.37116326763e-60
0.00900012682389
9.22336995878e-05
1.88842901201e-36
3.6256671945e-42
3.84790111902e-38
1.9038869093e-14
4.45438388627e-25
2.07106111838e-49
1.35695392497e-07
1.41312009397e-56
9.97523024846e-09
1.6332769927e-41
1.06153875559e-17
2.49903167109e-27
1.26566126364e-26
1.84753550251e-09
1.27442878749e-26
4.36414405313e-10
0.00105835732057
3.15503580241e-11
4.31718651836e-49
7.04370426745e-46
1.00099548038e-07
1.66558671462e-21
1.19525877651e-05
1.67442943823e-23
1.52289612124e-37
8.22078241365e-09
5.25073149118e-42
1.53679306556e-24
1.31391396822e-16
2.12784430777e-06
4.74438619036e-10
7.33501648869e-10
6.95066446365e-07
7.18637210484e-11
3.45939688161e-18
8.33599970157e-11
1.51065800676e-09
4.2278916463e-11
0.000314430539853
5.77447852681e-11
4.31124044348e-43
1.51356512558e-11
2.69030077831e-26
1.55815680576e-29
2.0630065573e-53
0.00027995496832
1.3244092988e-15
3.9798233591e-60
3.10623736881e-20
0.000831431564007
1.70945576898e-92
4.93236541469e-19
6.98835786851e-08
2.06143412182e-26
1.93347646737e-34
1.69436958129e-32
2.08154653193e-13
5.39084841289e-26
8.52816097635e-07
4.24037765078e-25
7.29200842726e-67
3.26118833036e-06
2.62966646662e-40
7.03299771303e-15
1.95041447864e-33
5.27371600012e-18
1.00150159341e-12
2.68917312864e-17
0.00327026634227
2.75620620793e-07
1.30540253256e-40
4.32678917306e-23
1.22332792142e-05
1.98986005267e-47
7.67982834838e-23
8.8513514361e-35
1.0280180017e-46
1.11661079253e-34
4.66542153827e-43
1.05140780875e-39
6.55752993232e-05
1.06505853335e-29
3.45639451979e-41
3.21599636167e-29
1.34672301915e-22
2.50809748267e-05
7.23645243443e-23
5.73683066444e-08
2.81669405316e-06
9.49559229839e-34
1.98159752642e-06
1.31059395358e-15
2.68479224255e-38
7.28629704755e-26
1.57350393074e-65
3.22668517386e-24
0.00154921765385
1.98236075101e-12
0.000460521853537
5.43218461462e-26
9.01050250137e-14
2.68153573737e-33
3.26093915144e-61
5.46757290092e-14
0.00149309844591
7.21382249353e-09
1.48533155074e-30
1.36314796193e-16
1.88262040624e-22
1.48569233605e-08
1.1026064729e-14
1.59034110337e-23
1.75344867659e-94
2.30738890148e-35
9.89422643506e-25
1.90881566986e-23
9.28672592176e-22
5.73420454523e-21
2.38265986602e-21
5.67244253634e-12
6.99674911878e-29
4.92002705411e-15
3.99507627623e-24
1.00330339665e-07
4.38413101774e-22
2.36409892028e-42
1.5596583046e-53
1.50022713141e-34
1.18273946386e-09
0.00360982965128
1.88724855486e-05
4.99939324238e-12
1.69481311164e-21
1.44931795051e-05
2.97917398975e-44
5.98813672548e-11
1.04167553456e-12
1.07142839663e-13
1.03994781137e-07
3.80726807301e-10
2.38593239874e-14
1.27772733273e-07
7.53858105826e-39
2.8168987924e-27
3.85851297141e-22
2.37543904836e-05
1.2196828333e-20
8.78260196566e-32
3.89136327572e-08
1.7555416528e-35
4.18867319252e-22
5.75599882799e-38
4.32363811906e-11
9.49589409503e-49
4.290226243e-14
1.26159602775e-43
1.928051026e-31
1.17424149207e-54
8.41567602821e-21
1.55828425363e-07
5.96338509032e-20
6.49968552839e-23
3.68078611646e-32
5.1609918803e-05
5.21007114156e-47
1.06546214865e-21
6.02287974907e-11
3.82586312358e-40
3.33799706179e-22
3.98045860269e-65
6.88215959624e-20
2.71249035919e-05
2.24465107573e-48
2.66143134331e-07
0.000643859756389
1.02409391175e-77
4.45862991857e-14
1.21263330454e-07
1.95205378657e-21
8.67410037148e-30
0.000200676853097
9.87753246146e-31
0.000352505782412
1.1540071217e-12
1.0371160163e-34
1.27095047266e-10
2.5168653485e-22
5.25613366528e-17
6.13984822841e-10
6.77287904296e-15
1.61205097046e-17
4.07271256448e-42
1.32007145794e-08
3.64839404878e-05
3.21273495312e-06
9.50403505054e-14
3.17535447919e-36
3.22550936695e-94
2.31937569445e-14
3.2593969726e-07
8.10079553015e-22
1.28840757529e-65
1.2114600242e-44
5.29426383318e-20
5.71111296657e-05
3.68629940946e-16
5.23758244531e-05
8.70340260646e-33
8.61171737089e-06
2.38297408651e-22
4.88556706506e-11
0.000274409935361
0.000580668220911
3.84355252884e-32
1.72369294786e-10
4.28060733895e-06
7.0909204401e-65
3.29756402365e-05
8.83353077766e-25
7.17423798601e-96
1.45376212851e-69
5.18173311826e-30
1.15854206605e-47
2.05470803929e-10
2.22664588392e-10
6.59021277925e-58
2.09016956164e-14
5.56622792297e-15
1.41417354381e-17
7.49397660233e-33
4.08984836809e-10
2.34614654284e-20
2.70774270112e-32
6.94724014206e-06
0.000205851705384
0.000517348323298
3.38521242473e-43
7.29535040158e-07
4.17670859691e-15
1.0154664715e-49
2.27502911859e-21
1.2726166088e-53
3.2961501094e-35
5.59047517351e-05
2.9979103821e-24
2.08057619504e-37
3.84237816427e-14
4.418669973e-47
2.35356435038e-12
0.000113586872005
2.69709368374e-10
2.86544060778e-30
1.28251808092e-38
0.00030126416967
1.82829729855e-74
1.48262822455e-06
8.04540770365e-18
0.000989932973767
0.00548995228048
3.81603161766e-52
1.00448783387e-64
1.91213563446e-09
0.000376869016173
3.07236657412e-53
2.96993638912e-05
7.81840701267e-37
9.94599230028e-10
7.78225062786e-21
6.74965123517e-32
2.2412886468e-09
6.13837777287e-16
1.62299693438e-18
2.13164181143e-05
2.26976659394e-05
9.46925423013e-13
4.5280490046e-15
6.27515073076e-115
2.27104382277e-35
3.45040906735e-11
2.47429435696e-05
9.20754045447e-06
4.08625787347e-33
8.1483287629e-14
6.62410144434e-13
1.09582004214e-42
4.89856925675e-25
8.2472926594e-24
4.84668099491e-82
2.004781333e-12
1.35661159911e-09
6.31264981768e-26
3.54656485498e-42
5.34535525587e-32
5.60125684875e-11
8.0515714493e-06
5.73180562289e-31
3.51771695426e-23
2.31528028667e-18
7.40531493661e-05
5.85780478376e-17
1.98333983937e-32
6.93782310975e-28
7.76112346885e-19
4.43423409181e-23
3.04988841253e-18
3.25670265328e-52
7.9137453515e-40
0.00181446742741
6.34763180503e-15
3.92927143505e-29
2.52839273207e-29
1.30056200966e-17
2.34279475242e-15
9.16090161251e-08
4.30013278918e-15
1.92657460178e-36
1.01865029327e-23
8.30849013922e-08
4.7154235684e-05
2.87313060097e-08
1.58536215241e-10
0.00298795200422
3.3375704735e-05
5.42732727747e-44
2.33382592498e-14
1.2443561813e-33
1.71588440217e-10
4.19868233097e-26
7.94478339257e-83
3.24001069942e-23
8.19434682029e-12
2.18906314346e-25
5.7243854001e-10
2.08427514695e-11
6.51597111627e-06
3.12707918601e-38
1.11759810585e-08
8.51683851996e-29
4.90220384891e-30
1.15521911145e-43
8.12361459853e-22
3.04296342398e-05
1.61419134807e-12
5.45744201146e-32
0.00184922057633
1.6409711504e-33
1.01498516152e-27
3.70525960708e-16
4.48916432128e-20
1.58200489351e-54
1.4273248988e-107
5.41939749396e-120
6.84564098754e-07
9.31503470332e-07
4.32469744999e-38
3.67972104649e-27
