1000
0.767437567446
6.84360473229e-13
2.33433981275e-20
0.0316481547073
6.48660371639e-17
1.03968942911e-20
8.68047518159e-18
0.031954053185
3.26824921824e-11
0.00937651739193
1.33003520441e-07
2.93079666054e-17
3.30597426026e-07
1.24621305501e-06
2.60150895604e-09
1.6406074609e-10
2.94950063926e-13
0.00311706057697
5.51982876111e-20
6.44930641214e-19
2.51808252107e-10
6.18468448027e-05
1.22697682116e-11
2.88537544739e-09
0.00549662692153
7.94931459854e-06
0.000479533347274
4.90519294486e-14
5.48421704251e-08
6.70458774845e-08
6.2585896541e-19
4.08042657639e-12
4.21396300642e-05
3.87591548139e-16
9.41150639587e-06
0.00123303133406
4.01884037075e-05
0.00113976829666
3.41685772328e-08
0.00268232358931
0.00507489340611
4.23429831488e-06
1.15229615506e-12
3.49795320723e-21
2.71648725315e-21
1.07756072548e-19
9.1019383823e-07
0.000525235052677
1.28353377461e-11
0.000284999144499
1.83857927345e-22
1.18169685262e-18
3.44432054966e-07
2.03045428356e-10
2.80657699437e-15
2.36755822909e-40
9.796649333e-20
1.69891276369e-07
0.000106516244895
0.00707557091269
3.43626343688e-15
0.00029837786236
7.79209016112e-09
0.000660752652028
8.67936905852e-06
9.83393389949e-25
0.000417701069287
2.1425481442e-05
4.9887882436e-06
0.000167164304702
2.93253425779e-05
0.00112280225093
5.2496491315e-05
1.74672937839e-14
7.62895268717e-15
2.60269952141e-21
5.5055474723e-09
2.32426193391e-16
0.00138784335008
1.9554203392e-07
9.31299236982e-07
1.48676101777e-05
7.48348903535e-08
7.24444995772e-13
1.72184246343e-05
2.58439859611e-10
2.33717570945e-06
1.92185437585e-11
5.82913403159e-09
1.45077039142e-05
1.91357841554e-11
0.0250237105957
5.48115767091e-09
2.13185209883e-07
5.63468011873e-14
0.000207278712274
2.1300005214e-06
1.10447249037e-07
5.8690800046e-44
9.03456663944e-20
0.000267600297661
3.09090400369e-11
0.000526081898883
5.22198673537e-07
1.17497401294e-13
3.34254204914e-06
1.03390401396e-13
5.17882969119e-07
4.69615322555e-17
0.000539789572153
5.03195507719e-07
4.83170629839e-11
3.27587598803e-09
1.7204935116e-08
1.3140959426e-05
6.24814131557e-09
3.27022205706e-18
2.02847577013e-15
3.28849493876e-07
3.45884450475e-06
1.61998695404e-18
3.51768558422e-05
2.7498778521e-12
2.86030522884e-24
0.0073428950078
0.00397422709298
2.94896930031e-10
3.34327672291e-05
2.7439337608e-23
9.93550622037e-08
1.12315334121e-05
7.24871501381e-06
4.68590517484e-28
1.98857405002e-11
3.0637764877e-21
1.68623361997e-06
1.0250179693e-09
1.36414392268e-16
2.75303249977e-14
1.71754155675e-12
1.32124367427e-06
1.00517899278e-07
6.46272567765e-05
1.82786177712e-17
1.39614926623e-05
1.07962772862e-23
5.83751670895e-05
0.00179682340667
1.29069313349e-06
4.96273238726e-06
1.74040737363e-05
1.73182925376e-15
4.2756984717e-33
6.19153646206e-05
2.97494550149e-49
2.10927995042e-06
1.10317478974e-07
1.20082076831e-11
0.000998691488082
2.6822599988e-17
7.87489885591e-19
3.98934927405e-15
3.50555731426e-32
1.25483574416e-05
0.000634595531752
5.30344392468e-17
1.05868129525e-12
1.33664179106e-12
1.50053573154e-26
3.66753553289e-07
5.99091572187e-09
1.72714935746e-08
1.04590042154e-05
9.05887464608e-05
1.22674427129e-11
1.08243994808e-12
2.15909648545e-17
0.000210807927241
4.96832520996e-08
9.03251659671e-07
1.31929643029e-05
5.74387523938e-05
0.000953376089346
0.00131863532467
0.00182510060624
1.29392134808e-25
1.02818623901e-08
3.34024399751e-16
1.11135588874e-22
2.05009506355e-11
2.16971701576e-07
8.35692125014e-11
4.10980585023e-08
7.06325589931e-05
8.52929846987e-11
2.64191835011e-05
3.30313450938e-08
0.000229019558717
8.89956160042e-57
3.71739387782e-16
1.0151679943e-06
7.23726700209e-08
3.01592603586e-15
1.80101966209e-14
1.65386926086e-05
1.82415039893e-15
1.64604866441e-08
0.00265985621408
8.07094044169e-10
5.29101151209e-09
4.01383751381e-20
0.00388768616935
9.87518061111e-09
1.4148792174e-16
1.381130227e-23
0.00052093651664
0.000130675496564
0.000209294021965
1.51195724658e-11
1.05235105254e-07
1.77107540242e-09
1.03807620737e-07
2.59039043185e-15
7.76396584058e-08
1.95675908248e-15
0.000241373777821
2.04141575327e-14
4.42344409286e-05
7.18309667444e-23
0.00502631108203
9.53070139156e-28
2.48510818332e-14
2.99712083435e-08
0.00107390600384
2.88130294772e-21
2.84065838934e-12
2.64532142659e-08
4.84265058407e-20
0.000414047767379
4.91335292985e-15
6.53677067887e-32
0.00138572087779
5.93854862096e-20
2.66845490491e-17
2.02037041456e-08
5.18620851932e-12
0.000107445556301
4.66185907047e-11
0.00189231157936
5.06487813329e-08
4.80208610424e-12
0.000263873723788
1.0751135552e-09
0.00152117962383
0.000556955522862
1.10938412969e-06
8.32718195205e-21
9.2765403362e-13
8.05484742229e-05
4.95440920604e-15
1.09117349703e-05
0.000993559926655
8.14291832737e-05
1.46414294719e-11
0.000998419662786
1.305728806e-36
1.00090325554e-05
9.95060308792e-13
5.98708757129e-12
2.76757496998e-07
0.00010129295468
0.000100525357538
1.32538432826e-09
0.000757616280657
1.25531808369e-09
1.24042490657e-16
2.93829126956e-12
0.000970102160909
4.80522906904e-19
1.82229011668e-13
4.87681189905e-13
4.54629334208e-14
4.90153066673e-05
8.62458553308e-16
1.24136702772e-05
1.0559939987e-29
7.7735708998e-05
1.04564216747e-15
2.07433038877e-29
9.9897490519e-06
5.87596902911e-14
5.87847241299e-07
9.47591451969e-11
8.23505940411e-22
1.39071897328e-16
0.00518388209016
2.58050249382e-08
4.79088809392e-09
4.25026291635e-08
1.69559031729e-15
1.82522379143e-13
3.17392929003e-11
8.70815461996e-10
0.00207952686923
3.00938044974e-13
3.97698194154e-09
6.28067820736e-13
7.76268983629e-13
4.70896242377e-21
4.54093690829e-11
6.78420993503e-12
2.6978322977e-19
7.28171603679e-16
3.44952651343e-07
2.42323251198e-11
1.54184055369e-06
0.000309711466743
2.28172939314e-07
1.2938682083e-08
3.98160125844e-10
4.2952810477e-07
6.79879580228e-05
2.35661309447e-16
1.93257224926e-07
1.03606200274e-05
0.000114205158137
0.00244101808731
3.37941533118e-19
4.50100229226e-05
2.70492563834e-09
4.13821611741e-06
2.84842719915e-09
2.0329796037e-08
6.02834131238e-20
2.55550626534e-08
3.66967916651e-14
2.04051005765e-35
0.000155426321552
1.04725027978e-13
1.3372818856e-08
3.85091337157e-09
1.0334926828e-06
6.10483574178e-29
1.16797211367e-15
3.92882277612e-21
0.000879283714673
3.9326629329e-07
1.08126091803e-34
3.78415064994e-08
2.33085190719e-18
6.10296921371e-14
1.20449602444e-26
8.99606548909e-05
4.43201286253e-17
0.00139335761024
8.54803288139e-14
2.99936004726e-06
6.24725772924e-11
3.73462803171e-09
1.98957373875e-05
1.23083239177e-25
0.00035644002328
1.25205570022e-07
1.05667491323e-12
7.23918288647e-14
0.000848072037703
2.06515387387e-09
4.62675333329e-26
8.25923666892e-08
1.46807102639e-09
0.000629174771605
3.21920431788e-20
5.22692126017e-19
7.66264911914e-06
1.23140592801e-09
4.96211648433e-09
1.02092400052e-08
0.000201338083418
1.0179030876e-13
3.9116916029e-17
1.13524256342e-13
4.55937318024e-05
1.18000148636e-09
3.40386442515e-06
0.000107059634389
2.40670069203e-08
1.57429961446e-09
1.51969845879e-05
0.000778072062413
6.28969613188e-07
2.22277888818e-06
3.80396030847e-12
2.39112106459e-08
1.07324644678e-06
2.37210204424e-06
7.10785390152e-07
5.76140110415e-18
5.61454234851e-09
0.00117437300495
3.00584952178e-10
0.00024707393876
1.2487512006e-10
9.78254473363e-07
7.7983328088e-05
9.31380866574e-12
2.4099491382e-11
5.47269378806e-05
2.25752456339e-12
2.90808965479e-16
3.16100510375e-16
2.86575653146e-19
1.68454327275e-07
1.02021668486e-35
2.04144576536e-19
9.83801065692e-05
0.000115215272528
1.32403595205e-06
6.84143201746e-22
1.33904169842e-12
1.76331446458e-07
4.66250821459e-21
2.1868827772e-09
4.01046899069e-06
1.69469794663e-06
5.65087891506e-51
5.89450885357e-06
2.4507638354e-16
1.8654310233e-06
3.017916925e-21
1.15112057979e-06
1.09079602085e-14
9.48843893893e-17
9.86655254337e-26
3.55853511061e-33
3.95181928407e-09
0.00287272262231
3.25886846819e-14
5.28194286511e-09
2.18717077628e-05
8.29487410695e-12
4.19696931691e-08
4.1346954786e-07
2.3822277693e-17
1.76177618522e-06
8.24763089483e-22
0.00308722072911
9.23122721384e-05
9.34311866528e-11
4.96631470252e-07
1.0624807559e-13
4.0273274249e-25
0.00276102885979
1.07324481585e-09
9.76663524737e-25
2.10738596313e-05
4.91294368241e-09
0.00142926436011
4.52784488795e-32
9.55053170106e-09
8.19245201908e-12
0.000566447182475
3.20328474723e-11
7.46620335643e-30
3.84435647374e-19
8.27021490932e-07
6.74357462559e-15
7.48002899147e-28
0.000160448719658
3.38759039144e-09
2.47644304128e-41
0.000116328897534
1.02101982358e-18
1.69890279932e-11
0.000291772949875
1.07830637307e-16
3.73272347454e-07
1.31581755364e-08
8.32842192126e-14
3.79406679416e-11
5.24330988596e-08
4.46403445956e-13
1.00126572146e-09
3.27923916583e-28
2.95891381446e-13
0.00205121733469
0.00140712005015
0.00047967188584
2.35821553451e-25
9.42310953662e-13
4.27703159028e-29
8.00647756738e-34
1.68584726285e-20
4.60128523203e-19
3.41972880993e-15
1.61903084007e-18
0.000102985661542
1.88518299279e-29
1.98530631894e-05
0.00046906649362
0.000397684295714
9.79112117765e-05
6.99629065952e-16
4.8556926371e-05
6.95230561027e-11
5.38771138089e-14
1.747504498e-06
1.21498371631e-24
2.16422416858e-06
2.22540923927e-08
1.0280616641e-11
5.29004592707e-07
1.52518860257e-09
5.75113664493e-13
2.52026352499e-06
1.55621947961e-06
1.37694443816e-10
1.73453133231e-32
4.68207937268e-05
0.000775019099072
0.000126697572612
0.000478737313384
1.53442734346e-08
1.50972492973e-08
3.66604448654e-06
5.1336405863e-07
1.24414136121e-07
0.000222542323908
3.58053341203e-11
7.3036754091e-07
8.77646053687e-08
3.26641244934e-06
3.05949602908e-06
2.1677596013e-07
5.89135893277e-16
0.00122887965898
6.63093025858e-09
7.89075934708e-07
6.68119868104e-08
1.98286390461e-11
7.16126228008e-07
8.77489937515e-09
7.09479182312e-05
1.45516231924e-08
2.14207650716e-10
0.000164603815769
1.83379260093e-07
1.85993437267e-19
8.05325307098e-16
4.69630636739e-07
4.46823033887e-07
3.08741363822e-08
1.37375277406e-11
5.04064406961e-05
9.22005046171e-13
2.47695148489e-11
2.79897876675e-27
6.18920589199e-29
4.73882044403e-07
2.52658564431e-06
4.24499651399e-12
7.72624068213e-09
2.51627092491e-05
1.38751327672e-07
8.82580936878e-08
3.67575748058e-07
1.56310953822e-06
4.62771401208e-06
0.000377236626496
0.000759313091758
1.63527937739e-14
4.55286700097e-06
0.00101206363407
9.60404828885e-22
3.13547676803e-06
5.22114760274e-12
1.71037929554e-10
2.36828431775e-13
9.80685265011e-31
5.13594070207e-11
3.07398632468e-13
9.60306808179e-06
1.78738664581e-46
4.26908573501e-23
8.63925463768e-07
1.50611920815e-05
2.48929291584e-05
0.000134180449812
6.07058326187e-16
7.16057315484e-22
1.59257525033e-12
8.67384044724e-13
1.34794624353e-09
3.28875516351e-08
1.13955683824e-07
7.25459971942e-05
9.19559693464e-11
2.96284898905e-12
8.37356525532e-06
0.00067069944498
3.51946225348e-18
4.42724318155e-05
0.00108880870088
1.49903767325e-28
7.71397215096e-28
0.000927426798254
2.08542788151e-09
1.87726827462e-20
3.76901776948e-10
0.000368943961678
7.03870286294e-05
1.1967652644e-05
3.32192197247e-06
1.90368830356e-18
3.8095625036e-07
7.22546022597e-08
9.83200936046e-18
2.27166614629e-07
1.26521985224e-06
5.32281896024e-05
6.90014691012e-07
5.84337297436e-27
1.43821436246e-11
4.57229317131e-19
2.31788010377e-14
2.55587877834e-13
7.67976097565e-12
3.54445524282e-05
3.56730912919e-08
0.000892570086071
1.17013356438e-10
0.000173816309892
4.50412428331e-17
2.40056181809e-46
0.000311512651185
7.02045597701e-08
3.08123409464e-14
9.50321875318e-09
4.17976894597e-26
8.21574340827e-21
1.54409733537e-05
0.000197371362516
3.51193661571e-07
4.14048540595e-08
1.32014078852e-08
3.02905737221e-21
3.6763615574e-11
0.000180920343376
3.47148989655e-09
5.27549999897e-07
2.30228878429e-05
6.57618823902e-10
5.20220577522e-06
7.56076157815e-06
6.86814242646e-25
3.32473869603e-15
7.19112639929e-09
1.08524916145e-05
1.56994331221e-23
1.53168637631e-09
8.43221169459e-08
2.69437001233e-08
1.53019312143e-07
1.65585190853e-05
3.6538698626e-13
1.43687515862e-05
1.085067192e-05
1.37068787712e-06
1.68222085596e-06
1.47204931924e-05
6.4712556817e-16
1.87476885874e-07
4.50030453159e-33
1.40514774313e-05
0.000163892099131
2.0548707864e-10
0.000142854294781
1.75921850172e-08
1.7080005947e-05
1.83678282132e-05
8.96162540448e-06
2.63795685648e-08
1.6182332055e-06
4.31302520372e-10
2.23191297079e-08
1.35803500059e-18
3.29122077214e-09
1.63409564122e-17
3.24178392255e-13
5.86182872055e-09
1.34914378987e-18
3.77248528784e-06
1.02460650455e-05
6.39118507676e-10
0.000399732792265
5.18632267477e-06
1.89604348811e-16
1.25006760045e-16
0.000441370675278
1.13841071209e-05
8.63911089248e-06
6.62301090703e-15
6.99092491816e-15
1.50601772852e-09
0.00364502325308
3.88182264631e-28
8.57003782003e-18
3.24843106138e-14
1.61332265812e-12
2.05678240413e-15
3.73023659316e-12
6.63732275926e-09
1.82464957123e-11
7.0713258137e-10
2.8276461294e-11
4.22965973484e-12
9.98229985532e-11
0.000690209252135
2.62718424013e-09
1.37173499293e-07
1.57963875909e-21
1.41431229255e-10
2.43651995163e-18
6.14498727051e-06
6.77816998365e-22
7.54124172321e-07
0.000294807006411
1.72130336089e-07
7.32271469941e-11
1.05894712738e-06
1.01385809187e-05
6.56218258934e-08
1.96644015594e-15
4.23334598495e-07
9.14061959514e-07
1.82183711189e-15
1.1548812746e-11
4.45191810639e-27
1.64136731692e-11
9.03706872531e-18
1.21008745663e-11
1.33575099168e-16
1.85102304045e-14
8.58896423158e-08
1.26314006187e-13
2.71433589967e-06
5.50508033365e-13
1.48463244043e-08
7.54580622378e-19
3.86799655082e-05
3.0475658731e-07
6.16034678509e-10
9.18081184352e-10
9.79179200779e-06
2.09932150813e-06
1.33314533895e-21
3.4454249396e-09
4.0502371659e-10
2.21588766524e-13
1.67011571145e-08
1.39657880008e-08
2.09443033704e-17
9.5334111767e-09
2.24116867831e-06
3.67148084449e-16
1.16669092437e-12
3.27625382347e-17
0.000177657041611
1.28609210111e-46
2.45372699e-09
9.49267530889e-13
2.04010519633e-05
3.59241944532e-07
9.41180945124e-23
2.74794569348e-07
1.35987887452e-16
1.31857953504e-08
1.71894360203e-22
5.59390133411e-12
6.56778461399e-18
1.28646957286e-17
1.9669601065e-06
1.32997883268e-10
1.19690273012e-11
5.52002084561e-10
2.32245936027e-08
9.47336351449e-12
1.50550054983e-13
7.7706166002e-24
2.40680496129e-12
2.63846094127e-24
9.98357131547e-13
4.92984067822e-10
4.16858304449e-13
1.36682845405e-13
8.02276198175e-19
3.39538052325e-07
7.25409446237e-18
2.24361431641e-10
7.35419399998e-06
3.35806023529e-24
1.41203393791e-30
8.25413661669e-05
3.80286878404e-17
1.04840564459e-05
7.61022291173e-05
5.28641303609e-05
5.06882820393e-15
3.30598964695e-05
6.33095588907e-06
2.07037252849e-06
2.52304967346e-10
9.11186195464e-05
5.18211128865e-09
1.3816475066e-09
2.56712081466e-11
5.56053186783e-61
1.14383250268e-14
7.53329217422e-45
7.72299173983e-11
1.23621242057e-07
8.6530188297e-13
1.0254496602e-09
7.29122248124e-18
0.000611819985853
6.62164511469e-07
1.43382997919e-07
2.97124174478e-27
1.36094436811e-06
1.99193244016e-16
2.51075680809e-06
3.83016333043e-06
5.23130526221e-09
0.00152694838524
8.8877056183e-11
4.33885003569e-13
6.0757202542e-13
2.63567286193e-07
2.23473669655e-07
1.66892234381e-14
1.9566597919e-12
6.74120818942e-06
0.000118006953844
7.8089176995e-34
8.68423150095e-05
5.17790200485e-09
3.04273576373e-19
3.22968992026e-21
1.1680205183e-15
1.07453486636e-08
2.221223413e-25
1.08888497751e-06
4.92503299932e-05
1.03622924103e-09
1.4435342683e-09
2.72208837253e-06
9.13377492554e-08
6.260198159e-07
9.6530028993e-26
1.24677799688e-06
6.16655213109e-05
5.91624312156e-15
1.15129811802e-18
2.85353693842e-09
2.45506595604e-17
1.2726396545e-10
1.0930509712e-11
1.34680853029e-09
7.98432291508e-13
3.3522828188e-08
6.80933569015e-15
2.60670242028e-12
1.88255668897e-08
3.71251082004e-07
1.8630384165e-08
3.15229396081e-07
3.06675108498e-16
9.4455654809e-06
1.20081674973e-12
2.44229299981e-08
0.00117995266116
3.60390405378e-05
2.34841865959e-41
2.24753979072e-05
5.02410024811e-16
2.19213908195e-32
3.81619593651e-06
1.372103773e-05
2.98467026608e-06
6.82183684441e-28
1.05959098011e-06
0.000174621855492
3.11342811513e-11
5.78512534133e-13
2.05235806026e-05
4.61736141695e-06
1.6667510236e-13
1.04700664854e-28
3.26842672808e-09
1.70275570961e-20
2.96078182489e-09
3.13388685874e-09
3.38219275041e-40
1.37862799509e-18
1.74717760933e-05
1.65668559603e-26
1.79415298746e-06
2.25404222136e-05
2.23816904542e-09
0.000124586644445
2.31474312642e-30
8.95687744142e-16
6.36342401403e-08
2.46748865349e-11
3.557187816e-14
1.17225779622e-06
7.03849638529e-47
2.4823423559e-09
1.05762140932e-11
9.25422340966e-31
2.34435409752e-14
7.27148217968e-17
3.8367503003e-17
4.02052500004e-05
2.38396477247e-12
6.27327573382e-13
9.7212604878e-05
1.04203076209e-13
0.00010032326985
6.67821593489e-25
0.000560050805517
1.51822299858e-05
6.50965372123e-14
1.02964375715e-20
1.56192980665e-06
5.50870547559e-07
1.99134744999e-17
1.38463833024e-23
6.75139548829e-05
3.99268196032e-05
4.31109925437e-10
2.89560985708e-07
1.10505582316e-05
1.82425596227e-34
3.54989091988e-06
2.32081832506e-05
1.36133867867e-08
3.88525453575e-11
3.69630285222e-10
6.5425527924e-05
3.536570152e-15
1.85453285048e-07
2.57757872973e-15
2.32560243913e-07
1.47775410915e-06
2.26844730564e-14
6.24832641213e-11
7.37195750387e-24
1.11827561638e-13
1.04113626341e-13
1.32128515995e-18
1.42276702978e-15
9.36829364049e-06
8.26166329065e-05
2.69172376449e-05
2.22642568206e-13
4.256847074e-06
3.49817613907e-07
0.000112834536058
0.000166866210797
7.70201512467e-11
2.93481438107e-05
3.17588664566e-34
2.57777679169e-09
7.96282274968e-17
2.09254752681e-41
2.14246076457e-06
1.49916071798e-07
0.00010092361704
9.46776521241e-24
5.57715915679e-15
3.52534406346e-28
2.20667886824e-12
1.6067148039e-07
4.09269668675e-09
2.47745281314e-14
7.53648142368e-22
4.53570009262e-22
6.50112323244e-05
6.25185215959e-12
2.03126571881e-20
5.51943041283e-05
1.19688811199e-05
1.08927694171e-07
8.58646698958e-05
6.09470092938e-12
3.52304373893e-11
6.92470356273e-13
9.49305829781e-15
6.39871253523e-11
8.94209750649e-09
