I: (state)
	(29) 1.0
F: (state)
	(0) 0.0518890340737
	(1) 0.321881511157
	(2) 0.359378711983
	(4) 0.0817273717429
	(11) 0.399136043347
	(17) 0.303646033819
	(19) 0.05108858472
	(21) 0.31636762599
	(23) 0.593539942543
	(24) 0.0673588821018
	(27) 0.000681423246108
	(29) 0.436209478646
	(33) 0.324333408569
	(34) 0.112981683041
	(37) 0.582533629287
	(41) 0.0732789141057
	(53) 0.7263713006
	(59) 0.0559618079198
S: (state,symbol) 
	(0,0) 0.100661551341
	(0,1) 0.305592256712
	(0,2) 0.369721786176
	(0,10) 0.0614809676199
	(0,11) 0.162543438152
	(1,1) 0.365148344514
	(1,5) 0.634851655486
	(2,1) 0.0180906681108
	(2,5) 0.519203414928
	(2,12) 0.462705916961
	(3,4) 0.122805420783
	(3,6) 0.218765329656
	(3,7) 0.0753918230149
	(3,13) 0.583037426547
	(4,0) 0.232850591059
	(4,1) 0.0970661952254
	(4,7) 0.121179413079
	(4,8) 0.261941809957
	(4,9) 0.0973631833191
	(4,10) 0.0948775503771
	(4,11) 0.0390597791758
	(4,14) 0.0556614778073
	(5,1) 0.00940191170269
	(5,2) 0.370964259967
	(5,5) 0.194234389016
	(5,6) 0.0173820267808
	(5,8) 0.408017412534
	(6,0) 0.259904264687
	(6,7) 0.110634792848
	(6,9) 0.160107311188
	(6,12) 0.375634492939
	(6,14) 0.0937191383371
	(7,3) 0.719747501657
	(7,4) 0.0277141772261
	(7,8) 0.00376784615289
	(7,9) 0.219984458227
	(7,14) 0.0287860167377
	(8,7) 0.848961685517
	(8,9) 0.151038314483
	(9,4) 0.578826915888
	(9,11) 0.319764803229
	(9,12) 0.101408280883
	(10,0) 0.129962087817
	(10,1) 0.0843712430732
	(10,3) 0.233188661841
	(10,4) 0.0133009647062
	(10,6) 0.366237394762
	(10,8) 0.046654772667
	(10,9) 0.0249356860514
	(10,11) 0.101349189082
	(11,2) 0.386174661279
	(11,4) 0.150541157933
	(11,6) 0.00512096218916
	(11,8) 0.0773822475519
	(11,14) 0.380780971047
	(12,1) 0.882366658183
	(12,11) 0.117633341817
	(13,0) 0.0446268112447
	(13,2) 0.229324041536
	(13,3) 0.0256786594897
	(13,4) 0.123926348269
	(13,8) 0.0395563392998
	(13,11) 0.405758071118
	(13,14) 0.131129729042
	(14,0) 0.0645340999784
	(14,1) 0.0512945467918
	(14,3) 0.534055843504
	(14,5) 0.293066183526
	(14,7) 0.0291372755346
	(14,13) 0.0279120506653
	(15,0) 0.368327504447
	(15,2) 0.109080255861
	(15,4) 0.108354886246
	(15,5) 0.299347757746
	(15,9) 0.0542814331963
	(15,10) 0.0606081625035
	(16,1) 0.00242306818641
	(16,2) 0.390008764944
	(16,5) 0.0626698989039
	(16,6) 0.149905699094
	(16,9) 0.00146845174756
	(16,10) 0.222514248434
	(16,12) 0.0628563494049
	(16,13) 0.108153519285
	(17,3) 0.0797837811571
	(17,4) 0.308556461091
	(17,7) 0.611659757752
	(18,0) 0.0249826474298
	(18,4) 0.240808189754
	(18,9) 0.279363069643
	(18,10) 0.112876182953
	(18,12) 0.266936653578
	(18,14) 0.0750332566416
	(19,7) 0.565706155751
	(19,8) 0.201828642346
	(19,11) 0.0887802340402
	(19,14) 0.143684967863
	(20,0) 0.391610851346
	(20,1) 0.322104254367
	(20,5) 0.0216217494167
	(20,7) 0.26466314487
	(21,7) 0.115080660285
	(21,10) 0.307893399603
	(21,12) 0.301965859768
	(21,14) 0.275060080344
	(22,4) 0.137310231318
	(22,8) 0.453908080811
	(22,12) 0.0478787206776
	(22,13) 0.360902967194
	(23,2) 0.580216135331
	(23,3) 0.00320916951778
	(23,5) 0.416574695151
	(24,0) 0.0124006844621
	(24,12) 0.868083928434
	(24,14) 0.119515387104
	(25,0) 0.146210095401
	(25,4) 0.0265249225215
	(25,8) 0.827264982077
	(26,9) 0.316234902538
	(26,11) 0.683765097462
	(27,1) 0.0396122949228
	(27,3) 0.0776454199076
	(27,5) 0.0784836532412
	(27,7) 0.719855716178
	(27,14) 0.0844029157503
	(28,5) 0.762906032105
	(28,7) 0.237093967895
	(29,1) 0.618124497205
	(29,7) 0.144903114482
	(29,9) 0.178996099618
	(29,14) 0.057976288695
	(30,0) 0.0469415870881
	(30,3) 0.0738263160696
	(30,5) 0.170910171
	(30,7) 0.0109177472165
	(30,9) 0.108246799967
	(30,10) 0.258001150931
	(30,12) 0.132893078969
	(30,13) 0.198263148759
	(31,3) 0.0184779037883
	(31,4) 0.00469607271037
	(31,5) 0.0653387655988
	(31,6) 0.00369973437361
	(31,8) 0.222890343254
	(31,11) 0.123420279597
	(31,14) 0.561476900678
	(32,0) 0.00821082478487
	(32,2) 0.284853734708
	(32,3) 0.0930226292509
	(32,4) 0.00964709371005
	(32,7) 0.246704021774
	(32,13) 0.290492845525
	(32,14) 0.0670688502481
	(33,0) 0.0943893781638
	(33,2) 0.0357063290913
	(33,5) 0.0496239586717
	(33,6) 0.672813186389
	(33,13) 0.00795472951188
	(33,14) 0.139512418172
	(34,1) 0.0728074723155
	(34,2) 0.197582460647
	(34,3) 0.103491299035
	(34,8) 0.232943183885
	(34,9) 0.162145203907
	(34,10) 0.16556983435
	(34,13) 0.0654605458604
	(35,0) 0.139106084317
	(35,2) 0.320554893472
	(35,3) 0.0608855950023
	(35,4) 0.0135045047944
	(35,7) 0.244257796737
	(35,8) 0.0179718847462
	(35,9) 0.184706528852
	(35,12) 0.0190127120775
	(36,4) 0.00414378483624
	(36,8) 0.265102181208
	(36,12) 0.553832625753
	(36,13) 0.0531990768339
	(36,14) 0.123722331369
	(37,7) 0.481569770959
	(37,10) 0.200936820587
	(37,11) 0.317493408453
	(38,0) 0.231582444065
	(38,1) 0.206168755623
	(38,8) 0.197424645579
	(38,13) 0.364824154732
	(39,5) 0.567762765476
	(39,8) 0.41040179249
	(39,13) 0.0218354420341
	(40,0) 0.0974117714755
	(40,1) 0.00485968591164
	(40,5) 0.0692554675435
	(40,6) 0.0585636782198
	(40,9) 0.285293764944
	(40,11) 0.438725888089
	(40,12) 0.0458897438168
	(41,1) 0.143540587614
	(41,6) 0.290256610367
	(41,7) 0.146905958834
	(41,14) 0.419296843185
	(42,0) 0.597391614026
	(42,12) 0.402608385974
	(43,0) 0.0309878511741
	(43,1) 0.230429847892
	(43,2) 0.0243228281417
	(43,3) 0.0824832186033
	(43,5) 0.193225951244
	(43,6) 0.128552999382
	(43,7) 0.0253455692245
	(43,13) 0.284651734339
	(44,11) 0.405834758732
	(44,12) 0.594165241268
	(45,2) 0.302465264011
	(45,3) 0.326573243001
	(45,7) 0.370961492988
	(46,3) 0.00873651261187
	(46,5) 0.0573409822234
	(46,9) 0.920036404527
	(46,13) 0.0138861006376
	(47,2) 0.326993480604
	(47,6) 0.124700751548
	(47,10) 0.00208590744765
	(47,12) 0.0536132355892
	(47,14) 0.492606624812
	(48,0) 0.864958800587
	(48,14) 0.135041199413
	(49,9) 0.0651653680156
	(49,10) 0.554856877389
	(49,12) 0.227651624086
	(49,14) 0.152326130509
	(50,3) 0.0794797799051
	(50,8) 0.0767397898635
	(50,9) 0.776842678625
	(50,12) 0.066937751606
	(51,6) 0.259395320362
	(51,7) 0.266135382556
	(51,10) 0.474469297082
	(52,2) 0.203782731627
	(52,6) 0.625756550667
	(52,13) 0.170460717706
	(53,0) 0.0990792225947
	(53,3) 0.122661165224
	(53,5) 0.778259612181
	(54,0) 0.236537522666
	(54,3) 0.128085911918
	(54,6) 0.318411514801
	(54,12) 0.242697664886
	(54,14) 0.0742673857277
	(55,0) 0.0257404050934
	(55,1) 0.189174945766
	(55,7) 0.528700371001
	(55,9) 0.117986735911
	(55,11) 0.138397542228
	(56,0) 0.0895858665964
	(56,1) 0.068844087557
	(56,2) 0.0227580873561
	(56,4) 0.068786448513
	(56,5) 0.26217116115
	(56,6) 0.0858626219743
	(56,8) 0.0950839149186
	(56,9) 0.0513601757327
	(56,10) 0.00133150420078
	(56,11) 0.237048436939
	(56,14) 0.0171676950619
	(57,4) 0.182719270923
	(57,12) 0.817280729077
	(58,1) 0.130345615924
	(58,6) 0.471537121512
	(58,11) 0.259830095471
	(58,14) 0.138287167094
	(59,4) 0.343254411794
	(59,12) 0.0729016504031
	(59,14) 0.583843937803
	(60,6) 0.37340029749
	(60,7) 0.0300670062912
	(60,10) 0.228169123434
	(60,13) 0.368363572785
T: (state,symbol,state) 
	(0,0,34) 1.0
	(0,1,8) 1.0
	(0,2,45) 1.0
	(0,10,16) 1.0
	(0,11,33) 1.0
	(1,1,39) 1.0
	(1,5,32) 1.0
	(2,1,9) 1.0
	(2,5,51) 1.0
	(2,12,18) 1.0
	(3,4,25) 1.0
	(3,6,7) 1.0
	(3,7,2) 1.0
	(3,13,0) 1.0
	(4,0,39) 1.0
	(4,1,37) 1.0
	(4,7,55) 1.0
	(4,8,47) 1.0
	(4,9,28) 1.0
	(4,10,28) 1.0
	(4,11,7) 1.0
	(4,14,44) 1.0
	(5,1,58) 1.0
	(5,2,54) 1.0
	(5,5,6) 1.0
	(5,6,31) 1.0
	(5,8,46) 1.0
	(6,0,35) 1.0
	(6,7,36) 1.0
	(6,9,48) 1.0
	(6,12,1) 1.0
	(6,14,29) 1.0
	(7,3,22) 1.0
	(7,4,55) 1.0
	(7,8,31) 1.0
	(7,9,21) 1.0
	(7,14,5) 1.0
	(8,7,45) 1.0
	(8,9,51) 1.0
	(9,4,18) 1.0
	(9,11,35) 1.0
	(9,12,29) 1.0
	(10,0,29) 1.0
	(10,1,55) 1.0
	(10,3,32) 1.0
	(10,4,11) 1.0
	(10,6,0) 1.0
	(10,8,31) 1.0
	(10,9,36) 1.0
	(10,11,23) 1.0
	(11,2,13) 1.0
	(11,4,9) 1.0
	(11,6,35) 1.0
	(11,8,16) 1.0
	(11,14,49) 1.0
	(12,1,51) 1.0
	(12,11,2) 1.0
	(13,0,36) 1.0
	(13,2,51) 1.0
	(13,3,40) 1.0
	(13,4,12) 1.0
	(13,8,59) 1.0
	(13,11,38) 1.0
	(13,14,6) 1.0
	(14,0,16) 1.0
	(14,1,56) 1.0
	(14,3,20) 1.0
	(14,5,42) 1.0
	(14,7,6) 1.0
	(14,13,15) 1.0
	(15,0,57) 1.0
	(15,2,18) 1.0
	(15,4,52) 1.0
	(15,5,19) 1.0
	(15,9,28) 1.0
	(15,10,59) 1.0
	(16,1,57) 1.0
	(16,2,15) 1.0
	(16,5,1) 1.0
	(16,6,37) 1.0
	(16,9,60) 1.0
	(16,10,16) 1.0
	(16,12,18) 1.0
	(16,13,31) 1.0
	(17,3,17) 1.0
	(17,4,41) 1.0
	(17,7,43) 1.0
	(18,0,45) 1.0
	(18,4,1) 1.0
	(18,9,4) 1.0
	(18,10,31) 1.0
	(18,12,10) 1.0
	(18,14,53) 1.0
	(19,7,33) 1.0
	(19,8,4) 1.0
	(19,11,49) 1.0
	(19,14,50) 1.0
	(20,0,55) 1.0
	(20,1,52) 1.0
	(20,5,42) 1.0
	(20,7,7) 1.0
	(21,7,20) 1.0
	(21,10,47) 1.0
	(21,12,42) 1.0
	(21,14,16) 1.0
	(22,4,25) 1.0
	(22,8,52) 1.0
	(22,12,52) 1.0
	(22,13,29) 1.0
	(23,2,31) 1.0
	(23,3,57) 1.0
	(23,5,57) 1.0
	(24,0,28) 1.0
	(24,12,20) 1.0
	(24,14,59) 1.0
	(25,0,24) 1.0
	(25,4,10) 1.0
	(25,8,46) 1.0
	(26,9,54) 1.0
	(26,11,43) 1.0
	(27,1,21) 1.0
	(27,3,15) 1.0
	(27,5,22) 1.0
	(27,7,10) 1.0
	(27,14,58) 1.0
	(28,5,49) 1.0
	(28,7,40) 1.0
	(29,1,15) 1.0
	(29,7,19) 1.0
	(29,9,38) 1.0
	(29,14,49) 1.0
	(30,0,52) 1.0
	(30,3,23) 1.0
	(30,5,28) 1.0
	(30,7,47) 1.0
	(30,9,9) 1.0
	(30,10,49) 1.0
	(30,12,0) 1.0
	(30,13,46) 1.0
	(31,3,4) 1.0
	(31,4,39) 1.0
	(31,5,36) 1.0
	(31,6,24) 1.0
	(31,8,23) 1.0
	(31,11,50) 1.0
	(31,14,36) 1.0
	(32,0,6) 1.0
	(32,2,36) 1.0
	(32,3,21) 1.0
	(32,4,3) 1.0
	(32,7,6) 1.0
	(32,13,4) 1.0
	(32,14,23) 1.0
	(33,0,42) 1.0
	(33,2,27) 1.0
	(33,5,55) 1.0
	(33,6,7) 1.0
	(33,13,0) 1.0
	(33,14,25) 1.0
	(34,1,16) 1.0
	(34,2,60) 1.0
	(34,3,11) 1.0
	(34,8,29) 1.0
	(34,9,57) 1.0
	(34,10,0) 1.0
	(34,13,49) 1.0
	(35,0,16) 1.0
	(35,2,25) 1.0
	(35,3,19) 1.0
	(35,4,2) 1.0
	(35,7,48) 1.0
	(35,8,46) 1.0
	(35,9,12) 1.0
	(35,12,10) 1.0
	(36,4,45) 1.0
	(36,8,10) 1.0
	(36,12,48) 1.0
	(36,13,43) 1.0
	(36,14,33) 1.0
	(37,7,36) 1.0
	(37,10,25) 1.0
	(37,11,59) 1.0
	(38,0,20) 1.0
	(38,1,41) 1.0
	(38,8,52) 1.0
	(38,13,5) 1.0
	(39,5,22) 1.0
	(39,8,37) 1.0
	(39,13,36) 1.0
	(40,0,32) 1.0
	(40,1,50) 1.0
	(40,5,28) 1.0
	(40,6,5) 1.0
	(40,9,17) 1.0
	(40,11,58) 1.0
	(40,12,8) 1.0
	(41,1,14) 1.0
	(41,6,19) 1.0
	(41,7,16) 1.0
	(41,14,9) 1.0
	(42,0,17) 1.0
	(42,12,44) 1.0
	(43,0,24) 1.0
	(43,1,23) 1.0
	(43,2,1) 1.0
	(43,3,26) 1.0
	(43,5,0) 1.0
	(43,6,7) 1.0
	(43,7,25) 1.0
	(43,13,60) 1.0
	(44,11,7) 1.0
	(44,12,32) 1.0
	(45,2,30) 1.0
	(45,3,19) 1.0
	(45,7,13) 1.0
	(46,3,1) 1.0
	(46,5,32) 1.0
	(46,9,35) 1.0
	(46,13,1) 1.0
	(47,2,2) 1.0
	(47,6,46) 1.0
	(47,10,16) 1.0
	(47,12,43) 1.0
	(47,14,32) 1.0
	(48,0,45) 1.0
	(48,14,56) 1.0
	(49,9,35) 1.0
	(49,10,13) 1.0
	(49,12,34) 1.0
	(49,14,17) 1.0
	(50,3,54) 1.0
	(50,8,25) 1.0
	(50,9,54) 1.0
	(50,12,35) 1.0
	(51,6,31) 1.0
	(51,7,5) 1.0
	(51,10,11) 1.0
	(52,2,59) 1.0
	(52,6,26) 1.0
	(52,13,12) 1.0
	(53,0,8) 1.0
	(53,3,36) 1.0
	(53,5,28) 1.0
	(54,0,8) 1.0
	(54,3,52) 1.0
	(54,6,42) 1.0
	(54,12,26) 1.0
	(54,14,46) 1.0
	(55,0,16) 1.0
	(55,1,22) 1.0
	(55,7,33) 1.0
	(55,9,3) 1.0
	(55,11,60) 1.0
	(56,0,18) 1.0
	(56,1,9) 1.0
	(56,2,42) 1.0
	(56,4,8) 1.0
	(56,5,37) 1.0
	(56,6,4) 1.0
	(56,8,3) 1.0
	(56,9,16) 1.0
	(56,10,50) 1.0
	(56,11,0) 1.0
	(56,14,45) 1.0
	(57,4,55) 1.0
	(57,12,55) 1.0
	(58,1,20) 1.0
	(58,6,6) 1.0
	(58,11,12) 1.0
	(58,14,27) 1.0
	(59,4,49) 1.0
	(59,12,48) 1.0
	(59,14,14) 1.0
	(60,6,48) 1.0
	(60,7,60) 1.0
	(60,10,39) 1.0
	(60,13,57) 1.0
