1000
1.15110132291e-93
1.01788608662e-08
5.72448419855e-18
2.54712825043e-32
9.77014180289e-40
1.90783193293e-10
3.93780885566e-47
2.47879451636e-31
0.542219958155
4.96849347114e-13
1.2453244613e-06
0.000291651665307
1.28489601991e-14
8.31560413657e-24
1.74897473103e-08
0.00544137077059
1.32510532689e-15
7.30537094607e-15
1.78949306465e-26
7.50211581033e-13
1.29839478949e-14
2.02247440431e-23
0.0718520220892
1.89175501437e-08
1.16708190272e-08
2.38325755905e-45
9.6636655702e-05
1.18419132588e-05
5.11582053335e-15
0.000408153926869
5.1078409719e-84
0.058580709931
1.17852011242e-07
1.04263747808e-17
1.05882462928e-22
0.00619817289016
4.28483337459e-21
1.14369762154e-10
0.000336193041316
7.8697973864e-52
1.27598561949e-37
1.77337828227e-18
1.15419955703e-09
0.114305400116
9.70111423846e-14
4.59647228508e-22
3.81500337439e-33
2.45151701867e-19
7.46774385014e-39
3.27464197048e-18
0.00744598570393
2.98813310479e-26
1.58975291555e-11
3.11791594384e-10
3.857907354e-15
0.000190659383388
2.02886697719e-56
6.62267612155e-31
3.86935413016e-12
2.30287005254e-22
2.58637617556e-10
0.00125392485364
4.72420080995e-52
3.02719485043e-09
2.91201415371e-70
1.40518957415e-29
0.00143695759169
5.92696566839e-72
1.30883975295e-43
2.18186761991e-38
0.00136314529263
3.48190421439e-21
1.67476122659e-15
1.36348354455e-15
4.28547953082e-30
3.74285761478e-05
5.06629869227e-08
1.32044885314e-10
1.95146483442e-07
4.50682897086e-15
0.000396046025444
4.77362170242e-06
1.03445957577e-49
4.12329074234e-16
2.37334378463e-37
5.35662903864e-28
8.36166877798e-05
7.89427631964e-89
2.19228493899e-46
4.07966069447e-05
2.18171765885e-80
6.45497723864e-18
3.74236039307e-19
0.00300571061314
9.30985030883e-63
1.20550020443e-05
1.4806315236e-08
4.54707049727e-48
3.61749703947e-07
9.45745536332e-10
9.31585509751e-43
2.9828853849e-21
0.000143203748684
3.75732828486e-32
2.08449845108e-20
6.05329970408e-31
5.92454028657e-10
4.54436673547e-06
2.65377795665e-13
3.24871455212e-07
1.00874447755e-05
8.76286574274e-59
1.58186320042e-15
9.94710858608e-06
3.38592278591e-10
1.17589264774e-49
1.55700369308e-30
1.01480462534e-71
7.49523265642e-09
1.28130943386e-23
0.00197908410062
5.17033259301e-11
0.000171270561912
2.68304313795e-15
9.69751823833e-18
5.24412798807e-27
0.00249667284812
1.39917476416e-13
2.29129475253e-51
1.03575929511e-09
6.00737205144e-24
0.000874388710415
1.25293643948e-18
1.16105393387e-20
2.00051486118e-17
3.4904532761e-63
1.84483370084e-14
3.02308874116e-13
1.75334802188e-16
1.38499968625e-06
4.9614935687e-12
1.75329504697e-11
2.24292909606e-33
3.7541381923e-26
1.95229140222e-14
2.11258632325e-62
1.99914395639e-09
0.0012469445638
1.59650972382e-15
9.50788688966e-14
0.000638548299464
2.18055383065e-75
9.09288705331e-07
1.20618702904e-76
0.00259267181234
1.39051692268e-71
4.94674331199e-05
0.000388232436901
4.35056815992e-12
2.57987461229e-55
2.65342817244e-49
1.73850255923e-08
1.24970331236e-27
3.91929353728e-66
1.8916503841e-08
8.28105784313e-13
4.62339410778e-05
1.08868744869e-75
2.55387286662e-70
6.55839410644e-09
6.61092176829e-07
7.97619804379e-38
5.80124727593e-18
2.30913176506e-08
1.78599241549e-07
1.45981494544e-06
3.37434020687e-45
5.59668203771e-34
1.04320076534e-25
3.71189052515e-25
4.69751067704e-17
4.6937854717e-20
0.0119701705627
1.20919371113e-08
3.12032895438e-29
2.00274133351e-07
7.34372675061e-09
5.36938221955e-19
5.56420817594e-32
1.77847879855e-27
1.93661594703e-38
8.65697137791e-09
6.47787556213e-25
1.9126380817e-71
6.05702380127e-16
1.11412396553e-09
1.07413183785e-60
1.50836198454e-33
5.96250950765e-13
3.38906510186e-06
7.48488507359e-13
1.86114886565e-48
5.87506529015e-05
1.27904477583e-12
2.81968463757e-50
0.0120419349948
6.02443486246e-25
8.39780291913e-05
3.66168543208e-37
9.40503254092e-37
8.07660416094e-100
0.00521731739644
4.23069171015e-33
8.01319084646e-22
1.26319777961e-10
1.58652558874e-12
3.78023973577e-41
1.30571735e-06
0.000231568530481
3.70470999041e-13
3.46101835807e-18
1.1506390372e-24
2.96609046976e-07
0.00193897759864
1.29606600521e-20
0.000128987286865
7.20177392382e-06
1.47564885322e-15
3.44530706238e-18
0.000184242821813
3.97973032281e-09
7.31760459219e-05
1.61235679687e-15
2.56199712725e-29
2.03746031096e-20
8.31725096469e-25
2.25437310108e-10
8.29457328319e-06
3.98867285141e-12
1.11481698228e-28
1.50719548362e-12
8.28571738264e-26
4.58078471999e-33
1.69319838589e-65
0.00782053815888
4.25127110676e-38
9.11797935145e-68
8.90833389899e-25
1.38723310054e-12
0.00075156558591
5.52462186436e-27
1.423579528e-18
5.48654373261e-08
7.74781789205e-65
5.97507087689e-21
2.30275248045e-11
8.81377048915e-20
3.75705824188e-27
9.61039684533e-11
1.58600666535e-08
2.001409935e-28
3.06721494868e-15
1.92774858965e-20
1.06665960655e-09
1.1046157705e-11
2.90643456399e-97
2.01063341404e-13
1.42199049446e-06
1.48541597839e-37
2.82141570512e-52
2.944634517e-83
6.78472911407e-08
1.6011549048e-06
4.77853975183e-49
2.21454161213e-43
2.23407498422e-50
1.04374332966e-10
9.37148909512e-10
1.40388153192e-36
1.48785758886e-11
1.25649299487e-62
8.33600850008e-16
0.000131231891451
0.000352448920491
7.1685705383e-47
3.6988935496e-07
2.36432045874e-27
3.68871653222e-37
9.05131231794e-06
1.05688975889e-10
2.47169402996e-17
3.42363840854e-14
2.15061687057e-40
2.5890746494e-08
2.4229416403e-68
3.3110459085e-10
1.58233185442e-26
2.95533098138e-60
2.03599192944e-50
9.79433252573e-75
1.29024199049e-24
2.28444021364e-71
4.81333800346e-40
3.74395911146e-14
0.00279543013629
1.26422678621e-15
2.90404753689e-11
3.24599254919e-12
3.55098477064e-22
5.90556940905e-77
2.91964797542e-08
1.40484564149e-05
3.97229860951e-74
5.14258520719e-08
8.6769666699e-07
7.21917995905e-30
5.64741821781e-15
3.13014879326e-32
3.82436471727e-08
3.87102257611e-54
4.71848495574e-15
1.19193773105e-15
7.62848849717e-14
2.23464060745e-34
5.63918358706e-96
6.21067095686e-51
5.1324554403e-118
2.27848742473e-12
3.37948547749e-24
9.51900687965e-10
2.27102880501e-24
1.33487681402e-34
4.42225703803e-05
0.000938945476083
1.75055082499e-24
1.41582775031e-09
5.00389357272e-57
0.0154699981698
1.52522843223e-12
1.10766928936e-39
0.0105378108777
3.95301708756e-10
9.33893856439e-15
4.74806051653e-49
1.25250075425e-86
1.78482189346e-07
1.08786751714e-06
4.69590158996e-07
1.75637977559e-07
3.71190486344e-14
2.65055785711e-19
8.65259131645e-41
1.30677232763e-24
8.82359181016e-27
7.80649940651e-26
1.86181171514e-25
5.22091813713e-21
3.10815282951e-40
1.96604213192e-18
2.56510247099e-38
0.000110836146896
3.62958401524e-06
1.08000539181e-06
9.59943864381e-47
2.31772714218e-111
9.72710970048e-48
6.35118441608e-07
1.4618163028e-19
2.81093174778e-17
0.000306285381906
6.22361038758e-11
2.50632753314e-58
2.07012574811e-05
0.00114728202573
1.71982560544e-42
3.10928251267e-31
7.0486287886e-08
5.68272050384e-13
1.01196596769e-14
4.86966771491e-25
5.00265923281e-13
0.000707981137021
4.98472601701e-09
4.11522130263e-28
7.29785277929e-08
1.06669647554e-19
2.25030944594e-05
1.35383540933e-61
1.18648513958e-11
3.88463294939e-11
1.62416780938e-37
7.54445550951e-35
5.13964234208e-21
1.44274146033e-10
6.12653643686e-51
4.6955502144e-14
3.03091619314e-20
1.7558577952e-28
2.67716408197e-07
1.09050879618e-29
3.60301172021e-44
9.49725988077e-51
3.65260040356e-06
0.000272845587952
8.43985638013e-06
6.58998028999e-21
1.46111714719e-32
1.10176000093e-26
8.98965017742e-19
1.37051812183e-05
4.0017294627e-09
1.65119439239e-16
7.6103531539e-85
0.000563787872211
6.27771518564e-31
1.59038872943e-10
2.25863644928e-35
2.64404888144e-15
4.63980674034e-30
8.57050194757e-09
2.83244260369e-10
1.70978758366e-23
8.28128006518e-191
5.43956610307e-92
2.34880842696e-29
8.41071186493e-45
9.64031805526e-41
1.31921685582e-35
1.25530016628e-45
4.28975121894e-05
4.1677241753e-13
4.83074967271e-81
3.09785173797e-184
0.00154741275686
1.9933748342e-50
0.000417260226754
1.25382415425e-11
2.79661540106e-37
3.56688516646e-92
1.78156838561e-15
1.34759027349e-07
1.15454815366e-53
6.65646877468e-15
3.47205901015e-33
1.40338680598e-07
3.55181162423e-27
8.47262968445e-06
2.4174291885e-18
3.34851678215e-23
5.60197008088e-05
3.10412677145e-11
7.63220696327e-47
2.69449851991e-14
3.84127717456e-17
2.24424184851e-11
3.7319355438e-62
2.03727282379e-29
7.13102236816e-75
3.83555513757e-19
8.60978886723e-07
3.50607569831e-26
8.635551513e-11
1.89668023368e-50
1.13526211601e-12
1.79541731367e-16
6.17484025789e-29
3.51774394337e-15
1.04470098481e-43
2.41103655094e-07
6.29814968569e-37
0.00145884749282
1.93327959897e-12
2.89180555161e-22
5.57297964276e-13
1.82963655383e-20
1.67467743655e-21
4.22020973805e-40
3.3934137203e-23
3.82455891075e-72
3.66802111019e-09
5.29438367238e-24
7.55732702938e-26
4.03180354056e-05
1.82777167598e-14
0.000768478395624
1.38587804014e-39
6.72960125786e-11
1.47545658686e-65
2.01942475665e-07
1.51376209659e-69
3.37882024602e-17
1.38462897907e-06
4.79280157463e-10
4.96610988237e-47
8.20882447828e-41
9.19474202554e-27
4.41728924151e-11
9.88610760847e-37
2.06492157594e-22
7.20734015162e-25
2.08795344617e-09
7.30291143106e-19
4.79091385638e-06
2.93305689584e-28
0.000203985548285
4.04154037248e-05
7.24945208133e-12
3.58970336647e-12
8.46757681021e-39
2.86340958001e-43
6.9411335231e-12
0.00141230771643
5.81143956945e-05
5.51948553091e-34
3.0319564474e-20
1.88121404773e-05
1.42579782829e-73
2.59578322987e-06
3.17695211323e-29
1.74054382796e-05
1.81676401561e-38
1.1473699764e-36
7.33746226766e-29
1.5396438131e-28
1.93049442922e-74
5.59412679562e-61
3.25874527284e-32
1.11135673311e-06
3.11790183402e-40
7.6650644488e-17
1.4564146212e-18
2.42066714626e-163
2.48674926376e-27
4.51277913583e-41
1.21659684107e-12
2.42070455663e-06
2.56327248658e-36
3.89672112944e-33
5.36547818647e-40
2.31646876065e-07
6.71240152065e-20
1.28547087193e-34
4.02807795381e-17
1.71212462714e-79
2.44294260904e-35
2.49341394529e-11
2.08585873145e-07
4.03643889438e-60
7.7922351591e-08
2.40683432446e-14
2.82862762997e-09
4.52718903043e-23
4.93109878519e-13
1.84798825604e-10
8.70560301998e-06
1.16705016961e-13
4.85159771021e-13
2.19319401772e-109
1.74157409179e-18
1.29472248492e-05
5.42600495555e-22
2.33349866568e-25
0.000202105978191
5.31241531288e-15
8.86318250529e-143
8.4635696268e-09
1.76459854815e-35
7.86627551444e-12
5.09929123486e-15
9.92263341654e-12
2.29751809911e-33
8.30323074802e-16
2.79761384248e-19
2.91779306663e-08
7.00675538301e-37
2.48543063758e-31
2.07448031597e-37
1.43025799697e-36
5.96842917958e-67
2.85364450638e-38
2.05654923426e-05
1.21194539558e-29
3.55807993206e-05
7.37006137387e-09
5.96202099629e-127
2.24810499172e-18
1.89336511735e-12
6.39993411269e-46
1.13794367203e-12
1.1230463138e-29
8.02963797729e-08
4.84130940436e-16
5.00712060831e-19
3.32340496553e-39
1.66879534956e-10
1.26733700822e-16
3.69600224853e-11
3.87115694754e-55
4.57429901345e-18
7.62127338963e-12
2.12885665254e-31
7.71401420869e-12
1.12809720965e-113
3.68751665197e-05
8.13596907821e-35
3.35530941659e-28
1.56937526632e-39
2.41728171197e-12
7.1012032849e-50
1.07887242793e-07
2.6505108341e-21
1.01503142954e-18
2.66111265748e-05
1.08083220482e-09
2.62630945901e-08
5.24978609059e-28
5.05751077638e-29
1.14220797698e-57
1.62830692511e-06
2.4843458215e-74
0.00104651304699
0.00014561994237
4.72700808865e-62
2.0532882104e-20
3.74250820676e-10
1.32158091318e-17
1.30964653474e-06
2.11253999482e-09
8.71327536052e-15
1.65595581903e-05
1.63735076023e-20
9.45078395027e-16
6.80583140685e-20
6.69196908636e-07
3.62610727996e-17
1.02762930145e-64
3.81395002116e-29
8.5737371599e-38
5.52954714516e-57
2.22116994064e-16
1.28465575084e-13
0.0038961523687
0.000331681717452
6.55206387866e-46
3.65767874782e-08
5.52867357482e-27
2.75342050407e-51
2.12370212668e-11
1.36411155326e-05
3.76517333649e-11
9.01386538205e-22
1.88640610905e-22
7.37233951187e-37
1.78798596069e-12
0.000154811762147
0.00118114750612
4.40820680398e-16
2.68080741365e-13
6.28272399281e-05
1.53385172999e-15
2.21211462544e-07
2.73267048289e-95
1.78153921634e-11
5.13013438389e-68
0.00122574261253
3.05155151236e-29
1.16125111132e-09
2.38942211005e-24
1.39271053678e-10
3.50305103626e-12
1.67318543974e-11
6.21697811155e-05
2.28663725701e-05
4.66066549377e-12
1.68646506745e-22
1.09334217166e-12
3.17649202537e-17
0.000734516946575
1.07909340527e-34
0.000170817172759
5.86402235852e-55
3.909683419e-39
2.21512020623e-78
1.76078078408e-13
4.31742464928e-15
2.70587632652e-86
3.10874997663e-11
0.000242530558371
7.31384433143e-22
0.00400797055017
3.64503179364e-11
3.35447406636e-23
1.19630501001e-23
6.35063284808e-28
2.18006521443e-22
1.82729011667e-16
1.23436570681e-15
1.4928757186e-54
3.46224178696e-16
2.32233642841e-29
7.47488312856e-36
4.96694457037e-14
3.96001195379e-68
2.6374610922e-12
4.89254730639e-47
6.47632435673e-10
8.35160791932e-28
1.7535033253e-27
3.23426110565e-22
6.0712703277e-08
1.18873451915e-16
1.26649339671e-12
5.70354981615e-13
3.07667844826e-35
1.43579082739e-43
1.49133253367e-25
2.36387737285e-11
1.10109322236e-33
0.000241416765357
1.15603304028e-32
4.25502601085e-08
4.8676244901e-16
0.000293947041606
9.46565011687e-39
1.66567287845e-08
2.19155876378e-18
0.00321942887801
1.38980814145e-15
1.30757611616e-05
6.20055547729e-12
0.00163778010596
1.16901788871e-09
1.48484521554e-16
7.33427035248e-23
3.83697995284e-43
2.36838678102e-20
4.33846375351e-14
2.9707915426e-49
2.07097322526e-14
1.3667401e-15
2.55813885153e-36
1.14396207324e-32
1.74701039515e-75
1.99599273285e-05
2.65659617162e-12
2.10780187448e-14
1.52766052897e-66
4.21166691463e-12
6.60496086992e-27
8.19083556631e-06
0.0030991875219
1.17821618747e-45
0.00301550568285
4.62229737026e-18
1.86171949556e-24
1.66050409035e-07
1.9048499348e-17
3.38171070605e-31
9.64512482259e-13
1.60868373053e-24
1.46088004818e-22
3.2310489362e-10
2.47092819805e-06
5.93630042835e-13
1.255589143e-07
2.44763492592e-24
1.19473475548e-39
0.000139207692849
2.08733470036e-07
4.26788267112e-30
5.9971462964e-19
5.20641999527e-42
6.97849517341e-10
2.92184443727e-05
7.77380644711e-24
0.00108860413287
0.000628964448026
3.21704426731e-06
1.1423888744e-10
1.2453583506e-18
9.83639162957e-82
7.34356538192e-07
0.000686100712756
5.01266735414e-07
0.014228858795
5.60796799847e-20
1.03561336448e-05
2.81247817354e-97
1.32247207585e-10
2.89002094512e-05
1.44554409264e-10
5.87946677699e-17
3.61970821553e-102
5.26372599894e-10
0.00182409726374
3.79995322856e-95
8.03115165531e-46
3.85797630469e-05
6.07436534887e-26
1.27712224537e-26
1.72907727545e-07
9.33172310365e-16
1.01175303746e-12
1.305120271e-26
7.49160116977e-36
1.5309118787e-70
3.9661825673e-25
7.21563169004e-20
1.128381842e-37
6.55074249513e-25
4.78294728474e-19
5.18611236618e-39
1.02682015897e-15
7.62577341456e-31
9.48938799943e-39
1.43666432803e-05
2.34183447482e-36
8.99273878648e-37
1.73349351291e-33
7.45186810522e-41
2.76290789086e-31
1.13297490246e-34
3.10985385548e-16
1.52947770422e-41
8.85827922177e-23
1.04807478786e-115
0.000275614482361
4.0929075621e-09
1.70936947343e-32
1.63083141225e-23
1.7038781405e-41
2.1177102883e-36
2.21331143647e-14
0.0106174551972
1.4623482488e-12
3.57601882223e-33
1.60555681617e-39
4.84962681593e-46
2.33640091511e-05
4.68507508687e-16
0.000225907865299
2.93268882173e-36
0.000851600419823
1.03660006769e-14
1.85753081282e-33
1.71048149342e-09
5.62433230617e-27
0.000849057493459
1.71980967647e-12
1.67324345731e-11
3.77613717661e-54
1.06585654503e-26
6.56049934726e-23
2.84181951265e-84
3.98810652192e-16
1.82196398159e-17
4.58759702852e-05
1.10407280326e-19
9.32490511762e-07
3.07107452987e-25
3.45817426966e-39
0.000148832562901
1.43576562018e-90
2.93880909671e-30
8.28245149433e-72
2.86573074816e-36
7.81239983676e-10
5.35169816845e-26
2.38478129854e-13
4.17927967687e-65
0.000649078578938
2.98860617075e-37
2.04327856759e-36
0.0060354279897
0.000722424744821
1.72619584569e-36
1.50886836276e-07
4.14012307056e-12
7.675005705e-33
1.27026597221e-26
9.72410807164e-22
1.29472135111e-32
2.5179018053e-134
7.27380580813e-11
1.84730951103e-06
9.55077533489e-51
1.14465125306e-05
1.19955855353e-40
0.00275488365706
2.85735727374e-12
3.87532051201e-32
4.88934277267e-07
2.5587030112e-07
6.19884886329e-09
8.62323391807e-13
2.87260189187e-49
1.34141053423e-27
2.05384907986e-08
2.20066266455e-11
1.0702669099e-42
6.26113259172e-18
8.70457313639e-10
5.36767891599e-39
1.63642107631e-06
4.18935710555e-07
7.69660333183e-17
1.91614099856e-58
0.00301094112676
8.24200931314e-10
2.33671788191e-15
2.83694410867e-08
7.24893585244e-18
0.00156827088842
7.48225481842e-23
1.75777298793e-10
1.43675404331e-05
4.60858817869e-20
1.0258084592e-12
2.65175300928e-63
5.71978686844e-19
0.00133527656603
4.81432587294e-37
1.3324271931e-28
7.83008177609e-29
5.97969545945e-14
1.88294221077e-111
6.36177884682e-21
1.16701140409e-35
7.00924387318e-24
1.78037567316e-59
1.98394297083e-51
5.59940431368e-23
3.58568608111e-39
0.00228155584267
3.64249026613e-32
2.15808809892e-91
0.00122432377681
7.3115589971e-28
3.5353957574e-19
1.22628927655e-47
2.70446576474e-34
3.02743179833e-24
0.000100847142874
5.92256315153e-11
2.16685263466e-36
5.79433121852e-07
5.56348560052e-17
4.04626417319e-12
0.000622134860601
4.73501744173e-19
3.29736133272e-12
4.84479937911e-14
1.44446371053e-44
4.23002307367e-25
1.17290100841e-17
2.71918916941e-12
0.000992077650977
5.79196389601e-13
2.85752748018e-29
4.77813748635e-17
0.000888927048693
1.72457764305e-12
9.17158277582e-17
3.62057541542e-57
1.40577853278e-06
1.93572755353e-08
2.71921340064e-45
8.36482320066e-37
5.92348401759e-20
9.1427170117e-20
0.0117815354477
3.26230171197e-18
7.17582337427e-48
2.88245518531e-07
1.47295282793e-23
9.29448635156e-12
4.68520876718e-30
2.74615981403e-13
1.17040399972e-16
2.6154262881e-30
2.14062819e-12
2.6852654211e-07
0.000375401803346
5.62653896687e-05
1.37395905491e-39
4.1688212939e-07
9.40138577455e-105
5.02538696617e-57
6.18648505524e-32
1.17758986916e-46
1.22237279905e-12
9.05042899702e-79
3.65395062671e-52
0.00273631234021
2.09053450282e-06
1.36781359225e-09
8.59595379725e-06
2.24525842434e-39
2.0166064685e-61
6.26910696204e-05
