I: (state)
	(11) 1.0
F: (state)
	(1) 0.0173540056408
	(2) 0.0423254726084
	(4) 0.145010060724
	(5) 0.00931832286541
	(6) 0.142095800667
	(7) 0.150926235409
	(8) 0.0350959794945
	(9) 0.0665034867333
	(10) 0.00853069916967
	(11) 0.0675370902419
	(14) 0.0047665132538
S: (state,symbol) 
	(0,1) 0.128234997101
	(0,2) 0.0302209388717
	(0,4) 0.0221912220122
	(0,9) 0.0657928413665
	(0,11) 0.0649316098384
	(0,12) 0.0468717915793
	(0,14) 0.0266113297249
	(0,15) 0.129892941701
	(0,16) 0.085143912136
	(0,18) 0.184922867148
	(0,19) 0.134788443066
	(0,20) 0.0803971054546
	(1,0) 0.00936371166651
	(1,1) 0.0026582734859
	(1,2) 0.0136342081642
	(1,3) 0.0181264178803
	(1,5) 0.034587204672
	(1,6) 0.175893424611
	(1,7) 0.0235548354565
	(1,8) 0.0379698959576
	(1,9) 0.0361258862569
	(1,10) 0.0755502126743
	(1,12) 0.00932139815431
	(1,13) 0.124838390167
	(1,14) 0.0743065315109
	(1,16) 0.10555656943
	(1,17) 0.05009721993
	(1,18) 0.0473867174079
	(1,20) 0.125971322046
	(1,21) 0.00108958285914
	(1,22) 0.0339681976695
	(2,1) 0.0493722616177
	(2,4) 0.0430258348508
	(2,5) 0.0279986008242
	(2,8) 0.0326680403787
	(2,9) 0.0698384140131
	(2,12) 0.140897305175
	(2,13) 0.0911321141808
	(2,14) 0.0869870450846
	(2,15) 0.0385533334854
	(2,16) 0.0605708119438
	(2,17) 0.0578966565025
	(2,18) 0.0432551208872
	(2,20) 0.0241720236029
	(2,22) 0.233632437453
	(3,0) 0.0806311541367
	(3,1) 0.200917052953
	(3,2) 0.0334354072481
	(3,3) 0.0876529709955
	(3,4) 0.167151347503
	(3,5) 0.00236361182706
	(3,6) 0.0472787322759
	(3,7) 0.00775644776379
	(3,8) 0.00874392398208
	(3,11) 0.0142168507042
	(3,12) 0.016885979093
	(3,13) 0.0464691104299
	(3,15) 0.0376678951706
	(3,19) 0.113009432288
	(3,20) 0.110420801614
	(3,21) 0.0253992820153
	(4,2) 0.0363249623386
	(4,3) 0.0468355423473
	(4,4) 0.00281185109682
	(4,5) 0.228788721983
	(4,6) 0.0413262058959
	(4,8) 0.0782857678344
	(4,9) 0.0609582525375
	(4,13) 0.195425817446
	(4,14) 0.0219070307823
	(4,15) 0.0398255116429
	(4,17) 0.085511831838
	(4,18) 0.0270209084678
	(4,19) 0.0209961933711
	(4,20) 0.0914199133219
	(4,22) 0.0225614890962
	(5,0) 0.02012568241
	(5,1) 0.0469917531696
	(5,2) 0.0822819123169
	(5,4) 0.0160467394093
	(5,5) 0.0328525766585
	(5,6) 0.189006174654
	(5,7) 0.0217468511272
	(5,8) 0.0286892997027
	(5,10) 0.00856231166538
	(5,11) 0.036255100603
	(5,12) 0.136620147623
	(5,13) 0.105261596064
	(5,17) 0.143144422533
	(5,19) 0.0747396017607
	(5,20) 0.017230612927
	(5,21) 0.0404452173769
	(6,1) 0.145330007881
	(6,2) 0.0446005535139
	(6,3) 0.0676781755422
	(6,4) 0.0200722110722
	(6,6) 0.0208830296301
	(6,8) 0.0708352192741
	(6,9) 0.224773632984
	(6,10) 0.0704422268314
	(6,13) 0.105984274741
	(6,14) 0.0989165586169
	(6,17) 0.0923987486811
	(6,21) 0.0380853612317
	(7,0) 0.201587759314
	(7,2) 0.125124706685
	(7,3) 0.000236259085164
	(7,4) 0.0965377468686
	(7,5) 0.00568669882734
	(7,6) 0.0111813739248
	(7,7) 0.067832060883
	(7,8) 0.113860968089
	(7,11) 0.21037099657
	(7,12) 0.0264060143697
	(7,13) 0.014744179877
	(7,14) 0.0393768830584
	(7,15) 0.0838669934758
	(7,22) 0.00318735897228
	(8,0) 0.0558507038242
	(8,1) 0.0598831105783
	(8,2) 0.0623496007818
	(8,3) 0.00547803977108
	(8,4) 0.0039448392384
	(8,5) 0.104739610503
	(8,6) 0.0345471594006
	(8,7) 0.0104974669395
	(8,8) 0.0567442142231
	(8,9) 0.0156661688617
	(8,10) 0.0408277904777
	(8,11) 0.147041738026
	(8,12) 0.0472233080282
	(8,13) 0.00713813543451
	(8,14) 0.0940179415335
	(8,15) 0.0469255367937
	(8,16) 0.0227715308758
	(8,17) 0.0404588430762
	(8,18) 0.00344229923952
	(8,19) 0.0856447351147
	(8,20) 0.00902988986222
	(8,21) 0.0059474606553
	(8,22) 0.0398298767611
	(9,0) 0.0542997599533
	(9,1) 0.0119076724415
	(9,2) 0.144601349214
	(9,3) 0.0478375420891
	(9,4) 0.0469809722209
	(9,5) 0.0659155250063
	(9,6) 0.0987378558869
	(9,7) 0.07090047945
	(9,8) 0.119860726058
	(9,9) 0.0113676747013
	(9,10) 0.0105157448049
	(9,13) 0.0723944238432
	(9,14) 0.0074604694505
	(9,17) 0.028109532732
	(9,19) 0.113284233864
	(9,20) 0.00716090165899
	(9,22) 0.0886651366257
	(10,0) 0.17108381373
	(10,3) 0.304145349165
	(10,5) 0.0205495036638
	(10,6) 0.159331592898
	(10,8) 0.176726673379
	(10,11) 0.0317406230709
	(10,18) 0.0189564690046
	(10,19) 0.0305631637399
	(10,20) 0.0863383003133
	(10,21) 0.000564511035457
	(11,1) 0.222527246006
	(11,2) 0.0518471837802
	(11,4) 0.000608321571759
	(11,7) 0.0449714382478
	(11,8) 0.0724941432271
	(11,9) 0.021304328156
	(11,10) 0.0986859440318
	(11,11) 0.0376136770333
	(11,13) 0.0573136073691
	(11,16) 0.101166631368
	(11,18) 0.0479109145204
	(11,19) 0.0830205429133
	(11,20) 0.0851501480098
	(11,21) 0.0627750792397
	(11,22) 0.0126107945258
	(12,0) 0.216548063174
	(12,1) 0.019041098423
	(12,2) 0.150148473955
	(12,4) 0.147112080083
	(12,6) 0.0256171249804
	(12,7) 0.0881600262997
	(12,8) 0.146723962366
	(12,13) 0.0823969175048
	(12,14) 0.0207069406983
	(12,15) 0.00972167500272
	(12,17) 0.0272349285343
	(12,18) 0.0262071104347
	(12,22) 0.0403815985451
	(13,0) 0.105812341229
	(13,1) 0.000462939490637
	(13,2) 0.0129278186527
	(13,3) 0.0171561683821
	(13,4) 0.0512097418021
	(13,5) 0.0122016164547
	(13,7) 0.127610176849
	(13,8) 0.0504575718506
	(13,9) 0.0178447858999
	(13,10) 0.143983558093
	(13,11) 0.0382698956846
	(13,12) 0.00175915655116
	(13,13) 0.0556930796739
	(13,14) 0.0174352027189
	(13,15) 0.024123096175
	(13,16) 0.0134170888808
	(13,17) 0.0457265817987
	(13,18) 0.046911366866
	(13,19) 0.0773794987971
	(13,20) 0.0152453748627
	(13,21) 0.0737623994114
	(13,22) 0.0506105398752
	(14,0) 0.0908133840865
	(14,1) 0.173710787989
	(14,2) 0.0657667196104
	(14,3) 0.00992625876473
	(14,4) 0.0160756737243
	(14,5) 0.0147753678749
	(14,6) 0.0200986572572
	(14,7) 0.0264843037861
	(14,8) 0.012953112289
	(14,9) 0.0120185565545
	(14,10) 0.0176670129136
	(14,11) 0.0777415202793
	(14,12) 0.0134270694791
	(14,13) 0.00833235689169
	(14,14) 0.0152339476271
	(14,15) 0.0742522475454
	(14,16) 0.0238841049701
	(14,17) 0.0724904261432
	(14,18) 0.00404914138883
	(14,19) 0.0127271649697
	(14,20) 0.131364977658
	(14,21) 0.0872258043549
	(14,22) 0.0189814038424
	(15,0) 0.0160251022958
	(15,1) 0.0470928451564
	(15,2) 0.0147736740422
	(15,4) 0.0275438887184
	(15,6) 0.0165346244618
	(15,7) 0.0632932528163
	(15,8) 0.0123562683849
	(15,11) 0.285776387858
	(15,12) 0.0274511862138
	(15,13) 0.0939775733422
	(15,14) 0.0607871159873
	(15,17) 0.167593543573
	(15,18) 0.0118167515509
	(15,20) 0.0120632454702
	(15,22) 0.142914540128
T: (state,symbol,state) 
	(0,1,3) 1.0
	(0,2,14) 1.0
	(0,4,5) 1.0
	(0,9,1) 1.0
	(0,11,11) 1.0
	(0,12,10) 1.0
	(0,14,13) 1.0
	(0,15,3) 1.0
	(0,16,3) 1.0
	(0,18,0) 1.0
	(0,19,8) 1.0
	(0,20,14) 1.0
	(1,0,9) 1.0
	(1,1,5) 1.0
	(1,2,11) 1.0
	(1,3,3) 1.0
	(1,5,15) 1.0
	(1,6,6) 1.0
	(1,7,5) 1.0
	(1,8,14) 1.0
	(1,9,7) 1.0
	(1,10,14) 1.0
	(1,12,14) 1.0
	(1,13,8) 1.0
	(1,14,4) 1.0
	(1,16,11) 1.0
	(1,17,0) 1.0
	(1,18,2) 1.0
	(1,20,3) 1.0
	(1,21,11) 1.0
	(1,22,3) 1.0
	(2,1,7) 1.0
	(2,4,3) 1.0
	(2,5,14) 1.0
	(2,8,2) 1.0
	(2,9,4) 1.0
	(2,12,4) 1.0
	(2,13,0) 1.0
	(2,14,8) 1.0
	(2,15,11) 1.0
	(2,16,15) 1.0
	(2,17,3) 1.0
	(2,18,4) 1.0
	(2,20,3) 1.0
	(2,22,10) 1.0
	(3,0,10) 1.0
	(3,1,4) 1.0
	(3,2,8) 1.0
	(3,3,3) 1.0
	(3,4,4) 1.0
	(3,5,6) 1.0
	(3,6,7) 1.0
	(3,7,3) 1.0
	(3,8,13) 1.0
	(3,11,14) 1.0
	(3,12,14) 1.0
	(3,13,3) 1.0
	(3,15,12) 1.0
	(3,19,5) 1.0
	(3,20,6) 1.0
	(3,21,11) 1.0
	(4,2,0) 1.0
	(4,3,1) 1.0
	(4,4,15) 1.0
	(4,5,14) 1.0
	(4,6,2) 1.0
	(4,8,3) 1.0
	(4,9,11) 1.0
	(4,13,14) 1.0
	(4,14,13) 1.0
	(4,15,9) 1.0
	(4,17,12) 1.0
	(4,18,7) 1.0
	(4,19,6) 1.0
	(4,20,15) 1.0
	(4,22,14) 1.0
	(5,0,10) 1.0
	(5,1,2) 1.0
	(5,2,5) 1.0
	(5,4,9) 1.0
	(5,5,4) 1.0
	(5,6,7) 1.0
	(5,7,10) 1.0
	(5,8,14) 1.0
	(5,10,7) 1.0
	(5,11,15) 1.0
	(5,12,6) 1.0
	(5,13,9) 1.0
	(5,17,4) 1.0
	(5,19,0) 1.0
	(5,20,9) 1.0
	(5,21,2) 1.0
	(6,1,6) 1.0
	(6,2,1) 1.0
	(6,3,7) 1.0
	(6,4,13) 1.0
	(6,6,12) 1.0
	(6,8,15) 1.0
	(6,9,9) 1.0
	(6,10,11) 1.0
	(6,13,12) 1.0
	(6,14,3) 1.0
	(6,17,7) 1.0
	(6,21,3) 1.0
	(7,0,13) 1.0
	(7,2,12) 1.0
	(7,3,10) 1.0
	(7,4,13) 1.0
	(7,5,7) 1.0
	(7,6,11) 1.0
	(7,7,6) 1.0
	(7,8,4) 1.0
	(7,11,13) 1.0
	(7,12,1) 1.0
	(7,13,13) 1.0
	(7,14,13) 1.0
	(7,15,4) 1.0
	(7,22,10) 1.0
	(8,0,14) 1.0
	(8,1,0) 1.0
	(8,2,6) 1.0
	(8,3,3) 1.0
	(8,4,12) 1.0
	(8,5,11) 1.0
	(8,6,5) 1.0
	(8,7,6) 1.0
	(8,8,2) 1.0
	(8,9,15) 1.0
	(8,10,8) 1.0
	(8,11,15) 1.0
	(8,12,2) 1.0
	(8,13,5) 1.0
	(8,14,15) 1.0
	(8,15,14) 1.0
	(8,16,15) 1.0
	(8,17,4) 1.0
	(8,18,11) 1.0
	(8,19,3) 1.0
	(8,20,14) 1.0
	(8,21,3) 1.0
	(8,22,13) 1.0
	(9,0,6) 1.0
	(9,1,14) 1.0
	(9,2,5) 1.0
	(9,3,1) 1.0
	(9,4,4) 1.0
	(9,5,10) 1.0
	(9,6,8) 1.0
	(9,7,1) 1.0
	(9,8,5) 1.0
	(9,9,10) 1.0
	(9,10,8) 1.0
	(9,13,13) 1.0
	(9,14,10) 1.0
	(9,17,14) 1.0
	(9,19,4) 1.0
	(9,20,0) 1.0
	(9,22,14) 1.0
	(10,0,1) 1.0
	(10,3,2) 1.0
	(10,5,14) 1.0
	(10,6,4) 1.0
	(10,8,7) 1.0
	(10,11,13) 1.0
	(10,18,15) 1.0
	(10,19,8) 1.0
	(10,20,10) 1.0
	(10,21,7) 1.0
	(11,1,15) 1.0
	(11,2,7) 1.0
	(11,4,15) 1.0
	(11,7,13) 1.0
	(11,8,12) 1.0
	(11,9,8) 1.0
	(11,10,13) 1.0
	(11,11,12) 1.0
	(11,13,1) 1.0
	(11,16,7) 1.0
	(11,18,15) 1.0
	(11,19,13) 1.0
	(11,20,0) 1.0
	(11,21,14) 1.0
	(11,22,12) 1.0
	(12,0,5) 1.0
	(12,1,4) 1.0
	(12,2,14) 1.0
	(12,4,9) 1.0
	(12,6,11) 1.0
	(12,7,10) 1.0
	(12,8,10) 1.0
	(12,13,14) 1.0
	(12,14,1) 1.0
	(12,15,6) 1.0
	(12,17,15) 1.0
	(12,18,15) 1.0
	(12,22,3) 1.0
	(13,0,13) 1.0
	(13,1,0) 1.0
	(13,2,11) 1.0
	(13,3,14) 1.0
	(13,4,0) 1.0
	(13,5,14) 1.0
	(13,7,7) 1.0
	(13,8,11) 1.0
	(13,9,3) 1.0
	(13,10,3) 1.0
	(13,11,10) 1.0
	(13,12,12) 1.0
	(13,13,9) 1.0
	(13,14,3) 1.0
	(13,15,7) 1.0
	(13,16,0) 1.0
	(13,17,11) 1.0
	(13,18,9) 1.0
	(13,19,1) 1.0
	(13,20,8) 1.0
	(13,21,14) 1.0
	(13,22,5) 1.0
	(14,0,6) 1.0
	(14,1,4) 1.0
	(14,2,12) 1.0
	(14,3,15) 1.0
	(14,4,4) 1.0
	(14,5,14) 1.0
	(14,6,4) 1.0
	(14,7,13) 1.0
	(14,8,6) 1.0
	(14,9,7) 1.0
	(14,10,2) 1.0
	(14,11,15) 1.0
	(14,12,4) 1.0
	(14,13,14) 1.0
	(14,14,9) 1.0
	(14,15,13) 1.0
	(14,16,9) 1.0
	(14,17,3) 1.0
	(14,18,4) 1.0
	(14,19,13) 1.0
	(14,20,8) 1.0
	(14,21,1) 1.0
	(14,22,12) 1.0
	(15,0,1) 1.0
	(15,1,9) 1.0
	(15,2,10) 1.0
	(15,4,15) 1.0
	(15,6,1) 1.0
	(15,7,10) 1.0
	(15,8,8) 1.0
	(15,11,7) 1.0
	(15,12,10) 1.0
	(15,13,5) 1.0
	(15,14,1) 1.0
	(15,17,15) 1.0
	(15,18,15) 1.0
	(15,20,12) 1.0
	(15,22,13) 1.0
