1000
0.00153967170393
1.36707146278e-05
0.154817364554
0.00596806947751
0.109455008994
0.00750561792777
0.0500084853144
0.00450773325416
0.00637591087823
0.100881965128
0.167973889172
1.88778538246e-05
2.20332927235e-07
0.0460915797086
0.0300341576685
8.82324440569e-08
0.000148584865935
0.000142402906882
0.000763235031131
0.000825571163849
0.00293732547547
8.39510935681e-05
4.13185011939e-05
3.75120702419e-06
0.0325864885124
0.00270725998662
0.0121185340154
0.00256363606546
0.000380333297893
2.61139918221e-06
0.00393425503587
0.000537958010082
0.00334209118054
0.00644645218644
6.46226749823e-05
0.00699427772998
0.00236283973235
9.73098566581e-05
0.00223454124785
0.00293732547547
0.00205952120705
0.00388890857716
3.61420957054e-07
0.00235096342311
0.000160158613815
3.14326403349e-05
0.00789666927516
0.000760908451125
0.00550062151053
0.000541495387246
0.000398848960136
0.00358431051325
8.51872936842e-05
0.000495822545828
0.0023889815353
3.84950025759e-05
2.89706844417e-05
9.73098566581e-05
5.41555102394e-05
0.000284896368296
7.76558514627e-05
0.000281983979283
0.00167051444714
0.000281983979283
0.00145606994985
0.000201420135551
0.000561375611406
0.00256363606546
0.00450773325416
0.00691774175534
0.00489080464734
6.60457941408e-06
0.00236283973235
4.44595325728e-05
0.00450773325416
0.000160158613815
0.000120969152949
0.000309107128462
6.84197151505e-07
0.000499082858562
0.00691774175534
0.00450773325416
0.000934720538153
0.00362610521874
0.000235122268317
8.42551184403e-05
0.00366622344039
9.73098566581e-05
0.000360827724588
0.000391491202518
0.000352848783663
8.96880796608e-05
0.0022018649868
3.11647346545e-07
4.22038818837e-07
0.00415466585887
0.00123690978172
1.02065926022e-05
0.000229923037324
0.00489080464734
0.00236283973235
5.70986529158e-06
9.86278409391e-07
0.000609081836559
0.000160158613815
9.83864659022e-05
0.00318694214502
3.32373777155e-05
0.000309107128462
0.00145606994985
1.01212195609e-05
0.00337906714971
9.89955382647e-07
0.000120969152949
1.01222953654e-05
0.00415466585887
0.00455760556369
8.1510965998e-08
4.39424186157e-05
0.00360787937535
7.61705775924e-06
7.64545513406e-06
0.00134202353326
7.61705775924e-06
8.72736115152e-06
0.00134202353326
0.00289372832234
9.10853361149e-05
0.00217777073586
0.00107954891367
0.000201420135551
1.7978776839e-06
0.000432743518268
2.83331833014e-06
1.25999583667e-05
0.000255103178857
9.73098566581e-05
0.000162026136752
0.000172353894646
0.000161211746983
0.000501308188851
3.45739440961e-06
0.00189820957943
0.000120969152949
4.44595325728e-05
4.57466192533e-06
0.000114551570533
5.47041432862e-05
0.00134202353326
0.00188560889499
6.42677934667e-07
0.00017046788528
0.00153967170393
1.13772475701e-06
3.65590426637e-06
0.000162026136752
6.87975232392e-05
0.00134202353326
0.00217777073586
0.00313964006498
0.000218537007289
0.000160158613815
0.000352848783663
0.000895728974452
0.000948803116025
0.00141907719501
0.00205952120705
0.000537958010082
4.48297861177e-05
0.000149335468772
0.00018769785273
0.000352848783663
0.000583674185545
0.00107954891367
0.000495822545828
0.000128834594382
0.000169354285388
0.000763235031131
1.69347264737e-07
0.000861508720345
7.73756392839e-05
3.38735713604e-05
9.61882574338e-05
0.000149335468772
0.000422481740564
0.000352848783663
1.88778538246e-05
0.000226534488731
0.000281983979283
0.00123690978172
0.000131249224848
3.20193085565e-07
2.21549587695e-05
0.000172996452219
0.000499082858562
4.7176271653e-06
0.000129301162707
0.000497338589999
0.00362610521874
0.00420063192874
1.48515378958e-06
1.1298160282e-06
7.76558514627e-05
0.000150987674948
1.67280247156e-09
2.00314017877e-06
0.000430568425402
3.1081073241e-06
0.00204584970466
3.32373777155e-05
2.6080454841e-05
5.84424734961e-05
0.00236283973235
1.27393608087e-05
3.00412510124e-06
2.26771864943e-06
0.000288048382637
5.4902251726e-05
0.000403261714324
1.09221860835e-07
1.2660184841e-07
1.46509438954e-08
0.000541495387246
0.000504604572781
2.60169970977e-06
0.000161211746983
6.41105088615e-05
0.000805994145582
5.13466061234e-09
6.95586799404e-05
3.38131429894e-07
0.000105579339402
0.000105579339402
3.82876421996e-05
0.00018564393971
4.86394633225e-05
0.000874488282841
2.29512868745e-06
2.83331833014e-06
0.00024578560172
4.0518926286e-06
3.52887695199e-05
8.29517307089e-06
0.000834705054054
2.04821115207e-05
8.55245131075e-05
2.27917443291e-06
0.000105048667403
1.77343055611e-05
0.000211914356834
9.73098566581e-05
0.00064835681545
0.000266672692318
0.000184954405804
4.48297861177e-05
0.000128834594382
6.87975232392e-05
3.90749715071e-05
1.70163781041e-06
6.87975232392e-05
0.000149335468772
2.20332927235e-07
0.000139783078859
0.00018564393971
0.000305947241904
1.50158511888e-06
3.90749715071e-05
2.23006401122e-05
6.69952035297e-05
2.82442674741e-05
9.27924663202e-05
9.89529339097e-06
1.64832887146e-06
2.01781064794e-05
6.24596113035e-06
0.00099499343943
3.82151251012e-06
0.000201420135551
0.000309107128462
2.61139918221e-06
0.000874488282841
3.56116179928e-06
2.34676944874e-05
8.26527383976e-07
1.48319799659e-06
1.44517237254e-07
5.0750987428e-05
8.29517307089e-06
9.83864659022e-05
1.84624458503e-06
5.17039202585e-08
4.44595325728e-05
2.2180619813e-08
3.55676804675e-07
6.44796302837e-06
0.00012230752208
2.2222700538e-05
0.00018564393971
0.000175795269582
0.000769326931025
4.00755416172e-06
1.66818715097e-05
5.99659622124e-05
4.69391501999e-06
1.77322867835e-05
6.11637346372e-08
2.30439058621e-06
1.33465368443e-05
5.10073650539e-05
4.59403736117e-06
2.2222700538e-05
0.00032521196623
0.000280566647039
9.96464897327e-07
2.54109842246e-07
1.29450410178e-06
7.29934961084e-09
0.000201420135551
0.000171103411567
1.0703477367e-05
0.000147614219233
2.57230134557e-07
1.08930577471e-05
0.000129301162707
0.000305947241904
9.73098566581e-05
1.09966199504e-06
1.57664275651e-05
8.29517307089e-06
1.64259702458e-05
1.09824975045e-05
1.88778538246e-05
0.000120519839427
6.45073920988e-07
3.90749715071e-05
3.75120702419e-06
9.4316845403e-06
0.000112727807441
4.34811986722e-06
5.40529392729e-06
6.99591696467e-06
0.000458384634507
0.000203648592024
0.000105048667403
0.000825571163849
3.88561188308e-08
9.83864659022e-05
0.000262773070184
0.000128834594382
2.00694134161e-05
0.000142402906882
0.000328810021156
9.73098566581e-05
0.000105579339402
5.94292748544e-06
3.2060482338e-08
7.02045308207e-06
5.95678964905e-05
0.000105048667403
0.000432743518268
4.00240744691e-05
0.000131249224848
0.000703454784776
9.73098566581e-05
3.82151251012e-06
0.000149335468772
0.000281983979283
3.31936075478e-05
4.41644015471e-05
2.67325042063e-06
0.000120969152949
2.83331833014e-06
1.51856998656e-05
2.04821115207e-05
3.38131429894e-07
5.35003762922e-06
8.39510935681e-05
6.08727692096e-06
2.02382578408e-12
2.13704784537e-08
0.000312527003934
0.00117128999129
9.73098566581e-05
9.83864659022e-05
0.000111494265831
0.000106747439908
2.75008591749e-07
1.08114541743e-06
2.86868738376e-06
1.74930961155e-05
4.13185011939e-05
4.13185011939e-05
6.3097215461e-06
3.02846920453e-06
0.000131249224848
5.47041432862e-05
0.000105579339402
0.000139783078859
9.73098566581e-05
2.21549587695e-05
7.88258210213e-05
2.40377079126e-05
0.000160158613815
0.00018564393971
2.13338480207e-06
3.14326403349e-05
3.41038155454e-05
2.89706844417e-05
5.47546717729e-05
0.00032521196623
5.44271539421e-08
6.46298014561e-06
0.00032521196623
8.48181578714e-05
5.99659622124e-05
3.7345288682e-06
2.6794735971e-06
0.000120969152949
0.000183746171151
0.000105579339402
4.96342097965e-06
0.000262581911558
0.000173769042797
0.000266672692318
0.000703454784776
0.000105048667403
2.23030993872e-06
0.000149335468772
0.00018564393971
6.87975232392e-05
0.00018564393971
5.84424734961e-05
6.50619258359e-05
0.000458384634507
2.24000750839e-05
0.00018564393971
2.15826104791e-06
1.74599640525e-06
5.54043414998e-07
5.10073650539e-05
2.83331833014e-06
1.17415526677e-05
3.67337910384e-08
0.000105579339402
2.24000750839e-05
0.000173769042797
3.7647918411e-06
6.87975232392e-05
0.000104362425625
0.000105579339402
2.64530119941e-05
5.30585115033e-06
2.04821115207e-05
4.44595325728e-05
0.000218537007289
8.45031193317e-05
1.26425471608e-09
0.00017046788528
0.000284896368296
0.00028510377176
1.16485774181e-05
0.000703454784776
3.79494781959e-06
8.39510935681e-05
0.00018769785273
3.88111656887e-05
7.7884427729e-05
0.000114551570533
5.93529526099e-05
4.98192525392e-06
1.84974802247e-05
5.40529392729e-06
0.000106747439908
6.59588187028e-06
8.91955491109e-07
6.67765064751e-06
2.41957693922e-05
1.42658081834e-05
7.88071769671e-10
7.02045308207e-06
0.0003353753417
5.59543074354e-05
7.56729850587e-06
7.82778747471e-05
9.6831426668e-06
4.07522172699e-07
2.21549587695e-05
8.52342412783e-09
1.3062037075e-08
0.000350543760833
0.000261606608345
2.54620011411e-05
0.000128834594382
6.74661880813e-06
6.05668052368e-06
0.00024578560172
2.5084082258e-05
1.61136354938e-06
4.59171685565e-06
1.02065926022e-05
7.69838549275e-08
3.3694165368e-09
0.000120969152949
5.53420187016e-05
2.2222700538e-05
8.55245131075e-05
0.000703454784776
7.57522796802e-08
6.34089696218e-05
4.62527471509e-06
0.000113231242284
0.000160158613815
5.53420187016e-05
6.41105088615e-05
8.39510935681e-05
5.27898546628e-09
1.92966688447e-09
5.86464086698e-06
2.86466537771e-06
3.23500106151e-07
1.65352165028e-09
2.87783714029e-05
1.59279087679e-06
1.04861267032e-06
0.000265487044944
3.74756051707e-07
1.88778538246e-05
5.18909567066e-07
5.53420187016e-05
0.00024578560172
0.000131249224848
3.11647346545e-07
0.000111080144709
2.21781740434e-07
7.15640608828e-06
4.11555841466e-05
9.20260843546e-05
1.56634316723e-05
6.52845463698e-06
0.00017046788528
2.32034414531e-08
0.000437531272439
7.61705775924e-06
1.56634316723e-05
2.2222700538e-05
0.000171103411567
1.26842088333e-06
2.40377079126e-05
0.000131249224848
1.76349082579e-07
3.84726200466e-07
7.56729850587e-06
3.75120702419e-06
8.39510935681e-05
5.0940193662e-05
6.5959081602e-07
0.000284896368296
6.34089696218e-05
6.59588187028e-06
2.0419675614e-05
6.02200832537e-05
4.13185011939e-05
6.74357347582e-05
7.07636327723e-07
4.62527471509e-06
0.000171103411567
3.56791946709e-05
8.90809994293e-06
1.5036933527e-06
0.000120969152949
9.73098566581e-05
1.24297755835e-07
3.01149522883e-08
2.83331833014e-06
5.1185355396e-06
0.000111494265831
6.87975232392e-05
0.000142402906882
0.000226534488731
3.43760213822e-05
6.08727692096e-06
5.40529392729e-06
7.73756392839e-05
0.000283838182901
0.000583674185545
0.000173769042797
0.00024578560172
0.000175795269582
0.000229923037324
1.44484066632e-07
8.42551184403e-05
5.15716963829e-05
3.14326403349e-05
4.42344158626e-08
2.29512868745e-06
4.37822239744e-08
1.38736908716e-08
6.30902579795e-05
1.38119086034e-05
0.000543909828186
2.30762596336e-06
5.30585115033e-06
1.44365962076e-05
1.45315249656e-05
1.16894313711e-05
2.95114019805e-07
0.000203648592024
8.91955491109e-07
1.16130688968e-05
1.05936962942e-11
0.000150987674948
0.000259897634891
2.49489622584e-05
1.56634316723e-05
1.2660184841e-07
7.70133077204e-06
6.59588187028e-06
3.99266897625e-06
1.68718261275e-07
2.89706844417e-05
2.98162018599e-07
1.50328672873e-08
0.000105579339402
1.21148629567e-10
4.95456654143e-08
2.21781740434e-07
7.7884427729e-05
1.83896492319e-06
0.000105579339402
4.21093748934e-05
5.10073650539e-05
1.09365884324e-07
7.85150142486e-05
0.000105579339402
7.05175615453e-06
0.000184954405804
4.37499149319e-12
2.27917443291e-06
0.000104362425625
5.84424734961e-05
4.39622625854e-06
2.47286081054e-06
0.00018564393971
4.06183328175e-08
0.000114551570533
1.36035017052e-06
1.64832887146e-06
0.000147614219233
4.0622812135e-09
7.77454866929e-07
7.81747909318e-05
2.27917443291e-06
0.000162026136752
1.86487179408e-11
2.1848995252e-07
0.000283838182901
6.30902579795e-05
7.56729850587e-06
3.60144314011e-05
2.31193760328e-05
4.7917533748e-05
5.06604507832e-07
3.0634066092e-05
0.000173769042797
1.35131451539e-05
4.69391501999e-06
1.22455445761e-07
1.61136354938e-06
6.34089696218e-05
9.61882574338e-05
2.03438311846e-05
3.14326403349e-05
1.23011717497e-05
2.12389960857e-06
0.000113231242284
8.26436246056e-06
8.48181578714e-05
2.93323330714e-05
4.7176271653e-06
0.000162026136752
0.000350543760833
1.17415526677e-05
0.000149335468772
2.75909261344e-06
2.16581130242e-05
3.91264970321e-05
0.000150987674948
0.000201420135551
1.88778538246e-05
1.08140251008e-05
7.56729850587e-06
5.28451709892e-11
8.84588744328e-07
0.00064835681545
6.50619258359e-05
8.59764323528e-08
5.99659622124e-05
1.54309477223e-05
3.19130714854e-09
1.33933458898e-05
3.14326403349e-05
3.48012872679e-06
1.16130688968e-05
9.83864659022e-05
0.000537958010082
1.28245433991e-06
5.68691597276e-06
5.5269139022e-05
1.2355223118e-14
6.17019541759e-06
2.12630643083e-08
1.57383012266e-07
6.34089696218e-05
7.23985306748e-06
1.29450410178e-06
1.23011717497e-05
3.79494781959e-06
0.000537958010082
1.76164487029e-05
1.25366273671e-05
9.21474329348e-05
1.16130688968e-05
4.98019771081e-10
0.00018769785273
9.89529339097e-06
0.000183746171151
3.66866155447e-07
0.000114551570533
0.000105579339402
3.45085983155e-08
2.89706844417e-05
3.12204299842e-05
2.89706844417e-05
7.33965602427e-07
5.03665923331e-08
5.41555102394e-05
4.77264746131e-08
5.5063853865e-05
0.000261606608345
3.66866155447e-07
6.6361486083e-08
2.61139918221e-06
7.29449861907e-05
1.3232782066e-07
1.16130688968e-05
1.93363833204e-05
1.56634316723e-05
1.05060251983e-05
3.2060482338e-08
3.12119874548e-07
3.68891960446e-05
8.08851241413e-06
1.45056016174e-07
4.75323525517e-05
4.41644015471e-05
1.04286336476e-09
4.34811986722e-06
3.41038155454e-05
0.000140289296597
1.38039577277e-08
9.46902047485e-06
4.26497657246e-10
3.89966789743e-07
4.86341592833e-08
2.90719856152e-09
1.49856575305e-05
1.30776148412e-05
4.99085247712e-07
1.08736252011e-07
6.87975232392e-05
4.39622625854e-06
6.87975232392e-05
0.000104362425625
3.60144314011e-05
3.52219323102e-06
0.000201420135551
1.48601251609e-05
7.4644001189e-05
3.70655225177e-07
2.22202593911e-06
0.000323087483899
1.83980837496e-07
4.48297861177e-05
1.00090797422e-06
7.21467743053e-05
1.18881183145e-07
3.14326403349e-05
3.87419289526e-07
1.17415526677e-05
8.96880796608e-05
1.07362046897e-05
6.34089696218e-05
1.13004366604e-06
3.68891960446e-05
0.000226510412488
2.05825884345e-09
1.00667078256e-07
0.000137638795076
5.34258416355e-08
4.97456049383e-08
0.000162026136752
3.84950025759e-05
1.06446982113e-07
8.15453373978e-08
6.15014757931e-06
9.20260843546e-05
1.97943553706e-07
0.000211914356834
7.84236305132e-07
5.33121256019e-08
1.45963187009e-05
1.53752669281e-05
9.76494196734e-06
6.57138290632e-06
2.5937231563e-07
2.07377950748e-05
1.84624458503e-06
1.21538090679e-08
5.10073650539e-05
7.73756392839e-05
7.4644001189e-05
3.14326403349e-05
5.5269139022e-05
8.43523709563e-07
2.41526056255e-07
3.52219323102e-06
2.52901002083e-05
1.84045065912e-05
1.45315249656e-05
8.37828850324e-07
1.17080188033e-11
1.20790324736e-06
1.62668763515e-06
2.13131096215e-07
8.73571486153e-07
1.02065926022e-05
1.92391931196e-05
0.000114551570533
8.45124381854e-06
2.82279458745e-06
9.12417305591e-07
5.47041432862e-05
1.08736252011e-07
3.01460800413e-07
3.4979707383e-10
9.83864659022e-05
5.99659622124e-05
1.61136354938e-06
1.09824975045e-05
0.00018769785273
4.8578087423e-06
1.57383012266e-07
1.08218976696e-05
4.96342097965e-06
2.44855545726e-08
9.89955382647e-07
1.19468557774e-06
2.9753924362e-10
1.92391931196e-05
4.46530242272e-05
6.00450352755e-05
3.03196485269e-08
0.000160158613815
8.21037461924e-06
0.000199361092843
1.54487590852e-07
7.97943179341e-08
9.44512529998e-06
7.31995279227e-06
6.34089696218e-05
1.34833528964e-07
1.73420870605e-06
1.36035017052e-06
1.51856998656e-05
8.26436246056e-06
1.01356429525e-05
1.56634316723e-05
0.000264500951246
1.0740827181e-06
1.29450410178e-06
2.6080454841e-05
5.4902251726e-05
5.32436593267e-07
5.53420187016e-05
1.56634316723e-05
3.49310309603e-06
0.00046951846769
2.44435846902e-06
0.000150987674948
0.000105579339402
1.41572264398e-06
1.36707146278e-05
2.67325042063e-06
3.30739640714e-06
0.000288048382637
5.0940193662e-05
9.68207494479e-05
2.93323330714e-05
1.31484413267e-05
0.000184954405804
5.14025124458e-09
2.15541884271e-06
1.91135110104e-05
2.41957693922e-05
5.5269139022e-05
6.97459121326e-06
6.34089696218e-05
4.22038818837e-07
0.000163818748956
4.3242417568e-08
6.87975232392e-05
1.31484413267e-05
1.29621107689e-06
3.33533596374e-06
9.06803636797e-05
4.75862166439e-07
6.34089696218e-05
0.000201420135551
6.99892906868e-07
3.67994389776e-06
7.88258210213e-05
3.71649025064e-12
1.35163366329e-09
2.44198233502e-07
6.12797990633e-07
1.70163781041e-06
2.31193760328e-05
4.57466192533e-06
8.00727604283e-09
1.48515378958e-06
6.60457941408e-06
2.67015608004e-05
2.06455932372e-05
0.000163818748956
2.09796072823e-05
0.000105579339402
3.96136285291e-06
5.04660219676e-05
1.35415261511e-05
5.84424734961e-05
6.59588187028e-06
1.75026755991e-08
3.38131429894e-07
1.1377874622e-07
1.1523832052e-09
2.0419675614e-05
4.56929073818e-06
1.67453153231e-08
7.61705775924e-06
6.24596113035e-06
3.14326403349e-05
2.45321059637e-06
3.27397481026e-06
0.000131249224848
3.14326403349e-05
1.49017371958e-10
1.13004366604e-06
6.74661880813e-06
2.12688157538e-06
6.34089696218e-05
2.40377079126e-05
4.17857991198e-09
8.21037461924e-06
6.34089696218e-05
1.5794679779e-06
2.20726690095e-05
1.16306769411e-05
3.14326403349e-05
0.000104362425625
1.46922977243e-05
4.19415819742e-09
4.34811986722e-06
7.56729850587e-06
4.82377452846e-05
2.09009999463e-06
1.33465368443e-05
9.73098566581e-05
2.27617299736e-06
1.74599640525e-06
5.4594535377e-07
3.66866155447e-07
3.18625594166e-06
3.4412042607e-07
6.22232633016e-10
2.43036544409e-05
0.000119173672425
4.23421021224e-06
6.15462486318e-06
5.61049205244e-06
5.40529392729e-06
8.60372425095e-10
2.34676944874e-05
5.53420187016e-05
0.00012230752208
6.12730419812e-06
0.000111494265831
1.5036933527e-06
2.40377079126e-05
3.17167255674e-07
3.31936075478e-05
