I: (state)
	(17) 1.0
F: (state)
	(1) 0.308921514987
	(4) 0.280857841847
	(5) 0.231714786319
	(6) 0.516846343899
	(9) 0.909860675975
	(11) 0.491297632499
	(12) 0.0367846886706
	(15) 0.812570029893
	(16) 0.0402183082237
S: (state,symbol) 
	(0,0) 0.340991077024
	(0,1) 0.0236891081714
	(0,2) 0.11947710654
	(0,3) 0.466044454548
	(0,4) 0.011626754322
	(0,5) 0.038171499395
	(1,2) 0.613043154156
	(1,3) 0.386956845844
	(2,0) 0.444237168726
	(2,1) 0.266900378526
	(2,5) 0.288862452748
	(3,0) 0.223952413531
	(3,1) 0.238564756378
	(3,4) 0.537482830091
	(4,1) 0.515516128783
	(4,2) 0.0272765883617
	(4,4) 0.0626609633245
	(4,5) 0.394546319531
	(5,0) 0.0629535472696
	(5,3) 0.173968959719
	(5,4) 0.206920122603
	(5,5) 0.556157370408
	(6,1) 0.272631799823
	(6,3) 0.326482590488
	(6,4) 0.400885609689
	(7,0) 0.0226945915586
	(7,2) 0.279583228513
	(7,4) 0.555519956506
	(7,5) 0.142202223422
	(8,4) 0.294928778651
	(8,5) 0.705071221349
	(9,5) 1.0
	(10,5) 1.0
	(11,1) 0.126930216949
	(11,2) 0.222502124678
	(11,3) 0.211734337191
	(11,4) 0.438833321183
	(12,0) 0.135885058417
	(12,2) 0.417432672566
	(12,3) 0.0658629259561
	(12,4) 0.38081934306
	(13,0) 0.530402601562
	(13,4) 0.406492900332
	(13,5) 0.0631044981058
	(14,1) 0.735993181482
	(14,2) 0.00365792885848
	(14,3) 0.26034888966
	(15,3) 1.0
	(16,3) 0.516005751776
	(16,4) 0.483994248224
	(17,1) 0.438628578712
	(17,4) 0.561371421288
	(18,1) 0.720443556113
	(18,4) 0.0819868069484
	(18,5) 0.197569636939
T: (state,symbol,state) 
	(0,0,2) 1.0
	(0,1,2) 1.0
	(0,2,5) 1.0
	(0,3,5) 1.0
	(0,4,1) 1.0
	(0,5,1) 1.0
	(1,2,14) 1.0
	(1,3,12) 1.0
	(2,0,10) 1.0
	(2,1,13) 1.0
	(2,5,15) 1.0
	(3,0,12) 1.0
	(3,1,3) 1.0
	(3,4,16) 1.0
	(4,1,11) 1.0
	(4,2,18) 1.0
	(4,4,6) 1.0
	(4,5,15) 1.0
	(5,0,9) 1.0
	(5,3,7) 1.0
	(5,4,15) 1.0
	(5,5,0) 1.0
	(6,1,18) 1.0
	(6,3,7) 1.0
	(6,4,16) 1.0
	(7,0,7) 1.0
	(7,2,3) 1.0
	(7,4,17) 1.0
	(7,5,0) 1.0
	(8,4,6) 1.0
	(8,5,5) 1.0
	(9,5,15) 1.0
	(10,5,18) 1.0
	(11,1,18) 1.0
	(11,2,0) 1.0
	(11,3,6) 1.0
	(11,4,3) 1.0
	(12,0,11) 1.0
	(12,2,7) 1.0
	(12,3,11) 1.0
	(12,4,3) 1.0
	(13,0,12) 1.0
	(13,4,10) 1.0
	(13,5,13) 1.0
	(14,1,7) 1.0
	(14,2,7) 1.0
	(14,3,10) 1.0
	(15,3,17) 1.0
	(16,3,13) 1.0
	(16,4,11) 1.0
	(17,1,7) 1.0
	(17,4,12) 1.0
	(18,1,7) 1.0
	(18,4,7) 1.0
	(18,5,8) 1.0
