1000
0.00106586379395
2.07320017513e-09
1.7783182713e-05
5.82011330574e-11
0.00645172967418
0.00823771774856
0.00284938046667
6.3408835889e-06
0.0248221076839
0.00127344344424
4.1636965138e-10
0.0197358888487
2.67157385734e-13
1.52184683477e-07
0.0145142744268
2.62660916062e-12
2.11950554605e-11
7.05606453642e-07
5.16100180925e-08
0.00830276336957
0.00141247751561
0.0193226365803
0.000113652081017
0.115753877972
8.02791935967e-18
0.00687272123962
0.00390067984603
2.59582400497e-05
0.0161346470596
1.67312385301e-22
0.0066536235413
9.02637175094e-10
0.0115075202936
0.0482364640455
0.00128551834069
0.000401274867648
4.069117721e-05
0.0282053919616
9.21093155141e-06
2.51132915028e-06
6.74145338534e-11
1.2633384713e-09
2.40447744441e-08
0.0131161803403
6.86909184359e-11
8.27761971673e-08
0.00031108724627
0.0809953526818
8.93584974466e-25
1.95573893001e-05
5.61615185512e-05
0.000496859238411
2.10608330562e-13
4.60009762363e-07
3.19378491064e-11
0.0059216800724
0.000829715953091
2.34186480717e-13
2.67191801465e-21
5.31414742379e-05
0.00917765928121
4.16506481883e-06
7.4967928466e-23
8.96427382666e-05
6.5542224854e-11
2.06032396684e-05
4.36446493325e-07
0.0662159905241
4.2103578046e-08
1.03136977617e-10
0.00353664867578
1.27861495769e-17
0.00202310885221
0.000214941866276
0.000370850473387
1.45625383241e-08
4.79214275843e-09
9.15281039391e-14
0.000957971633288
7.57836229795e-06
1.56645036238e-11
0.00323948794364
1.78047043739e-15
0.00215169910357
5.24815153016e-09
0.00025071905449
1.20163925184e-13
7.00307004548e-07
1.07490308674e-05
6.28914727855e-05
3.94270194722e-10
1.62773210636e-08
0.00333117956745
6.54839094144e-05
0.0101559342695
0.000231051402641
1.60446494543e-20
1.01086885475e-06
0.00133181494491
6.71148052843e-06
3.18702839455e-06
0.001383500333
6.38260109055e-06
0.00202310885221
0.00950897430493
0.00171419898978
4.16916435054e-06
0.00396253935684
8.48457737697e-07
6.76711447298e-13
0.00566303228497
5.46516002581e-16
0.0160082447895
0.0029056579359
1.20355696697e-11
9.3288002402e-09
3.92084315263e-14
1.32721229684e-07
6.16098492185e-05
0.000152988562899
0.0136710368598
0.00226850613846
1.18701686045e-22
6.66902645066e-05
0.0561054260327
7.63334881256e-05
0.00121366652569
1.13430707952e-07
1.05621408543e-27
8.22154501866e-13
6.56338940388e-06
0.00437426530743
2.3131884155e-08
0.000394003866142
2.94181774158e-06
7.20803103267e-08
1.30043238081e-13
6.45163824367e-10
4.07844440287e-08
8.75278902966e-06
4.55983785239e-05
4.08494872009e-09
0.00703500880092
2.04254008261e-24
1.98676988747e-06
4.53591551561e-06
2.87423651694e-05
1.72537600358e-05
1.41348046024e-11
1.06988377277e-07
3.32511172335e-08
2.95003079012e-05
1.37191286902e-07
0.000494134075772
4.59327745119e-24
3.08219992232e-08
0.000329194000915
0.00141270416382
4.64482185118e-09
0.000153013111668
2.92163546863e-06
1.09685534387e-11
3.83305211426e-07
1.28022129866e-13
8.83937469971e-10
9.50745060513e-06
0.00247466531425
2.44636033738e-06
1.45529420379e-31
8.86493853006e-09
8.35509848876e-18
0.00171419898978
1.09077065219e-14
0.000659912371877
0.00286397118419
1.49593184385e-10
6.70770946131e-13
2.59181254463e-07
0.00599480652628
1.70362203703e-06
8.41186826712e-06
3.9650304276e-20
1.09419798883e-15
0.00311242170965
6.38244532325e-11
2.81262653676e-09
0.0215988137836
7.49062127277e-14
0.00218946605054
1.31095877019e-05
0.000121068164753
6.24860404508e-13
3.84743580664e-05
4.92070367909e-25
1.63629770395e-08
2.97183321961e-08
0.00128551834069
8.69181655664e-05
1.45515457823e-05
4.21725486569e-39
5.00722407983e-08
0.00635735837806
2.72335820055e-15
6.39215983757e-06
3.65590279339e-06
1.0536341083e-18
4.17706385296e-12
7.05919238542e-05
8.87659518636e-06
5.54375821525e-14
1.07528311839e-05
1.20353729077e-05
1.080699707e-09
1.65626407351e-05
9.90534859434e-06
3.24412049741e-06
9.18953149123e-20
9.44412488224e-08
0.00223629205217
2.17611827854e-14
1.46595891728e-13
1.30735397012e-06
8.55439071203e-13
3.01628161939e-05
9.26370508084e-11
4.78389699508e-13
0.000222839809767
5.25061618077e-06
0.0031271266964
1.15099236849e-06
4.83575221341e-08
0.000256887872142
0.000107395161134
4.94991374381e-10
5.52830820467e-08
1.35516873038e-10
4.5487038876e-10
8.71038018412e-08
0.000890477685317
1.5279383439e-12
9.99530970746e-05
8.5092487451e-11
6.73559491718e-07
1.01562188909e-05
2.52234761474e-06
2.37325384604e-05
7.68025373299e-08
6.10127099169e-05
1.33040302357e-05
1.48760387381e-06
5.62995857154e-05
4.63630956283e-06
1.44510121609e-07
6.41696872058e-05
4.59206765802e-05
1.35039314765e-06
0.000212192440942
6.60507586459e-22
0.00103292000362
0.00242284798479
0.00460896052781
1.16795411312e-05
1.45350631375e-21
0.000102423833364
4.20608483261e-09
0.00109953554547
0.000641683492807
0.000116355742703
3.84542497568e-05
0.000320584863577
0.00604832674985
4.23348241794e-07
0.000477482201259
3.0402822094e-07
0.000718382028318
4.30957307196e-23
6.59930585391e-09
4.80318287704e-05
8.36085975231e-06
4.25912416404e-06
6.64900558751e-07
4.01536539675e-07
6.46829713758e-06
0.000311071242663
8.04454064569e-07
2.31683190621e-07
3.25957782678e-09
6.53561230729e-06
8.34513008071e-08
0.00054658328859
3.30898941971e-08
0.000359597592046
0.000209025532933
0.00604832674985
0.000121909716447
1.3654927719e-18
5.0980250198e-07
2.66475564155e-06
4.55565535772e-08
1.11400655496e-09
0.00340512336493
2.2565287407e-06
2.78392458663e-15
5.75307899448e-14
0.00543952534033
0.000367890458694
7.93907175902e-11
5.34941670313e-16
0.00451440702915
0.000634802677521
1.89239429792e-05
0.0120409888475
1.1001335876e-10
1.40527227346e-05
0.00047530409105
3.49868225595e-08
0.000124042258563
0.00207127860491
8.6850802138e-10
4.17913389579e-06
6.66834266859e-13
4.3970971795e-19
0.000440658783597
1.7401758555e-07
1.29416461062e-15
5.61631641747e-12
2.64025135297e-08
0.00104803070453
1.44707446385e-09
1.13020434656e-08
3.75649115775e-16
1.59037011501e-14
4.76099007842e-08
8.79566185393e-09
3.15376106184e-05
6.23007320718e-05
5.09494817365e-13
0.00293399077421
6.59504854193e-08
2.59822819325e-13
1.28791857064e-10
5.41262846283e-09
5.95910103317e-07
5.60982993425e-23
1.22830324212e-11
9.55841641752e-06
0.0011472539595
5.02878250865e-08
2.82494913634e-05
1.26180261628e-08
8.05995227684e-08
9.91294872404e-38
4.52913533596e-08
9.40108531144e-08
2.17912577714e-09
4.93434969201e-08
1.19959922502e-10
4.26096665156e-12
6.57949351888e-12
9.88496268137e-10
2.42999399918e-05
0.000477519633855
1.14922862898e-10
3.31401030469e-15
2.18000842443e-07
3.94448589636e-07
0.000500312935214
0.000177109282579
0.00146073609602
6.29185467869e-07
0.00619619882401
9.40518669278e-11
7.86007365156e-07
2.67669783211e-14
1.04996426475e-11
7.1647171341e-08
0.000529998068048
2.06287159326e-07
0.00270825579274
2.79392749635e-08
6.02448770455e-06
0.000496859238411
0.00166701519626
1.87376981236e-06
0.000365402916134
8.69222600516e-15
9.73728269009e-06
3.21540272538e-07
1.21140575636e-06
5.57317481235e-12
4.685529162e-06
2.37865409964e-06
0.000295730395107
0.000205216941438
2.77342951377e-30
0.00183718853258
0.000344174058465
0.000147567277371
0.00137989368553
8.27664637552e-13
5.05335927466e-05
0.000334658321326
4.52049580899e-08
1.00268483495e-05
1.20285700945e-07
6.15656271266e-05
0.000105603035374
0.000184027684143
0.00201508998031
2.32340807736e-10
3.32838738855e-11
4.57589831361e-06
3.48917817867e-17
0.000203289335086
2.75971203953e-06
2.39893043183e-05
0.00318780122574
2.64700224514e-23
1.28201119563e-10
5.51207215819e-05
1.95918348048e-05
3.92377081254e-07
7.72009714846e-09
5.10264302727e-05
9.57902702218e-14
8.2745817513e-05
2.66153294017e-05
6.58204193857e-09
3.82859498432e-12
6.09272807911e-06
1.55909144169e-05
3.66713405034e-06
0.000104775290151
1.55814322651e-08
3.55654169071e-05
1.36270387852e-07
6.5833329132e-11
4.29790077723e-08
0.0142733713757
1.86362795091e-06
2.40966505588e-09
3.29739249e-09
1.39861131802e-10
1.30019277797e-20
5.92442085116e-15
5.89331703395e-14
2.33685297293e-10
4.45447612215e-07
6.2175995948e-06
5.25912739095e-12
2.02114670682e-05
7.28811358735e-17
6.99874305058e-31
2.20846426665e-13
3.09224960025e-16
0.000191550549931
5.48498669041e-14
0.000436096836316
2.0278881339e-40
1.61673839674e-07
8.35779097304e-07
7.11661446165e-11
0.000254277536337
3.04046959571e-11
3.66628528505e-06
1.69674949995e-16
3.15554987473e-21
3.9288298275e-11
6.7735399236e-08
0.00270825579274
4.72358028872e-11
2.03961662152e-05
0.000577913406402
0.000304640687578
4.3171799888e-10
5.39351774565e-05
1.0297075106e-05
1.60094788129e-06
6.6411816807e-19
0.000335192394159
1.08504799098e-10
1.86362795091e-06
3.62238676349e-10
3.52709141471e-09
1.31970941532e-22
2.31943215112e-11
0.000382699832497
4.8664565694e-27
0.000489102730107
1.87032274397e-09
6.60533720447e-15
4.78564838719e-12
1.38066169144e-07
5.7007929893e-08
5.51446546166e-12
1.37433874438e-13
1.42409176186e-07
2.14128337176e-09
8.5173948693e-05
2.83715137261e-12
0.000539308415708
1.8856907213e-10
4.64266920701e-10
0.000695214006558
2.06617513346e-05
6.14807376783e-10
6.38307468195e-11
0.00204229213831
0.00419468856994
0.000225520569002
0.000312243561813
5.22225370419e-18
0.000330054419891
9.57042528743e-06
1.99672809116e-08
4.25903069112e-08
0.0111145808921
2.64873643008e-09
3.97180360176e-06
1.92407676481e-07
4.01384647683e-22
0.000181818776863
0.00084746104695
0.000492964720987
7.29305472643e-05
8.00629312153e-12
3.69418828052e-09
0.00235850164198
3.84030715323e-10
0.000184795595321
2.70469966834e-06
5.60826636105e-07
8.75588067273e-05
2.80554008646e-09
1.52584555326e-09
2.00950487539e-07
1.27318747565e-07
2.8150883941e-06
9.48274990373e-18
1.50062870008e-08
3.69298411611e-07
1.47750523016e-06
8.47726289832e-11
5.32124126337e-15
4.57625261025e-08
1.84679069646e-20
0.00202790784069
1.29884680505e-17
5.53628719308e-09
1.87338142488e-10
5.01281064402e-06
3.87696355498e-08
7.81964658203e-11
4.50564573388e-10
1.65542896903e-06
5.01243508324e-11
8.428855108e-08
0.000186566593665
1.98351812577e-09
7.54068722051e-08
5.17050370504e-14
0.00480898342621
2.03998133774e-07
2.84176315987e-12
6.88170478482e-20
0.000781145253327
9.17965712256e-34
3.36624557834e-07
3.87785579992e-06
0.00553716228221
1.58723336635e-12
0.00546571892438
4.78969068717e-06
6.49966562609e-05
0.000172487388271
1.01662957441e-13
2.72250725796e-09
0.00460970008836
2.0504340887e-06
0.000315638266976
7.11393544857e-10
2.20181757186e-12
7.32126726593e-16
1.2000906683e-10
1.6861772813e-07
2.86523719581e-07
1.5225968136e-17
1.22568529502e-06
0.00014702272589
1.38394182708e-06
6.62942712498e-06
7.23321447644e-06
2.22611673122e-24
1.12088542765e-05
3.23095960714e-08
2.3979500673e-13
1.22488677813e-12
7.76012769368e-08
3.36027777737e-14
3.34838131384e-25
5.59650515098e-13
1.47859511189e-07
0.0117536310583
5.07630012374e-09
6.48786492969e-23
3.9097533172e-09
5.80649014153e-14
3.11811650574e-06
8.2745817513e-05
4.53591551561e-06
2.25911847863e-11
4.63917073713e-07
2.13464274899e-11
6.60114699143e-07
7.05032274294e-14
0.00247466531425
0.000364337829636
1.32673550114e-19
1.27552305384e-10
2.41822456775e-07
9.92121954318e-15
6.13982887465e-06
0.000142918168741
0.000131411625422
7.97226292501e-06
0.00071008251397
1.25071195245e-06
0.0010769784131
3.14391058247e-10
9.39859891802e-05
1.30519383782e-19
4.06731474056e-07
6.87542094716e-09
1.59619668963e-15
4.77930166469e-06
7.55400949563e-08
1.77122170499e-23
2.04207151825e-12
1.44574494237e-05
2.16232945651e-10
1.34807348875e-14
1.07076673669e-07
1.29689520175e-06
6.95530083406e-09
2.23671802843e-18
0.000758394239645
2.20694698985e-12
4.47764823963e-22
0.000173475859769
1.65749855723e-05
3.8906151326e-07
2.24302440781e-06
3.46019112572e-07
1.06757291419e-06
7.02314041115e-27
0.00850045024035
0.000197120836109
2.4425461017e-19
6.45700848829e-12
0.00117179022292
0.000522329434946
2.44184247937e-12
3.84790408662e-08
1.13104991435e-07
0.00319597938332
2.44139621482e-09
0.00164041761489
0.000390263752864
2.32796575871e-18
0.000290529371222
0.00106586379395
4.31683085988e-05
1.60278342163e-13
4.67503662288e-06
2.03069584196e-05
1.24979625244e-18
0.00147377720453
0.000225247295677
1.08300257468e-05
5.02026369827e-15
2.47478374647e-06
0.000199133888717
7.39561344326e-20
5.12471407391e-06
7.07923996606e-05
5.77916731794e-05
1.19936826185e-07
7.63761158317e-12
4.15794136519e-09
3.12902011891e-21
6.07312439924e-08
3.04251281419e-11
0.000149849980178
9.42368573645e-18
2.75625771627e-09
3.82820809756e-42
8.03387757804e-11
8.36254875316e-07
9.44181997788e-06
3.19121416591e-11
1.66553746593e-07
1.0566625269e-08
0.000399715522444
1.09715072548e-15
9.54114800486e-20
7.93730379055e-08
1.61206698512e-05
3.27464255297e-05
8.84718528363e-05
9.49646236739e-07
3.23064932459e-10
4.26768355641e-07
6.60927491269e-07
4.518330978e-13
0.00203909180665
3.55762334732e-08
4.7534603135e-07
3.76467846677e-15
5.90252887005e-17
3.4965943806e-10
6.64559800511e-05
4.944244121e-10
2.1240081689e-10
2.13546491143e-23
1.72253813441e-11
1.67988295598e-18
0.000109080446118
1.75127887891e-05
8.23911553397e-15
0.003931479899
3.22131755349e-09
1.86849199104e-09
4.30821082746e-10
9.02663146469e-06
2.31342358261e-09
3.51401271468e-12
2.96253231088e-07
0.000694299787774
8.49007178963e-18
0.00281261627268
3.91002901551e-08
4.21388280193e-15
0.000119178160195
9.80921311474e-06
2.24447635403e-14
1.8980028391e-07
1.46533306294e-06
3.54606409788e-05
4.19855495818e-05
0.000209983465755
3.14482997891e-05
0.00147377720453
4.71429240463e-06
7.52567674176e-09
0.00110264260338
6.76921733576e-06
4.15929407065e-05
4.41127989956e-08
4.90752564473e-19
0.000102398675365
0.00287985016374
3.2633894489e-07
0.000256887872142
0.000189313556917
1.05488641705e-15
8.36953736728e-06
1.93488887522e-07
0.000731051532755
8.51402367244e-07
1.76638332984e-13
1.26480436666e-06
1.02370495576e-06
7.16169596747e-23
1.5665070121e-07
2.62632088445e-05
0.000365402916134
4.22775830518e-06
0.000701724245288
0.000889454268784
8.55225349979e-05
5.35751280982e-05
9.06966243711e-07
2.2365703996e-05
0.00102210688182
3.36067849029e-09
3.99614454507e-05
1.85561275241e-08
6.22253267792e-05
0.000533500468616
1.80594639662e-07
0.000370850473387
4.79212230091e-08
1.65584148448e-06
0.000448999046257
1.9456808086e-09
6.98505984562e-07
0.00178972517182
0.000469535796861
7.90861469049e-06
0.000869935642509
3.49167030933e-25
1.13499995291e-11
1.30719377351e-19
8.56273444997e-06
1.59596444989e-05
0.000140840980872
6.14049628205e-13
6.79409128386e-25
6.55863559859e-14
2.18820109287e-06
6.4245494065e-10
1.87821000873e-05
3.27536729759e-13
5.13710163756e-08
0.000238732910362
1.47382736757e-16
1.46448713535e-06
0.000757442614457
3.13077207035e-15
0.0041019817963
2.22683220061e-12
0.000329242822465
0.00109470684975
1.33337401174e-05
0.00139585146673
1.16880357586e-07
4.66503451723e-06
1.51151553102e-25
5.11660262346e-05
1.83146103095e-17
3.86287946401e-09
1.76918017424e-08
3.86978181589e-14
0.000387060886082
3.9100518207e-13
6.43821821761e-09
0.000492462647647
1.50953783119e-09
3.84929485666e-09
4.03311105351e-05
3.68522187035e-25
0.000359110765412
2.50811445972e-05
6.24200748118e-05
1.53386972152e-07
5.99232996333e-07
2.04059060232e-05
3.2120883014e-05
0.000395049398205
1.82104799982e-05
6.18650191468e-09
0.000602994097347
0.00291415218707
1.50111204001e-12
3.31508090741e-05
4.5925752917e-23
0.00167465487811
3.05928916802e-12
1.42373670187e-11
0.000543759151128
1.00888212735e-05
2.46094358767e-16
0.000316322593955
1.61199457216e-06
4.30747807307e-12
2.11109028386e-08
2.28445054292e-05
0.000284445940036
3.36116370491e-05
6.20413742359e-10
1.69009085927e-08
3.00029558639e-07
1.8377892626e-06
8.63334667748e-05
0.00470828751509
9.43424519575e-07
2.84484321993e-15
8.98808589041e-05
3.52638898145e-13
1.90608483986e-07
1.49580804895e-06
0.000161189986068
6.42021677233e-07
1.56309581086e-07
6.18251856372e-13
7.93176577784e-11
1.53624539761e-05
2.47802745062e-08
3.64292159956e-05
6.10066485178e-16
1.48627589689e-05
3.5663600013e-08
4.80994456802e-09
2.79541940463e-13
1.49934866722e-07
2.1479979538e-20
2.85551540357e-13
0.00020753598462
1.95573893001e-05
0.000284445940036
0.00117253196208
5.96808010018e-16
2.6579297316e-05
5.27993045382e-06
3.52652787379e-11
6.60484015729e-07
0.0020072593855
3.50180116922e-12
6.63511001959e-08
1.03715513233e-09
4.91692267336e-11
2.04242252909e-29
1.7442755428e-10
8.12553120442e-13
3.98710522852e-09
3.91842701638e-16
3.16401290301e-08
9.41787542675e-07
1.74311937016e-09
3.64652381493e-06
0.00147377720453
4.02300748255e-10
2.55539469201e-05
5.89754775558e-07
2.43039722799e-08
3.51441118554e-09
4.23948206814e-07
2.30317779771e-31
4.46787889809e-05
1.13295357568e-06
4.22316295884e-06
2.6599451903e-10
2.79350467758e-17
6.39781051213e-11
3.06986858111e-26
3.98025337836e-17
1.23153767932e-10
4.09017370855e-07
0.00109971197856
2.42614234581e-07
8.25260948509e-15
1.61860396084e-08
2.8885060873e-05
8.56711722632e-05
0.00173045316692
1.24522206258e-11
0.000106531650231
1.93275275084e-17
0.000300655706556
1.60447671001e-32
7.51008787267e-05
3.79046675914e-06
0.00353664867578
0.00526291662401
8.46763319216e-07
2.70194162796e-07
3.38519687707e-10
1.35423800096e-08
0.00110264260338
0.00132543243472
5.54338289924e-18
1.82667101892e-05
5.82782803303e-14
9.30132519853e-12
2.28516775834e-12
4.16767712805e-18
3.07570481483e-19
1.88687829483e-05
0.000945322236302
4.45910623425e-06
3.0497815029e-09
1.07276976156e-18
1.20821698783e-07
3.55962464261e-07
4.19450429319e-06
4.91957470062e-19
2.1941885477e-11
1.64854693457e-05
2.44340412993e-07
0.000406196473416
2.29035793095e-05
1.44797105871e-11
3.34404842781e-16
1.01643702493e-08
8.99282122384e-05
1.63466691221e-05
1.55461247326e-09
5.92247577927e-05
6.9438083058e-07
4.16272913437e-18
1.08341927858e-07
2.61832951972e-09
0.000790442307486
1.38845459505e-07
0.000126438859985
1.33518147354e-11
1.40733628912e-22
0.000330205314021
5.22611858979e-09
8.79586360802e-10
