1000
0.0792723160804
0.00522811301621
0.00918641980166
0.0185713122026
0.000471950381992
0.262487785415
2.57906605678e-06
0.0313200505126
7.07070106672e-08
0.019570616288
0.00248878645527
0.0750106620788
3.20117791273e-05
1.5975566664e-06
3.13001960506e-06
9.63547078353e-05
0.00736602981116
0.00489847565709
0.00218107215859
0.00138464357306
0.00230498754122
4.29178031379e-06
0.0131884311992
0.0422703859594
0.000789193147119
4.55697527309e-06
6.82480397137e-05
3.43012851738e-07
0.00128249557522
0.00728846658665
5.08444457568e-05
4.54725951202e-05
0.000423667432434
0.0066636090998
0.00480841837604
0.00418948114855
0.0100565882813
0.000174088427357
5.92364666374e-07
2.53627442264e-05
0.00108635920546
0.0114190917895
0.00296128232376
0.00460273022044
2.65019888691e-05
0.000247688569644
0.000241878378375
4.36409359459e-05
0.000293910411331
0.00559265979836
0.000194135437048
0.000745422083469
0.000790596226315
7.81364583019e-05
1.56382539539e-07
0.000807913855338
2.74226314165e-05
8.50933382337e-09
0.00161948818842
3.87715568394e-06
1.06866506186e-06
0.000119558353285
0.00154738516526
0.0194563192224
5.57616909197e-05
0.000225120322916
4.43346723212e-07
2.15909631764e-05
1.10647423206e-07
0.0059104010414
7.4892267343e-08
0.00446254237033
0.000233285530056
0.000985393508219
0.000748094029607
0.000711515167723
6.15127030305e-06
3.77529826446e-05
0.0145706204552
8.47887626399e-05
0.0085458634655
9.31630226852e-05
0.0010434328458
1.4956073236e-05
1.55573070762e-08
0.0037139155192
1.44461443808e-05
0.00105981955533
9.56205590827e-05
2.35990993624e-06
0.00247637482772
3.3576682392e-05
6.54838985642e-09
0.00406977875404
0.000461298241399
0.000125719158339
0.00611902999852
0.000111179658151
0.00188300167327
0.00326321331149
0.00592766434204
0.00306907040546
0.00184797048511
0.000116066958374
0.000101260942509
6.85454102065e-06
0.00587588289004
0.00464410162389
0.000442193474084
0.00187590952591
0.000227104204728
0.000345721165342
0.000101851571104
0.00555999733163
5.47139850984e-06
0.000307444424561
0.000573740626389
0.000421569714079
1.1333264742e-07
7.06774367372e-06
5.28884879226e-06
0.00455426413944
0.00763231232564
3.40912433165e-06
0.000212625958882
0.00232152859941
0.000396111636727
4.11084001686e-06
1.28031830528e-07
1.63212984972e-05
0.00934136583946
0.000107638163884
0.000776268039316
0.000496768476641
4.28335798844e-07
0.00239098270227
5.42466550195e-05
2.70610729083e-07
0.000205450360764
2.03552944709e-05
0.00184120745865
3.81210169572e-11
0.000168356957728
0.000252805874847
7.22645892126e-05
8.50736103899e-05
0.000673098790805
7.13636774835e-05
1.18391017276e-05
2.65943547608e-06
0.00136252637848
0.00183890239497
0.00174862419119
0.000255496212875
0.000583053864852
0.000103316863665
9.97080337881e-05
0.00235499010263
0.00137540520526
0.00264301966083
0.00023443591967
0.000948347088817
7.20358949905e-06
0.000829273261899
0.000183979083198
1.07292189292e-05
0.00024925446515
6.2643946411e-05
0.0140770910361
4.85609569585e-07
0.000214150834701
1.2665244857e-06
1.83159820291e-06
1.94144493888e-05
0.000394781429021
0.00124695418906
0.000358507009539
0.00306635809753
2.33806910871e-06
0.000257873116314
0.00023443591967
1.42396808014e-05
0.000692407821792
0.00171414353669
0.000184222987045
0.000205313381074
4.45691156235e-06
0.000282211718771
8.29808243129e-09
2.36752424667e-06
5.58363212984e-05
0.00824091028639
0.000116599881235
0.000387522168369
0.000876387573613
0.000666289292125
0.00137409306634
5.53659207448e-07
3.07998927384e-06
0.00016934144587
1.64357080393e-06
5.00956608743e-06
4.12562528897e-05
0.00101752656088
1.84484944136e-06
3.12977643367e-06
0.000846414604535
3.42650555494e-06
0.0015638774045
0.00344860943628
0.000318298656546
1.60067059573e-06
0.00290190882185
0.000112092287425
0.00031187782313
4.92386061945e-06
0.00287385313583
3.08232295592e-08
0.00039890626298
3.48719380796e-05
0.00261783511399
3.2113766079e-07
5.92843415361e-05
0.000257122105312
0.00139590851028
0.000221832720664
1.79646174284e-06
5.75391298732e-05
6.57256713903e-07
3.27806920066e-07
4.72449553254e-06
1.78595726139e-07
0.000612400285281
2.29472338096e-05
1.44104197979e-05
0.000214180785707
0.000266198158918
0.000714201182187
1.69852610687e-06
0.000589138180739
0.000182256365606
8.01063626288e-05
9.63547078353e-05
0.000343171271299
0.000974931166037
0.00102835498962
0.000175583818454
0.000588213897125
4.18445944145e-11
1.63212984972e-05
0.00437252238255
4.32356339192e-08
0.000159387920495
0.000123133959586
0.00203417181726
0.000592583239148
0.000306085765807
6.86135122978e-09
4.73097893436e-08
0.0018791136049
0.000545990462686
6.97497046407e-10
0.00016828268681
7.46490992596e-09
0.000453177332612
1.69120411044e-07
1.47277078581e-05
5.49218550809e-05
0.000145348897266
0.000293275962208
1.00844546293e-08
0.000266913902436
4.11235466162e-07
2.54768443923e-05
6.0208108982e-05
1.34130898627e-05
3.60861788963e-06
0.00145216075769
1.77661849135e-06
3.02360376215e-05
3.57181835312e-09
0.00130146386751
1.32026194471e-07
0.000558238284073
2.89087174081e-10
1.37814845746e-11
1.15086016477e-05
1.61794612824e-08
0.00051986265458
5.95147437113e-06
0.000539994860345
1.14044896388e-05
0.000729885195194
7.47459622338e-07
4.36805237681e-05
0.000339665571566
0.00110024598687
0.00144215608771
2.06886045227e-05
3.22222354015e-06
0.000152016945666
0.000150877686223
1.27754115931e-09
1.51325136114e-07
1.00981570391e-06
0.00393351730485
0.00137655692444
0.00036315887696
4.51551808998e-05
0.000633870456657
0.00070909973525
6.68356468286e-05
0.00191773634726
6.80338690859e-05
0.000114374208162
0.000977562925639
0.000166201247039
0.000356413243121
0.000273647114267
5.21844233882e-07
0.000269432124693
7.93927450304e-05
0.000680922793759
0.000397481500842
4.80703696428e-09
1.87020217527e-05
0.00107109806242
0.000596925510307
1.59011336469e-11
0.00249830714853
0.00042846607275
0.000413418019121
0.000251494876068
0.000684922906848
1.23815954918e-08
0.000637164180681
0.00022748797027
5.87791688714e-09
0.000439374843671
2.48548154315e-05
1.83993249812e-13
3.15223634428e-06
0.000983305665183
5.03930903165e-05
0.00536247569268
7.00599148267e-07
0.000633442989941
0.000267111953304
3.03233584235e-05
0.000609194539773
0.000219498420118
8.6016836222e-06
0.000176342539991
6.32670764472e-05
0.00039963981854
0.000142164333369
6.91836880605e-07
1.48960942443e-05
0.00022728692652
2.11322090288e-05
2.87045887241e-06
2.1320294102e-05
0.000540241262381
1.83925651141e-07
1.73623997219e-05
0.00049876375996
2.35518294331e-22
0.00016049768666
0.000573740626389
5.52527424791e-05
0.000505283026547
5.32495531817e-05
1.70455392882e-05
0.000120040934938
0.000584884117154
5.77989077069e-05
0.00169609385411
0.000114980146832
0.000496826686922
4.30792877348e-05
2.36761203545e-09
0.000117480136689
8.09202831294e-07
0.00145062810171
9.80674366462e-05
0.000493925100607
7.54603012883e-11
7.39223602328e-06
1.1598929005e-05
5.54858578571e-06
4.37035329231e-08
4.81620946485e-08
9.51222864201e-07
9.89958321616e-05
4.36805237681e-05
0.000268300843133
2.59298205214e-06
6.50955382371e-06
1.50200994291e-05
5.52144500784e-07
1.06968554602e-10
6.93173518975e-07
2.17178612583e-06
7.82544483942e-06
1.61772310424e-06
3.2920617314e-06
0.00131531393226
1.61190292355e-08
8.45104428968e-05
0.000199218393443
3.99542684634e-05
0.000610839018517
1.11242981512e-06
4.14454692195e-07
7.07097075543e-06
2.84244295583e-05
0.000576275417582
2.50698975536e-05
1.75501039425e-08
4.7395206866e-06
0.00313319768987
6.79968463789e-06
1.57209765193e-07
4.58574087253e-05
0.00126299391232
9.11034519541e-05
0.00077433584305
0.0013041272459
7.05652708241e-06
0.000846414604535
5.32561221716e-05
0.000162616809939
4.63454192617e-05
0.000162605451056
0.000136304521595
3.81257746164e-05
0.000287941519707
3.4639066988e-06
2.91852646168e-08
0.000113884535272
0.000310535907314
0.000102449902966
0.000730122844912
0.00093874848194
7.108700426e-09
0.000202070689816
0.000896422507327
0.000204481884781
8.92388339015e-05
3.72372401806e-05
0.00114963291518
6.02366012254e-05
4.58574087253e-05
1.06973328753e-07
9.49820806464e-07
0.000435536659512
7.45527983955e-05
3.91952591959e-09
8.11677200587e-08
3.83215507633e-14
0.00014580345056
9.11066022459e-05
6.47784385413e-09
0.000814486737369
0.000292413692971
0.0030371281607
5.42130476981e-07
0.000123494368197
2.64308820856e-07
6.26809946701e-08
0.00108001460867
0.000177921985988
0.000456223850441
4.27736296522e-05
0.000851386907077
8.02957378314e-06
1.09943364887e-05
1.18121856944e-05
3.86283470194e-10
0.000246629851819
5.35662020412e-06
0.000346255848591
0.000202638155284
1.06631094465e-06
5.43659941669e-09
0.000200302577923
4.36409359459e-05
7.08005452341e-05
1.0592510972e-07
1.91560317268e-06
8.35426105168e-09
2.23947778497e-08
7.9746125168e-08
6.69943308855e-05
2.24900622918e-07
0.000467316243782
8.78473343173e-07
0.000565728057701
0.000348783087723
0.000200234074841
1.8985258783e-06
3.64396914569e-06
0.000441955971927
3.36275572839e-05
0.000356413243121
4.141079013e-05
0.000595692963768
0.00025530015836
0.000100903037255
1.13051994779e-05
0.000113884535272
5.45289873809e-06
4.16332761202e-07
0.00108072557217
8.52753486275e-06
8.09472914218e-07
1.35853039811e-08
0.00018555943341
0.000322219417003
0.000176342539991
5.61123440384e-06
1.96894865748e-05
0.000412502050013
4.39239054439e-05
0.00139004214726
1.67615704644e-05
2.49744464102e-06
6.10261219141e-05
1.75656703494e-07
1.52056618271e-05
0.000446275055762
4.17411594201e-06
1.70706804902e-07
8.2119229976e-05
3.41926990135e-05
0.000549197909427
4.14844704555e-05
5.42466550195e-05
1.31882678177e-06
4.77263355042e-06
0.000215097492263
0.00223395750086
9.17592285259e-07
3.30184838621e-05
0.00152745825766
9.47711762007e-09
9.82499056969e-09
4.80208095455e-05
1.0814304705e-07
0.00068386525885
1.01694505159e-05
5.7648136489e-06
0.000151664185198
1.93099075528e-05
3.16207106278e-06
4.39250811523e-05
0.000102441670023
6.57882792666e-06
0.000210078324754
0.000161084112817
8.05769512367e-05
1.58239778371e-07
0.00028988916128
0.000857913211433
0.000150703256419
5.53712892871e-06
1.25557825695e-06
0.00032164712498
6.64453107149e-05
1.70845670892e-08
0.000302862727131
2.08971103361e-05
1.29069367069e-05
5.61327388878e-07
8.50596993187e-08
7.68506294584e-05
0.000245978112795
0.000301663235408
5.78621155256e-07
2.9035616298e-05
7.19937189777e-05
2.27333112741e-10
1.94172931679e-07
1.70979555826e-05
0.000337574629541
1.91089340619e-05
5.02889789679e-10
0.000437495041881
1.51159572622e-05
1.91142672104e-05
0.000171855717577
6.27385869188e-05
0.000414056136589
0.00018355573798
4.55270627712e-09
0.000113884535272
4.55094467361e-07
0.000117584052245
0.000142432136701
5.61714999438e-05
1.88815619134e-05
9.81878599026e-05
5.07485191873e-07
3.12479109025e-05
0.000172527812175
0.0010040731926
2.29892052206e-09
4.60060544322e-06
3.61969673063e-06
4.11873997039e-09
3.04501052515e-05
1.34685493592e-05
0.000225526305462
1.71976510262e-06
4.46551123452e-12
0.00014580345056
5.85208899904e-05
8.15532696503e-05
5.661800735e-05
3.65132749721e-05
3.21296897229e-06
9.86166338743e-08
1.83051182982e-06
8.63143155728e-06
3.76106123508e-06
0.000186269279144
8.17630593102e-05
1.30586691031e-05
2.91287367845e-05
4.15541992102e-11
0.00116301335078
3.75029507716e-07
4.07376033585e-06
0.000136133731963
3.3405014971e-06
2.65735291646e-05
4.15208169057e-06
2.94877648565e-05
2.41807350492e-06
0.000239307755205
0.000113219422431
3.59621653739e-09
0.000133514771413
9.11066022459e-05
4.34714455235e-05
1.68079926031e-06
0.000185811571217
0.00165151469353
1.13281186983e-07
0.00141465906243
0.000115918910126
0.000749801100679
1.1189738055e-05
3.90027963109e-05
4.13840410735e-06
0.000549149575946
7.07097075543e-06
8.91599685891e-05
0.000157148843548
1.46915183765e-05
7.14058050362e-06
9.60465005208e-08
0.000379401312371
0.000111179658151
9.48457815935e-06
0.00153242502867
1.82325767148e-05
0.000231259487922
2.54636770766e-05
1.40177442212e-07
1.09122829808e-05
3.19491230982e-05
0.000389798685637
3.18937365774e-06
6.16731511677e-08
6.18954128321e-10
3.22856212095e-05
0.00017235767961
0.0012290887641
2.67327823454e-08
1.80510656717e-05
1.27096576825e-05
1.26716147234e-06
9.16968778186e-05
5.08444457568e-05
6.72161553025e-08
7.53876194553e-08
2.2481626152e-06
3.1673587374e-05
1.24967830148e-08
0.00013477677532
0.000320446798715
1.35093449166e-05
0.000108684671184
6.24360975906e-05
3.78729515715e-06
6.40205053234e-06
0.000614427421161
3.10166771171e-05
2.77187612852e-05
9.26189284189e-05
0.000125008291635
0.000236787879285
2.92196532421e-05
1.47998803911e-05
4.13651288317e-07
4.1294519355e-06
1.96554120793e-06
2.05337788887e-06
4.48013281209e-06
5.86011746449e-05
9.46250580907e-07
7.02898686799e-07
3.20629994183e-05
1.78106653026e-05
0.000292413692971
1.76303963099e-05
0.000108270489357
1.59675280527e-05
6.58967415743e-05
0.000363088537385
8.99105281491e-08
2.91723654177e-07
3.82032631643e-05
0.000283171947101
2.75210829561e-07
8.64427047871e-05
4.72283678909e-05
4.60311241454e-09
3.05595149821e-08
0.000120976867072
2.15684028539e-09
2.26157547149e-05
2.15114062147e-08
8.14344441105e-05
2.35634053299e-08
7.82426299735e-05
4.27770672457e-05
5.44733214793e-06
1.01669817928e-08
1.09167417806e-06
6.17155041591e-06
5.83447820764e-05
7.28853302061e-05
6.45019197933e-06
5.99162020229e-05
0.000340201121059
2.58903051749e-07
4.01424174736e-07
3.34643541492e-06
1.07377959157e-06
9.16750992339e-05
0.000149851940616
3.54950185104e-09
0.000107730542274
5.34694496072e-05
1.87087632281e-05
0.000412122349957
0.000108069425534
8.95070641981e-06
0.000406380486588
3.3788085312e-05
0.000193756619133
1.9515205282e-06
0.000102449902966
2.95673555121e-05
8.47773202585e-06
3.4542668172e-05
1.83932520233e-05
1.33748551335e-05
1.03027584374e-06
5.28884879226e-06
0.000104858434712
0.000315730660313
2.06464839461e-06
0.000103852349506
5.16527346334e-07
2.43072185266e-06
1.22737726804e-05
1.50632811788e-05
1.7951065129e-05
0.000615055217682
2.54179294531e-08
9.52197206662e-05
8.52139651033e-05
7.52549357258e-05
1.34018306983e-07
8.14344441105e-05
7.37857244408e-05
1.64138064504e-09
0.000341167069249
2.56294705368e-05
1.70120740724e-06
2.63592824488e-05
0.000383477752453
3.33995948723e-07
0.000148010672814
1.0507810892e-08
2.93002628484e-05
1.37040627368e-05
0.000255620450909
0.000103779258747
1.28173158277e-10
1.20773883478e-06
5.65729940101e-06
3.84888311309e-06
0.000139285087474
3.06910411382e-07
4.5392799606e-05
0.00012206823413
7.82778727086e-06
0.000211218652303
1.84962316859e-05
0.000178962406816
4.59038075705e-05
9.0562077021e-09
4.79551703622e-05
5.63740521055e-07
0.000340278286308
4.55895905242e-05
0.000184475722075
0.00018518142214
3.08701496004e-06
0.000317072540447
3.26943654768e-06
5.91175998306e-05
8.9818485029e-06
0.000192109423979
1.24628773026e-06
0.000453559394372
2.97338126785e-05
1.05880894638e-10
4.5392799606e-05
8.46420205369e-06
1.16785231755e-05
5.55608955526e-06
0.000133514771413
0.000438095240174
9.36887604604e-16
4.79551703622e-05
6.32662541683e-11
1.33916084442e-05
3.75858769982e-06
7.79344015082e-05
8.62616914186e-07
9.82332439622e-05
6.69943308855e-05
0.000548028064898
9.67610081986e-07
3.31682081113e-08
5.77609779752e-06
1.00609350946e-06
2.11327938394e-06
6.48467777423e-08
9.10213505002e-08
9.10045186177e-06
6.78092308768e-06
1.5098511413e-08
3.12051007072e-05
3.13273779251e-07
1.80764107709e-05
0.000579163718565
3.08481971911e-05
0.000198125639103
1.00632171404e-06
9.33654149274e-07
1.13931533085e-05
5.48341445078e-08
1.09269104509e-07
5.08265413702e-05
5.77284456663e-05
3.41926990135e-05
1.95715781186e-05
0.00013030575173
2.19225144393e-07
9.05008676637e-06
0.000255620450909
2.67569478528e-05
4.14054014255e-05
1.34503425337e-05
1.31477820195e-05
8.91405538153e-06
4.21858252216e-09
2.45411893047e-05
5.79819388989e-06
1.78656007643e-05
5.88119460504e-05
1.15591433896e-06
0.000188839092089
0.000150778430194
6.5341878273e-05
1.63414846474e-09
4.24127486765e-05
0.000414543382152
1.24483092098e-10
2.35403090988e-05
5.19074472571e-07
4.9739404029e-08
1.38385225898e-05
2.83483182207e-07
7.6615643382e-08
1.40995772333e-05
0.000112020088577
3.27766009236e-05
4.06044376637e-05
7.2816387167e-06
5.44605540885e-06
6.20467954788e-05
3.01220434327e-05
0.000132500540975
0.000324103428842
5.0349235346e-05
8.30858976191e-06
0.000209206705326
0.000457450527834
2.98041082752e-07
3.71869271902e-05
3.31520040776e-07
6.31430469349e-06
3.6885932112e-06
1.25468538898e-05
1.92336739154e-09
1.57424005944e-05
1.80961084035e-05
7.13192609632e-09
2.39769129394e-05
4.90462387306e-07
0.000209182193799
9.80667383831e-06
5.57616909197e-05
0.000171714494498
2.5914625402e-05
8.20323581818e-05
1.66121054365e-07
0.000184222987045
2.70764714683e-05
1.65022113218e-11
3.91486315718e-05
5.49218550809e-05
8.65374326829e-06
1.15158824315e-07
6.00337048191e-05
9.11722041917e-08
2.34118502805e-06
7.85567509515e-05
2.65735291646e-05
1.57193651263e-05
2.49453953356e-05
3.43641050646e-05
2.00247705743e-09
4.00441736418e-05
0.00067530112945
7.82544483942e-06
0.000245978112795
0.000297365586791
2.64690869542e-05
7.49834504084e-05
8.03595142557e-05
6.2715120729e-06
1.49341992727e-05
6.91997333299e-05
7.1482947804e-08
0.000324840872499
2.29225022926e-05
4.46168304184e-07
0.000125216451386
5.15161693992e-07
1.84754289954e-05
2.24226352458e-05
2.89593535844e-05
4.45580597815e-05
5.45144745694e-06
0.000195181068864
2.45163439164e-06
3.77063244567e-07
1.78596997791e-06
1.55148743185e-08
4.43511324172e-06
2.10924104473e-06
4.23498770221e-06
8.20108227913e-06
8.76080183035e-14
0.000189229818493
2.01653104579e-06
7.9185916987e-05
0.000137899622371
1.93335764477e-05
8.34187884826e-06
2.53705358592e-05
0.000228622134297
1.6426576752e-07
1.46291059858e-06
7.84353643213e-05
6.88110580972e-08
2.9116931006e-07
9.41665502374e-05
1.39566404982e-06
7.12289999608e-05
8.37964954009e-05
3.36636323765e-07
