I: (state)
	(4) 1.0
F: (state)
	(0) 0.35755456463
	(6) 0.944708014772
S: (state,symbol) 
	(0,10) 0.469243768996
	(0,11) 0.0373175562171
	(0,12) 0.493438674787
	(1,6) 0.421610385441
	(1,8) 0.15184222002
	(1,10) 0.152726875019
	(1,11) 0.115910006263
	(1,12) 0.157910513257
	(2,1) 0.833119742965
	(2,9) 0.166880257035
	(3,4) 0.0914177560327
	(3,5) 0.198663095309
	(3,7) 0.351107179579
	(3,9) 0.358811969078
	(4,0) 0.0741227603856
	(4,5) 0.652703886986
	(4,7) 0.0873085893163
	(4,11) 0.185864763312
	(5,3) 0.0202038900149
	(5,6) 0.608416915726
	(5,7) 0.371379194259
	(6,4) 1.0
	(7,6) 1.0
	(8,2) 0.232709285821
	(8,4) 0.308582800482
	(8,8) 0.458707913698
	(9,8) 0.696966740337
	(9,12) 0.303033259663
	(10,0) 0.100078055359
	(10,3) 0.119908935697
	(10,4) 0.25085693168
	(10,7) 0.350207109119
	(10,12) 0.178948968146
	(11,0) 0.174262197967
	(11,7) 0.0208862075516
	(11,8) 0.570792563785
	(11,10) 0.234059030696
T: (state,symbol,state) 
	(0,10,2) 1.0
	(0,11,11) 1.0
	(0,12,0) 1.0
	(1,6,6) 1.0
	(1,8,11) 1.0
	(1,10,10) 1.0
	(1,11,10) 1.0
	(1,12,5) 1.0
	(2,1,6) 1.0
	(2,9,9) 1.0
	(3,4,9) 1.0
	(3,5,9) 1.0
	(3,7,5) 1.0
	(3,9,3) 1.0
	(4,0,4) 1.0
	(4,5,7) 1.0
	(4,7,1) 1.0
	(4,11,11) 1.0
	(5,3,10) 1.0
	(5,6,8) 1.0
	(5,7,2) 1.0
	(6,4,1) 1.0
	(7,6,10) 1.0
	(8,2,8) 1.0
	(8,4,2) 1.0
	(8,8,10) 1.0
	(9,8,6) 1.0
	(9,12,5) 1.0
	(10,0,6) 1.0
	(10,3,11) 1.0
	(10,4,1) 1.0
	(10,7,6) 1.0
	(10,12,3) 1.0
	(11,0,0) 1.0
	(11,7,2) 1.0
	(11,8,8) 1.0
	(11,10,4) 1.0
