1000
0.000231549023601
2.27798163294e-07
1.20205556369e-06
0.000181075287586
0.0164126262121
1.48319510093e-11
0.0368158816204
0.108035697031
4.86488555665e-08
9.40872756143e-12
0.0203491864777
0.024943852934
0.00223145076935
0.0752226565557
0.0430527914679
0.00103356659048
4.87768501809e-05
4.17616096158e-06
3.92258851698e-11
1.21834181211e-12
5.44814583584e-05
3.1176934539e-33
0.0145250391721
1.30731785447e-05
0.00592618465172
0.00561973200815
2.98925254392e-05
0.000396926156701
2.65315148265e-10
2.15682766874e-08
5.7892294604e-15
4.52552629932e-05
1.15018663445e-08
4.2799077108e-05
0.00034987899991
3.32931097489e-10
0.0402692255019
4.03476985472e-06
0.0150034224525
2.69555390282e-07
0.00126829529892
4.41826081864e-08
4.06658963472e-08
0.00935207715679
3.4310691489e-12
5.74431665154e-05
0.000207632773077
5.74611524656e-05
3.56047147865e-06
6.97072202069e-11
0.0124015241405
5.42159998546e-05
0.000669373607791
0.00666023427397
3.42925705104e-06
3.32259945817e-10
6.67163982869e-11
0.000164367154705
7.58987226506e-13
0.00174338497954
0.00487623186387
6.1776186585e-05
1.4621071756e-09
1.13613477624e-10
5.9626213695e-09
0.00140892665698
8.27349490508e-08
3.45175543837e-09
0.0159223404665
4.87502151889e-06
0.0169496489625
2.24646734852e-05
0.0176930637856
2.75350179198e-05
6.97901174181e-11
4.03889521427e-07
1.25982223595e-05
2.13578381813e-07
1.49588658349e-06
5.90010445111e-06
1.00085310958e-17
5.21167478426e-06
0.00380309087834
4.51160182722e-06
3.95185588088e-08
2.31348062604e-15
5.37115272685e-08
9.02320733354e-12
2.95877538564e-08
0.00144288127372
0.0328830865508
2.62602778465e-08
2.10093633747e-05
5.4246033096e-05
2.95807424489e-05
9.50925206988e-06
0.000401892866429
8.06496330076e-08
9.85092139795e-05
0.0110149999403
0.00643006960502
0.00877330475384
1.0438728995e-07
2.27320856352e-09
0.0098124861178
2.46272430604e-07
1.27133810778e-17
3.31725593813e-06
7.2339779443e-06
0.00141180099527
0.0109699197837
0.000476911155939
0.00465095977348
2.67063584395e-09
2.32310371941e-09
0.000264856346431
0.00073166851672
0.00329093277302
0.000915701168226
0.00019048871932
0.000919166969573
1.10488138271e-11
1.3510163171e-10
7.62895016073e-06
1.66398217946e-06
1.44631392887e-11
5.22644939113e-05
0.000148717246736
2.14644688298e-08
5.5049013752e-07
1.91362651654e-07
1.56836707478e-12
2.47587115618e-11
0.00693889001115
2.1467099219e-07
0.000177141180284
2.85884922822e-06
0.00125640876205
7.63463235028e-06
0.00294118674665
4.35583855209e-08
0.000122035828324
1.46014022623e-11
7.14956331254e-10
0.0114475660972
2.03145713366e-17
0.000877136880257
5.35112687447e-20
4.60406494239e-05
2.17515390599e-16
6.24720985124e-24
2.89125178641e-05
2.76024482892e-05
0.00434316612987
0.000454689302404
0.000547780391433
3.19830889332e-10
0.00566368051271
4.17650771281e-15
0.00944042491856
2.28860198159e-10
3.90296656027e-05
0.000385686438673
2.33342283208e-06
9.89321506121e-07
0.00377988508271
3.78433612908e-06
3.56052146589e-05
0.000723585896653
1.90317873431e-16
0.00144844904416
0.000699102971234
1.63665833816e-10
0.00481663096391
0.00350664471623
0.000129573817615
0.00179867941815
1.99960239826e-06
0.00112944692526
3.98694387072e-06
0.00806397240129
1.20003241609e-11
2.99484684323e-15
2.06157727321e-06
4.38041298249e-10
5.18120654145e-18
0.000761471342529
7.61539027944e-06
5.06327962988e-14
6.99300065348e-10
0.000304601973653
0.000124323625472
2.54327840187e-06
6.35766514722e-08
1.07738652453e-07
6.78128550854e-21
5.66510107395e-14
9.15888152741e-06
0.00264298894109
1.50026234349e-05
0.000373401127098
2.76115579361e-09
5.17826911616e-07
2.33101259482e-15
5.17769433378e-13
0.000414506538603
1.22922839059e-11
3.7919455971e-09
2.34354458707e-07
0.00831810379465
0.000799497964245
1.90826757666e-11
5.28814191755e-05
6.62404612407e-05
3.39961915472e-11
1.34139640454e-07
4.83877017963e-08
4.90907395255e-09
3.26861583015e-15
9.92640773141e-09
0.0017103478146
0.000683241593071
4.69425714684e-05
0.00738838727477
3.412893672e-10
2.29093095608e-13
1.05713001508e-06
4.9574114428e-09
2.4510943054e-08
1.01932957156e-07
9.14729086932e-07
1.77296278558e-17
0.000542323183887
0.000960605398979
2.1790357809e-06
0.000579669911198
1.49556126401e-06
0.000342033195694
0.00297891019571
5.39504051371e-06
0.000493631141865
0.0010402864751
1.2882446637e-11
1.10030832069e-05
1.23103780992e-16
0.000138597913559
2.6086149789e-14
1.4455444906e-08
1.43114798635e-09
7.67526816937e-07
5.49948961138e-05
7.56685958587e-08
0.00544854793377
6.14004229195e-08
1.97985483631e-07
0.0160651379462
0.00435160669557
1.42523579564e-18
1.32707484214e-05
0.00415405460994
3.53690380109e-10
1.12766386417e-17
5.12998218341e-08
5.71549692419e-12
5.90030113981e-05
0.000794175324736
2.02156072509e-10
1.51509295793e-09
0.000313726047932
7.30464959187e-08
1.61332873987e-07
5.70611617214e-05
6.27178224747e-07
1.26284011356e-07
0.0056343849083
3.32936019583e-07
4.52164337387e-05
1.60226489385e-07
2.76464821689e-06
2.24984468428e-05
0.000149335175213
2.48541643366e-10
0.00158937142092
6.35409392678e-06
2.6770677254e-07
0.00300723241544
7.44884971021e-13
0.00137104325729
0.0010939852769
8.41804815016e-11
0.000203810224805
7.29030619627e-13
1.29342975133e-07
3.76829964329e-11
3.95803797357e-11
3.62076139908e-11
4.51146196178e-07
3.46453632548e-05
0.00114108586051
2.41704990284e-06
4.44776269982e-05
5.07582931567e-12
8.55966418285e-05
1.44161118904e-09
1.24680288634e-16
0.000243636738535
0.000159812973209
4.12621344842e-07
1.18629556131e-06
8.39832770094e-06
4.13035734801e-06
1.11188018779e-09
6.43272408675e-13
0.000393536126009
5.72339479139e-08
1.0307007287e-09
0.000189937051968
8.35014180685e-07
2.65928263093e-05
1.46626362063e-08
0.00464744212986
2.4027583128e-05
6.32889116553e-09
0.000327243341976
3.40437378048e-05
3.17913531571e-06
1.79705177745e-07
2.98520002111e-07
0.00285885761358
2.97522248884e-06
3.57787969599e-23
4.9477224463e-13
9.52550724825e-16
1.14529964346e-17
1.97776994564e-12
0.000954903106895
2.26387463109e-07
6.6958029799e-09
0.000307133887053
8.08383736235e-06
1.84954650816e-06
1.71482500545e-07
5.76903454806e-20
5.89445902602e-06
0.00244765356197
1.39097305386e-05
5.23324636608e-05
1.16054028041e-07
8.12597591739e-08
3.45588383575e-16
0.000191421013408
2.42128316025e-05
0.000141983122273
1.5957006666e-08
5.43077853626e-13
1.81171975663e-08
4.54277094864e-05
7.18490162998e-06
0.000465864816265
1.89729590483e-16
6.52883732134e-07
0.00249747677493
0.000431986875491
0.0137643555471
2.96058785481e-16
0.00762420728091
0.00010270564894
1.9961586876e-08
8.51895343817e-21
8.25146247774e-11
1.80064008053e-05
0.00218437385289
0.000357246119542
0.000867035137196
2.34387842509e-06
1.59655514432e-06
0.000779663692679
6.35138271362e-11
4.00176097567e-05
4.68509723432e-07
0.000126052174922
0.000758602775914
1.68868974093e-05
3.73088435011e-13
0.00615578394863
0.000367851675849
3.39603217663e-06
1.88770075196e-10
1.0035101081e-11
1.11163339396e-14
4.12360174777e-30
2.68302022226e-13
0.000208847759542
2.89767883737e-06
8.02111340621e-18
1.21412618404e-06
3.23097510132e-11
0.000770560416676
2.43506903438e-09
5.37443941499e-08
0.00096358427769
3.20283292263e-07
1.26227804181e-12
8.2637659492e-07
1.03827384772e-09
7.66485501858e-05
3.29571927011e-14
2.27072747372e-11
6.0024277164e-11
0.000285280638171
9.08831967072e-05
3.59392287859e-05
1.43230967398e-05
4.54631657733e-25
0.0268435913143
0.000992090315198
0.00264794932684
1.34363146316e-12
0.000480288916708
1.07805727292e-11
1.25906950567e-10
4.14339066967e-07
5.93471000425e-07
0.000688690294185
6.1090584937e-13
2.15985748658e-05
1.0449128459e-06
5.6592218346e-05
1.68818982074e-05
1.74609537548e-12
0.000137323503192
0.000100324571357
1.95536800881e-08
0.000715844171951
0.000612056709774
4.63534969152e-06
0.000476519872612
4.06430599163e-05
0.000155140001844
9.37859900204e-09
0.00247306870352
1.26860063993e-15
0.00289530742246
0.00454002040192
9.34653114179e-06
9.54723724047e-05
1.15870971045e-07
0.00324199537871
2.34666464317e-08
1.04549416564e-08
2.48793693765e-07
9.44220013617e-08
9.21734087986e-09
2.51104640944e-10
6.0211711287e-05
5.75171644205e-07
2.29448229339e-05
0.000126579468689
0.00240265273512
2.8759147395e-05
1.79161894644e-05
0.000293261581974
7.6488538732e-07
3.20665624576e-06
2.32515151774e-06
4.2893663536e-05
1.35876420207e-05
0.000656929438612
5.66888511407e-21
4.09429726438e-07
0.00112391247612
1.99371147701e-07
8.1182142219e-17
8.56714527463e-11
1.63044296417e-14
3.93836648107e-06
0.000196299090595
2.06521598801e-06
2.45340250266e-09
0.000868287585705
0.000169759996106
0.000404717964531
0.00485698215692
2.28377242827e-05
4.54443520613e-12
0.00167377928958
9.8388038787e-15
4.82851634891e-15
1.08988462697e-12
7.66511060204e-12
4.08094585976e-06
4.0744111054e-05
6.19622861667e-08
2.03027103241e-05
0.00404983806034
3.59196660317e-05
0.00253428645585
1.89156044517e-06
2.21216471528e-09
0.000481219607177
5.63233867631e-07
2.34240505899e-12
1.107593813e-23
5.30360185734e-08
0.000277173450373
2.28735459877e-11
0.000195611347804
0.000334499259829
1.01545121077e-05
0.000216094833439
4.92050753556e-11
2.66847083605e-07
3.84241689796e-10
0.000708587354701
1.10469612178e-12
1.668401156e-05
1.04434860989e-12
0.00188223872583
1.5115701839e-06
2.3818442875e-07
6.344441044e-06
0.00185508582583
3.4404342496e-07
1.3637486879e-06
0.00311322867409
9.24858335933e-12
4.56282014295e-09
6.17884868857e-19
1.83847649437e-19
7.01956931248e-11
6.70649365531e-07
0.00102355215982
0.000139997173919
1.65838553405e-05
4.55103621543e-09
3.5522932545e-06
0.00184967560407
1.11540045269e-12
1.5207192906e-05
1.47283338219e-06
3.13916306306e-18
0.000218967438244
0.00139461089293
0.000212728266526
1.83139583413e-06
2.17904075941e-13
4.83361896641e-14
3.37216501175e-06
2.84597508411e-19
0.000298427934282
1.57504794136e-06
0.000686222897453
4.89063115964e-08
2.80526199998e-13
2.5363044081e-12
1.88989019181e-07
9.1481072298e-06
9.36688650168e-07
0.00261938663197
1.63691691204e-11
3.22414612084e-10
2.41631679073e-07
0.00031615877328
0.00403477026756
3.14875753553e-07
1.8343730424e-06
2.47386029318e-11
0.000379898031135
3.00772328337e-10
2.72162416816e-07
2.28898589911e-09
2.94265624525e-06
1.93190453199e-06
0.000887929071801
2.64051727058e-10
3.29334611443e-06
0.00132879978339
2.75947882107e-06
0.000174735279236
0.00140268454538
7.77260412719e-06
2.68746887248e-05
1.33175046852e-08
4.53387802484e-15
3.03733393951e-08
1.24078435368e-07
5.31068902682e-07
9.90739116263e-08
7.97713026486e-09
5.29333427052e-15
2.87817706371e-06
0.00340047511862
4.64633252283e-06
7.36522742812e-07
2.18614711918e-18
9.56872458503e-40
4.41159520734e-06
3.23822014768e-16
2.36753399501e-07
1.71781059833e-05
1.95647018069e-06
0.000140495955589
1.83799088999e-11
3.88970637259e-05
9.32487195614e-16
0.000106489050601
8.59014458495e-07
1.3253099186e-15
0.00276918082017
3.31672507571e-12
7.28625481845e-16
2.59635609507e-07
5.45435877893e-08
1.51507402376e-06
5.04173353533e-06
0.00203359611982
0.000214648349991
2.5249806366e-08
0.00203937875076
3.12408010664e-09
2.77268235984e-05
4.72202692839e-10
1.12366776731e-15
1.1022810497e-16
0.000458774144637
2.53721521685e-11
8.09887379545e-07
1.45943633543e-10
0.000127688953826
0.0001027185397
1.36381372646e-28
4.0703110287e-10
4.83844851626e-07
2.10579491018e-06
4.02381791506e-05
2.36088770664e-15
0.000168820394924
0.000150652274339
0.00413702264274
1.64474770348e-07
0.000250729018041
1.7241132588e-06
2.46721441043e-08
3.39950581133e-08
4.20360271926e-21
2.83754085962e-06
1.17333479208e-08
0.00351128465422
2.36152492256e-13
2.27322944154e-17
2.14935077179e-05
3.73254145717e-10
0.00164660149783
0.000155833066087
3.10096161482e-14
3.58643945838e-11
1.68602264041e-05
0.000237028724617
3.20055654316e-12
2.10740601872e-06
1.34843298522e-06
3.670177611e-06
0.000994987866414
2.35530295864e-06
3.64195714798e-06
5.25864199636e-10
1.06644744901e-07
2.76757446538e-07
1.73698119695e-05
1.08517565845e-07
0.00302512054604
1.22117675762e-07
0.000162755115415
8.19759808134e-15
1.90868080129e-05
9.67276972483e-09
2.70757591673e-07
1.26835607314e-11
7.08994129107e-06
5.57884383929e-05
3.60010836947e-05
4.62526045935e-06
0.000273585334111
1.45165350238e-11
2.0541429564e-07
0.00135475639616
1.21942652992e-05
0.000781781040138
0.000674885750225
1.33278610791e-09
0.00121420823734
3.49100322653e-18
2.04433813437e-06
0.00040469188074
8.79257882817e-06
1.280737366e-10
0.000238049199025
0.000120775659867
5.88592079258e-11
0.00537473965251
3.79957842632e-07
0.000234308130949
5.3095874118e-10
0.0012512425089
1.0283377778e-09
3.43116446165e-06
1.01942157124e-06
2.10854427851e-06
2.15513460769e-05
0.00461271153651
0.00768089385901
0.00112169809717
2.10823912234e-19
1.24353435998e-07
8.03874314499e-05
5.71681792553e-17
1.58621510166e-05
0.000119141920642
6.64569596363e-07
0.00115976137096
3.39194343858e-06
3.76372756841e-10
9.14019515428e-06
3.90898498635e-08
3.61585213651e-06
0.000238786595789
0.00111777055467
0.000200310811915
7.00540437281e-06
7.94400120021e-16
6.35525062463e-11
7.48285277562e-07
4.63960567967e-08
1.20406805398e-20
0.00362455510333
0.000170365927935
8.32401804798e-20
3.16280255181e-09
5.01745435652e-06
1.51532537768e-11
1.55143021186e-05
0.000446961586561
6.32948720353e-09
0.00208529845294
2.39909712795e-20
6.06291675921e-09
7.21720995505e-08
5.17637045595e-14
2.95106337958e-06
0.00019295303126
0.00025158571914
1.36651633483e-21
7.02677530377e-07
0.000140869515741
8.58303616542e-09
7.14993555583e-06
3.96739286986e-05
0.00085805919727
1.43611812403e-09
4.74881846474e-07
1.40619238187e-06
0.000134579183925
2.51346224196e-21
0.00352244455949
0.00117660905593
7.74650149279e-08
0.000134723273252
2.09562466218e-06
3.18764281573e-12
1.0823965418e-07
4.98416966025e-07
1.05769567111e-07
5.40124583345e-07
6.15667921957e-08
4.39821309999e-06
2.30409255975e-11
4.91627720043e-17
7.93881505877e-15
3.79435617554e-10
0.000127083149383
0.00215102237233
6.33186834213e-07
1.27272935762e-06
6.01662402702e-08
2.74285973983e-11
8.00969593975e-10
2.05254911069e-24
1.17646770333e-20
1.51352534925e-08
1.01121924696e-06
1.25821731366e-05
0.00110984136698
2.31718141908e-05
3.60480097566e-08
1.71305263085e-10
5.85903865816e-10
0.000101579248396
7.98349240737e-05
0.00444282138687
1.61023918911e-06
7.5969918327e-12
1.1994387221e-12
0.000330677946088
9.21289135272e-08
2.39470494393e-07
1.53780101168e-08
2.91850787776e-05
3.65348723747e-10
4.79029563992e-27
2.61823472235e-11
6.81248061222e-12
9.95202525277e-15
1.90190968378e-10
0.000202458606289
3.77343410561e-07
8.117024946e-11
9.84591524993e-12
4.85450527468e-06
3.4894895442e-10
7.59453805938e-13
0.000697358118705
5.00398020048e-19
6.80069406116e-13
2.61341863054e-18
1.01951581666e-05
1.62138078587e-05
6.14279083101e-11
8.20472245554e-15
0.000257798803563
1.99468134697e-09
1.6421202488e-06
0.000323520753499
2.6753542408e-08
2.07933258658e-05
9.07584286825e-07
8.07225771152e-10
4.83915859941e-05
2.38242464816e-06
2.45964288617e-05
8.52639294803e-07
3.69766909206e-09
5.30129349251e-05
1.96686853709e-21
9.47889885881e-08
6.19356625365e-12
5.69542208842e-10
1.02996633262e-17
7.82709523399e-08
5.02199688031e-05
0.00278072758291
9.90630393577e-05
1.6869800549e-05
6.71817330451e-15
0.00056062719552
0.00458302806844
4.72666039877e-15
5.66466495599e-07
2.17208862586e-10
6.32050405659e-07
3.70983786964e-13
0.00101058541698
1.07443486225e-11
5.93096626144e-05
0.000257520024553
5.76207374906e-11
4.96125569307e-06
0.000157254367743
0.000700348591422
1.36285505747e-05
7.65097504207e-12
4.06239863572e-21
1.58357480962e-05
3.32665046723e-07
8.35219622372e-09
5.10017631498e-11
1.30052185398e-15
8.33227873609e-11
3.58562430921e-14
7.87209356354e-05
3.70615004865e-08
2.27358886547e-17
3.51698123783e-05
9.46570286686e-05
3.77339268987e-07
2.94315907775e-08
0.00084034646065
0.000258729274227
5.18236560355e-06
1.60262034552e-15
3.10192761184e-15
3.27240442533e-06
5.1572888247e-07
0.0012308651795
0.00276078361896
1.86579018877e-05
0.00102915093829
2.07123620988e-06
5.721612229e-06
3.17950730035e-08
3.47982529382e-09
0.000245779713269
1.73840814629e-07
1.39024239266e-05
4.24350694597e-07
3.43827499159e-07
2.2770608704e-06
0.0030702074447
5.66216440409e-05
4.15795115243e-06
4.89002169611e-06
5.6942091252e-05
4.53089878144e-08
0.000152290623975
4.65991992162e-09
0.000608916835529
9.30377469095e-17
8.26494707821e-06
3.49210375922e-08
1.643025049e-08
3.46463340349e-09
8.20012170204e-05
3.07007688514e-12
8.52256280742e-11
1.59018410135e-07
4.7797509425e-08
0.000305878800555
6.23676138893e-10
2.24846648973e-05
1.15004705194e-07
4.52263129701e-05
1.57623650277e-07
2.63107390683e-05
4.00013917772e-07
0.000293402152132
0.000560785184722
9.98799082455e-22
5.5078692606e-05
0.000117106602517
8.07952164926e-15
9.59557213926e-06
1.93787931321e-13
1.78808868694e-07
2.83982131016e-08
1.55605588683e-15
0.000735363239936
2.75140667606e-15
9.78045028297e-11
6.94545903466e-07
1.13119363204e-09
8.59101843351e-14
4.89655033932e-17
0.000321121055613
2.18576336416e-23
4.85405167366e-06
0.000151839463542
0.00105266425495
1.8411386216e-06
7.96312870998e-06
2.0432143326e-05
2.48722307457e-05
3.54952356141e-08
0.000334741712745
0.000282000676839
0.000221802181178
0.000235427872061
3.35110214388e-07
1.01842488032e-13
0.000121319765303
1.06509625622e-10
3.73105758901e-06
1.37395175999e-12
0.000107812872382
2.40883395075e-05
4.76273939663e-13
3.6080838718e-07
4.90586705641e-05
0.000174930450313
6.53775428993e-08
0.000193988641351
3.61398566136e-10
9.66892494891e-06
0.000231614716912
4.54480802862e-06
2.056901869e-08
4.80945260602e-15
1.20387130961e-15
0.00104007798323
6.05249814807e-11
1.92142972529e-10
5.37469262834e-06
2.66879611829e-18
0.000866374186334
0.000315353519606
3.30474976985e-08
3.45157015989e-09
2.90062260934e-13
1.07033239152e-12
1.35423556555e-08
0.00158773837994
2.44566921037e-18
