I: (state)
	(16) 1.0
F: (state)
	(10) 0.616799392868
	(11) 0.574703805785
	(12) 0.627379412555
	(16) 0.024219982678
	(18) 0.070323246415
	(24) 0.528317794197
	(25) 0.637951787431
	(28) 0.57703282337
	(30) 0.603320828264
	(33) 0.239706478228
	(38) 0.66867203243
	(39) 0.863638007191
	(41) 0.0241946896975
	(43) 0.185010924537
	(46) 0.11558643856
	(47) 0.1129471042
	(51) 0.350546749282
	(52) 0.437045878966
	(53) 0.353759884172
	(54) 0.0780269594832
	(55) 0.308881777248
	(56) 0.133315601324
	(59) 0.740053664194
	(61) 0.387874369363
	(64) 0.404482566344
	(66) 0.436537042447
	(69) 0.267176185887
S: (state,symbol) 
	(0,1) 1.0
	(1,0) 0.640836908054
	(1,1) 0.359163091946
	(2,2) 1.0
	(3,1) 0.504300254045
	(3,3) 0.495699745955
	(4,1) 0.158734329926
	(4,2) 0.841265670074
	(5,1) 0.280886675441
	(5,2) 0.719113324559
	(6,1) 1.0
	(7,0) 0.123884535996
	(7,3) 0.876115464004
	(8,3) 1.0
	(9,2) 1.0
	(10,2) 1.0
	(11,3) 1.0
	(12,1) 1.0
	(13,1) 0.887166677456
	(13,3) 0.112833322544
	(14,3) 1.0
	(15,1) 0.172519592239
	(15,2) 0.561424189256
	(15,3) 0.266056218505
	(16,2) 1.0
	(17,1) 1.0
	(18,0) 0.226582872658
	(18,1) 0.719970292275
	(18,3) 0.0534468350664
	(19,1) 1.0
	(20,0) 0.826511163241
	(20,2) 0.173488836759
	(21,1) 0.923331071511
	(21,3) 0.0766689284894
	(22,2) 1.0
	(23,2) 0.29148498707
	(23,3) 0.70851501293
	(24,0) 0.447105185974
	(24,1) 0.126195890538
	(24,2) 0.426698923488
	(25,1) 0.944189202625
	(25,2) 0.0558107973753
	(26,0) 1.0
	(27,1) 1.0
	(28,3) 1.0
	(29,2) 1.0
	(30,0) 0.529486946629
	(30,1) 0.470513053371
	(31,1) 1.0
	(32,0) 0.227552823481
	(32,3) 0.772447176519
	(33,2) 0.183585119699
	(33,3) 0.816414880301
	(34,1) 0.688555841936
	(34,2) 0.311444158064
	(35,1) 0.472256778009
	(35,2) 0.032477278202
	(35,3) 0.495265943789
	(36,2) 1.0
	(37,0) 1.0
	(38,3) 1.0
	(39,1) 1.0
	(40,0) 1.0
	(41,2) 1.0
	(42,0) 0.421998598904
	(42,3) 0.578001401096
	(43,1) 0.194928343638
	(43,3) 0.805071656362
	(44,2) 1.0
	(45,2) 0.68311700979
	(45,3) 0.31688299021
	(46,0) 0.102912839804
	(46,2) 0.897087160196
	(47,0) 0.522931207653
	(47,3) 0.477068792347
	(48,1) 0.55379137488
	(48,2) 0.44620862512
	(49,2) 1.0
	(50,1) 1.0
	(51,2) 0.440082247323
	(51,3) 0.559917752677
	(52,2) 0.852780019291
	(52,3) 0.147219980709
	(53,2) 0.259630454362
	(53,3) 0.740369545638
	(54,3) 1.0
	(55,3) 1.0
	(56,0) 0.47926976597
	(56,2) 0.132927428319
	(56,3) 0.387802805711
	(57,0) 1.0
	(58,1) 1.0
	(59,1) 1.0
	(60,2) 1.0
	(61,0) 1.0
	(62,0) 0.40538745657
	(62,3) 0.59461254343
	(63,2) 0.0653695327721
	(63,3) 0.934630467228
	(64,0) 0.814386885295
	(64,3) 0.185613114705
	(65,2) 0.799176243804
	(65,3) 0.200823756196
	(66,1) 0.309850182707
	(66,3) 0.690149817293
	(67,2) 1.0
	(68,1) 0.81387750751
	(68,2) 0.18612249249
	(69,0) 1.0
	(70,0) 1.0
T: (state,symbol,state) 
	(0,1,53) 1.0
	(1,0,49) 1.0
	(1,1,40) 1.0
	(2,2,64) 1.0
	(3,1,7) 1.0
	(3,3,59) 1.0
	(4,1,28) 1.0
	(4,2,50) 1.0
	(5,1,31) 1.0
	(5,2,60) 1.0
	(6,1,49) 1.0
	(7,0,24) 1.0
	(7,3,35) 1.0
	(8,3,65) 1.0
	(9,2,47) 1.0
	(10,2,12) 1.0
	(11,3,65) 1.0
	(12,1,42) 1.0
	(13,1,31) 1.0
	(13,3,7) 1.0
	(14,3,2) 1.0
	(15,1,23) 1.0
	(15,2,43) 1.0
	(15,3,5) 1.0
	(16,2,19) 1.0
	(17,1,19) 1.0
	(18,0,21) 1.0
	(18,1,40) 1.0
	(18,3,29) 1.0
	(19,1,69) 1.0
	(20,0,48) 1.0
	(20,2,40) 1.0
	(21,1,52) 1.0
	(21,3,62) 1.0
	(22,2,8) 1.0
	(23,2,12) 1.0
	(23,3,4) 1.0
	(24,0,7) 1.0
	(24,1,59) 1.0
	(24,2,13) 1.0
	(25,1,4) 1.0
	(25,2,47) 1.0
	(26,0,18) 1.0
	(27,1,11) 1.0
	(28,3,61) 1.0
	(29,2,58) 1.0
	(30,0,33) 1.0
	(30,1,42) 1.0
	(31,1,33) 1.0
	(32,0,11) 1.0
	(32,3,48) 1.0
	(33,2,22) 1.0
	(33,3,64) 1.0
	(34,1,68) 1.0
	(34,2,20) 1.0
	(35,1,40) 1.0
	(35,2,14) 1.0
	(35,3,49) 1.0
	(36,2,0) 1.0
	(37,0,69) 1.0
	(38,3,23) 1.0
	(39,1,37) 1.0
	(40,0,67) 1.0
	(41,2,4) 1.0
	(42,0,12) 1.0
	(42,3,33) 1.0
	(43,1,2) 1.0
	(43,3,65) 1.0
	(44,2,41) 1.0
	(45,2,67) 1.0
	(45,3,61) 1.0
	(46,0,37) 1.0
	(46,2,64) 1.0
	(47,0,5) 1.0
	(47,3,20) 1.0
	(48,1,56) 1.0
	(48,2,55) 1.0
	(49,2,29) 1.0
	(50,1,4) 1.0
	(51,2,52) 1.0
	(51,3,67) 1.0
	(52,2,69) 1.0
	(52,3,6) 1.0
	(53,2,2) 1.0
	(53,3,28) 1.0
	(54,3,43) 1.0
	(55,3,70) 1.0
	(56,0,21) 1.0
	(56,2,49) 1.0
	(56,3,63) 1.0
	(57,0,30) 1.0
	(58,1,41) 1.0
	(59,1,54) 1.0
	(60,2,31) 1.0
	(61,0,27) 1.0
	(62,0,48) 1.0
	(62,3,16) 1.0
	(63,2,51) 1.0
	(63,3,52) 1.0
	(64,0,51) 1.0
	(64,3,18) 1.0
	(65,2,45) 1.0
	(65,3,25) 1.0
	(66,1,12) 1.0
	(66,3,13) 1.0
	(67,2,11) 1.0
	(68,1,29) 1.0
	(68,2,40) 1.0
	(69,0,55) 1.0
	(70,0,48) 1.0
