1000
0.271945728321
0.0710504220504
0.00165783565099
0.0380595436935
0.000285803311407
0.230396754466
0.0391941716675
0.0252642496252
0.00247123860533
0.0140439355639
0.0219107360486
0.000624192264606
0.012086812791
0.0147570109002
0.00433090974472
0.00109391313147
0.0115027644256
0.000496448115396
7.24745612603e-05
0.00111618065734
7.95851140903e-05
0.00053647545958
0.000192490228188
0.00208045858313
0.00361946338147
0.047852881361
0.0117369129124
0.0097453253169
0.0118982459987
4.04618064831e-05
0.00202408188126
0.00147239864159
0.000304351379603
6.1663396342e-05
1.58424368998e-06
0.000121971561477
0.001750218384
0.000926780636391
1.07984904545e-05
0.00372736652493
0.000135409109138
0.00354725598926
0.000606122588059
0.000454062580674
0.0036692157484
0.00113152343714
0.00131082921809
3.53257832469e-06
0.00196548694669
0.000342125143624
2.2445207818e-05
5.76422704862e-05
0.000183188884229
0.00675689658605
0.000395519844786
6.07237474133e-05
4.80309801212e-06
0.0036692157484
0.000762087757283
0.00104205763928
0.000606122588059
0.000157660204221
0.00140937556938
0.00293963047361
0.000127712231828
0.000783499424584
8.26760703961e-08
8.36873216436e-06
6.17277392692e-07
0.000156651250757
0.000348942492506
3.71459260474e-05
0.00300529179932
1.78405505051e-05
0.000151809632047
0.000150041886127
0.00208371144508
3.09639268586e-05
1.13513833302e-07
0.000155200541818
6.1663396342e-05
3.16433209017e-05
9.46031732882e-06
6.34194803395e-07
1.18070678653e-06
0.000503272184656
0.000614454219086
0.000678056926725
1.09843134346e-06
0.000497610427189
4.56460083576e-05
0.000104528486959
0.000101918584322
0.000183188884229
0.000926780636391
3.09639268586e-05
0.000227430329418
0.00133557855855
0.000503272184656
1.63570282571e-10
2.05076995961e-05
0.000906531805567
0.000216827041252
0.000183188884229
0.000155200541818
1.54638497935e-07
4.78611950249e-05
0.00113152343714
8.22392470263e-05
9.33489896769e-08
4.78611950249e-05
4.17779417839e-07
1.44712143686e-05
4.83774656886e-06
0.00140339203758
0.000235487456602
3.33158811486e-06
0.00300529179932
0.000926780636391
8.81368574223e-05
0.00455080999338
0.000183188884229
0.00202408188126
3.93842699451e-05
0.00051124818562
0.000703109779551
0.000341759987274
0.00114945614294
0.00247301020015
3.50180347821e-05
6.00763913433e-05
0.000368223210014
0.000223658660732
0.000470148561692
0.000155200541818
0.00123867842983
2.33372218334e-05
0.00113152343714
0.00059403059352
0.000624192264606
0.00119404544066
0.000682320700979
0.000104528486959
5.90789970081e-05
0.000113553745759
4.08640916855e-05
0.000432782123183
0.00160984314022
0.000344211041396
3.15584074522e-06
4.55160062299e-06
2.67208047804e-06
0.000496448115396
0.000107607901949
3.02840976802e-07
1.95714410552e-06
7.64791223904e-05
5.10188271474e-05
1.19140375112e-05
1.27130961946e-06
0.00011322657274
0.000285803311407
0.000811064477312
4.86197128792e-05
5.88284809707e-06
0.00219874999686
8.33691778365e-05
1.0866393788e-05
1.06014512802e-05
0.000219932921415
7.2181416137e-05
5.3768338282e-06
5.05057516516e-05
5.10488602071e-05
8.86634623491e-05
0.000148062764959
1.25037952985e-06
0.000171300868243
0.000197851653686
0.000190173001661
0.000186917848716
8.81368574223e-05
0.000191329328473
4.15054856698e-05
8.31361958465e-05
1.16334567057e-07
0.000379678665241
3.3971382039e-05
5.93606970943e-05
2.51263148019e-05
7.41387343358e-05
3.50180347821e-05
0.000197245940925
0.000219553760087
0.000176000008352
0.000558858608423
4.41412541357e-05
8.1419545096e-06
0.000157660204221
0.000104031161113
0.00059403059352
7.27835653237e-05
0.000369394770305
0.000166661049647
3.70804411873e-05
1.25037952985e-06
2.64020936102e-05
7.85639300916e-06
2.12699431971e-05
0.000139178878403
0.00041220791392
0.000188871317197
0.000321352769241
7.67695955777e-06
0.000835776146065
0.000521944600285
6.68657543751e-05
6.83560218538e-06
6.47566174899e-06
0.000352172796409
3.46781415201e-05
2.55692928409e-05
1.84271077997e-06
2.51263148019e-05
0.000758024996082
0.000411869605051
0.000737493293534
6.25524847426e-07
0.00051124818562
5.70576282283e-05
4.78611950249e-05
0.00053973744184
3.93560561639e-05
0.000624192264606
5.13290417268e-05
6.2640655415e-05
7.6063141953e-06
0.000209101169545
4.03812769824e-05
2.88553032262e-05
3.73866199197e-05
0.00035447263254
0.000261430995271
0.000725262821158
1.68144790879e-06
0.000192490228188
8.83529674386e-05
0.00024161783408
0.000348942492506
3.2130443403e-06
0.000106148803278
8.38181693839e-06
3.9146245343e-05
0.000229942589042
0.0005079764302
1.00696110848e-05
1.65812367312e-06
0.000762087757283
2.34488905722e-05
1.96075251579e-05
1.9828804664e-05
3.8498615521e-05
4.62703537613e-05
0.0004390940739
9.54874593066e-06
6.80931688775e-05
1.29704438879e-08
3.03986207239e-06
0.000762634086853
4.27891239557e-05
1.03953109743e-07
1.8478501794e-07
4.43233087447e-06
2.96953531284e-06
1.21454358515e-05
8.17431957753e-05
0.000209679178438
1.44857455028e-05
7.88637366684e-07
3.64656232081e-06
1.00605128342e-05
1.06170431117e-06
3.25361081362e-05
1.09764801627e-07
4.41548102683e-05
7.45108112572e-05
1.47595746921e-05
3.51649603751e-06
5.63246078665e-05
2.65418386396e-06
0.00059150211983
1.63897700386e-05
0.000209144364489
4.29335435679e-06
0.000287510944698
0.000156651250757
0.000876647318164
6.23788329428e-07
1.20889126792e-05
0.000624192264606
6.3175601893e-05
9.75377191971e-06
0.000127117876832
4.98188664186e-08
2.78733477501e-05
7.42388294228e-06
0.000210416044665
6.48887125789e-05
1.34209376909e-06
0.000127013548157
0.000795752917065
0.000418622569465
2.38780901047e-07
1.20259713398e-05
3.12495923668e-05
1.6796946717e-05
6.71486591921e-06
0.000163199545642
1.5782261813e-06
0.000124278636801
3.1509141925e-06
0.000642581003139
0.000153096115468
0.000189487181354
2.20973391779e-06
7.20881925872e-05
2.89117798846e-05
1.41527839453e-06
0.000332737267251
0.000153096115468
9.9099702748e-05
0.000285803311407
0.000250118425308
2.71374704613e-05
0.000404237331369
6.08339157243e-06
7.25265172135e-05
1.59099521304e-06
0.000235014841767
7.21306284704e-05
1.72548265846e-08
0.000223658660732
0.000235014841767
2.2445207818e-05
2.04679580062e-05
0.000124340533109
0.000348942492506
4.62703537613e-05
0.000105505548049
6.44965481432e-05
0.000127117876832
1.023351367e-05
1.2601787589e-05
1.02175382299e-05
1.19209995077e-08
2.41663062263e-08
6.11094665038e-05
5.43974796206e-05
0.000160958795723
2.30899136459e-06
0.000235183320471
0.000279558917994
0.000189487181354
0.000104528486959
2.35848544676e-05
1.6610053282e-08
6.10140691017e-05
1.11974731674e-05
1.77758912251e-05
5.41725353563e-07
0.000235014841767
1.86577371419e-06
9.97078556956e-08
2.85789574744e-05
0.000155200541818
3.69137116315e-10
0.000434627342144
0.000192490228188
7.02263257728e-05
0.000121149106575
7.79631259597e-05
3.25361081362e-05
1.90898717859e-05
5.51766815682e-05
6.98938358888e-07
9.8500779184e-05
0.000233761955638
0.00020486090325
0.000192490228188
1.07984904545e-05
4.78611950249e-05
4.1099679007e-06
0.000451318386982
0.000486544099247
0.000194811025551
0.000641577876098
8.20954752424e-06
4.85522468139e-08
0.000574012981714
1.26728744157e-05
4.29203878065e-05
1.77156088118e-05
2.43224878776e-05
2.09987697037e-05
1.96339973786e-06
2.88608110688e-05
0.000171180339001
9.71669220356e-05
5.45886462679e-05
3.25361081362e-05
3.23875635832e-05
2.15105682751e-05
4.25216419167e-06
0.000664306922656
6.74136531598e-05
5.03940134285e-07
1.37717175228e-06
0.000166445804014
3.56184965468e-05
0.000368223210014
3.11945022021e-05
2.97401478207e-05
0.000182409146149
6.31196849201e-06
0.000117950679286
4.77105250457e-05
4.44096503603e-05
9.46016424078e-05
4.55160062299e-06
1.71104941888e-06
2.66204395617e-05
1.62408940039e-05
8.28653240031e-05
0.000101502502729
0.000186917848716
5.48178109883e-06
0.000150041886127
8.08984971089e-06
1.55751107655e-05
7.2731660991e-06
2.49477141124e-06
1.1603426149e-05
1.9951485868e-06
4.56600266123e-05
4.44409194974e-05
8.03828061971e-06
8.9001809592e-06
3.45757489996e-06
1.18332961245e-09
2.16247832922e-05
1.31934498985e-07
2.23499162451e-05
1.02199547078e-05
1.29167208107e-05
2.57194809813e-09
6.41933046692e-06
0.000482897415693
3.47076929711e-07
1.37474392481e-06
7.36884992581e-07
4.29456535886e-05
3.72801409456e-06
1.83058246265e-05
0.000249242523375
1.20889126792e-05
2.5587296354e-05
4.78611950249e-05
0.00062042778976
1.37885856402e-05
0.000172342445045
8.84639141238e-06
0.000113553745759
1.32476890416e-06
3.14299498169e-05
8.24011963068e-06
2.22595152984e-05
1.15912485282e-06
1.07807653084e-06
3.79415486074e-08
2.32499172606e-05
5.86419024974e-06
0.00011779834394
2.48620929821e-05
3.65517924852e-06
1.62231312833e-07
2.63261929122e-06
1.35925841708e-05
3.27344770568e-05
8.62197971027e-06
9.43241486953e-08
5.64923215589e-05
8.62111931979e-05
5.96137886107e-05
0.000127117876832
7.43283183553e-05
2.01664056139e-06
1.85265325031e-05
2.1628628966e-05
0.000337344116924
2.489424433e-05
0.000124560121176
0.000270343052746
0.000381987261186
5.26702829522e-06
8.42801950672e-06
0.00013094524831
4.89992554561e-05
0.000203126220629
1.18189008944e-05
0.000186917848716
8.8127611732e-05
5.64923215589e-05
0.000196655908247
8.01336076793e-05
1.18609887367e-05
0.00040624501799
0.000104788153806
3.11687722794e-08
6.89725090837e-05
2.69411049727e-06
0.000107607901949
1.48112846305e-06
0.0001170864124
5.31474650588e-05
7.82095406945e-06
4.62703537613e-05
6.61026153418e-06
1.21367352035e-05
9.93487841757e-06
7.74852612568e-06
2.99936767236e-06
2.79534262077e-11
3.02840976802e-07
4.09746503087e-08
7.26203075992e-05
3.56191884001e-07
1.22874987456e-07
0.000155652670694
1.58137980052e-06
3.97278892362e-07
3.96020928153e-06
1.23216579831e-06
6.56467480577e-06
2.53430925932e-06
2.81484872085e-05
3.54936584696e-06
0.000296270883553
2.58774266879e-05
1.70155457348e-05
6.39683519223e-05
6.47566174899e-06
2.58802736267e-07
9.03091794696e-06
7.24745612603e-05
0.000158890955219
0.000121234408486
8.64149126338e-05
2.00085904034e-07
4.77205722158e-07
0.000165439864426
7.24058850262e-06
3.92009810207e-05
3.49171402138e-05
3.92009810207e-05
5.98240875712e-05
3.89968797656e-05
1.26845641285e-06
1.5326979816e-05
3.80859385333e-05
1.95327111038e-05
3.05637048719e-06
5.84346087667e-05
0.000144109539707
3.71345217384e-05
2.00165887516e-06
3.82198725215e-06
0.000159986017673
1.67592492446e-05
5.56098609892e-06
1.88800971693e-07
7.45895270642e-05
3.22347991923e-05
6.6295890677e-06
0.000177015794809
1.15212825061e-05
9.69537466481e-07
4.95252279778e-06
1.17068801235e-06
0.000155200541818
1.71833577598e-05
2.68176133651e-08
0.000113548771175
4.72122258991e-05
0.000140025140844
2.34488905722e-05
2.59905719762e-06
3.28430131971e-08
4.95879713984e-08
3.65772624547e-06
0.000198107512972
0.000175945973934
3.07711952084e-06
6.98938358888e-07
0.000310759138962
3.97630836974e-06
0.000637700406262
3.61541425095e-05
8.08984971089e-06
1.40363585424e-06
1.18527295341e-05
6.25298625466e-05
0.000248000519555
6.72287584875e-08
1.26629865943e-08
6.67852501324e-06
7.92357250245e-08
3.22347991923e-05
0.000134031645392
3.85198369653e-06
2.92104898545e-07
8.64137358868e-06
0.000193992874602
1.15096061072e-05
0.000125279021621
3.23491504633e-06
3.13592127789e-06
4.233917752e-05
4.78611950249e-05
3.72801409456e-06
9.65289007967e-06
6.97117523233e-05
5.29905390338e-06
1.62189604338e-06
5.86461040303e-05
2.1047933185e-05
1.99217312801e-08
2.14863945332e-05
5.42587317912e-05
0.000148017307659
3.36629232904e-06
1.55751107655e-05
3.90858031178e-07
1.761835195e-05
1.28918657613e-07
2.94708882186e-06
5.84346087667e-05
1.72524236424e-05
3.36230152545e-06
6.23895264601e-05
2.2532852606e-08
9.92278572452e-05
1.79174359213e-06
1.47595746921e-05
3.06771775012e-05
9.39836490689e-06
5.84346087667e-05
3.77250442487e-09
8.56146452524e-05
7.62220157702e-07
4.08515458487e-05
9.43241486953e-08
2.37862673479e-05
9.03855131663e-05
3.84004198072e-05
5.27717970258e-11
7.43772891511e-07
1.21351786102e-06
1.05424639281e-05
0.000192490228188
6.62603691387e-06
8.6261568163e-07
4.83982434341e-07
6.08272776367e-05
5.93606970943e-05
1.83838737253e-05
3.22347991923e-05
5.28251289139e-09
0.000185022016505
8.5066750536e-05
5.66927251269e-06
1.20423769206e-05
5.28262605718e-05
3.02830580229e-05
1.42689864308e-05
2.2657668376e-06
8.56146452524e-05
9.54193640872e-07
3.26930641688e-06
1.92059457311e-05
5.81151151083e-06
2.48832795535e-07
6.93351691549e-06
0.00012452187951
0.000101990345891
3.14520798585e-05
2.89206589237e-05
3.05098238639e-06
8.64149126338e-05
2.38780901047e-07
0.000245396601773
4.24400505077e-07
0.000144008142593
2.64020936102e-05
3.92009810207e-05
0.000285803311407
6.87776200228e-09
4.78611950249e-05
7.27835653237e-05
1.33102699489e-05
1.93995443803e-06
6.46614756261e-05
7.64791223904e-05
2.1106299456e-07
0.000157660204221
3.62132952702e-06
1.65676281146e-06
9.49387731175e-07
7.74852612568e-06
2.58774266879e-05
1.47595746921e-05
3.29323923193e-05
2.91531971285e-07
0.000129096046988
1.71145408711e-06
1.14786112564e-06
2.6281138114e-05
6.26288622922e-07
4.5923554081e-05
1.03676629775e-06
8.63226804356e-05
0.000113553745759
9.65289007967e-06
4.86197128792e-05
9.12585599601e-10
2.56377821652e-05
7.9801561963e-06
1.20789910202e-05
0.000104755982405
2.0537719634e-08
5.86960801073e-07
0.000348942492506
2.56978067592e-05
1.8284124564e-07
5.67127920976e-05
1.62222446162e-05
6.47566174899e-06
1.80202348113e-05
5.42753950822e-05
0.000272107477796
0.000148395810426
1.87580930048e-05
1.20889126792e-05
1.27304391369e-06
7.45021217872e-06
1.98320334125e-07
0.000153096115468
6.77417673976e-07
3.745432734e-05
3.63102906574e-05
0.000257739081678
0.000107439916285
9.97592521961e-07
6.23703720194e-05
5.56988399018e-11
3.43775574738e-05
3.9773034395e-05
9.40317299661e-07
8.64210755927e-05
1.80320562587e-06
2.62331322421e-05
2.71770495308e-05
4.48988364589e-06
5.82446867846e-05
1.85265325031e-05
4.387697401e-06
8.49259395242e-07
2.90873906505e-06
7.06650118781e-05
1.61691851466e-08
1.00182615392e-05
1.49934886368e-05
5.40197386458e-06
3.2596532893e-07
6.53981389188e-06
1.37881508739e-05
2.40818296017e-07
1.79229385094e-06
4.68154963957e-05
0.000130933537439
2.16565988387e-05
1.90159377259e-05
6.99285410821e-06
0.000105023859384
1.26358819791e-08
5.84346087667e-05
0.000124840300895
3.22095695765e-06
7.50063963804e-06
6.10660630724e-07
1.09018514764e-05
8.81368574223e-05
6.27646053257e-09
3.6316579796e-06
2.71853958204e-05
1.73185967344e-08
0.000113915034933
5.90026954597e-05
1.60348575009e-07
3.75871946152e-06
0.000107607901949
1.83058246265e-05
1.74212666262e-05
0.000203479525066
6.10929717334e-05
8.79992678195e-05
2.99936767236e-06
2.64020936102e-05
3.23148760106e-05
8.82465932745e-06
3.6373973947e-05
1.09079557191e-06
4.93369540043e-05
3.98562349808e-08
2.13526525199e-06
2.2445207818e-05
9.75825944405e-06
3.64123421788e-06
5.98600126726e-08
0.000268709194922
5.64923215589e-05
4.20426660121e-05
9.27954214115e-08
7.74852612568e-06
2.0949849905e-06
5.05057516516e-05
7.64978898739e-07
0.000192490228188
1.05795128409e-05
2.55733160326e-06
0.000280219523455
9.52853452999e-05
2.09426731373e-05
2.54111208669e-06
1.47595746921e-05
0.000279920440093
1.09018514764e-05
7.41429486881e-06
2.77048910917e-05
1.56874663968e-05
2.28298222718e-05
2.83092442756e-07
4.18118561199e-05
5.49186414396e-07
0.000100407401502
1.4112444598e-05
4.46267522673e-06
0.00013729417512
1.796325353e-06
5.50122743173e-07
2.14863945332e-05
5.66522956968e-07
2.86804618826e-05
2.26758806561e-05
2.52082047469e-05
3.74276174385e-06
4.73698633327e-10
1.77557555949e-08
1.83058246265e-05
1.36124084884e-05
1.9802025567e-06
1.41675608602e-06
1.80202348113e-05
6.92171854668e-06
4.78611950249e-05
4.09434354077e-05
4.78611950249e-05
3.63269963293e-05
1.25316702001e-05
7.71322483338e-05
2.46583517449e-09
1.3616588968e-05
7.09103651945e-05
0.000102610487396
2.91740020602e-06
2.53611784762e-05
3.05466010005e-05
8.31361958465e-05
5.71334290125e-07
2.07112988166e-10
1.03956973101e-05
1.99214705184e-05
1.49035335179e-05
1.25856765313e-06
0.000107607901949
0.000179826742264
5.1868542019e-08
2.74466372125e-06
1.95782485154e-09
5.36310319119e-07
5.10848040571e-05
5.62518636594e-05
3.06553006061e-06
2.62331322421e-05
1.99672983551e-07
3.31404702114e-05
2.13817813659e-06
4.55160062299e-06
0.000140206219607
3.97153468567e-07
0.000107607901949
1.8726166053e-05
2.88364371142e-06
1.70984366015e-05
1.69127097927e-05
4.05760444705e-09
1.2926957917e-06
1.45935310784e-05
7.8597077672e-09
0.000241873087545
9.13380371761e-07
5.84346087667e-05
2.04616740622e-05
2.33740081106e-07
9.3896161153e-09
3.8344495676e-05
5.28742826119e-08
4.45215466202e-06
2.71799007437e-05
0.000189487181354
1.72189904071e-05
2.54659282752e-08
2.82777713389e-06
5.95712760751e-06
5.2486166783e-05
1.26345669895e-08
1.76187361889e-06
4.12114579268e-07
1.90159377259e-05
5.51363719682e-10
1.86447844301e-05
4.11325129772e-06
7.41615029348e-05
3.31326342458e-05
1.02223929758e-06
6.89725090837e-05
0.000226055820921
0.000112451566459
4.01983758498e-09
1.47595746921e-05
2.23499162451e-05
5.96137886107e-05
3.2596532893e-07
3.151659393e-06
2.95532004532e-05
8.42201643721e-07
2.3610745126e-09
3.75603899617e-07
2.17118502304e-06
1.02755885471e-07
8.64370398134e-07
5.03279511172e-05
1.58413861485e-10
3.25013817598e-05
9.3856764704e-05
1.20720331315e-05
9.33877761644e-06
4.11575887412e-05
5.64923215589e-05
1.25131346215e-08
0.000155200541818
1.45594437033e-05
2.66488823956e-05
3.47607621081e-07
8.39132963712e-05
1.3928053693e-06
3.61074488079e-05
2.43815360679e-06
1.31229178066e-07
2.71374704613e-05
9.13648778017e-05
1.37621278159e-06
2.15647671287e-06
4.86197128792e-05
5.82454581648e-07
5.13954198021e-05
1.48217146588e-05
7.24745612603e-05
1.65676281146e-06
1.40363585424e-06
6.66871364235e-06
1.64071669734e-05
2.57428772017e-05
6.02355432886e-06
3.49188189667e-11
3.01029955464e-06
1.18876682908e-05
3.91688078403e-05
6.9674400556e-05
1.87580930048e-05
2.63483429813e-05
